         MJD         m  dm  uJy  duJy F  err  chi/N        RA       Dec        x        y  maj  min   phi  apfit  mag5sig   Sky            Obs     Mask  __tmp_SN
57747.617896 19.491430 NaN   10    16 c    0   0.80 160.26288 -27.08679  3704.76  5824.30 3.96 3.85  54.9 -0.376    19.59 21.58 02a57747o0863c 0x000000  0.625000
57747.626599 19.766969 NaN    3    14 c    0   1.15 160.26288 -27.08679  3690.41  5784.79 3.80 3.68  57.7 -0.385    19.63 21.57 02a57747o0880c 0x000000  0.214286
57747.638110 19.652575 NaN    5    15 c    0   1.10 160.26288 -27.08679  3742.04  5862.68 3.90 3.80  38.2 -0.381    19.58 21.55 02a57747o0903c 0x000000  0.333333
57747.651580 19.401649 NaN    9    18 c    0   0.81 160.26288 -27.08679  3761.11  5746.00 4.52 3.88   3.7 -0.366    19.46 21.52 02a57747o0930c 0x000000  0.500000
57751.604071 19.472870 NaN   20    13 c    0   1.19 160.26288 -27.08679  7099.38  4785.25 3.87 3.62  83.3 -0.389    19.72 21.78 02a57751o0354c 0x000000  1.538462
57751.617616 19.766969 NaN   -5    15 c    0   1.07 160.26288 -27.08679  7066.75  4748.72 3.84 3.60  83.6 -0.391    19.67 21.69 02a57751o0381c 0x000000 -0.333333
57751.631659 19.841877 NaN    0    14 c    0   1.07 160.26288 -27.08679  7136.82  4828.39 3.85 3.60  85.1 -0.391    19.66 21.66 02a57751o0409c 0x000000  0.000000
57751.644682 19.766969 NaN  -26    15 c    0   1.18 160.26288 -27.08679  7154.02  4711.68 3.89 3.67  86.6 -0.391    19.64 21.65 02a57751o0435c 0x000000 -1.733333
57751.659753 19.631075 NaN    0    17 c    0   0.88 160.26288 -27.08679  7120.06  4770.92 3.87 3.65 -89.1 -0.393    19.52 21.42 02a57751o0465c 0x000000  0.000000
57755.593796 19.766969 NaN  -11    15 c    0   0.74 160.26288 -27.08679  5886.72  7125.19 3.60 3.48  79.1 -0.430    19.76 21.75 02a57755o0768c 0x000000 -0.733333
57755.607113 19.922338 NaN  -10    13 c    0   1.08 160.26288 -27.08679  5871.35  7088.89 3.62 3.50  84.7 -0.430    19.73 21.73 02a57755o0794c 0x000000 -0.769231
57755.621811 19.841877 NaN    0    14 c    0   0.96 160.26288 -27.08679  5941.28  7168.81 3.59 3.47  85.3 -0.432    19.72 21.69 02a57755o0822c 0x000000  0.000000
57755.640457 19.569016 NaN    6    16 c    0   0.87 160.26288 -27.08679  5960.17  7050.45 3.61 3.51  82.8 -0.427    19.70 21.67 02a57755o0858c 0x000000  0.375000
57755.649627 19.142275 NaN   29    17 c    0   0.97 160.26288 -27.08679  5925.93  7109.93 3.75 3.60  83.7 -0.413    19.64 21.60 02a57755o0876c 0x000000  1.705882
57779.531997 19.631075 NaN    6    15 c    0   0.95 160.26288 -27.08679  5369.19  7469.61 3.70 3.67  56.2 -0.433    19.73 21.81 02a57779o0611c 0x000000  0.400000
57779.548044 19.419021 NaN   17    15 c    0   1.01 160.26288 -27.08679  5353.56  7431.05 3.81 3.70  69.3 -0.416    19.71 21.77 02a57779o0642c 0x000000  1.133333
57779.564140 19.766969 NaN   -2    15 c    0   0.91 160.26288 -27.08679  5407.83  7508.18 3.66 3.63  63.8 -0.435    19.71 21.74 02a57779o0673c 0x000000 -0.133333
57779.579679 19.631075 NaN   -2    17 c    0   0.94 160.26288 -27.08679  5426.32  7390.63 3.93 3.84  38.8 -0.409    19.68 21.78 02a57779o0703c 0x000000 -0.117647
57779.595084 19.766969 NaN  -12    15 c    0   1.26 160.26288 -27.08679  5393.75  7448.72 3.88 3.80  23.2 -0.412    19.66 21.75 02a57779o0733c 0x000000 -0.800000
57783.527260 19.549093 NaN   13    14 c    0   1.22 160.26288 -27.08679  4443.29  5644.06 3.87 3.76 -83.8 -0.381    19.69 21.81 02a57783o0594c 0x000000  0.928571
57783.543369 19.631075 NaN    3    16 c    0   0.86 160.26288 -27.08679  4427.09  5604.90 3.86 3.75 -80.8 -0.379    19.69 21.79 02a57783o0625c 0x000000  0.187500
57783.559600 19.419021 NaN   14    16 c    0   0.82 160.26288 -27.08679  4481.94  5681.87 4.08 3.95 -74.4 -0.364    19.63 21.83 02a57783o0656c 0x000000  0.875000
57783.575718 19.841877 NaN   -6    14 c    0   0.98 160.26288 -27.08679  4501.88  5564.20 3.85 3.73 -76.4 -0.381    19.71 21.85 02a57783o0687c 0x000000 -0.428571
57783.591797 19.766969 NaN   -3    15 c    0   1.09 160.26288 -27.08679  4470.34  5621.94 3.98 3.88 -78.2 -0.373    19.66 21.85 02a57783o0718c 0x000000 -0.200000
57787.502251 19.766969 NaN  -38    15 c    0   0.92 160.26288 -27.08679  3623.30  4435.54 3.88 3.77  72.7 -0.376    19.76 21.91 02a57787o0554c 0x400110 -2.533333
57787.512155 19.271854 NaN   29    14 c    0   1.01 160.26288 -27.08679  3607.71  4396.65 3.88 3.77  71.3 -0.378    19.76 21.91 02a57787o0574c 0x000000  2.071429
57787.526990 19.719755 NaN    5    14 c    0   1.17 160.26288 -27.08679  3660.65  4476.09 3.94 3.80  75.1 -0.373    19.74 21.90 02a57787o0602c 0x000000  0.357143
57787.538664 19.696897 NaN  -11    16 c    0   0.75 160.26288 -27.08679  3679.22  4360.59 3.75 3.63  80.4 -0.383    19.77 21.84 02a57787o0626c 0x000000 -0.687500
57787.555365 19.510313 NaN   12    15 c    0   0.89 160.26288 -27.08679  3645.90  4420.84 3.83 3.70  81.6 -0.379    19.76 21.88 02a57787o0659c 0x000000  0.800000
57803.513764 19.510313 NaN   -8    19 c    0   0.94 160.26288 -27.08679  6451.81  5864.60 3.73 3.51  85.7 -0.400    19.33 20.97 02a57803o0573c 0x000000 -0.421053
57803.525435 19.454622 NaN  -40    20 c    0   0.97 160.26288 -27.08679  6437.18  5824.69 3.73 3.52  86.0 -0.397    19.30 20.92 02a57803o0596c 0x000000 -2.000000
57803.549325 19.384550 NaN    1    21 c    0   1.13 160.26288 -27.08679  6509.73  5783.88 3.75 3.60  84.0 -0.394    19.18 20.75 02a57803o0643c 0x000000  0.047619
57803.561013 19.510313 NaN  -47    19 c    0   1.12 160.26288 -27.08679  6476.67  5839.69 3.67 3.48  89.2 -0.404    19.16 20.68 02a57803o0666c 0x000000 -2.473684
57807.497762 19.510313 NaN    3    18 c    0   0.78 160.26288 -27.08679  3722.89  7555.77 4.11 3.97  55.9 -0.378    19.59 21.73 02a57807o0522c 0x000000  0.166667
57807.513012 19.334813 NaN   19    16 c    0   0.99 160.26288 -27.08679  3691.70  7516.93 3.94 3.86  65.1 -0.375    19.63 21.72 02a57807o0551c 0x000000  1.187500
57807.528616 19.549093 NaN    4    17 c    0   0.93 160.26288 -27.08679  3765.02  7593.25 3.88 3.77  80.0 -0.389    19.64 21.72 02a57807o0581c 0x000000  0.235294
57807.543715 19.766969 NaN  -14    15 c    0   0.89 160.26288 -27.08679  3784.29  7473.87 3.72 3.67  86.5 -0.399    19.64 21.66 02a57807o0610c 0x000000 -0.933333
57807.558757 19.454622 NaN   12    16 c    0   0.92 160.26288 -27.08679  3751.04  7529.10 3.77 3.66  82.0 -0.401    19.58 21.59 02a57807o0639c 0x000000  0.750000
57835.432723 19.569016 NaN   -2    18 c    0   1.38 160.26288 -27.08679  4777.44  6867.87 3.72 3.60  66.1 -0.419    18.98 20.92 02a57835o0329c 0x000000 -0.111111
57835.448972 19.454622 NaN  -11    20 c    0   0.80 160.26288 -27.08679  4763.10  6826.82 3.67 3.58  64.8 -0.417    18.95 20.83 02a57835o0360c 0x000000 -0.550000
57835.464835 19.241693 NaN    7    22 c    0   0.92 160.26288 -27.08679  4818.13  6901.97 3.70 3.59  69.0 -0.411    18.91 20.77 02a57835o0390c 0x000000  0.318182
57835.480662 19.197966 NaN   13    21 c    0   0.87 160.26288 -27.08679  4837.40  6783.89 3.75 3.65  73.5 -0.405    18.84 20.67 02a57835o0420c 0x000000  0.619048
57839.418472 19.051202 NaN  -44    29 c    0   0.93 160.26288 -27.08679  4905.61  6400.83 3.89 3.74  17.2 -0.397    18.52 20.25 02a57839o0380c 0x100002 -1.517241
57839.449789 19.351140 NaN  -41    22 c    0   0.93 160.26288 -27.08679  4943.14  6435.63 3.91 3.79  68.1 -0.390    18.82 20.63 02a57839o0439c 0x002000 -1.863636
57839.481115 19.454622 NaN   -8    20 c    0   1.28 160.26288 -27.08679  4931.30  6374.12 3.63 3.55  71.2 -0.418    18.80 20.53 02a57839o0498c 0x002000 -0.400000
57843.409565 19.510313 NaN  -37    19 c    0   0.98 160.26288 -27.08679  5829.76  7892.27 3.71 3.63  26.0 -0.429    18.91 20.77 02a57843o0340c 0x000000 -1.947368
57843.425226 19.401649 NaN   -6    21 c    0   1.13 160.26288 -27.08679  5814.69  7852.02 3.80 3.73  59.6 -0.413    18.87 20.74 02a57843o0370c 0x000000 -0.285714
57843.440893 19.256669 NaN    6    22 c    0   0.93 160.26288 -27.08679  5886.78  7927.84 3.89 3.80  67.3 -0.412    18.81 20.66 02a57843o0400c 0x000000  0.272727
57843.472239 19.256669 NaN  -19    24 c    0   1.05 160.26288 -27.08679  5856.11  7866.39 4.15 4.03  76.7 -0.388    18.63 20.44 02a57843o0460c 0x000000 -0.791667
57847.429650 18.910912 NaN   -7    33 c    0   1.17 160.26288 -27.08679  5684.46  6529.24 3.75 3.65  73.6 -0.411    18.26 19.42 02a57847o0390c 0x900002 -0.212121
57847.445276 18.757738 NaN  -11    38 c    0   1.08 160.26288 -27.08679  5703.80  6412.53 3.83 3.73  86.0 -0.394    18.23 19.42 02a57847o0420c 0x900002 -0.289474
57847.460962 18.504094 NaN   30    38 c    0   0.82 160.26288 -27.08679  5670.92  6467.40 3.78 3.68  85.0 -0.409    18.22 19.43 02a57847o0450c 0x900002  0.789474
57863.380654 19.436675 NaN   10    17 c    0   1.43 160.26288 -27.08679  3988.56  7639.26 3.74 3.61  53.8 -0.405    18.71 20.32 02a57863o0279c 0x000000  0.588235
57863.392747 19.510313 NaN   -9    19 c    0   1.16 160.26288 -27.08679  3973.65  7598.96 3.67 3.55  52.0 -0.413    18.69 20.26 02a57863o0302c 0x000000 -0.473684
57863.404796 19.169763 NaN    9    23 c    0   0.92 160.26288 -27.08679  4044.73  7675.38 3.67 3.55  53.9 -0.414    18.66 20.24 02a57863o0325c 0x000000  0.391304
57863.416846 19.142275 NaN   23    19 c    0   1.08 160.26288 -27.08679  4063.87  7558.11 3.71 3.58  58.1 -0.407    18.63 20.22 02a57863o0348c 0x000000  1.210526
57863.428930 19.510313 NaN   -9    19 c    0   1.31 160.26288 -27.08679  4030.01  7614.92 3.79 3.65  72.4 -0.400    18.56 20.17 02a57863o0371c 0x000000 -0.473684
57867.370879 15.656693 NaN  300   561 c    0   0.85 160.26288 -27.08679  7112.94  6271.37 2.77 2.51  36.4 -0.526    17.27 18.30 02a57867o0290c 0x900002  0.534759
57867.383505 16.112639 NaN  238   355 c    0   1.07 160.26288 -27.08679  7097.77  6230.69 2.96 2.83  31.7 -0.502    16.87 17.97 02a57867o0314c 0x900002  0.670423
57867.396615 14.505561 NaN  718  1669 c    0   1.03 160.26288 -27.08679  7169.00  6306.46 2.87 2.66  35.4 -0.485    13.93 14.94 02a57867o0339c 0x900002  0.430198
57867.409171 16.573901 NaN -863   284 c    0   1.12 160.26288 -27.08679  7187.91  6189.16 3.12 2.93  55.7 -0.509    15.82 16.97 02a57867o0363c 0x900002 -3.038732
57871.357263 20.207197 NaN   -7    10 c    0   1.02 160.26288 -27.08679  6981.33  6522.92 2.71 2.61 -85.1 -0.437    19.42 20.68 02a57871o0102c 0x000000 -0.700000
57871.373043 20.207197 NaN   -6    10 c    0   0.94 160.26288 -27.08679  7034.20  6600.59 2.70 2.62 -75.4 -0.437    19.39 20.64 02a57871o0132c 0x000000 -0.600000
57871.388799 20.207197 NaN   -8    10 c    0   1.00 160.26288 -27.08679  7052.20  6482.86 2.82 2.68 -85.3 -0.439    19.36 20.68 02a57871o0162c 0x000000 -0.800000
57871.404580 20.009244 NaN  -14    12 c    0   0.89 160.26288 -27.08679  7020.53  6541.26 2.86 2.74 -76.4 -0.439    19.27 20.57 02a57871o0192c 0x000000 -1.166667
57895.284362 20.103715 NaN   -1    11 c    0   1.20 160.26288 -27.08679  4314.03  7555.08 3.18 2.98  18.9 -0.469    19.41 21.44 02a57895o0095c 0x000000 -0.090909
57895.300769 19.696897 NaN   12    12 c    0   1.19 160.26288 -27.08679  4282.39  7515.17 2.73 2.61   7.0 -0.488    19.39 21.26 02a57895o0126c 0x000000  1.000000
57895.316085 19.922338 NaN    3    12 c    0   0.95 160.26288 -27.08679  4355.09  7591.34 3.02 2.92 -15.2 -0.480    19.31 21.28 02a57895o0155c 0x000000  0.250000
57895.332396 19.589310 NaN   20    11 c    0   1.48 160.26288 -27.08679  4375.40  7472.27 3.05 2.90   2.4 -0.465    19.33 21.27 02a57895o0186c 0x000000  1.818182
57895.349252 19.841877 NaN   -6    14 c    0   1.15 160.26288 -27.08679  4341.48  7527.47 3.17 3.02  -1.2 -0.462    19.18 21.08 02a57895o0218c 0x000000 -0.428571
57899.275103 19.841877 NaN   -7    14 c    0   0.84 160.26288 -27.08679  4165.63  6354.28 2.65 2.47  35.7 -0.495    19.44 20.95 02a57899o0089c 0x000000 -0.500000
57899.290519 20.103715 NaN  -10    11 c    0   1.26 160.26288 -27.08679  4148.41  6314.24 2.55 2.42  25.0 -0.497    19.52 21.11 02a57899o0118c 0x000000 -0.909091
57899.305846 19.743105 NaN   10    12 c    0   0.85 160.26288 -27.08679  4203.08  6390.72 2.48 2.43  42.7 -0.493    19.54 21.23 02a57899o0147c 0x000000  0.833333
57899.321696 20.207197 NaN  -17    10 c    0   0.99 160.26288 -27.08679  4224.44  6271.23 2.57 2.55  60.0 -0.484    19.49 21.23 02a57899o0177c 0x000000 -1.700000
57899.338026 19.569016 NaN   18    12 c    0   1.06 160.26288 -27.08679  4190.58  6326.78 2.56 2.52 -55.2 -0.488    19.42 21.16 02a57899o0208c 0x000000  1.500000
57903.267757 20.009244 NaN  -20    12 c    0   0.96 160.26288 -27.08679  5882.97  5273.41 2.60 2.55 -79.2 -0.446    19.44 20.73 02a57903o0063c 0x000000 -1.666667
57903.280064 19.922338 NaN  -25    13 c    0   1.10 160.26288 -27.08679  5866.93  5234.00 2.64 2.58 -73.4 -0.445    19.38 20.70 02a57903o0087c 0x000000 -1.923077
57903.295448 19.922338 NaN    3    12 c    0   1.54 160.26288 -27.08679  5920.11  5309.86 2.70 2.62 -68.9 -0.452    19.34 20.63 02a57903o0117c 0x000000  0.250000
57903.311400 19.318728 NaN   29    13 c    0   0.93 160.26288 -27.08679  5937.45  5191.85 2.69 2.59 -76.0 -0.462    19.29 20.59 02a57903o0148c 0x000000  2.230769
57903.326217 19.454622 NaN   12    16 c    0   0.97 160.26288 -27.08679  5904.21  5249.46 2.75 2.60 -56.7 -0.456    19.21 20.47 02a57903o0177c 0x000000  0.750000
58081.580987 19.384550 NaN   22    14 c    0   1.11 160.26288 -27.08679  5746.43  9546.82 2.94 2.59  18.9 -0.468    19.36 21.11 02a58081o0676c 0x000000  1.571429
58081.587904 19.766969 NaN  -14    15 c    0   0.79 160.26288 -27.08679  5763.05  9587.02 2.94 2.67  20.0 -0.456    19.40 21.14 02a58081o0691c 0x000000 -0.933333
58081.599050 19.791368 NaN    2    14 c    0   1.19 160.26288 -27.08679  5691.90  9490.47 3.18 2.85  21.7 -0.434    19.31 21.16 02a58081o0715c 0x000000  0.142857
58081.600459 19.841877 NaN  -10    14 c    0   1.41 160.26288 -27.08679  5675.44  9609.20 3.04 2.67  23.2 -0.449    19.42 21.17 02a58081o0718c 0x000000 -0.714286
58109.538821 19.696897 NaN  -12    16 c    0   0.99 160.26288 -27.08679  2925.53  8786.08 4.95 4.45  56.9 -0.381    19.13 21.92 02a58109o0381c 0x000000 -0.750000
58109.545741 19.766969 NaN  -31    15 c    0   1.05 160.26288 -27.08679  2941.22  8825.56 4.92 4.47  42.7 -0.378    19.20 21.94 02a58109o0396c 0x000000 -2.066667
58109.552672 19.922338 NaN  -25    13 c    0   1.17 160.26288 -27.08679  2887.33  8748.74 4.82 4.45  36.1 -0.400    19.00 21.95 02a58109o0411c 0x000000 -1.923077
58109.559602 19.696897 NaN  -11    16 c    0   0.94 160.26288 -27.08679  2866.95  8866.65 4.76 4.26  62.1 -0.455    19.27 21.97 02a58109o0426c 0x000000 -0.687500
58161.503725 20.171596 NaN    7     8 c    0   0.91 160.26288 -27.08679  4830.17  1995.29 2.78 2.53  50.8 -0.409    19.79 21.84 02a58161o0641c 0x000000  0.875000
58161.509700 20.071303 NaN   10     8 c    0   1.17 160.26288 -27.08679  4813.03  1956.10 2.88 2.61  56.0 -0.401    19.74 21.83 02a58161o0654c 0x000000  1.250000
58161.517015 20.594452 NaN  -12     7 c    0   1.09 160.26288 -27.08679  4865.22  2036.54 2.91 2.64  56.3 -0.399    19.71 21.85 02a58161o0670c 0x000000 -1.714286
58161.530702 20.009244 NaN   12     8 c    0   1.07 160.26288 -27.08679  4885.49  1918.39 2.86 2.59  51.1 -0.400    19.74 21.84 02a58161o0700c 0x000000  1.500000
58193.400077 20.449472 NaN   -5     8 c    0   0.81 160.26288 -27.08679  7965.50  2684.10 2.50 2.35  69.8 -0.433    19.75 21.57 02a58193o0367c 0x000000 -0.625000
58193.409227 20.207197 NaN   -2    10 c    0   0.52 160.26288 -27.08679  7932.04  2645.14 2.57 2.42  70.2 -0.441    19.74 21.56 02a58193o0387c 0x000000 -0.200000
58193.410598 20.171596 NaN    4     9 c    0   1.14 160.26288 -27.08679  8000.59  2723.01 2.48 2.36  69.6 -0.433    19.76 21.55 02a58193o0390c 0x000000  0.444444
58193.423286 20.449472 NaN   -2     8 c    0   1.12 160.26288 -27.08679  8019.74  2604.34 2.60 2.50  59.7 -0.434    19.75 21.54 02a58193o0417c 0x000000 -0.250000
58221.353734 20.321591 NaN   -5     9 c    0   1.05 160.26288 -27.08679  1679.84  9081.07 2.52 2.26   6.2 -0.443    19.68 21.52 02a58221o0276c 0x000000 -0.555556
58221.362709 20.321591 NaN  -18     9 c    0   1.41 160.26288 -27.08679  1664.07  9040.57 2.53 2.35   8.0 -0.449    19.69 21.55 02a58221o0295c 0x000000 -2.000000
58221.371479 19.950541 NaN   11     9 c    0   1.42 160.26288 -27.08679  1735.69  9117.97 2.55 2.35  13.5 -0.457    19.65 21.56 02a58221o0314c 0x000000  1.222222
58221.380232 20.207197 NaN    0    10 c    0   0.96 160.26288 -27.08679  1756.02  9002.02 2.52 2.38   4.1 -0.450    19.67 21.51 02a58221o0333c 0x400110  0.000000
58225.343155 19.128787 NaN   -5    27 c    0   1.13 160.26288 -27.08679  5499.27  2660.36 2.74 2.59 -86.8 -0.395    18.22 19.90 02a58225o0258c 0x000000 -0.185185
58225.350942 19.454622 NaN   -1    20 c    0   0.98 160.26288 -27.08679  5482.85  2622.99 2.78 2.62 -82.3 -0.394    18.76 20.49 02a58225o0275c 0x000000 -0.050000
58225.358732 18.878500 NaN   42    20 c    0   1.70 160.26288 -27.08679  5552.60  2700.65 2.75 2.62  88.7 -0.394    18.59 20.28 02a58225o0292c 0x000000  2.100000
58225.366555 18.623526 NaN   24    35 c    0   1.28 160.26288 -27.08679  5572.32  2583.51 2.78 2.61 -81.3 -0.390    18.18 19.92 02a58225o0309c 0x100002  0.685714
58250.303509 20.009244 NaN  -10    12 c    0   1.01 160.26288 -27.08679  4572.85  1468.01 2.80 2.62  77.0 -0.384    19.25 20.95 02a58250o0133c 0x000000 -0.833333
58250.311407 19.454622 NaN  -39    20 c    0   0.95 160.26288 -27.08679  4557.20  1429.72 2.89 2.73  81.3 -0.386    19.16 20.87 02a58250o0150c 0x000000 -1.950000
58250.319247 19.589310 NaN   11    14 c    0   1.01 160.26288 -27.08679  4627.79  1507.36 2.85 2.68  89.5 -0.381    19.18 20.85 02a58250o0167c 0x000000  0.785714
58250.326612 19.950541 NaN    2    12 c    0   1.34 160.26288 -27.08679  4647.25  1389.16 2.89 2.71  87.3 -0.385    19.16 20.85 02a58250o0183c 0x400110  0.166667
58257.291764 19.922338 NaN   -1    13 c    0   1.10 160.26288 -27.08679  5196.73  1840.38 3.25 3.02  69.2 -0.385    19.35 21.18 02a58257o0126c 0x000000 -0.076923
58257.299760 19.841877 NaN  -22    14 c    0   0.99 160.26288 -27.08679  5181.10  1801.04 3.42 3.25  70.3 -0.382    19.24 21.17 02a58257o0143c 0x000000 -1.571429
58257.307165 20.103715 NaN  -20    11 c    0   1.29 160.26288 -27.08679  5233.86  1878.54 2.97 2.79  69.7 -0.393    19.41 21.14 02a58257o0159c 0x000000 -1.818182
58257.315053 19.922338 NaN  -12    13 c    0   1.06 160.26288 -27.08679  5253.50  1761.58 2.98 2.83  65.7 -0.393    19.37 21.11 02a58257o0176c 0x000000 -0.923077
58281.262885 19.841877 NaN   -3    14 c    0   1.20 160.26288 -27.08679  6685.18   934.66 3.35 2.81 -64.2 -0.368    19.22 20.94 02a58281o0005c 0x000000 -0.214286
58281.267559 18.944322 NaN   33    21 c    0   1.08 160.26288 -27.08679   843.63 10506.21 3.06 2.80 -73.2 -0.408    19.24 21.04 02a58281o0015c 0x000000  1.571429
58281.270817 19.696897 NaN    9    13 c    0   1.17 160.26288 -27.08679  6733.60  1013.17 3.42 3.04 -66.1 -0.369    19.28 21.16 02a58281o0022c 0x000000  0.692308
58281.278241 19.868040 NaN    2    13 c    0   1.04 160.26288 -27.08679  6751.35   895.11 3.05 2.78 -68.3 -0.382    19.39 21.24 02a58281o0038c 0x000000  0.153846
58285.250544 18.043943 NaN   40    60 c    0   0.89 160.26288 -27.08679  1966.32 10170.43 3.27 2.87  81.2 -0.406    17.60 18.81 02a58285o0020c 0x100002  0.666667
58285.253330 18.847027 NaN  -42    35 c    0   1.03 160.26288 -27.08679  1948.82 10127.16 3.08 2.73  86.7 -0.400    18.16 19.37 02a58285o0026c 0x100002 -1.200000
58285.255671 19.169763 NaN  -12    26 c    0   0.84 160.26288 -27.08679  7829.95   530.94 3.26 2.75 -62.6 -0.385    18.64 19.93 02a58285o0031c 0x000000 -0.461538
58285.257970 19.014394 NaN   36    18 c    0   1.57 160.26288 -27.08679  2000.34 10203.76 3.02 2.69  81.3 -0.397    18.72 20.07 02a58285o0036c 0x000000  2.000000
58285.261764 19.609992 NaN    4    16 c    0   1.19 160.26288 -27.08679  7811.22   491.10 3.04 2.70 -62.8 -0.392    19.12 20.59 02a58285o0044c 0x000000  0.250000
58285.264575 19.569016 NaN    6    16 c    0   1.01 160.26288 -27.08679  2018.14 10083.48 2.93 2.63  83.6 -0.415    19.05 20.55 02a58285o0050c 0x000000  0.375000
58285.269747 19.549093 NaN    7    16 c    0   1.15 160.26288 -27.08679  7862.31   568.83 3.01 2.73 -65.5 -0.405    19.18 20.77 02a58285o0061c 0x000000  0.437500
58285.277758 19.287255 NaN   22    16 c    0   1.48 160.26288 -27.08679  7879.85   451.14 2.97 2.78 -71.3 -0.413    19.19 20.76 02a58285o0078c 0x000000  1.375000
58485.620168 20.207197 NaN    0    10 c    0   1.07 160.26288 -27.08679  5231.03  1240.53 3.15 3.02 -88.5 -0.400    19.43 21.72 02a58485o0921c 0x000000  0.000000
58485.626572 20.207197 NaN   -7    10 c    0   0.97 160.26288 -27.08679  5216.26  1199.48 3.01 2.83  57.1 -0.408    19.50 21.68 02a58485o0935c 0x000000 -0.700000
58485.639431 20.207197 NaN  -21    10 c    0   1.47 160.26288 -27.08679  5285.14  1279.12 3.34 3.19  57.4 -0.403    19.38 21.61 02a58485o0963c 0x000000 -2.100000
58485.649501 20.207197 NaN   -1    10 c    0   0.82 160.26288 -27.08679  5301.20  1164.33 2.82 2.65  89.2 -0.400    19.52 21.56 02a58485o0985c 0x000000 -0.100000
58489.606826 20.039830 NaN    8     9 c    0   1.02 160.26288 -27.08679  1687.77  3137.55 2.62 2.55  80.0 -0.384    19.62 21.89 02a58489o0504c 0x000000  0.888889
58489.616507 20.171596 NaN    4     9 c    0   0.82 160.26288 -27.08679  1672.40  3098.35 2.63 2.53  69.0 -0.390    19.62 21.86 02a58489o0525c 0x000000  0.444444
58489.625726 19.652575 NaN   23     9 c    0   0.99 160.26288 -27.08679  1723.53  3177.86 2.71 2.58  78.7 -0.387    19.58 21.83 02a58489o0545c 0x000000  2.555556
58489.635434 20.321591 NaN  -12     9 c    0   0.80 160.26288 -27.08679  1741.31  3062.59 2.72 2.61  84.7 -0.385    19.56 21.78 02a58489o0566c 0x000000 -1.333333
58493.541840 20.207197 NaN   -9    10 c    0   1.23 160.26288 -27.08679 10105.39  1611.06 2.78 2.62  67.0 -0.417    19.61 21.61 02a58493o0747c 0x000000 -0.900000
58493.551778 19.868040 NaN    8    11 c    0   0.91 160.26288 -27.08679 10121.02  1645.92 2.84 2.70  71.7 -0.417    19.59 21.68 02a58493o0768c 0x000000  0.727273
58493.559028 20.071303 NaN    1    11 c    0   0.85 160.26288 -27.08679   353.08  1588.73 2.51 2.37  50.5 -0.456    19.61 21.65 02a58493o0783c 0x000000  0.090909
58493.566805 20.207197 NaN   -8    10 c    0   0.98 160.26288 -27.08679 10063.13  1569.15 2.86 2.73  72.1 -0.410    19.57 21.74 02a58493o0800c 0x000000 -0.800000
58493.568178 20.321591 NaN  -14     9 c    0   1.21 160.26288 -27.08679   371.60  1624.67 2.63 2.39  42.8 -0.460    19.61 21.72 02a58493o0803c 0x000000 -1.555556
58493.571838 20.207197 NaN   -2    10 c    0   0.99 160.26288 -27.08679   297.85  1547.07 2.61 2.47  41.7 -0.448    19.55 21.70 02a58493o0811c 0x000000 -0.200000
58493.574584 20.103715 NaN   -8    11 c    0   0.93 160.26288 -27.08679 10039.20  1685.20 2.83 2.63 -62.7 -0.404    19.60 21.73 02a58493o0817c 0x000000 -0.727273
58493.581902 20.321591 NaN   -6     9 c    0   1.16 160.26288 -27.08679   276.55  1663.45 2.67 2.46  44.7 -0.444    19.54 21.77 02a58493o0833c 0x000000 -0.666667
58573.378869 20.071303 NaN    1    11 c    0   1.19 160.26288 -27.08679  9368.30  3152.68 2.56 2.45  67.4 -0.390    19.40 21.30 02a58573o0344c 0x000000  0.090909
58573.386245 20.103715 NaN  -22    11 c    0   1.20 160.26288 -27.08679  9350.30  3115.79 2.49 2.38 -87.7 -0.393    19.36 21.22 02a58573o0360c 0x000000 -2.000000
58573.394187 20.103715 NaN   -6    11 c    0   0.97 160.26288 -27.08679  9402.77  3192.99 2.67 2.37 -60.1 -0.402    19.52 21.46 02a58573o0377c 0x000000 -0.545455
58573.401519 19.979496 NaN    7    10 c    0   1.05 160.26288 -27.08679  9420.78  3078.24 2.66 2.35 -61.4 -0.401    19.58 21.45 02a58573o0393c 0x000000  0.700000
58577.381225 20.321591 NaN   -8     9 c    0   1.34 160.26288 -27.08679  4135.74  7048.60 2.61 2.45  54.2 -0.399    19.52 21.46 02a58577o0346c 0x000000 -0.888889
58577.389542 20.321591 NaN   -4     9 c    0   1.36 160.26288 -27.08679  4101.08  7009.87 2.62 2.36  53.8 -0.389    19.56 21.44 02a58577o0364c 0x000000 -0.444444
58577.398325 20.071303 NaN    1    11 c    0   0.72 160.26288 -27.08679  4171.44  7088.17 2.73 2.46  54.2 -0.385    19.49 21.46 02a58577o0383c 0x000000  0.090909
58577.406664 20.103715 NaN    3    10 c    0   1.21 160.26288 -27.08679  4190.11  6972.53 2.55 2.42  75.3 -0.401    19.53 21.45 02a58577o0401c 0x000000  0.300000
58581.380593 20.103715 NaN   -8    11 c    0   0.83 160.26288 -27.08679  3606.08  5111.08 2.67 2.37  49.0 -0.390    19.56 21.43 02a58581o0336c 0x000000 -0.727273
58581.389332 20.207197 NaN  -11    10 c    0   1.08 160.26288 -27.08679  3589.30  5074.30 2.80 2.30  47.7 -0.382    19.53 21.38 02a58581o0355c 0x000000 -1.100000
58581.399937 20.321591 NaN   -4     9 c    0   1.11 160.26288 -27.08679  3666.75  5152.86 2.42 2.33 -81.4 -0.407    19.57 21.42 02a58581o0377c 0x000000 -0.444444
58581.409403 20.207197 NaN   -6    10 c    0   1.00 160.26288 -27.08679  3680.25  5034.70 2.89 2.33  48.9 -0.373    19.50 21.35 02a58581o0397c 0x000000 -0.600000
58605.344809 19.979496 NaN   10     9 c    0   1.35 160.26288 -27.08679  6878.53  1242.44 2.73 2.47 -62.1 -0.401    19.44 21.47 02a58605o0227c 0x000000  1.111111
58605.353743 20.207197 NaN   -7    10 c    0   1.13 160.26288 -27.08679  6861.13  1206.88 2.70 2.50 -69.4 -0.396    19.40 21.42 02a58605o0246c 0x000000 -0.700000
58605.362130 19.979496 NaN    7    10 c    0   1.10 160.26288 -27.08679  6930.11  1284.57 2.70 2.50 -73.0 -0.397    19.34 21.42 02a58605o0264c 0x000000  0.700000
58605.370995 19.868040 NaN    8    11 c    0   0.98 160.26288 -27.08679  6949.01  1167.42 2.69 2.50 -71.8 -0.394    19.36 21.38 02a58605o0283c 0x000000  0.727273
58609.310566 20.207197 NaN   -3    10 c    0   1.35 160.26288 -27.08679  2178.69  7032.63 2.78 2.48  49.6 -0.371    19.60 21.56 02a58609o0067c 0x000000 -0.300000
58609.317561 19.922338 NaN    9    10 c    0   1.15 160.26288 -27.08679  2163.04  6994.14 2.62 2.46  56.1 -0.380    19.61 21.51 02a58609o0082c 0x000000  0.900000
58609.324545 20.103715 NaN   -5    11 c    0   0.83 160.26288 -27.08679  2233.33  7072.25 2.65 2.46 -69.9 -0.396    19.57 21.49 02a58609o0097c 0x000000 -0.454545
58609.331501 20.282105 NaN    1     9 c    0   1.25 160.26288 -27.08679  2251.75  6956.74 2.65 2.49 -77.9 -0.396    19.58 21.49 02a58609o0112c 0x000000  0.111111
58633.266445 20.103715 NaN  -17    11 c    0   1.09 160.26288 -27.08679  7447.81  9982.26 3.03 2.50  50.1 -0.391    19.48 21.16 02a58633o0081c 0x000000 -1.545455
58633.269200 20.103715 NaN  -30    11 c    0   1.17 160.26288 -27.08679  7428.70  9942.48 3.04 2.53  52.2 -0.385    19.46 21.17 02a58633o0087c 0x080010 -2.727273
58633.274775 19.841877 NaN    6    12 c    0   1.03 160.26288 -27.08679  7489.29 10020.47 3.01 2.50  52.0 -0.391    19.47 21.17 02a58633o0099c 0x000000  0.500000
58633.284476 19.631075 NaN   15    12 c    0   0.73 160.26288 -27.08679  7509.87  9903.30 3.04 2.54  51.5 -0.389    19.46 21.19 02a58633o0120c 0x000000  1.250000
58637.280567 20.171596 NaN    1    10 c    0   1.23 160.26288 -27.08679  2877.59  8013.54 2.82 2.48  55.2 -0.373    19.52 21.26 02a58637o0103c 0x000000  0.100000
58637.298043 20.207197 NaN   -8    10 c    0   1.33 160.26288 -27.08679  2861.81  7971.68 2.56 2.50  71.5 -0.394    19.49 21.30 02a58637o0140c 0x000000 -0.800000
58637.301897 20.321591 NaN  -18     9 c    0   1.64 160.26288 -27.08679  2922.30  8051.09 2.56 2.45  84.2 -0.391    19.51 21.27 02a58637o0148c 0x000000 -2.000000
58637.307934 19.766969 NaN   15    10 c    0   1.06 160.26288 -27.08679  2942.75  7933.20 2.70 2.44  62.8 -0.377    19.43 21.27 02a58637o0161c 0x000000  1.500000
58789.633208 20.009244 NaN    0    12 c    0   1.21 160.26288 -27.08679  9664.83  2474.67 2.64 2.53   8.7 -0.391    19.29 20.98 02a58789o0864c 0x000000  0.000000
58789.636510 19.652575 NaN   14    12 c    0   1.00 160.26288 -27.08679  9684.79  2514.13 2.56 2.45   6.1 -0.391    19.34 20.92 02a58789o0871c 0x000000  1.166667
58789.640246 19.922338 NaN  -30    13 c    0   0.90 160.26288 -27.08679  9626.92  2435.14 2.55 2.42 -44.4 -0.402    19.27 20.70 02a58789o0879c 0x080030 -2.307692
58789.643498 19.696897 NaN    0    16 c    0   1.00 160.26288 -27.08679  9606.04  2551.66 2.53 2.37 -52.5 -0.401    19.05 20.28 02a58789o0886c 0x000000  0.000000
58841.539603 20.594452 NaN   -3     7 c    0   1.48 160.26288 -27.08679  7699.77  2533.75 2.49 2.40  26.4 -0.386    19.67 21.69 02a58841o0757c 0x000000 -0.428571
58841.542411 20.321591 NaN   -5     9 c    0   1.04 160.26288 -27.08679  7719.54  2572.80 2.45 2.37  44.1 -0.389    19.45 21.40 02a58841o0763c 0x000000 -0.555556
58841.548631 20.282105 NaN    4     8 c    0   1.00 160.26288 -27.08679  7657.43  2495.51 2.55 2.41  31.5 -0.384    19.66 21.70 02a58841o0776c 0x000000  0.500000
58841.558698 20.171596 NaN    4     9 c    0   1.08 160.26288 -27.08679  7633.25  2612.67 2.68 2.37  28.3 -0.380    19.68 21.74 02a58841o0796c 0x000000  0.444444
58845.614233 20.039830 NaN   11     8 c    0   1.06 160.26288 -27.08679  4806.33  7933.56 2.77 2.50  38.7 -0.384    19.73 21.88 02a58845o0814c 0x000000  1.375000
58845.617956 20.449472 NaN  -20     8 c    0   1.15 160.26288 -27.08679  4788.79  7894.58 2.81 2.56  42.4 -0.381    19.66 21.84 02a58845o0822c 0x001000 -2.500000
58845.623932 19.302877 NaN   27    14 c    0   1.21 160.26288 -27.08679  4850.03  7971.00 2.71 2.49  40.5 -0.389    19.24 21.26 02a58845o0835c 0x000000  1.928571
58869.443306 20.594452 NaN  -13     7 c    0   1.83 160.26288 -27.08679  9371.13   797.48 2.72 2.31 -59.4 -0.415    19.66 21.87 02a58869o0512c 0x000000 -1.857143
58869.448814 20.449472 NaN    0     8 c    0   1.26 160.26288 -27.08679  9387.58   837.20 2.72 2.29 -58.5 -0.408    19.68 21.88 02a58869o0523c 0x000000  0.000000
58869.457576 20.449472 NaN   -7     8 c    0   1.64 160.26288 -27.08679  9325.92   758.41 2.57 2.29 -58.5 -0.414    19.72 21.90 02a58869o0541c 0x000000 -0.875000
58869.460356 20.594452 NaN   -3     7 c    0   1.30 160.26288 -27.08679  9305.66   876.24 2.49 2.23 -56.9 -0.414    19.75 21.91 02a58869o0547c 0x000000 -0.428571
58873.515393 20.449472 NaN   -3     8 c    0   1.15 160.26288 -27.08679  1176.76  9742.83 2.44 2.30 -32.7 -0.448    19.75 21.81 02a58873o0662c 0x000000 -0.375000
58873.523276 20.449472 NaN   -6     8 c    0   1.28 160.26288 -27.08679  1159.08  9705.74 2.42 2.31 -31.6 -0.443    19.73 21.81 02a58873o0679c 0x000000 -0.750000
58873.525818 20.594452 NaN   -2     7 c    0   1.39 160.26288 -27.08679  9333.14   762.99 2.41 2.25 -56.4 -0.410    19.76 21.82 02a58873o0684c 0x000000 -0.285714
58873.540280 20.321591 NaN    0     9 c    0   1.02 160.26288 -27.08679  1241.22  9670.51 2.47 2.36 -37.0 -0.439    19.71 21.81 02a58873o0714c 0x000000  0.000000
58877.492944 20.137125 NaN    8     8 c    0   0.99 160.26288 -27.08679  3940.70  4647.99 2.68 2.51  27.2 -0.389    19.70 21.90 02a58877o0611c 0x000000  1.000000
58877.495808 20.362567 NaN    2     8 c    0   1.11 160.26288 -27.08679  3959.97  4686.54 2.54 2.40  23.5 -0.393    19.75 21.90 02a58877o0617c 0x000000  0.250000
58877.513549 20.449472 NaN  -26     8 c    0   1.15 160.26288 -27.08679  6660.03  5940.31 2.68 2.53  43.0 -0.400    19.73 21.90 02a58877o0655c 0x400110 -3.250000
58877.518804 19.841877 NaN   12    10 c    0   0.81 160.26288 -27.08679  3878.01  4727.97 2.78 2.35  30.4 -0.382    19.73 21.90 02a58877o0666c 0x000000  1.200000
58929.435187 20.207197 NaN   -9    10 c    0   1.32 160.26288 -27.08679  9428.53  9879.22 2.99 2.72 -58.8 -0.372    19.62 21.53 02a58929o0452c 0x080010 -0.900000
58929.438409 20.207197 NaN  -12    10 c    0   1.06 160.26288 -27.08679  9406.74  9833.72 2.98 2.65 -61.8 -0.371    19.66 21.52 02a58929o0459c 0x000000 -1.200000
58929.444306 20.207197 NaN  -17    10 c    0   1.12 160.26288 -27.08679  9469.77  9918.14 3.17 2.66 -55.4 -0.373    19.60 21.54 02a58929o0471c 0x000000 -1.700000
58929.454550 20.103715 NaN  -10    11 c    0   0.88 160.26288 -27.08679  9489.98  9802.21 3.03 2.68 -57.8 -0.367    19.66 21.51 02a58929o0492c 0x000000 -0.909091
58937.440583 20.009244 NaN    6    10 c    0   0.92 160.26288 -27.08679   699.25  3521.69 2.60 2.35  46.2 -0.389    19.57 21.54 02a58937o0045c 0x000000  0.600000
58937.444312 20.009244 NaN    6    10 c    0   1.08 160.26288 -27.08679   679.07  3482.92 2.60 2.45  61.7 -0.389    19.55 21.51 02a58937o0053c 0x000000  0.600000
58937.450832 20.449472 NaN    0     8 c    0   1.61 160.26288 -27.08679   739.27  3560.42 2.48 2.36  84.0 -0.400    19.58 21.48 02a58937o0067c 0x000000  0.000000
58957.304278 19.766969 NaN   -8    15 c    0   0.76 160.26288 -27.08679  1686.95  4285.26 2.53 2.46  15.8 -0.395    19.24 20.97 02a58957o0147c 0x000000 -0.533333
58957.308367 20.207197 NaN  -14    10 c    0   1.17 160.26288 -27.08679  1707.67  4324.35 2.49 2.39  18.3 -0.398    19.35 21.04 02a58957o0155c 0x000000 -1.400000
58957.314344 19.766969 NaN   -6    15 c    0   0.70 160.26288 -27.08679  8899.21  6302.87 2.93 2.62  42.1 -0.374    19.23 21.02 02a58957o0167c 0x000000 -0.400000
58957.328289 19.128787 NaN   24    19 c    0   0.72 160.26288 -27.08679  8917.94  6186.65 3.06 2.53  39.1 -0.365    18.97 20.74 02a58957o0194c 0x000000  1.263158
58961.354909 20.039830 NaN    5    10 c    0   0.97 160.26288 -27.08679  8856.40  6274.48 2.88 2.51  49.7 -0.374    19.56 21.39 02a58961o0280c 0x000000  0.500000
58961.358114 19.674510 NaN   16    11 c    0   0.67 160.26288 -27.08679  8836.39  6241.27 2.86 2.50  47.8 -0.373    19.57 21.39 02a58961o0287c 0x000000  1.454545
58961.363726 20.103715 NaN  -16    11 c    0   1.17 160.26288 -27.08679  8894.99  6316.19 3.15 2.53  41.3 -0.354    19.50 21.38 02a58961o0299c 0x000000 -1.454545
58961.374301 20.103715 NaN   -9    11 c    0   1.03 160.26288 -27.08679  8916.73  6198.57 2.79 2.54  50.5 -0.376    19.55 21.32 02a58961o0322c 0x000000 -0.818182
58965.329887 20.207197 NaN   -9    10 c    0   1.01 160.26288 -27.08679  8536.73  1714.60 2.53 2.34 -70.0 -0.393    19.52 21.26 02a58965o0222c 0x000000 -0.900000
58965.334502 20.103715 NaN  -15    11 c    0   1.14 160.26288 -27.08679  8518.32  1675.97 2.68 2.37 -61.8 -0.401    19.49 21.25 02a58965o0232c 0x000000 -1.363636
58965.340056 20.103715 NaN  -24    11 c    0   0.68 160.26288 -27.08679  8576.16  1757.23 2.63 2.33 -61.3 -0.397    19.54 21.24 02a58965o0244c 0x400110 -2.181818
58965.351272 20.039830 NaN    5    10 c    0   1.30 160.26288 -27.08679  8597.27  1638.54 2.77 2.41 -61.0 -0.400    19.49 21.25 02a58965o0268c 0x000000  0.500000
58981.321584 19.950541 NaN   14     8 c    0   1.30 160.26288 -27.08679  2484.42  1513.23 2.67 2.34 -62.3 -0.417    19.62 21.50 02a58981o0196c 0x000000  1.750000
58981.325752 20.449472 NaN   -1     8 c    0   1.69 160.26288 -27.08679  2464.58  1475.26 2.52 2.34 -77.2 -0.418    19.62 21.51 02a58981o0205c 0x000000 -0.125000
58981.332231 20.137125 NaN    5     9 c    0   0.93 160.26288 -27.08679  2523.99  1551.10 2.58 2.39 -76.7 -0.413    19.57 21.49 02a58981o0219c 0x000000  0.555556
58981.348417 19.894850 NaN    4    12 c    0   0.74 160.26288 -27.08679  2544.40  1434.63 2.79 2.50 -63.7 -0.412    19.51 21.43 02a58981o0254c 0x000000  0.333333
58985.262985 20.282105 NaN    4     8 c    0   1.32 160.26288 -27.08679  2488.91  1513.21 2.57 2.38  59.7 -0.410    19.53 21.37 02a58985o0067c 0x000000  0.500000
58985.270340 20.009244 NaN   12     8 c    0   1.05 160.26288 -27.08679  2468.80  1472.22 2.56 2.33  56.3 -0.412    19.54 21.34 02a58985o0083c 0x000000  1.500000
58985.274937 19.841877 NaN   12    10 c    0   1.03 160.26288 -27.08679  2527.44  1553.29 2.49 2.34  68.3 -0.416    19.59 21.33 02a58985o0093c 0x000000  1.200000
58985.285505 20.449472 NaN   -8     8 c    0   1.16 160.26288 -27.08679  2551.12  1437.18 2.49 2.35  76.4 -0.418    19.58 21.34 02a58985o0116c 0x000000 -1.000000
58989.272977 20.103715 NaN  -12    11 c    0   1.24 160.26288 -27.08679   892.47  8078.62 2.77 2.71  77.7 -0.393    19.49 21.36 02a58989o0085c 0x000000 -1.090909
58989.275766 20.321591 NaN  -11     9 c    0   1.39 160.26288 -27.08679   873.34  8038.39 2.67 2.57 -82.8 -0.409    19.51 21.37 02a58989o0091c 0x000000 -1.222222
58989.282245 19.367717 NaN   29    12 c    0   0.89 160.26288 -27.08679   931.57  8120.17 2.54 2.49  86.0 -0.411    19.59 21.38 02a58989o0105c 0x001000  2.416667
58989.292422 20.321591 NaN   -5     9 c    0   1.58 160.26288 -27.08679   953.68  8005.41 2.64 2.56  62.4 -0.397    19.52 21.39 02a58989o0127c 0x000000 -0.555556
59016.251021 17.751519 NaN -157    96 c    0   1.30 160.26288 -27.08679 10492.92  1579.39 2.97 2.19 -55.6 -0.424    17.83 18.59 02a59016o0020c 0x900002 -1.635417
59016.254249 18.910912 NaN -214    33 c    0  15.79 160.26288 -27.08679 10474.72  1539.70 2.68 2.18 -53.9 -0.417    18.45 19.41 02a59016o0027c 0xd00833 -6.484848
59169.623961 20.009244 NaN  -17    12 c    0   0.96 160.26288 -27.08679  2002.30  8843.38 2.57 2.45  20.7 -0.390    19.37 21.02 02a59169o0963c 0x002000 -1.416667
59169.634154 19.922338 NaN  -20    13 c    0   1.69 160.26288 -27.08679  2022.04  8881.11 2.53 2.45 -48.9 -0.403    19.36 20.94 02a59169o0985c 0x002000 -1.538462
59169.644784 15.708845 NaN -200   630 c    0   0.84 160.26288 -27.08679  1966.61  8804.91 2.48 2.39 -46.3 -0.378    15.93 17.54 02a59169o1008c 0x100002 -0.317460
59169.653030       NaN NaN    0     0 c    0  -2.00 160.26288 -27.08679  1904.67  8877.86 3.05 2.84 -52.1 -0.333    15.20 16.64 02a59169o1026c 0x100002       NaN
59195.600290 20.449472 NaN   -3     8 c    0   1.40 160.26288 -27.08679  4739.07  1946.00 3.75 2.74   2.4 -0.328    19.42 21.77 01a59195o0901c 0x000000 -0.375000
59195.603056 20.207197 NaN  -17    10 c    0   0.93 160.26288 -27.08679  4720.19  1906.97 3.24 2.65 -13.7 -0.361    19.54 21.76 01a59195o0907c 0x000000 -1.700000
59195.609505 20.171596 NaN    7     8 c    0   1.40 160.26288 -27.08679  4778.36  1985.79 3.15 2.76  -0.9 -0.330    19.57 21.80 01a59195o0921c 0x000000  0.875000
59195.619987 20.207197 NaN   -2    10 c    0   1.11 160.26288 -27.08679  4799.60  1868.93 3.44 2.89   9.1 -0.333    19.44 21.72 01a59195o0943c 0x000000 -0.200000
59197.601746 20.449472 NaN   -4     8 c    0   1.38 160.26288 -27.08679  3822.71  6775.55 2.55 2.35  34.0 -0.386    19.71 21.72 02a59197o0882c 0x000000 -0.500000
59197.604490 20.449472 NaN   -9     8 c    0   1.59 160.26288 -27.08679  3842.33  6813.99 2.42 2.35  25.3 -0.396    19.75 21.71 02a59197o0888c 0x000000 -1.125000
59197.607235 20.449472 NaN  -13     8 c    0   1.71 160.26288 -27.08679  3783.76  6736.85 2.54 2.33  32.3 -0.388    19.73 21.72 02a59197o0894c 0x000000 -1.625000
59197.613181 20.449472 NaN  -12     8 c    0   1.18 160.26288 -27.08679  3764.98  6853.81 2.49 2.37  36.6 -0.392    19.71 21.70 02a59197o0907c 0x000000 -1.500000
59205.597139 20.321591 NaN  -14     9 c    0   0.97 160.26288 -27.08679  1899.93  6893.65 2.48 2.35 -54.2 -0.404    19.65 21.52 02a59205o0871c 0x000000 -1.555556
59205.598969 20.071303 NaN    4    10 c    0   1.18 160.26288 -27.08679  1918.03  6931.81 2.52 2.39 -57.5 -0.404    19.67 21.52 02a59205o0875c 0x000000  0.400000
59205.602629 20.071303 NaN    7     9 c    0   1.34 160.26288 -27.08679  1862.09  6856.10 2.58 2.38 -57.7 -0.411    19.62 21.55 02a59205o0883c 0x000000  0.777778
59205.610055 20.207197 NaN  -16    10 c    0   0.92 160.26288 -27.08679  1839.36  6970.51 2.47 2.42 -42.3 -0.400    19.67 21.58 02a59205o0899c 0x000000 -1.600000
59207.583494 20.207197 NaN   -5    10 c    0   0.81 160.26288 -27.08679  9006.08  8206.50 2.90 2.67   8.9 -0.327    19.62 21.69 01a59207o0830c 0x000000 -0.500000
59207.585795 20.321591 NaN   -6     9 c    0   1.40 160.26288 -27.08679  8986.88  8168.74 2.75 2.70 -39.0 -0.334    19.64 21.70 01a59207o0835c 0x000000 -0.666667
59207.588562 20.321591 NaN   -1     9 c    0   1.07 160.26288 -27.08679  9047.58  8245.33 2.84 2.83 -12.1 -0.329    19.63 21.70 01a59207o0841c 0x000000 -0.111111
59207.600082 20.009244 NaN   12     8 c    0   1.34 160.26288 -27.08679  9069.74  8128.41 3.05 2.55  -5.0 -0.327    19.64 21.76 01a59207o0866c 0x000000  1.500000
59223.537934 19.051202 NaN   30    19 c    0   1.60 160.26288 -27.08679  9471.98  9857.97 2.74 2.67  63.7 -0.349    18.85 20.97 01a59223o0742c 0x002000  1.578947
59223.541159 19.766969 NaN  -21    15 c    0   0.83 160.26288 -27.08679  9450.62  9817.77 2.84 2.70  55.2 -0.327    18.87 20.96 01a59223o0749c 0x002000 -1.400000
59223.552139 19.401649 NaN  -28    21 c    0   1.31 160.26288 -27.08679  9515.49  9895.32 2.93 2.79  65.5 -0.344    18.70 20.89 01a59223o0772c 0x400220 -1.333333
59223.561753 16.743181 NaN -115   243 c    0   1.44 160.26288 -27.08679  9534.70  9776.42 2.79 2.64  56.0 -0.430    15.53 17.70 01a59223o0792c 0x500812 -0.473251
59227.514706 20.594452 NaN   -1     7 c    0   0.88 160.26288 -27.08679   733.21  3537.29 2.39 2.28  61.4 -0.370    19.85 22.14 01a59227o0636c 0x000000 -0.142857
59227.523867 20.449472 NaN  -13     8 c    0   0.97 160.26288 -27.08679   717.44  3499.13 2.78 2.30  21.2 -0.349    19.77 22.15 01a59227o0655c 0x000000 -1.625000
59227.525712 20.449472 NaN  -12     8 c    0   0.87 160.26288 -27.08679   775.49  3578.34 2.33 2.16  69.5 -0.380    19.88 22.15 01a59227o0659c 0x000000 -1.500000
59227.530783 20.594452 NaN   -4     7 c    0   1.38 160.26288 -27.08679   795.13  3463.91 2.67 2.36  43.4 -0.361    19.77 22.15 01a59227o0670c 0x000000 -0.571429
59229.529061 20.405150 NaN    4     7 c    0   1.40 160.26288 -27.08679  3123.06   573.16 2.38 2.25  64.6 -0.405    19.73 21.74 02a59229o0722c 0x000000  0.571429
59229.530892 20.449472 NaN   -9     8 c    0   1.21 160.26288 -27.08679  3144.06   614.13 2.41 2.28 -74.8 -0.410    19.77 21.76 02a59229o0726c 0x000000 -1.125000
59229.534553 20.594452 NaN  -11     7 c    0   2.09 160.26288 -27.08679  3084.13   535.41 2.44 2.24 -69.8 -0.409    19.76 21.77 02a59229o0734c 0x000000 -1.571429
59229.540443 20.449472 NaN   -6     8 c    0   1.35 160.26288 -27.08679  3063.24   653.49 2.40 2.21 -69.5 -0.416    19.74 21.78 02a59229o0746c 0x000000 -0.750000
59231.508049 20.321591 NaN   -2     9 c    0   0.84 160.26288 -27.08679   736.03  3537.23 3.06 2.56  78.2 -0.372    19.71 22.06 01a59231o0544c 0x000000 -0.222222
59231.509893 20.449472 NaN   -3     8 c    0   1.23 160.26288 -27.08679   717.26  3498.45 2.81 2.48  69.4 -0.372    19.77 22.07 01a59231o0548c 0x000000 -0.375000
59231.513122 20.449472 NaN  -17     8 c    0   1.39 160.26288 -27.08679   775.71  3578.02 3.11 2.71  75.4 -0.351    19.66 22.07 01a59231o0555c 0x000000 -2.125000
59231.518208 20.321591 NaN    0     9 c    0   1.02 160.26288 -27.08679   796.54  3463.16 3.05 2.80  74.7 -0.356    19.64 22.08 01a59231o0566c 0x000000  0.000000
59235.618917 20.449472 NaN   -5     8 c    0   1.11 160.26288 -27.08679  5065.51   470.31 2.46 2.40 -18.7 -0.420    19.63 21.81 01a59235o0085c 0x000000 -0.625000
59235.622144 20.321591 NaN  -11     9 c    0   0.84 160.26288 -27.08679  5086.24   509.41 2.45 2.41 -31.8 -0.430    19.62 21.76 01a59235o0092c 0x000000 -1.222222
59235.627696 20.207197 NaN   -1    10 c    0   0.93 160.26288 -27.08679  5024.53   432.06 2.55 2.32   6.1 -0.423    19.58 21.72 01a59235o0104c 0x000000 -0.100000
59235.649919 20.321591 NaN   -3     9 c    0   1.62 160.26288 -27.08679  5005.21   552.52 2.41 2.37  57.8 -0.442    19.53 21.66 01a59235o0152c 0x000000 -0.333333
59253.529405 20.449472 NaN   -4     8 c    0   1.18 160.26288 -27.08679  6619.43  1840.89 2.69 2.67 -73.9 -0.371    19.59 21.78 02a59253o0414c 0x000000 -0.500000
59253.532617 20.171596 NaN    1    10 c    0   0.73 160.26288 -27.08679  6601.56  1802.34 2.55 2.50  61.2 -0.378    19.65 21.77 02a59253o0421c 0x000000  0.100000
59253.539080 20.321591 NaN  -14     9 c    0   0.95 160.26288 -27.08679  6659.12  1880.34 2.85 2.79  11.6 -0.377    19.58 21.77 02a59253o0435c 0x000000 -1.555556
59253.549605 20.137125 NaN    2    10 c    0   0.73 160.26288 -27.08679  6679.31  1764.66 2.86 2.82 -56.9 -0.365    19.54 21.75 02a59253o0458c 0x000000  0.200000
59255.461476 20.207197 NaN  -15    10 c    0   1.25 160.26288 -27.08679  8880.39  6262.49 3.12 3.01  70.5 -0.354    19.53 22.07 01a59255o0534c 0x400110 -1.500000
59255.464234 20.321591 NaN   -4     9 c    0   1.26 160.26288 -27.08679  8861.32  6224.88 3.02 2.86  77.5 -0.361    19.60 22.07 01a59255o0540c 0x000000 -0.444444
59255.467000 20.009244 NaN    6    10 c    0   1.24 160.26288 -27.08679  8920.03  6300.54 3.04 2.87  74.8 -0.365    19.58 22.04 01a59255o0546c 0x000000  0.600000
59255.472524 20.321591 NaN   -1     9 c    0   1.32 160.26288 -27.08679  8939.83  6182.91 2.95 2.84  69.6 -0.359    19.65 22.05 01a59255o0558c 0x000000 -0.111111
59257.421569 19.868040 NaN   14     9 c    0   1.18 160.26288 -27.08679  3929.35  8720.21 2.48 2.39  29.1 -0.389    19.74 21.75 02a59257o0468c 0x000000  1.555556
59257.447642 20.207197 NaN   -8    10 c    0   0.85 160.26288 -27.08679  3954.54  8758.32 2.52 2.49  35.3 -0.388    19.73 21.83 02a59257o0524c 0x000000 -0.800000
59257.450854 20.207197 NaN   -2    10 c    0   1.10 160.26288 -27.08679  3894.57  8681.75 2.47 2.46 -69.7 -0.391    19.78 21.84 02a59257o0531c 0x000000 -0.200000
59257.454980 20.362567 NaN    2     8 c    0   1.21 160.26288 -27.08679  3876.61  8796.89 2.44 2.41  66.5 -0.391    19.77 21.85 02a59257o0540c 0x000000  0.250000
59259.491034 20.449472 NaN   -1     8 c    0   0.72 160.26288 -27.08679  2040.56  8887.59 2.33 2.05 -72.1 -0.382    19.85 22.01 01a59259o0432c 0x000000 -0.125000
59259.525945 20.449472 NaN   -2     8 c    0   1.31 160.26288 -27.08679  2068.59  8920.95 2.93 2.65 -69.8 -0.354    19.61 21.89 01a59259o0507c 0x400110 -0.250000
59259.529170 20.449472 NaN   -4     8 c    0   1.00 160.26288 -27.08679  2010.55  8844.28 2.66 2.37 -65.2 -0.377    19.67 21.87 01a59259o0514c 0x000000 -0.500000
59259.535617 20.405150 NaN    1     8 c    0   1.06 160.26288 -27.08679  1992.20  8959.23 2.49 2.25 -57.3 -0.374    19.74 21.82 01a59259o0528c 0x000000  0.125000
59261.485117 20.321591 NaN  -21     9 c    0   1.42 160.26288 -27.08679   784.44  6135.00 2.50 2.34  43.7 -0.402    19.67 21.66 02a59261o0598c 0x000000 -2.333333
59261.488783 20.321591 NaN   -9     9 c    0   1.23 160.26288 -27.08679   766.13  6099.31 2.48 2.38  38.9 -0.404    19.66 21.67 02a59261o0606c 0x000000 -1.000000
59261.494324 20.244005 NaN    5     8 c    0   1.55 160.26288 -27.08679   825.48  6177.52 2.45 2.32  44.9 -0.410    19.69 21.66 02a59261o0618c 0x000000  0.625000
59261.524405 20.321591 NaN  -17     9 c    0   1.26 160.26288 -27.08679   848.22  6061.52 2.56 2.39  45.2 -0.458    19.59 21.59 02a59261o0683c 0x000000 -1.888889
59263.522163 19.089302 NaN  -18    28 c    0   0.99 160.26288 -27.08679  2065.93  8917.22 2.56 2.31 -60.4 -0.356    18.39 20.46 01a59263o0545c 0x900002 -0.642857
59263.553950 17.170087 NaN -134   164 c    0   1.23 160.26288 -27.08679  1998.26  8955.45 2.74 2.48 -61.1 -0.364    16.28 18.39 01a59263o0613c 0x900002 -0.817073
59265.524200 20.207197 NaN  -10    10 c    0   1.11 160.26288 -27.08679   786.66  6137.92 3.05 2.77  42.4 -0.365    19.44 21.58 02a59265o0377c 0x002000 -1.000000
59265.527419 19.351140 NaN   -1    22 c    0   1.30 160.26288 -27.08679   768.13  6096.80 3.55 3.42  52.2 -0.395    18.46 20.71 02a59265o0384c 0x002000 -0.045455
59265.543950 19.051202 NaN    0    29 c    0   0.94 160.26288 -27.08679   849.92  6060.97 3.18 2.95  43.2 -0.364    18.44 20.51 02a59265o0420c 0x100002  0.000000
59307.363893 20.321591 NaN   -6     9 c    0   0.96 160.26288 -27.08679 10024.16  8967.03 2.63 2.37  80.6 -0.355    19.83 21.50 01a59307o0296c 0x000000 -0.666667
59307.364354 20.449472 NaN   -4     8 c    0   1.63 160.26288 -27.08679   115.77  9051.53 2.55 2.19 -74.6 -0.414    19.80 21.50 01a59307o0297c 0x000000 -0.500000
59307.368055 20.594452 NaN   -5     7 c    0   1.54 160.26288 -27.08679 10042.07  9006.90 2.58 2.32  83.0 -0.357    19.87 21.50 01a59307o0305c 0x000000 -0.714286
59307.369899 20.321591 NaN    0     9 c    0   1.21 160.26288 -27.08679   134.79  9089.42 2.59 2.23 -74.4 -0.409    19.78 21.50 01a59307o0309c 0x000000  0.000000
59307.374976 20.321591 NaN  -15     9 c    0   1.07 160.26288 -27.08679  9984.32  8926.85 2.72 2.47  79.5 -0.351    19.78 21.45 01a59307o0320c 0x000000 -1.666667
59307.376356 19.841877 NaN    6    12 c    0   1.16 160.26288 -27.08679    77.64  9012.51 2.51 2.21 -74.1 -0.407    19.81 21.47 01a59307o0323c 0x000000  0.500000
59307.390496 20.244005 NaN    5     8 c    0   0.98 160.26288 -27.08679  9963.40  9043.30 2.78 2.60  67.1 -0.332    19.75 21.49 01a59307o0352c 0x000000  0.625000
59307.391879 19.674510 NaN    4    15 c    0   0.76 160.26288 -27.08679    58.63  9130.25 2.51 2.19 -67.7 -0.408    19.80 21.51 01a59307o0355c 0x000000  0.266667
59311.340219 20.207197 NaN    0    10 c    0   1.01 160.26288 -27.08679 10022.27  8970.32 2.70 2.41  78.5 -0.349    19.71 21.56 01a59311o0266c 0x000000  0.000000
59311.343444 19.894850 NaN    7    11 c    0   1.08 160.26288 -27.08679 10042.37  9009.00 2.58 2.33  81.6 -0.352    19.59 21.40 01a59311o0273c 0x000000  0.636364
59311.349466 20.071303 NaN    4    10 c    0   0.95 160.26288 -27.08679  9984.05  8928.14 2.77 2.45  81.5 -0.345    19.67 21.57 01a59311o0286c 0x080010  0.400000
59311.351768 20.321591 NaN    3     8 c    0   1.42 160.26288 -27.08679   116.09  9050.77 2.42 2.12 -70.6 -0.404    19.75 21.62 01a59311o0291c 0x000000  0.375000
59311.384042 19.631075 NaN   18    11 c    0   1.12 160.26288 -27.08679  9964.35  9043.88 2.70 2.45  72.3 -0.348    19.56 21.35 01a59311o0360c 0x000000  1.636364
59311.385884 20.207197 NaN  -14    10 c    0   1.15 160.26288 -27.08679   136.96  9086.63 2.56 2.25 -57.6 -0.397    19.55 21.43 01a59311o0364c 0x000000 -1.400000
59311.414384 18.631975 NaN   47    27 c    0   1.58 160.26288 -27.08679    80.84  9006.27 2.68 2.36 -60.6 -0.397    18.76 20.57 01a59311o0425c 0x000000  1.740741
59311.417608 18.376212 NaN  -51    54 c    0   0.88 160.26288 -27.08679    62.41  9123.77 2.63 2.23 -59.1 -0.400    18.58 20.33 01a59311o0432c 0x100002 -0.944444
59315.357427 20.761819 NaN   -2     6 c    0   2.05 160.26288 -27.08679  5862.20  4574.84 2.25 2.18 -17.5 -0.360    19.95 21.66 01a59315o0301c 0x000000 -0.333333
59315.360674 20.405150 NaN    7     6 c    0   1.62 160.26288 -27.08679  5880.78  4613.70 2.22 2.11 -79.1 -0.379    19.95 21.63 01a59315o0308c 0x000000  1.166667
59315.366673 20.594452 NaN   -3     7 c    0   1.03 160.26288 -27.08679  5823.19  4535.75 2.22 2.12 -71.9 -0.371    19.92 21.61 01a59315o0321c 0x000000 -0.428571
59315.376819 20.594452 NaN   -1     7 c    0   1.22 160.26288 -27.08679  5806.00  4649.22 2.22 2.13 -40.5 -0.370    19.92 21.56 01a59315o0343c 0x000000 -0.142857
59319.338541 20.449472 NaN   -6     8 c    0   0.86 160.26288 -27.08679  5860.42  4576.30 2.31 2.18 -81.2 -0.379    19.92 21.70 01a59319o0259c 0x000000 -0.750000
59319.342227 20.761819 NaN    3     5 c    0   1.86 160.26288 -27.08679  5880.24  4613.99 2.32 2.17 -71.7 -0.379    19.94 21.71 01a59319o0267c 0x000000  0.600000
59319.348222 20.703116 NaN    1     6 c    0   1.55 160.26288 -27.08679  5822.34  4536.39 2.34 2.20 -79.4 -0.375    19.92 21.71 01a59319o0280c 0x000000  0.166667
59319.359299 20.543943 NaN    1     7 c    0   0.81 160.26288 -27.08679  5805.39  4648.80 2.33 2.24 -40.4 -0.365    19.94 21.67 01a59319o0304c 0x000000  0.142857
59337.317477 19.318728 NaN   11    19 c    0   1.20 160.26288 -27.08679   712.31  3522.20 2.50 2.41 -77.2 -0.399    18.78 20.59 02a59337o0197c 0x000000  0.578947
59337.320714 20.009244 NaN  -13    12 c    0   0.88 160.26288 -27.08679   692.27  3482.97 2.39 2.32  66.3 -0.409    19.18 21.08 02a59337o0204c 0x000000 -1.083333
59337.328042 20.207197 NaN  -12    10 c    0   1.15 160.26288 -27.08679   749.95  3561.98 2.47 2.40  66.4 -0.414    19.46 21.32 02a59337o0220c 0x000000 -1.200000
59337.338600 20.103715 NaN   -6    11 c    0   1.04 160.26288 -27.08679   769.91  3445.94 2.41 2.35  84.2 -0.407    19.44 21.29 02a59337o0243c 0x000000 -0.545455
59349.287624 20.103715 NaN  -11    11 c    0   0.97 160.26288 -27.08679  2742.81  6077.64 2.73 2.61  74.7 -0.377    19.43 21.28 02a59349o0098c 0x000000 -1.000000
59349.293154 20.009244 NaN  -18    12 c    0   0.76 160.26288 -27.08679  2722.59  6038.66 2.81 2.71  58.5 -0.382    19.39 21.28 02a59349o0110c 0x000000 -1.500000
59349.300513 20.103715 NaN   -9    11 c    0   1.10 160.26288 -27.08679  2782.84  6119.17 2.53 2.43  60.4 -0.388    19.51 21.28 02a59349o0126c 0x000000 -0.818182
59349.303722 20.207197 NaN  -15    10 c    0   1.39 160.26288 -27.08679  2803.99  6003.51 2.60 2.49  82.8 -0.390    19.44 21.27 02a59349o0133c 0x000000 -1.500000
59367.265158 20.207197 NaN  -13    10 c    0   0.91 160.26288 -27.08679  9318.15   781.47 2.57 2.43  -9.1 -0.348    19.66 21.14 01a59367o0067c 0x000000 -1.300000
59367.268403 20.009244 NaN    6    10 c    0   1.07 160.26288 -27.08679  9338.14   821.69 2.46 2.37 -22.1 -0.363    19.67 21.15 01a59367o0074c 0x000000  0.600000
59367.273942 19.766969 NaN   12    11 c    0   1.11 160.26288 -27.08679  9276.94   743.16 2.43 2.34  -9.8 -0.368    19.67 21.14 01a59367o0086c 0x000000  1.090909
59367.285006 20.207197 NaN  -12    10 c    0   1.09 160.26288 -27.08679  9255.61   861.26 2.43 2.36 -57.7 -0.366    19.63 21.08 01a59367o0110c 0x000000 -1.200000
59371.252918 19.631075 NaN   21    10 c    0   1.38 160.26288 -27.08679  3920.16  4677.66 2.40 2.29 -80.0 -0.368    19.42 20.67 01a59371o0036c 0x000000  2.100000
59371.257073 19.719755 NaN   17    10 c    0   1.34 160.26288 -27.08679  3940.34  4715.30 2.36 2.30 -63.8 -0.367    19.56 20.96 01a59371o0045c 0x000000  1.700000
59371.263541 20.207197 NaN  -15    10 c    0   1.47 160.26288 -27.08679  3881.54  4639.20 2.42 2.27 -83.6 -0.373    19.61 21.11 01a59371o0059c 0x000000 -1.500000
59371.275520 20.321591 NaN   -6     9 c    0   1.05 160.26288 -27.08679  3862.81  4753.72 2.34 2.23 -81.8 -0.379    19.68 21.23 01a59371o0085c 0x000000 -0.666667
59525.624507 19.589310 NaN    8    15 c    0   0.97 160.26288 -27.08679  1117.14   694.42 2.90 2.59 -66.4 -0.396    19.15 20.67 02a59525o0399c 0x000000  0.533333
59525.635969 19.766969 NaN    9    12 c    0   1.14 160.26288 -27.08679  1138.86   731.21 2.52 2.28 -72.5 -0.423    19.28 20.72 02a59525o0424c 0x000000  0.750000
59525.645144 19.696897 NaN  -36    16 c    0   1.43 160.26288 -27.08679  1078.60   652.03 2.73 2.47 -70.8 -0.409    18.92 20.12 02a59525o0444c 0x000000 -2.250000
59529.625056 19.922338 NaN  -10    13 c    0   0.96 160.26288 -27.08679  1111.79   695.33 2.48 2.30 -69.5 -0.426    19.31 20.80 02a59529o0957c 0x000000 -0.769231
59529.636070 20.009244 NaN   -2    12 c    0   1.42 160.26288 -27.08679  1131.65   732.02 2.78 2.46 -61.3 -0.418    19.27 20.79 02a59529o0981c 0x000000 -0.166667
59529.646609 19.696897 NaN  -20    16 c    0   1.16 160.26288 -27.08679  1072.56   653.12 2.52 2.26 -63.1 -0.428    19.05 20.15 02a59529o1004c 0x000000 -1.250000
59529.653024 19.014394 NaN  -23    30 c    0   0.98 160.26288 -27.08679  1052.94   770.32 2.45 2.26 -68.8 -0.433    18.03 18.71 02a59529o1018c 0x100002 -0.766667