         MJD         m       dm  uJy  duJy F  err  chi/N        RA       Dec        x        y  maj  min   phi  apfit  mag5sig   Sky            Obs     Mask  __tmp_SN
57747.617896 19.631075      NaN    0    17 c    0   1.08 160.25382 -27.08345  3720.31  5830.92 3.96 3.85  54.9 -0.376    19.59 21.58 02a57747o0863c 0x000000  0.000000
57747.626599 19.696897      NaN   -9    16 c    0   0.86 160.25382 -27.08345  3705.96  5791.41 3.80 3.68  57.8 -0.385    19.63 21.57 02a57747o0880c 0x000000 -0.562500
57747.638110 19.436675      NaN    7    18 c    0   1.01 160.25382 -27.08345  3757.58  5869.29 3.90 3.80  38.2 -0.381    19.58 21.55 02a57747o0903c 0x000000  0.388889
57747.651580 19.510313      NaN  -10    19 c    0   1.08 160.25382 -27.08345  3776.65  5752.61 4.52 3.88   3.7 -0.366    19.46 21.52 02a57747o0930c 0x000000 -0.526316
57751.604071 19.841877      NaN  -11    14 c    0   1.42 160.25382 -27.08345  7115.04  4791.62 3.87 3.62  83.3 -0.389    19.72 21.78 02a57751o0354c 0x000000 -0.785714
57751.617616 19.652575      NaN    2    16 c    0   1.01 160.25382 -27.08345  7082.41  4755.09 3.84 3.60  83.5 -0.391    19.67 21.69 02a57751o0381c 0x000000  0.125000
57751.631659 19.841877      NaN  -12    14 c    0   1.33 160.25382 -27.08345  7152.48  4834.76 3.85 3.60  85.0 -0.391    19.66 21.66 02a57751o0409c 0x000000 -0.857143
57751.644682 19.696897      NaN  -25    16 c    0   1.29 160.25382 -27.08345  7169.68  4718.05 3.89 3.67  86.6 -0.391    19.64 21.65 02a57751o0435c 0x000000 -1.562500
57751.659753 19.569016      NaN    3    17 c    0   1.07 160.25382 -27.08345  7135.72  4777.29 3.87 3.65 -89.1 -0.393    19.52 21.42 02a57751o0465c 0x000000  0.176471
57755.593796 19.631075      NaN  -16    17 c    0   0.88 160.25382 -27.08345  5902.34  7131.67 3.60 3.48  79.3 -0.430    19.76 21.75 02a57755o0768c 0x000000 -0.941176
57755.607113 19.226921      NaN   23    17 c    0   1.13 160.25382 -27.08345  5886.96  7095.37 3.62 3.50  84.8 -0.430    19.73 21.73 02a57755o0794c 0x000000  1.352941
57755.621811 19.696897      NaN  -19    16 c    0   1.26 160.25382 -27.08345  5956.89  7175.29 3.59 3.47  85.5 -0.432    19.72 21.69 02a57755o0822c 0x000000 -1.187500
57755.640457 19.766969      NaN  -29    15 c    0   1.14 160.25382 -27.08345  5975.78  7056.92 3.61 3.51  82.9 -0.427    19.70 21.67 02a57755o0858c 0x000000 -1.933333
57755.649627 19.696897      NaN  -10    16 c    0   0.97 160.25382 -27.08345  5941.54  7116.41 3.75 3.60  83.8 -0.413    19.64 21.60 02a57755o0876c 0x000000 -0.625000
57779.531997 19.766969      NaN   -8    15 c    0   1.26 160.25382 -27.08345  5384.79  7476.12 3.70 3.67  56.6 -0.433    19.73 21.81 02a57779o0611c 0x000000 -0.533333
57779.548044 19.719755      NaN    2    15 c    0   1.28 160.25382 -27.08345  5369.15  7437.57 3.81 3.70  69.5 -0.416    19.71 21.77 02a57779o0642c 0x000000  0.133333
57779.564140 19.569016      NaN  -30    18 c    0   1.12 160.25382 -27.08345  5423.42  7514.70 3.66 3.63  64.5 -0.435    19.71 21.74 02a57779o0673c 0x000000 -1.666667
57779.579679 18.944322      NaN   45    17 c    0   1.21 160.25382 -27.08345  5441.91  7397.14 3.93 3.84  38.9 -0.409    19.68 21.78 02a57779o0703c 0x000000  2.647059
57779.595084 19.549093      NaN    7    16 c    0   1.29 160.25382 -27.08345  5409.34  7455.24 3.88 3.80  23.2 -0.412    19.66 21.75 02a57779o0733c 0x000000  0.437500
57783.527260 19.631075      NaN  -33    17 c    0   1.02 160.25382 -27.08345  4458.84  5650.62 3.87 3.76 -83.9 -0.381    19.69 21.81 02a57783o0594c 0x000000 -1.941176
57783.543369 19.841877      NaN  -33    14 c    0   1.21 160.25382 -27.08345  4442.65  5611.47 3.86 3.75 -81.0 -0.380    19.69 21.79 02a57783o0625c 0x000000 -2.357143
57783.559600 19.609992      NaN    4    16 c    0   1.42 160.25382 -27.08345  4497.49  5688.43 4.08 3.95 -74.6 -0.364    19.63 21.83 02a57783o0656c 0x000000  0.250000
57783.575718 19.696897      NaN   -1    16 c    0   1.26 160.25382 -27.08345  4517.44  5570.76 3.85 3.73 -76.5 -0.381    19.71 21.85 02a57783o0687c 0x000000 -0.062500
57783.591797 19.529530      NaN    5    17 c    0   0.96 160.25382 -27.08345  4485.89  5628.50 3.98 3.88 -78.4 -0.373    19.66 21.85 02a57783o0718c 0x000000  0.294118
57787.502251 19.766969      NaN   -4    15 c    0   1.25 160.25382 -27.08345  3638.85  4442.17 3.88 3.77  72.8 -0.376    19.76 21.91 02a57787o0554c 0x400110 -0.266667
57787.512155 19.766969      NaN  -18    15 c    0   1.41 160.25382 -27.08345  3623.26  4403.28 3.88 3.77  71.3 -0.378    19.76 21.91 02a57787o0574c 0x000000 -1.200000
57787.526990 19.696897      NaN   -8    16 c    0   0.98 160.25382 -27.08345  3676.20  4482.72 3.94 3.80  75.2 -0.373    19.74 21.90 02a57787o0602c 0x000000 -0.500000
57787.538664 19.766969      NaN  -14    15 c    0   1.28 160.25382 -27.08345  3694.77  4367.22 3.75 3.63  80.5 -0.383    19.77 21.84 02a57787o0626c 0x000000 -0.933333
57787.555365 19.766969      NaN  -14    15 c    0   1.16 160.25382 -27.08345  3661.45  4427.47 3.83 3.70  81.6 -0.379    19.76 21.88 02a57787o0659c 0x000000 -0.933333
57803.513764 18.867907      NaN   40    21 c    0   1.05 160.25382 -27.08345  6467.43  5871.03 3.73 3.51  85.8 -0.401    19.33 20.97 02a57803o0573c 0x000000  1.904762
57803.525435 19.351140      NaN  -32    22 c    0   0.88 160.25382 -27.08345  6452.80  5831.12 3.73 3.52  86.0 -0.397    19.30 20.92 02a57803o0596c 0x000000 -1.454545
57803.549325 19.302877      NaN  -24    23 c    0   1.10 160.25382 -27.08345  6525.35  5790.30 3.75 3.60  84.1 -0.394    19.18 20.75 02a57803o0643c 0x000000 -1.043478
57803.561013 18.900000      NaN   37    21 c    0   1.34 160.25382 -27.08345  6492.29  5846.12 3.67 3.48  89.3 -0.404    19.16 20.68 02a57803o0666c 0x000000  1.761905
57807.497762 19.384550      NaN    4    20 c    0   0.76 160.25382 -27.08345  3738.44  7562.39 4.11 3.97  55.9 -0.378    19.59 21.73 02a57807o0522c 0x000000  0.200000
57807.513012 19.631075      NaN   -7    17 c    0   0.94 160.25382 -27.08345  3707.26  7523.55 3.94 3.86  65.2 -0.375    19.63 21.72 02a57807o0551c 0x000000 -0.411765
57807.528616 19.491430      NaN   10    16 c    0   1.46 160.25382 -27.08345  3780.57  7599.87 3.88 3.77  80.0 -0.389    19.64 21.72 02a57807o0581c 0x000000  0.625000
57807.543715 19.472870      NaN    8    17 c    0   0.95 160.25382 -27.08345  3799.84  7480.49 3.72 3.67  86.6 -0.399    19.64 21.66 02a57807o0610c 0x000000  0.470588
57807.558757 19.436675      NaN   13    16 c    0   1.33 160.25382 -27.08345  3766.59  7535.73 3.77 3.66  82.1 -0.401    19.58 21.59 02a57807o0639c 0x000000  0.812500
57835.432723 18.921935      NaN   35    21 c    0   1.24 160.25382 -27.08345  4793.01  6874.41 3.72 3.60  66.3 -0.420    18.98 20.92 02a57835o0329c 0x000000  1.666667
57835.448972 19.454622      NaN   -2    20 c    0   1.26 160.25382 -27.08345  4778.66  6833.37 3.67 3.58  64.9 -0.417    18.95 20.83 02a57835o0360c 0x000000 -0.100000
57835.464835 19.271854      NaN    5    22 c    0   1.16 160.25382 -27.08345  4833.70  6908.52 3.70 3.59  69.1 -0.411    18.91 20.77 02a57835o0390c 0x000000  0.227273
57835.480662 19.569016      NaN   -7    18 c    0   1.73 160.25382 -27.08345  4852.97  6790.44 3.75 3.65  73.6 -0.405    18.84 20.67 02a57835o0420c 0x000000 -0.388889
57839.418472 19.128787      NaN  -21    27 c    0   1.30 160.25382 -27.08345  4921.18  6407.36 3.89 3.74  17.1 -0.397    18.52 20.25 02a57839o0380c 0x000000 -0.777778
57839.449789 19.401649      NaN   -8    21 c    0   1.12 160.25382 -27.08345  4958.71  6442.17 3.91 3.79  68.2 -0.390    18.82 20.63 02a57839o0439c 0x000000 -0.380952
57839.481115 18.955691      NaN   23    24 c    0   0.91 160.25382 -27.08345  4946.86  6380.66 3.63 3.55  71.4 -0.419    18.80 20.53 02a57839o0498c 0x000000  0.958333
57843.409565 19.351140      NaN  -17    22 c    0   1.00 160.25382 -27.08345  5845.38  7898.77 3.71 3.63  26.0 -0.429    18.91 20.77 02a57843o0340c 0x000000 -0.772727
57843.425226 19.334813      NaN    4    21 c    0   1.07 160.25382 -27.08345  5830.31  7858.52 3.80 3.73  59.8 -0.413    18.87 20.74 02a57843o0370c 0x000000  0.190476
57843.440893 19.142275      NaN   11    23 c    0   1.29 160.25382 -27.08345  5902.40  7934.35 3.89 3.80  67.5 -0.413    18.81 20.66 02a57843o0400c 0x000000  0.478261
57843.472239 19.026525      NaN   17    24 c    0   1.16 160.25382 -27.08345  5871.73  7872.90 4.15 4.03  76.8 -0.388    18.63 20.44 02a57843o0460c 0x000000  0.708333
57847.429650 18.729535      NaN    6    37 c    0   1.03 160.25382 -27.08345  5700.06  6535.73 3.75 3.65  73.8 -0.412    18.26 19.42 02a57847o0390c 0x900002  0.162162
57847.445276 18.649074      NaN    0    42 c    0   0.79 160.25382 -27.08345  5719.40  6419.01 3.83 3.73  86.1 -0.394    18.23 19.42 02a57847o0420c 0x900002  0.000000
57847.460962 18.566153      NaN   19    39 c    0   0.99 160.25382 -27.08345  5686.51  6473.90 3.78 3.68  85.1 -0.409    18.22 19.43 02a57847o0450c 0x900002  0.487179
57863.380654 19.302877      NaN   15    18 c    0   1.54 160.25382 -27.08345  4004.11  7645.87 3.74 3.61  53.8 -0.405    18.71 20.32 02a57863o0279c 0x000000  0.833333
57863.392747 19.351140      NaN  -13    22 c    0   1.02 160.25382 -27.08345  3989.21  7605.57 3.67 3.55  52.0 -0.414    18.69 20.26 02a57863o0302c 0x000000 -0.590909
57863.404796 19.351140      NaN   -7    22 c    0   0.92 160.25382 -27.08345  4060.29  7681.99 3.67 3.55  53.9 -0.414    18.66 20.24 02a57863o0325c 0x000000 -0.318182
57863.416846 19.351140      NaN   -5    22 c    0   1.00 160.25382 -27.08345  4079.42  7564.72 3.71 3.58  58.1 -0.407    18.63 20.22 02a57863o0348c 0x000000 -0.227273
57863.428930 19.351140      NaN  -21    22 c    0   1.20 160.25382 -27.08345  4045.56  7621.53 3.79 3.65  72.5 -0.400    18.56 20.17 02a57863o0371c 0x000000 -0.954545
57867.370879 15.770904      NaN -638   595 c    0   0.74 160.25382 -27.08345  7128.61  6277.76 2.77 2.51  36.5 -0.526    17.27 18.30 02a57867o0290c 0x900002 -1.072269
57867.383505 15.804885      NaN  650   360 c    0   1.16 160.25382 -27.08345  7113.43  6237.09 2.96 2.83  31.9 -0.503    16.87 17.97 02a57867o0314c 0x900002  1.805556
57867.396615 14.744050      NaN -466  1532 c    0   1.08 160.25382 -27.08345  7184.68  6312.86 2.87 2.66  35.5 -0.485    13.93 14.94 02a57867o0339c 0x900002 -0.304178
57867.409171 16.382766      NaN  212   268 c    0   1.41 160.25382 -27.08345  7203.58  6195.55 3.12 2.93  55.7 -0.508    15.82 16.97 02a57867o0363c 0x900002  0.791045
57871.357263 20.207197      NaN  -10    10 c    0   1.08 160.25382 -27.08345  6996.99  6529.33 2.71 2.61 -85.1 -0.437    19.42 20.68 02a57871o0102c 0x000000 -1.000000
57871.373043 20.207197      NaN   -8    10 c    0   1.40 160.25382 -27.08345  7049.87  6607.00 2.70 2.62 -75.3 -0.437    19.39 20.64 02a57871o0132c 0x000000 -0.800000
57871.388799 20.103715      NaN   -8    11 c    0   1.24 160.25382 -27.08345  7067.86  6489.27 2.82 2.69 -85.3 -0.438    19.36 20.68 02a57871o0162c 0x000000 -0.727273
57871.404580 20.009244      NaN  -10    12 c    0   1.23 160.25382 -27.08345  7036.19  6547.67 2.86 2.74 -76.4 -0.439    19.27 20.57 02a57871o0192c 0x000000 -0.833333
57895.284362 19.922338      NaN   -5    13 c    0   0.96 160.25382 -27.08345  4329.62  7561.68 3.18 2.98  19.0 -0.469    19.41 21.44 02a57895o0095c 0x000000 -0.384615
57895.300769 19.922338      NaN    3    12 c    0   1.46 160.25382 -27.08345  4297.99  7521.77 2.73 2.61   7.1 -0.488    19.39 21.26 02a57895o0126c 0x000000  0.250000
57895.316085 20.009244      NaN   -4    12 c    0   1.29 160.25382 -27.08345  4370.69  7597.94 3.02 2.92 -15.3 -0.480    19.31 21.28 02a57895o0155c 0x000000 -0.333333
57895.332396 19.841877      NaN  -24    14 c    0   1.18 160.25382 -27.08345  4390.99  7478.87 3.05 2.90   2.5 -0.465    19.33 21.27 02a57895o0186c 0x000000 -1.714286
57895.349252 19.766969      NaN  -20    15 c    0   1.21 160.25382 -27.08345  4357.07  7534.07 3.17 3.02  -1.2 -0.462    19.18 21.08 02a57895o0218c 0x000000 -1.333333
57899.275103 19.922338      NaN   -3    13 c    0   1.11 160.25382 -27.08345  4181.22  6360.88 2.65 2.47  35.8 -0.495    19.44 20.95 02a57899o0089c 0x000000 -0.230769
57899.290519 19.631075      NaN   15    12 c    0   0.92 160.25382 -27.08345  4164.00  6320.84 2.55 2.42  25.1 -0.497    19.52 21.11 02a57899o0118c 0x000000  1.250000
57899.305846 20.103715      NaN   -3    11 c    0   1.32 160.25382 -27.08345  4218.66  6397.32 2.48 2.43  42.9 -0.493    19.54 21.23 02a57899o0147c 0x000000 -0.272727
57899.321696 20.207197      NaN  -14    10 c    0   1.44 160.25382 -27.08345  4240.02  6277.83 2.57 2.55  60.5 -0.484    19.49 21.23 02a57899o0177c 0x000000 -1.400000
57899.338026 19.454622      NaN   24    12 c    0   1.12 160.25382 -27.08345  4206.16  6333.38 2.56 2.52 -55.5 -0.488    19.42 21.16 02a57899o0208c 0x000000  2.000000
57903.267757 19.841877      NaN  -13    14 c    0   0.57 160.25382 -27.08345  5898.59  5279.89 2.60 2.55 -79.0 -0.446    19.44 20.73 02a57903o0063c 0x000000 -0.928571
57903.280064 19.922338      NaN   -5    13 c    0   1.05 160.25382 -27.08345  5882.55  5240.48 2.64 2.58 -73.2 -0.445    19.38 20.70 02a57903o0087c 0x000000 -0.384615
57903.295448 19.766969      NaN  -21    15 c    0   1.04 160.25382 -27.08345  5935.73  5316.34 2.70 2.62 -68.8 -0.452    19.34 20.63 02a57903o0117c 0x000000 -1.400000
57903.311400 19.922338      NaN  -16    13 c    0   1.28 160.25382 -27.08345  5953.08  5198.33 2.69 2.59 -75.9 -0.462    19.29 20.59 02a57903o0148c 0x000000 -1.230769
57903.326217 19.631075      NaN    3    16 c    0   1.10 160.25382 -27.08345  5919.83  5255.94 2.75 2.60 -56.7 -0.456    19.21 20.47 02a57903o0177c 0x000000  0.187500
58081.580987 19.743105      NaN    1    15 c    0   1.47 160.25382 -27.08345  5730.80  9540.21 2.94 2.59  19.0 -0.468    19.36 21.11 02a58081o0676c 0x000000  0.066667
58081.587904 19.351140      NaN   12    18 c    0   0.97 160.25382 -27.08345  5747.42  9580.41 2.94 2.67  20.1 -0.455    19.40 21.14 02a58081o0691c 0x000000  0.666667
58081.599050 19.766969      NaN  -18    15 c    0   1.13 160.25382 -27.08345  5676.27  9483.88 3.18 2.85  21.8 -0.434    19.31 21.16 02a58081o0715c 0x000000 -1.200000
58081.600459 19.436675      NaN   19    14 c    0   1.25 160.25382 -27.08345  5659.81  9602.59 3.04 2.66  23.2 -0.449    19.42 21.17 02a58081o0718c 0x000000  1.357143
58109.538821 18.900000      NaN   37    21 c    0   1.46 160.25382 -27.08345  2909.81  8779.75 4.95 4.45  57.0 -0.381    19.13 21.92 02a58109o0381c 0x000000  1.761905
58109.545741 18.878500      NaN   45    19 c    0   1.82 160.25382 -27.08345  2925.50  8819.23 4.92 4.47  42.7 -0.378    19.20 21.94 02a58109o0396c 0x000000  2.368421
58109.552672 19.609992 0.354952   52    17 c    0   2.14 160.25382 -27.08345  2871.60  8742.42 4.82 4.45  36.1 -0.400    19.00 21.95 02a58109o0411c 0x000000  3.058824
58109.559602 19.454622      NaN    3    19 c    0   1.91 160.25382 -27.08345  2851.23  8860.33 4.76 4.26  62.2 -0.454    19.27 21.97 02a58109o0426c 0x000000  0.157895
58161.503725 20.321591      NaN  -11     9 c    0   0.97 160.25382 -27.08345  4845.77  2001.87 2.78 2.53  50.9 -0.409    19.79 21.84 02a58161o0641c 0x000000 -1.222222
58161.509700 20.321591      NaN   -8     9 c    0   1.43 160.25382 -27.08345  4828.64  1962.68 2.87 2.61  56.1 -0.401    19.74 21.83 02a58161o0654c 0x000000 -0.888889
58161.517015 20.071303      NaN    4    10 c    0   0.82 160.25382 -27.08345  4880.83  2043.12 2.91 2.64  56.3 -0.399    19.71 21.85 02a58161o0670c 0x000000  0.400000
58161.530702 20.103715      NaN    6     9 c    0   1.05 160.25382 -27.08345  4901.10  1924.97 2.86 2.59  51.2 -0.400    19.74 21.84 02a58161o0700c 0x000000  0.666667
58193.400077 19.950541      NaN    8    10 c    0   1.04 160.25382 -27.08345  7981.23  2690.40 2.50 2.35  70.0 -0.433    19.75 21.57 02a58193o0367c 0x000000  0.800000
58193.409227 20.321591      NaN  -10     9 c    0   1.19 160.25382 -27.08345  7947.77  2651.43 2.57 2.42  70.5 -0.441    19.74 21.56 02a58193o0387c 0x000000 -1.111111
58193.410598 20.449472      NaN   -6     8 c    0   1.68 160.25382 -27.08345  8016.33  2729.30 2.48 2.36  69.8 -0.433    19.76 21.55 02a58193o0390c 0x000000 -0.750000
58193.423286 20.207197      NaN  -16    10 c    0   1.25 160.25382 -27.08345  8035.48  2610.63 2.60 2.50  59.9 -0.434    19.75 21.54 02a58193o0417c 0x000000 -1.600000
58221.353734 20.103715      NaN   -7    11 c    0   1.19 160.25382 -27.08345  1695.44  9087.82 2.52 2.26   6.2 -0.443    19.68 21.52 02a58221o0276c 0x000000 -0.636364
58221.362709 20.103715      NaN   -7    11 c    0   1.04 160.25382 -27.08345  1679.67  9047.33 2.53 2.35   8.0 -0.449    19.69 21.55 02a58221o0295c 0x000000 -0.636364
58221.371479 20.207197      NaN   -6    10 c    0   1.09 160.25382 -27.08345  1751.29  9124.72 2.55 2.35  13.5 -0.457    19.65 21.56 02a58221o0314c 0x000000 -0.600000
58221.380232 19.841877      NaN   12    10 c    0   1.60 160.25382 -27.08345  1771.62  9008.77 2.53 2.38   4.1 -0.450    19.67 21.51 02a58221o0333c 0x400110  1.200000
58225.343155 19.051202      NaN  -10    29 c    0   1.22 160.25382 -27.08345  5514.88  2666.87 2.74 2.59 -86.6 -0.395    18.22 19.90 02a58225o0258c 0x000000 -0.344828
58225.350942 19.454622      NaN  -30    20 c    0   1.24 160.25382 -27.08345  5498.46  2629.49 2.78 2.62 -82.2 -0.394    18.76 20.49 02a58225o0275c 0x000000 -1.500000
58225.358732 19.063754      NaN   11    25 c    0   1.05 160.25382 -27.08345  5568.20  2707.15 2.75 2.62  88.9 -0.394    18.59 20.28 02a58225o0292c 0x000000  0.440000
58225.366555 18.623526      NaN  -74    43 c    0   0.92 160.25382 -27.08345  5587.93  2590.01 2.78 2.61 -81.2 -0.391    18.18 19.92 02a58225o0309c 0x100002 -1.720930
58250.303509 20.009244      NaN  -22    12 c    0   1.32 160.25382 -27.08345  4588.46  1474.63 2.80 2.62  77.1 -0.384    19.25 20.95 02a58250o0133c 0x000000 -1.833333
58250.311407 19.351140      NaN  -21    22 c    0   1.14 160.25382 -27.08345  4572.81  1436.35 2.89 2.73  81.5 -0.386    19.16 20.87 02a58250o0150c 0x000000 -0.954545
58250.319247 19.589310      NaN   11    14 c    0   1.18 160.25382 -27.08345  4643.41  1513.98 2.85 2.68  89.7 -0.380    19.18 20.85 02a58250o0167c 0x000000  0.785714
58250.326612 19.401649      NaN   15    16 c    0   0.83 160.25382 -27.08345  4662.87  1395.78 2.89 2.71  87.5 -0.385    19.16 20.85 02a58250o0183c 0x400110  0.937500
58257.291764 19.894850      NaN    4    12 c    0   1.42 160.25382 -27.08345  5212.34  1846.93 3.25 3.02  69.3 -0.385    19.35 21.18 02a58257o0126c 0x000000  0.333333
58257.299760 19.652575      NaN    5    15 c    0   1.17 160.25382 -27.08345  5196.71  1807.60 3.42 3.25  70.3 -0.382    19.24 21.17 02a58257o0143c 0x000000  0.333333
58257.307165 20.009244      NaN   -3    12 c    0   1.08 160.25382 -27.08345  5249.47  1885.09 2.97 2.79  69.8 -0.393    19.41 21.14 02a58257o0159c 0x000000 -0.250000
58257.315053 19.510313      NaN   15    14 c    0   0.97 160.25382 -27.08345  5269.11  1768.13 2.98 2.83  65.8 -0.393    19.37 21.11 02a58257o0176c 0x000000  1.071429
58281.262885 19.631075      NaN   -5    17 c    0   0.72 160.25382 -27.08345  6700.86   941.10 3.35 2.81 -64.2 -0.368    19.22 20.94 02a58281o0005c 0x000000 -0.294118
58281.267559 18.574166      NaN  -17    45 c    0   0.33 160.25382 -27.08345   859.29 10513.04 3.06 2.80 -73.2 -0.407    19.24 21.04 02a58281o0015c 0x100002 -0.377778
58281.270817 19.841877      NaN   -2    14 c    0   0.95 160.25382 -27.08345  6749.28  1019.61 3.42 3.04 -66.0 -0.369    19.28 21.16 02a58281o0022c 0x000000 -0.142857
58281.278241 19.841877      NaN  -18    14 c    0   1.03 160.25382 -27.08345  6767.03   901.55 3.05 2.78 -68.2 -0.382    19.39 21.24 02a58281o0038c 0x000000 -1.285714
58285.250544 18.226218      NaN    0    62 c    0   1.27 160.25382 -27.08345  1981.94 10177.19 3.27 2.87  81.2 -0.406    17.60 18.81 02a58285o0020c 0x100002  0.000000
58285.253330 18.542463      NaN   10    43 c    0   0.91 160.25382 -27.08345  1964.43 10133.93 3.09 2.73  86.7 -0.399    18.16 19.37 02a58285o0026c 0x100002  0.232558
58285.255671 19.351140      NaN  -30    22 c    0   1.47 160.25382 -27.08345  7845.71   537.28 3.26 2.75 -62.5 -0.385    18.64 19.93 02a58285o0031c 0x000000 -1.363636
58285.257970 19.271854      NaN   11    20 c    0   1.20 160.25382 -27.08345  2015.95 10210.53 3.02 2.69  81.3 -0.396    18.72 20.07 02a58285o0036c 0x000000  0.550000
58285.261764 19.401649      NaN    9    18 c    0   1.15 160.25382 -27.08345  7826.98   497.45 3.04 2.70 -62.8 -0.392    19.12 20.59 02a58285o0044c 0x000000  0.500000
58285.264575 19.631075      NaN   -2    17 c    0   0.98 160.25382 -27.08345  2033.75 10090.25 2.93 2.63  83.6 -0.414    19.05 20.55 02a58285o0050c 0x000000 -0.117647
58285.269747 19.212347      NaN   30    15 c    0   1.29 160.25382 -27.08345  7878.06   575.18 3.01 2.73 -65.4 -0.405    19.18 20.77 02a58285o0061c 0x000000  2.000000
58285.277758 19.631075      NaN   -3    17 c    0   1.03 160.25382 -27.08345  7895.61   457.49 2.97 2.78 -71.2 -0.413    19.19 20.76 02a58285o0078c 0x000000 -0.176471
58485.620168 20.103715      NaN   -6    11 c    0   1.81 160.25382 -27.08345  5246.66  1247.09 3.15 3.02 -88.3 -0.400    19.43 21.72 02a58485o0921c 0x000000 -0.545455
58485.626572 19.766969      NaN   12    11 c    0   1.07 160.25382 -27.08345  5231.89  1206.05 3.01 2.83  57.2 -0.409    19.50 21.68 02a58485o0935c 0x000000  1.090909
58485.639431 19.696897      NaN   12    12 c    0   1.21 160.25382 -27.08345  5300.77  1285.68 3.34 3.19  57.5 -0.403    19.38 21.61 02a58485o0963c 0x000000  1.000000
58485.649501 20.207197      NaN  -22    10 c    0   1.58 160.25382 -27.08345  5316.83  1170.90 2.82 2.65  89.4 -0.400    19.52 21.56 02a58485o0985c 0x000000 -2.200000
58489.606826 20.321591      NaN  -16     9 c    0   1.11 160.25382 -27.08345  1703.39  3144.38 2.62 2.55  80.5 -0.384    19.62 21.89 02a58489o0504c 0x000000 -1.777778
58489.616507 20.321591      NaN  -12     9 c    0   1.56 160.25382 -27.08345  1688.02  3105.18 2.63 2.53  69.3 -0.389    19.62 21.86 02a58489o0525c 0x000000 -1.333333
58489.625726 20.171596      NaN    1    10 c    0   0.85 160.25382 -27.08345  1739.15  3184.69 2.71 2.58  79.0 -0.387    19.58 21.83 02a58489o0545c 0x000000  0.100000
58489.635434 20.103715      NaN   -9    11 c    0   0.91 160.25382 -27.08345  1756.93  3069.42 2.72 2.61  85.0 -0.384    19.56 21.78 02a58489o0566c 0x000000 -0.818182
58493.541840 20.207197      NaN   -6    10 c    0   1.15 160.25382 -27.08345 10089.73  1604.24 2.78 2.62  67.0 -0.417    19.61 21.61 02a58493o0747c 0x000000 -0.600000
58493.551778 20.009244      NaN    0    12 c    0   1.04 160.25382 -27.08345 10105.36  1639.10 2.84 2.70  71.7 -0.417    19.59 21.68 02a58493o0768c 0x000000  0.000000
58493.559028 20.207197      NaN  -12    10 c    0   0.89 160.25382 -27.08345   337.01  1582.39 2.51 2.37  50.4 -0.457    19.61 21.65 02a58493o0783c 0x000000 -1.200000
58493.566805 19.922338      NaN  -29    13 c    0   0.84 160.25382 -27.08345 10047.47  1562.33 2.86 2.73  72.1 -0.410    19.57 21.74 02a58493o0800c 0x000000 -2.230769
58493.568178 19.894850      NaN    7    11 c    0   0.90 160.25382 -27.08345   355.53  1618.34 2.63 2.39  42.8 -0.460    19.61 21.72 02a58493o0803c 0x000000  0.636364
58493.571838 19.894850      NaN    1    13 c    0   0.81 160.25382 -27.08345   281.77  1540.73 2.61 2.47  41.6 -0.449    19.55 21.70 02a58493o0811c 0x000000  0.076923
58493.574584 20.171596      NaN    1    10 c    0   1.09 160.25382 -27.08345 10023.55  1678.38 2.83 2.63 -62.7 -0.403    19.60 21.73 02a58493o0817c 0x000000  0.100000
58493.581902 20.103715      NaN  -10    11 c    0   0.72 160.25382 -27.08345   260.47  1657.11 2.67 2.46  44.7 -0.445    19.54 21.77 02a58493o0833c 0x000000 -0.909091
58573.378869 19.868040      NaN    8    11 c    0   1.18 160.25382 -27.08345  9384.16  3158.87 2.56 2.45  67.6 -0.390    19.40 21.30 02a58573o0344c 0x000000  0.727273
58573.386245 19.841877      NaN   -5    14 c    0   1.11 160.25382 -27.08345  9366.16  3121.98 2.49 2.38 -87.4 -0.393    19.36 21.22 02a58573o0360c 0x000000 -0.357143
58573.394187 19.674510      NaN   16    11 c    0   1.16 160.25382 -27.08345  9418.64  3199.18 2.67 2.37 -60.1 -0.403    19.52 21.46 02a58573o0377c 0x000000  1.454545
58573.401519 20.103715      NaN   -4    11 c    0   0.88 160.25382 -27.08345  9436.65  3084.42 2.66 2.35 -61.3 -0.401    19.58 21.45 02a58573o0393c 0x000000 -0.363636
58577.381225 20.103715      NaN   -7    11 c    0   1.13 160.25382 -27.08345  4151.30  7055.18 2.61 2.45  54.2 -0.399    19.52 21.46 02a58577o0346c 0x000000 -0.636364
58577.389542 20.207197      NaN  -10    10 c    0   1.78 160.25382 -27.08345  4116.64  7016.46 2.62 2.36  53.8 -0.389    19.56 21.44 02a58577o0364c 0x000000 -1.000000
58577.398325 20.071303      NaN    4    10 c    0   1.57 160.25382 -27.08345  4187.00  7094.75 2.74 2.47  54.2 -0.385    19.49 21.46 02a58577o0383c 0x000000  0.400000
58577.406664 20.103715      NaN   -2    11 c    0   1.01 160.25382 -27.08345  4205.67  6979.11 2.55 2.42  75.2 -0.401    19.53 21.45 02a58577o0401c 0x000000 -0.181818
58581.380593 20.207197      NaN  -14    10 c    0   1.20 160.25382 -27.08345  3621.63  5117.70 2.67 2.37  49.1 -0.390    19.56 21.43 02a58581o0336c 0x000000 -1.400000
58581.389332 20.321591      NaN   -4     9 c    0   1.34 160.25382 -27.08345  3604.86  5080.93 2.80 2.30  47.8 -0.382    19.53 21.38 02a58581o0355c 0x000000 -0.444444
58581.399937 20.207197      NaN  -11    10 c    0   1.00 160.25382 -27.08345  3682.30  5159.48 2.42 2.33 -81.5 -0.407    19.57 21.42 02a58581o0377c 0x000000 -1.100000
58581.409403 20.009244      NaN  -16    12 c    0   0.83 160.25382 -27.08345  3695.80  5041.32 2.89 2.33  48.9 -0.373    19.50 21.35 02a58581o0397c 0x000000 -1.333333
58605.344809 19.979496      NaN    4    11 c    0   1.23 160.25382 -27.08345  6894.21  1248.85 2.73 2.47 -62.1 -0.401    19.44 21.47 02a58605o0227c 0x000000  0.363636
58605.353743 20.009244      NaN  -13    12 c    0   1.27 160.25382 -27.08345  6876.81  1213.30 2.70 2.50 -69.4 -0.396    19.40 21.42 02a58605o0246c 0x000000 -1.083333
58605.362130 19.791368      NaN   11    11 c    0   1.34 160.25382 -27.08345  6945.80  1290.98 2.70 2.50 -72.9 -0.397    19.34 21.42 02a58605o0264c 0x000000  1.000000
58605.370995 19.922338      NaN   -5    13 c    0   1.10 160.25382 -27.08345  6964.69  1173.83 2.69 2.50 -71.8 -0.394    19.36 21.38 02a58605o0283c 0x000000 -0.384615
58609.310566 19.696897      NaN   15    11 c    0   0.93 160.25382 -27.08345  2194.25  7039.35 2.78 2.48  49.6 -0.371    19.60 21.56 02a58609o0067c 0x000000  1.363636
58609.317561 20.321591      NaN   -2     9 c    0   1.99 160.25382 -27.08345  2178.61  7000.86 2.62 2.46  56.1 -0.380    19.61 21.51 02a58609o0082c 0x000000 -0.222222
58609.324545 20.207197      NaN   -5    10 c    0   1.29 160.25382 -27.08345  2248.89  7078.96 2.65 2.46 -70.0 -0.396    19.57 21.49 02a58609o0097c 0x000000 -0.500000
58609.331501 20.009244      NaN  -10    12 c    0   1.08 160.25382 -27.08345  2267.31  6963.46 2.65 2.49 -78.0 -0.396    19.58 21.49 02a58609o0112c 0x000000 -0.833333
58633.266445 19.922338      NaN  -32    13 c    0   0.82 160.25382 -27.08345  7463.61  9988.77 3.03 2.50  50.1 -0.391    19.48 21.16 02a58633o0081c 0x000000 -2.461538
58633.269200 19.631075      NaN   18    11 c    0   1.66 160.25382 -27.08345  7444.49  9948.99 3.03 2.53  52.2 -0.385    19.46 21.17 02a58633o0087c 0x080010  1.636364
58633.274775 20.009244      NaN  -17    12 c    0   1.11 160.25382 -27.08345  7505.10 10026.98 3.00 2.50  52.0 -0.391    19.47 21.17 02a58633o0099c 0x000000 -1.416667
58633.284476 19.791368      NaN    2    14 c    0   1.12 160.25382 -27.08345  7525.68  9909.81 3.04 2.54  51.5 -0.389    19.46 21.19 02a58633o0120c 0x000000  0.142857
58637.280567 20.137125      NaN    2    10 c    0   1.18 160.25382 -27.08345  2893.15  8020.22 2.82 2.48  55.1 -0.373    19.52 21.26 02a58637o0103c 0x000000  0.200000
58637.298043 20.103715      NaN  -19    11 c    0   1.19 160.25382 -27.08345  2877.37  7978.37 2.56 2.50  71.3 -0.393    19.49 21.30 02a58637o0140c 0x000000 -1.727273
58637.301897 20.103715      NaN   -2    11 c    0   1.07 160.25382 -27.08345  2937.86  8057.77 2.56 2.45  84.1 -0.391    19.51 21.27 02a58637o0148c 0x000000 -0.181818
58637.307934 19.367717      NaN   29    12 c    0   0.79 160.25382 -27.08345  2958.30  7939.88 2.70 2.44  62.8 -0.377    19.43 21.27 02a58637o0161c 0x000000  2.416667
58789.633208 19.674510      NaN    7    14 c    0   1.14 160.25382 -27.08345  9649.21  2467.89 2.64 2.53   9.0 -0.391    19.29 20.98 02a58789o0864c 0x000000  0.500000
58789.636510 19.922338      NaN   -3    13 c    0   0.98 160.25382 -27.08345  9669.17  2507.35 2.56 2.45   6.3 -0.391    19.34 20.92 02a58789o0871c 0x000000 -0.230769
58789.640246 19.696897      NaN   -6    16 c    0   0.87 160.25382 -27.08345  9611.30  2428.36 2.55 2.42 -44.4 -0.402    19.27 20.70 02a58789o0879c 0x080030 -0.375000
58789.643498 19.569016      NaN    3    17 c    0   1.30 160.25382 -27.08345  9590.42  2544.89 2.53 2.37 -52.6 -0.401    19.05 20.28 02a58789o0886c 0x000000  0.176471
58841.539603 20.321591      NaN  -10     9 c    0   1.10 160.25382 -27.08345  7684.21  2527.09 2.49 2.40  26.4 -0.386    19.67 21.69 02a58841o0757c 0x000000 -1.111111
58841.542411 20.207197      NaN   -1    10 c    0   1.28 160.25382 -27.08345  7703.97  2566.14 2.45 2.37  44.1 -0.390    19.45 21.40 02a58841o0763c 0x000000 -0.100000
58841.548631 20.321591      NaN   -2     9 c    0   1.22 160.25382 -27.08345  7641.87  2488.86 2.55 2.41  31.6 -0.384    19.66 21.70 02a58841o0776c 0x000000 -0.222222
58841.558698 20.449472      NaN  -18     8 c    0   1.17 160.25382 -27.08345  7617.69  2606.01 2.68 2.37  28.4 -0.380    19.68 21.74 02a58841o0796c 0x000000 -2.250000
58845.614233 20.449472      NaN   -8     8 c    0   1.54 160.25382 -27.08345  4821.92  7940.11 2.77 2.51  38.7 -0.384    19.73 21.88 02a58845o0814c 0x000000 -1.000000
58845.617956 20.321591      NaN   -2     9 c    0   1.19 160.25382 -27.08345  4804.37  7901.13 2.81 2.56  42.4 -0.381    19.66 21.84 02a58845o0822c 0x000000 -0.222222
58845.623932 19.589310      NaN    5    16 c    0   0.90 160.25382 -27.08345  4865.61  7977.55 2.71 2.49  40.5 -0.389    19.24 21.26 02a58845o0835c 0x000000  0.312500
58869.443306 20.207197      NaN   -3    10 c    0   1.14 160.25382 -27.08345  9355.50   790.71 2.72 2.31 -59.4 -0.415    19.66 21.87 02a58869o0512c 0x000000 -0.300000
58869.448814 20.171596      NaN    4     9 c    0   1.15 160.25382 -27.08345  9371.95   830.43 2.72 2.29 -58.6 -0.408    19.68 21.88 02a58869o0523c 0x000000  0.444444
58869.457576 20.449472      NaN   -2     8 c    0   1.83 160.25382 -27.08345  9310.28   751.64 2.57 2.29 -58.6 -0.414    19.72 21.90 02a58869o0541c 0x000000 -0.250000
58869.460356 20.321591      NaN   -1     9 c    0   0.91 160.25382 -27.08345  9290.03   869.48 2.48 2.23 -56.9 -0.414    19.75 21.91 02a58869o0547c 0x000000 -0.111111
58873.515393 20.171596      NaN    1    10 c    0   1.25 160.25382 -27.08345  1192.39  9749.62 2.44 2.30 -32.6 -0.447    19.75 21.81 02a58873o0662c 0x000000  0.100000
58873.523276 20.207197      NaN  -24    10 c    0   1.32 160.25382 -27.08345  1174.71  9712.53 2.42 2.31 -31.5 -0.443    19.73 21.81 02a58873o0679c 0x000000 -2.400000
58873.525818 20.321591      NaN   -1     9 c    0   1.02 160.25382 -27.08345  9317.50   756.21 2.41 2.25 -56.5 -0.410    19.76 21.82 02a58873o0684c 0x000000 -0.111111
58873.540280 20.009244      NaN   -3    12 c    0   0.96 160.25382 -27.08345  1256.84  9677.30 2.47 2.36 -36.9 -0.439    19.71 21.81 02a58873o0714c 0x000000 -0.250000
58877.492944 20.207197      NaN   -5    10 c    0   0.98 160.25382 -27.08345  3925.07  4641.59 2.68 2.51  27.1 -0.390    19.70 21.90 02a58877o0611c 0x000000 -0.500000
58877.495808 20.449472      NaN   -8     8 c    0   1.78 160.25382 -27.08345  3944.34  4680.14 2.54 2.40  23.4 -0.393    19.75 21.90 02a58877o0617c 0x000000 -1.000000
58877.513549 20.449472      NaN  -13     8 c    0   1.29 160.25382 -27.08345  6675.67  5946.71 2.68 2.54  43.0 -0.400    19.73 21.90 02a58877o0655c 0x400110 -1.625000
58877.518804 20.009244      NaN    9     9 c    0   1.26 160.25382 -27.08345  3862.37  4721.57 2.78 2.35  30.4 -0.382    19.73 21.90 02a58877o0666c 0x000000  1.000000
58929.435187 20.009244      NaN   -7    12 c    0   1.22 160.25382 -27.08345  9444.55  9885.66 2.99 2.72 -58.7 -0.372    19.62 21.53 02a58929o0452c 0x080010 -0.583333
58929.438409 19.609992      NaN   16    12 c    0   1.08 160.25382 -27.08345  9422.75  9840.16 2.98 2.65 -61.7 -0.371    19.66 21.52 02a58929o0459c 0x000000  1.333333
58929.444306 20.009244      NaN    0    12 c    0   1.09 160.25382 -27.08345  9485.79  9924.58 3.18 2.66 -55.4 -0.373    19.60 21.54 02a58929o0471c 0x000000  0.000000
58929.454550 19.979496      NaN    1    12 c    0   0.83 160.25382 -27.08345  9506.00  9808.64 3.03 2.68 -57.7 -0.367    19.66 21.51 02a58929o0492c 0x000000  0.083333
58937.440583 19.950541      NaN    8    10 c    0   1.16 160.25382 -27.08345   714.92  3528.61 2.60 2.35  46.2 -0.389    19.57 21.54 02a58937o0045c 0x000000  0.800000
58937.444312 20.207197      NaN   -6    10 c    0   1.25 160.25382 -27.08345   694.74  3489.84 2.60 2.45  61.5 -0.389    19.55 21.51 02a58937o0053c 0x000000 -0.600000
58937.450832 20.103715      NaN   -2    11 c    0   1.17 160.25382 -27.08345   754.94  3567.33 2.48 2.36  83.6 -0.401    19.58 21.48 02a58937o0067c 0x000000 -0.181818
58957.304278 20.009244      NaN  -12    12 c    0   1.63 160.25382 -27.08345  1671.13  4278.98 2.53 2.46  15.5 -0.395    19.24 20.97 02a58957o0147c 0x000000 -1.000000
58957.308367 19.569016      NaN   18    12 c    0   1.36 160.25382 -27.08345  1691.85  4318.08 2.49 2.39  18.1 -0.399    19.35 21.04 02a58957o0155c 0x000000  1.500000
58957.314344 19.589310      NaN   11    14 c    0   1.15 160.25382 -27.08345  8915.04  6309.15 2.93 2.62  42.1 -0.374    19.23 21.02 02a58957o0167c 0x000000  0.785714
58957.328289 19.038793      NaN   31    19 c    0   0.92 160.25382 -27.08345  8933.77  6192.92 3.06 2.53  39.1 -0.365    18.97 20.74 02a58957o0194c 0x000000  1.631579
58961.354909 20.009244      NaN   -1    12 c    0   1.04 160.25382 -27.08345  8872.22  6280.77 2.88 2.51  49.7 -0.375    19.56 21.39 02a58961o0280c 0x000000 -0.083333
58961.358114 19.979496      NaN    4    11 c    0   1.17 160.25382 -27.08345  8852.21  6247.56 2.86 2.50  47.8 -0.373    19.57 21.39 02a58961o0287c 0x000000  0.363636
58961.363726 20.103715      NaN  -13    11 c    0   1.22 160.25382 -27.08345  8910.82  6322.47 3.15 2.53  41.3 -0.354    19.50 21.38 02a58961o0299c 0x000000 -1.181818
58961.374301 20.009244      NaN  -10    12 c    0   0.83 160.25382 -27.08345  8932.55  6204.85 2.79 2.54  50.5 -0.376    19.55 21.32 02a58961o0322c 0x000000 -0.833333
58965.329887 20.009244      NaN  -12    12 c    0   1.09 160.25382 -27.08345  8552.52  1720.86 2.53 2.34 -69.9 -0.393    19.52 21.26 02a58965o0222c 0x000000 -1.000000
58965.334502 20.103715      NaN   -5    11 c    0   1.16 160.25382 -27.08345  8534.11  1682.23 2.68 2.37 -61.7 -0.401    19.49 21.25 02a58965o0232c 0x000000 -0.454545
58965.340056 19.454622      NaN   24    12 c    0   1.18 160.25382 -27.08345  8591.96  1763.49 2.63 2.33 -61.3 -0.398    19.54 21.24 02a58965o0244c 0x400110  2.000000
58965.351272 19.334813      NaN   28    13 c    0   0.98 160.25382 -27.08345  8613.06  1644.80 2.77 2.41 -61.0 -0.400    19.49 21.25 02a58965o0268c 0x000000  2.153846
58981.321584 20.207197      NaN  -12    10 c    0   1.06 160.25382 -27.08345  2500.07  1520.07 2.67 2.34 -62.4 -0.417    19.62 21.50 02a58981o0196c 0x000000 -1.200000
58981.325752 19.950541      NaN    2    12 c    0   0.88 160.25382 -27.08345  2480.22  1482.09 2.52 2.34 -77.3 -0.418    19.62 21.51 02a58981o0205c 0x000000  0.166667
58981.332231 19.766969      NaN    9    12 c    0   1.21 160.25382 -27.08345  2539.63  1557.93 2.58 2.39 -76.8 -0.413    19.57 21.49 02a58981o0219c 0x000000  0.750000
58981.348417 20.039830      NaN    2    11 c    0   0.90 160.25382 -27.08345  2560.05  1441.47 2.78 2.50 -63.7 -0.411    19.51 21.43 02a58981o0254c 0x000000  0.181818
58985.262985 20.071303      NaN    4    10 c    0   1.11 160.25382 -27.08345  2504.56  1520.04 2.58 2.38  59.5 -0.410    19.53 21.37 02a58985o0067c 0x000000  0.400000
58985.270340 20.103715      NaN   -4    11 c    0   1.06 160.25382 -27.08345  2484.45  1479.06 2.56 2.33  56.1 -0.412    19.54 21.34 02a58985o0083c 0x000000 -0.363636
58985.274937 20.207197      NaN   -2    10 c    0   1.22 160.25382 -27.08345  2543.08  1560.11 2.49 2.34  68.0 -0.416    19.59 21.33 02a58985o0093c 0x000000 -0.200000
58985.285505 20.103715      NaN  -21    11 c    0   1.06 160.25382 -27.08345  2566.76  1444.01 2.49 2.35  76.2 -0.418    19.58 21.34 02a58985o0116c 0x000000 -1.909091
58989.272977 19.841877      NaN   -4    14 c    0   0.94 160.25382 -27.08345   908.09  8085.42 2.77 2.71  77.1 -0.393    19.49 21.36 02a58989o0085c 0x000000 -0.285714
58989.275766 19.894850      NaN    4    12 c    0   1.21 160.25382 -27.08345   888.96  8045.19 2.67 2.57 -83.2 -0.409    19.51 21.37 02a58989o0091c 0x000000  0.333333
58989.282245 19.922338      NaN   -1    13 c    0   0.89 160.25382 -27.08345   947.19  8126.97 2.54 2.49  85.4 -0.412    19.59 21.38 02a58989o0105c 0x000000 -0.076923
58989.292422 20.103715      NaN  -22    11 c    0   0.97 160.25382 -27.08345   969.29  8012.21 2.64 2.56  62.2 -0.397    19.52 21.39 02a58989o0127c 0x000000 -2.000000
59016.251021 16.762717      NaN  206   170 c    0   0.85 160.25382 -27.08345 10508.92  1585.50 2.97 2.19 -55.6 -0.424    17.83 18.59 02a59016o0020c 0x900002  1.211765
59016.254249 18.125925      NaN   75    43 c    0   1.05 160.25382 -27.08345 10490.72  1545.81 2.68 2.18 -53.8 -0.417    18.45 19.41 02a59016o0027c 0xd00832  1.744186
59169.623961 19.922338      NaN    0    13 c    0   0.94 160.25382 -27.08345  1986.51  8837.14 2.57 2.45  20.4 -0.390    19.37 21.02 02a59169o0963c 0x002000  0.000000
59169.634154 19.696897      NaN    9    13 c    0   1.45 160.25382 -27.08345  2006.25  8874.86 2.53 2.45 -48.7 -0.403    19.36 20.94 02a59169o0985c 0x002000  0.692308
59169.644784 15.722721      NaN -858   622 c    0   1.20 160.25382 -27.08345  1950.82  8798.66 2.48 2.39 -46.3 -0.378    15.93 17.54 02a59169o1008c 0x100002 -1.379421
59169.653030       NaN      NaN    0     0 c    0  -2.00 160.25382 -27.08345  1888.86  8871.62 3.06 2.84 -52.0 -0.333    15.20 16.64 02a59169o1026c 0x100002       NaN
59195.600290 20.207197      NaN   -9    10 c    0   1.36 160.25382 -27.08345  4754.68  1952.54 3.75 2.74   2.4 -0.328    19.42 21.77 01a59195o0901c 0x000000 -0.900000
59195.603056 20.207197      NaN   -2    10 c    0   1.03 160.25382 -27.08345  4735.81  1913.51 3.24 2.65 -13.7 -0.361    19.54 21.76 01a59195o0907c 0x000000 -0.200000
59195.609505 20.103715      NaN  -14    11 c    0   1.15 160.25382 -27.08345  4793.97  1992.32 3.15 2.76  -1.0 -0.329    19.57 21.80 01a59195o0921c 0x000000 -1.272727
59195.619987 20.009244      NaN   -8    12 c    0   0.87 160.25382 -27.08345  4815.22  1875.46 3.44 2.89   9.1 -0.333    19.44 21.72 01a59195o0943c 0x000000 -0.666667
59197.601746 19.950541      NaN    8    10 c    0   1.03 160.25382 -27.08345  3807.08  6769.17 2.55 2.35  33.9 -0.386    19.71 21.72 02a59197o0882c 0x000000  0.800000
59197.604490 20.009244      NaN    3    11 c    0   0.83 160.25382 -27.08345  3826.69  6807.61 2.42 2.35  25.2 -0.396    19.75 21.71 02a59197o0888c 0x000000  0.272727
59197.607235 19.510313      NaN   24    11 c    0   1.02 160.25382 -27.08345  3768.12  6730.47 2.54 2.33  32.2 -0.388    19.73 21.72 02a59197o0894c 0x000000  2.181818
59197.613181 19.950541      NaN   11     9 c    0   1.38 160.25382 -27.08345  3749.34  6847.43 2.49 2.37  36.6 -0.392    19.71 21.70 02a59197o0907c 0x000000  1.222222
59205.597139 20.103715      NaN   -8    11 c    0   1.04 160.25382 -27.08345  1884.15  6887.41 2.48 2.35 -54.2 -0.404    19.65 21.52 02a59205o0871c 0x000000 -0.727273
59205.598969 19.631075      NaN   18    11 c    0   0.98 160.25382 -27.08345  1902.25  6925.57 2.52 2.39 -57.5 -0.405    19.67 21.52 02a59205o0875c 0x000000  1.636364
59205.602629 19.631075      NaN   18    11 c    0   1.16 160.25382 -27.08345  1846.31  6849.86 2.58 2.38 -57.7 -0.411    19.62 21.55 02a59205o0883c 0x000000  1.636364
59205.610055 20.207197      NaN    3     9 c    0   1.67 160.25382 -27.08345  1823.58  6964.27 2.47 2.42 -42.4 -0.400    19.67 21.58 02a59205o0899c 0x000000  0.333333
59207.583494 19.841877      NaN   12    10 c    0   1.43 160.25382 -27.08345  9021.97  8212.78 2.90 2.67   9.0 -0.327    19.62 21.69 01a59207o0830c 0x000000  1.200000
59207.585795 20.207197      NaN   -5    10 c    0   1.15 160.25382 -27.08345  9002.76  8175.03 2.75 2.70 -38.9 -0.334    19.64 21.70 01a59207o0835c 0x000000 -0.500000
59207.588562 20.207197      NaN   -2    10 c    0   1.14 160.25382 -27.08345  9063.47  8251.61 2.84 2.83  -9.9 -0.329    19.63 21.70 01a59207o0841c 0x000000 -0.200000
59207.600082 19.979496      NaN    7    10 c    0   1.01 160.25382 -27.08345  9085.64  8134.69 3.05 2.55  -5.0 -0.327    19.64 21.76 01a59207o0866c 0x000000  0.700000
59223.537934 19.142275      NaN   20    20 c    0   1.47 160.25382 -27.08345  9488.00  9864.34 2.74 2.67  63.5 -0.349    18.85 20.97 01a59223o0742c 0x002000  1.000000
59223.541159 19.766969      NaN  -21    15 c    0   1.22 160.25382 -27.08345  9466.63  9824.13 2.84 2.70  55.2 -0.328    18.87 20.96 01a59223o0749c 0x002000 -1.400000
59223.552139 19.302877      NaN   -4    23 c    0   1.05 160.25382 -27.08345  9531.51  9901.68 2.93 2.79  65.3 -0.344    18.70 20.89 01a59223o0772c 0x400220 -0.173913
59223.561753 16.591890      NaN  148   230 c    0   1.55 160.25382 -27.08345  9550.72  9782.77 2.79 2.64  55.9 -0.431    15.53 17.70 01a59223o0792c 0x500812  0.643478
59227.514706 20.594452      NaN   -1     7 c    0   1.52 160.25382 -27.08345   748.89  3544.15 2.39 2.28  61.4 -0.371    19.85 22.14 01a59227o0636c 0x000000 -0.142857
59227.523867 20.321591      NaN  -10     9 c    0   0.95 160.25382 -27.08345   733.12  3505.98 2.78 2.30  21.1 -0.349    19.77 22.15 01a59227o0655c 0x000000 -1.111111
59227.525712 20.207197      NaN    0    10 c    0   0.76 160.25382 -27.08345   791.17  3585.19 2.33 2.16  69.6 -0.380    19.88 22.15 01a59227o0659c 0x000000  0.000000
59227.530783 20.362567      NaN    2     8 c    0   1.44 160.25382 -27.08345   810.82  3470.76 2.67 2.36  43.4 -0.362    19.77 22.15 01a59227o0670c 0x000000  0.250000
59229.529061 20.103715      NaN    6     9 c    0   0.98 160.25382 -27.08345  3107.27   566.67 2.38 2.24  64.8 -0.404    19.73 21.74 02a59229o0722c 0x000000  0.666667
59229.530892 20.207197      NaN   -1    10 c    0   0.89 160.25382 -27.08345  3128.27   607.63 2.41 2.28 -74.7 -0.409    19.77 21.76 02a59229o0726c 0x000000 -0.100000
59229.534553 20.207197      NaN   -2    10 c    0   1.07 160.25382 -27.08345  3068.33   528.92 2.44 2.24 -69.8 -0.409    19.76 21.77 02a59229o0734c 0x000000 -0.200000
59229.540443 19.979496      NaN    7    10 c    0   0.97 160.25382 -27.08345  3047.45   647.01 2.40 2.21 -69.5 -0.415    19.74 21.78 02a59229o0746c 0x000000  0.700000
59231.508049 20.449472      NaN   -3     8 c    0   1.30 160.25382 -27.08345   751.71  3544.09 3.06 2.56  78.2 -0.372    19.71 22.06 01a59231o0544c 0x000000 -0.375000
59231.509893 20.321591      NaN   -6     9 c    0   1.28 160.25382 -27.08345   732.95  3505.31 2.81 2.48  69.5 -0.372    19.77 22.07 01a59231o0548c 0x000000 -0.666667
59231.513122 20.039830      NaN    5    10 c    0   1.20 160.25382 -27.08345   791.39  3584.87 3.11 2.71  75.5 -0.351    19.66 22.07 01a59231o0555c 0x000000  0.500000
59231.518208 19.922338      NaN   12     9 c    0   1.27 160.25382 -27.08345   812.23  3470.01 3.05 2.80  74.8 -0.356    19.64 22.08 01a59231o0566c 0x000000  1.333333
59235.618917 20.207197      NaN   -3    10 c    0   1.06 160.25382 -27.08345  5049.80   463.88 2.45 2.40 -18.1 -0.420    19.63 21.81 01a59235o0085c 0x000000 -0.300000
59235.622144 20.321591      NaN   -8     9 c    0   1.37 160.25382 -27.08345  5070.53   502.98 2.45 2.41 -30.6 -0.430    19.62 21.76 01a59235o0092c 0x000000 -0.888889
59235.627696 20.103715      NaN   -7    11 c    0   0.79 160.25382 -27.08345  5008.81   425.63 2.55 2.32   6.1 -0.424    19.58 21.72 01a59235o0104c 0x000000 -0.636364
59235.649919 19.791368      NaN    8    12 c    0   0.82 160.25382 -27.08345  4989.50   546.09 2.41 2.37  56.7 -0.443    19.53 21.66 01a59235o0152c 0x000000  0.666667
59253.529405 19.791368      NaN   14    10 c    0   0.88 160.25382 -27.08345  6635.09  1847.31 2.69 2.67 -73.8 -0.371    19.59 21.78 02a59253o0414c 0x000000  1.400000
59253.532617 19.868040      NaN   11    10 c    0   0.94 160.25382 -27.08345  6617.21  1808.77 2.55 2.50  61.0 -0.378    19.65 21.77 02a59253o0421c 0x000000  1.100000
59253.539080 19.766969      NaN   12    11 c    0   1.08 160.25382 -27.08345  6674.78  1886.76 2.85 2.79  11.5 -0.377    19.58 21.77 02a59253o0435c 0x000000  1.090909
59253.549605 20.103715      NaN   -4    11 c    0   1.17 160.25382 -27.08345  6694.97  1771.08 2.86 2.82 -56.7 -0.365    19.54 21.75 02a59253o0458c 0x000000 -0.363636
59255.461476 20.009244 0.301593   36    10 c    0   1.33 160.25382 -27.08345  8896.22  6268.71 3.12 3.01  70.4 -0.353    19.53 22.07 01a59255o0534c 0x400110  3.600000
59255.464234 19.841877      NaN    6    12 c    0   0.78 160.25382 -27.08345  8877.15  6231.10 3.03 2.86  77.5 -0.361    19.60 22.07 01a59255o0540c 0x000000  0.500000
59255.467000 20.207197      NaN   -7    10 c    0   1.35 160.25382 -27.08345  8935.86  6306.75 3.04 2.87  74.8 -0.365    19.58 22.04 01a59255o0546c 0x000000 -0.700000
59255.472524 19.816329      NaN   13    10 c    0   1.24 160.25382 -27.08345  8955.67  6189.12 2.95 2.84  69.4 -0.359    19.65 22.05 01a59255o0558c 0x000000  1.300000
59257.421569 20.207197      NaN   -7    10 c    0   0.99 160.25382 -27.08345  3913.69  8713.80 2.48 2.39  28.9 -0.389    19.74 21.75 02a59257o0468c 0x000000 -0.700000
59257.447642 20.039830      NaN    5    10 c    0   1.06 160.25382 -27.08345  3938.88  8751.90 2.52 2.49  34.8 -0.388    19.73 21.83 02a59257o0524c 0x000000  0.500000
59257.450854 20.103715      NaN   -6    11 c    0   0.95 160.25382 -27.08345  3878.91  8675.34 2.47 2.45 -68.3 -0.391    19.78 21.84 02a59257o0531c 0x000000 -0.545455
59257.454980 19.950541      NaN    8    10 c    0   1.35 160.25382 -27.08345  3860.95  8790.47 2.44 2.41  66.6 -0.391    19.77 21.85 02a59257o0540c 0x000000  0.800000
59259.491034 20.594452      NaN   -8     7 c    0   1.95 160.25382 -27.08345  2024.73  8881.49 2.33 2.05 -72.1 -0.382    19.85 22.01 01a59259o0432c 0x000000 -1.142857
59259.525945 20.207197      NaN  -10    10 c    0   0.97 160.25382 -27.08345  2052.75  8914.85 2.93 2.65 -69.8 -0.354    19.61 21.89 01a59259o0507c 0x400110 -1.000000
59259.529170 19.841877      NaN   12    10 c    0   1.09 160.25382 -27.08345  1994.71  8838.18 2.66 2.37 -65.2 -0.377    19.67 21.87 01a59259o0514c 0x000000  1.200000
59259.535617 20.449472      NaN  -24     8 c    0   1.42 160.25382 -27.08345  1976.35  8953.13 2.49 2.25 -57.3 -0.374    19.74 21.82 01a59259o0528c 0x000000 -3.000000
59261.485117 19.894850      NaN   13     9 c    0   1.46 160.25382 -27.08345   800.06  6141.83 2.50 2.34  43.7 -0.403    19.67 21.66 02a59261o0598c 0x000000  1.444444
59261.488783 19.791368      NaN   17     9 c    0   1.16 160.25382 -27.08345   781.75  6106.14 2.48 2.38  38.9 -0.404    19.66 21.67 02a59261o0606c 0x000000  1.888889
59261.494324 20.103715      NaN  -27    11 c    0   1.08 160.25382 -27.08345   841.10  6184.35 2.45 2.32  44.8 -0.411    19.69 21.66 02a59261o0618c 0x001000 -2.454545
59261.524405 20.103715      NaN    3    10 c    0   1.20 160.25382 -27.08345   863.84  6068.34 2.57 2.39  45.1 -0.457    19.59 21.59 02a59261o0683c 0x000000  0.300000
59263.522163 19.169763      NaN  -10    26 c    0   1.62 160.25382 -27.08345  2050.09  8911.11 2.56 2.31 -60.4 -0.356    18.39 20.46 01a59263o0545c 0x002000 -0.384615
59263.553950 17.170087      NaN -185   164 c    0   1.06 160.25382 -27.08345  1982.42  8949.34 2.74 2.48 -61.1 -0.364    16.28 18.39 01a59263o0613c 0x100002 -1.128049
59265.524200 19.384550      NaN   28    12 c    0   1.14 160.25382 -27.08345   802.28  6144.76 3.05 2.77  42.4 -0.366    19.44 21.58 02a59265o0377c 0x002000  2.333333
59265.527419 19.212347      NaN  -23    25 c    0   1.21 160.25382 -27.08345   783.76  6103.64 3.55 3.42  52.1 -0.396    18.46 20.71 02a59265o0384c 0x002000 -0.920000
59265.543950 18.978793      NaN   -2    31 c    0   0.85 160.25382 -27.08345   865.53  6067.80 3.18 2.95  43.1 -0.364    18.44 20.51 02a59265o0420c 0x100002 -0.064516
59307.363893 20.207197      NaN   -3    10 c    0   1.07 160.25382 -27.08345 10008.35  8960.15 2.63 2.37  80.7 -0.355    19.83 21.50 01a59307o0296c 0x000000 -0.300000
59307.364354 19.868040      NaN    5    12 c    0   1.22 160.25382 -27.08345    99.72  9045.59 2.55 2.19 -74.6 -0.414    19.80 21.50 01a59307o0297c 0x000000  0.416667
59307.368055 20.449472      NaN  -19     8 c    0   1.16 160.25382 -27.08345 10026.26  9000.01 2.58 2.32  83.1 -0.357    19.87 21.50 01a59307o0305c 0x000000 -2.375000
59307.369899 19.979496      NaN    4    11 c    0   1.06 160.25382 -27.08345   118.74  9083.48 2.59 2.23 -74.4 -0.409    19.78 21.50 01a59307o0309c 0x000000  0.363636
59307.374976 19.868040      NaN    8    11 c    0   0.74 160.25382 -27.08345  9968.52  8919.97 2.72 2.47  79.6 -0.351    19.78 21.45 01a59307o0320c 0x000000  0.727273
59307.376356 19.674510      NaN    1    16 c    0   0.91 160.25382 -27.08345    61.59  9006.58 2.51 2.21 -74.1 -0.407    19.81 21.47 01a59307o0323c 0x000000  0.062500
59307.390496 19.922338      NaN   12     9 c    0   1.39 160.25382 -27.08345  9947.59  9036.42 2.77 2.60  67.3 -0.332    19.75 21.49 01a59307o0352c 0x000000  1.333333
59307.391879 19.743105      NaN    4    14 c    0   0.85 160.25382 -27.08345    42.57  9124.32 2.52 2.19 -67.8 -0.408    19.80 21.51 01a59307o0355c 0x000000  0.285714
59311.340219 20.321591      NaN   -1     9 c    0   1.40 160.25382 -27.08345 10006.47  8963.44 2.69 2.40  78.6 -0.349    19.71 21.56 01a59311o0266c 0x000000 -0.111111
59311.343444 19.841877      NaN    6    12 c    0   0.88 160.25382 -27.08345 10026.55  9002.12 2.58 2.33  81.7 -0.352    19.59 21.40 01a59311o0273c 0x000000  0.500000
59311.349466 19.419021      NaN   29    11 c    0   0.97 160.25382 -27.08345  9968.25  8921.27 2.77 2.45  81.6 -0.345    19.67 21.57 01a59311o0286c 0x080010  2.636364
59311.351768 19.529530      NaN   17    13 c    0   0.91 160.25382 -27.08345   100.04  9044.83 2.42 2.12 -70.7 -0.404    19.75 21.62 01a59311o0291c 0x000000  1.307692
59311.384042 20.103715      NaN   -3    11 c    0   1.23 160.25382 -27.08345  9948.54  9037.00 2.70 2.45  72.5 -0.348    19.56 21.35 01a59311o0360c 0x000000 -0.272727
59311.385884 19.922338      NaN  -23    13 c    0   1.00 160.25382 -27.08345   120.91  9080.69 2.56 2.25 -57.6 -0.398    19.55 21.43 01a59311o0364c 0x000000 -1.769231
59311.414384 18.786693      NaN  -60    37 c    0   1.20 160.25382 -27.08345    64.78  9000.33 2.68 2.36 -60.6 -0.396    18.76 20.57 01a59311o0425c 0x100002 -1.621622
59311.417608 18.298627      NaN   84    30 c    0   1.47 160.25382 -27.08345    46.35  9117.83 2.63 2.23 -59.1 -0.400    18.58 20.33 01a59311o0432c 0x100002  2.800000
59315.357427 20.362567      NaN    2     8 c    0   1.34 160.25382 -27.08345  5846.59  4568.46 2.25 2.18 -17.5 -0.360    19.95 21.66 01a59315o0301c 0x000000  0.250000
59315.360674 20.244005      NaN    2     9 c    0   0.91 160.25382 -27.08345  5865.16  4607.31 2.21 2.11 -79.1 -0.379    19.95 21.63 01a59315o0308c 0x000000  0.222222
59315.366673 20.207197      NaN   -2    10 c    0   0.60 160.25382 -27.08345  5807.58  4529.37 2.22 2.12 -71.9 -0.371    19.92 21.61 01a59315o0321c 0x000000 -0.200000
59315.376819 20.449472      NaN  -23     8 c    0   0.85 160.25382 -27.08345  5790.38  4642.84 2.22 2.13 -40.5 -0.370    19.92 21.56 01a59315o0343c 0x000000 -2.875000
59319.338541 20.137125      NaN    8     8 c    0   1.05 160.25382 -27.08345  5844.81  4569.91 2.30 2.18 -81.2 -0.379    19.92 21.70 01a59319o0259c 0x000000  1.000000
59319.342227 20.449472      NaN    0     8 c    0   1.21 160.25382 -27.08345  5864.63  4607.61 2.32 2.17 -71.6 -0.379    19.94 21.71 01a59319o0267c 0x000000  0.000000
59319.348222 19.868040      NaN   11    10 c    0   0.88 160.25382 -27.08345  5806.73  4530.01 2.34 2.20 -79.4 -0.375    19.92 21.71 01a59319o0280c 0x000000  1.100000
59319.359299 20.282105      NaN    4     8 c    0   1.02 160.25382 -27.08345  5789.77  4642.42 2.33 2.24 -40.3 -0.365    19.94 21.67 01a59319o0304c 0x000000  0.500000
59337.317477 19.510313      NaN  -15    19 c    0   1.14 160.25382 -27.08345   727.98  3529.12 2.50 2.41 -77.6 -0.400    18.78 20.59 02a59337o0197c 0x000000 -0.789474
59337.320714 19.743105      NaN    1    15 c    0   0.90 160.25382 -27.08345   707.94  3489.90 2.39 2.32  65.7 -0.409    19.18 21.08 02a59337o0204c 0x000000  0.066667
59337.328042 20.207197      NaN  -24    10 c    0   1.63 160.25382 -27.08345   765.62  3568.89 2.47 2.40  65.8 -0.414    19.46 21.32 02a59337o0220c 0x000000 -2.400000
59337.338600 20.103715      NaN   -4    11 c    0   1.13 160.25382 -27.08345   785.58  3452.86 2.41 2.35  83.5 -0.407    19.44 21.29 02a59337o0243c 0x000000 -0.363636
59349.287624 19.841877      NaN    6    12 c    0   1.21 160.25382 -27.08345  2758.37  6084.32 2.73 2.61  74.5 -0.377    19.43 21.28 02a59349o0098c 0x000000  0.500000
59349.293154 19.491430      NaN   19    13 c    0   0.93 160.25382 -27.08345  2738.14  6045.34 2.82 2.71  58.4 -0.382    19.39 21.28 02a59349o0110c 0x000000  1.461538
59349.300513 20.009244      NaN   -6    12 c    0   1.08 160.25382 -27.08345  2798.39  6125.85 2.54 2.43  60.3 -0.388    19.51 21.28 02a59349o0126c 0x000000 -0.500000
59349.303722 19.922338      NaN    3    12 c    0   1.35 160.25382 -27.08345  2819.55  6010.20 2.60 2.49  82.6 -0.390    19.44 21.27 02a59349o0133c 0x000000  0.250000
59367.265158 20.207197      NaN  -12    10 c    0   1.30 160.25382 -27.08345  9302.47   774.83 2.57 2.43  -9.0 -0.348    19.66 21.14 01a59367o0067c 0x000000 -1.200000
59367.268403 19.589310      NaN   23    10 c    0   1.22 160.25382 -27.08345  9322.46   815.05 2.45 2.37 -21.8 -0.364    19.67 21.15 01a59367o0074c 0x000000  2.300000
59367.273942 19.841877      NaN   -2    14 c    0   0.78 160.25382 -27.08345  9261.26   736.52 2.42 2.34  -9.7 -0.368    19.67 21.14 01a59367o0086c 0x000000 -0.142857
59367.285006 19.922338      NaN    3    12 c    0   0.95 160.25382 -27.08345  9239.94   854.62 2.43 2.36 -57.4 -0.366    19.63 21.08 01a59367o0110c 0x000000  0.250000
59371.252918 19.922338      NaN   -8    13 c    0   1.09 160.25382 -27.08345  3904.47  4671.40 2.40 2.29 -80.1 -0.368    19.42 20.67 01a59371o0036c 0x000000 -0.615385
59371.257073 20.207197      NaN   -7    10 c    0   1.15 160.25382 -27.08345  3924.65  4709.04 2.36 2.30 -63.8 -0.368    19.56 20.96 01a59371o0045c 0x000000 -0.700000
59371.263541 20.207197      NaN   -2    10 c    0   1.13 160.25382 -27.08345  3865.85  4632.94 2.42 2.27 -83.6 -0.373    19.61 21.11 01a59371o0059c 0x000000 -0.200000
59371.275520 20.207197      NaN   -1    10 c    0   0.99 160.25382 -27.08345  3847.13  4747.46 2.34 2.23 -81.9 -0.380    19.68 21.23 01a59371o0085c 0x000000 -0.100000
59525.624507 19.696897      NaN  -10    16 c    0   1.12 160.25382 -27.08345  1101.14   688.01 2.90 2.59 -66.3 -0.396    19.15 20.67 02a59525o0399c 0x000000 -0.625000
59525.635969 19.569016      NaN   18    12 c    0   1.22 160.25382 -27.08345  1122.86   724.80 2.52 2.28 -72.4 -0.423    19.28 20.72 02a59525o0424c 0x000000  1.500000
59525.645144 19.454622      NaN    0    20 c    0   0.58 160.25382 -27.08345  1062.58   645.61 2.73 2.47 -70.7 -0.409    18.92 20.12 02a59525o0444c 0x000000  0.000000
59529.625056 19.841877      NaN   -7    14 c    0   0.79 160.25382 -27.08345  1095.79   688.92 2.48 2.30 -69.3 -0.426    19.31 20.80 02a59529o0957c 0x000000 -0.500000
59529.636070 19.868040      NaN    2    13 c    0   1.25 160.25382 -27.08345  1115.65   725.61 2.78 2.46 -61.3 -0.418    19.27 20.79 02a59529o0981c 0x000000  0.153846
59529.646609 19.696897      NaN   -5    16 c    0   0.76 160.25382 -27.08345  1056.55   646.71 2.52 2.26 -63.0 -0.427    19.05 20.15 02a59529o1004c 0x000000 -0.312500
59529.653024 18.978793      NaN  -27    31 c    0   1.32 160.25382 -27.08345  1036.93   763.91 2.45 2.26 -68.7 -0.433    18.03 18.71 02a59529o1018c 0x100002 -0.870968