         MJD         m  dm  uJy  duJy F  err  chi/N        RA       Dec        x        y  maj  min   phi  apfit  mag5sig   Sky            Obs     Mask  __tmp_SN
57747.617896 19.491430 NaN   10    16 c    0   0.88 160.25912 -27.08817  3711.27  5821.70 3.96 3.85  55.0 -0.376    19.59 21.58 02a57747o0863c 0x000000  0.625000
57747.626599 19.841877 NaN  -27    14 c    0   1.05 160.25912 -27.08817  3696.92  5782.19 3.80 3.68  57.8 -0.385    19.63 21.57 02a57747o0880c 0x000000 -1.928571
57747.638110 19.652575 NaN    5    15 c    0   1.23 160.25912 -27.08817  3748.54  5860.08 3.90 3.80  38.3 -0.381    19.58 21.55 02a57747o0903c 0x000000  0.333333
57747.651580 19.569016 NaN   -5    18 c    0   0.84 160.25912 -27.08817  3767.62  5743.39 4.52 3.88   3.7 -0.366    19.46 21.52 02a57747o0930c 0x000000 -0.277778
57751.604071 19.491430 NaN   10    16 c    0   1.02 160.25912 -27.08817  7105.85  4782.54 3.87 3.62  83.3 -0.389    19.72 21.78 02a57751o0354c 0x000000  0.625000
57751.617616 19.334813 NaN   19    16 c    0   0.89 160.25912 -27.08817  7073.22  4746.01 3.84 3.60  83.5 -0.391    19.67 21.69 02a57751o0381c 0x000000  1.187500
57751.631659 19.226921 NaN   29    15 c    0   0.95 160.25912 -27.08817  7143.29  4825.69 3.85 3.60  85.0 -0.391    19.66 21.66 02a57751o0409c 0x000000  1.933333
57751.644682 19.696897 NaN    0    16 c    0   0.97 160.25912 -27.08817  7160.49  4708.97 3.89 3.67  86.6 -0.391    19.64 21.65 02a57751o0435c 0x000000  0.000000
57751.659753 19.696897 NaN   -4    16 c    0   0.97 160.25912 -27.08817  7126.53  4768.21 3.87 3.65 -89.1 -0.393    19.52 21.42 02a57751o0465c 0x000000 -0.250000
57755.593796 19.155932 NaN   34    15 c    0   0.94 160.25912 -27.08817  5893.20  7122.52 3.60 3.48  79.2 -0.430    19.76 21.75 02a57755o0768c 0x000000  2.266667
57755.607113 19.841877 NaN   -6    14 c    0   1.01 160.25912 -27.08817  5877.83  7086.22 3.62 3.50  84.7 -0.430    19.73 21.73 02a57755o0794c 0x000000 -0.428571
57755.621811 19.766969 NaN    6    13 c    0   1.30 160.25912 -27.08817  5947.75  7166.14 3.59 3.47  85.4 -0.432    19.72 21.69 02a57755o0822c 0x000000  0.461538
57755.640457 19.816329 NaN    1    14 c    0   0.95 160.25912 -27.08817  5966.65  7047.78 3.61 3.51  82.8 -0.427    19.70 21.67 02a57755o0858c 0x000000  0.071429
57755.649627 19.549093 NaN    7    16 c    0   1.07 160.25912 -27.08817  5932.41  7107.26 3.75 3.60  83.8 -0.413    19.64 21.60 02a57755o0876c 0x000000  0.437500
57779.531997 19.529530 NaN    8    16 c    0   0.88 160.25912 -27.08817  5375.68  7466.95 3.70 3.67  56.7 -0.433    19.73 21.81 02a57779o0611c 0x000000  0.500000
57779.548044 19.841877 NaN  -10    14 c    0   1.22 160.25912 -27.08817  5360.04  7428.40 3.81 3.70  69.5 -0.416    19.71 21.77 02a57779o0642c 0x000000 -0.714286
57779.564140 19.743105 NaN    1    15 c    0   0.96 160.25912 -27.08817  5414.31  7505.53 3.66 3.63  64.4 -0.435    19.71 21.74 02a57779o0673c 0x000000  0.066667
57779.579679 19.696897 NaN  -41    16 c    0   1.05 160.25912 -27.08817  5432.80  7387.97 3.93 3.84  38.9 -0.409    19.68 21.78 02a57779o0703c 0x000000 -2.562500
57779.595084 19.766969 NaN  -10    15 c    0   1.05 160.25912 -27.08817  5400.23  7446.06 3.88 3.80  23.3 -0.412    19.66 21.75 02a57779o0733c 0x000000 -0.666667
57783.527260 19.472870 NaN   14    15 c    0   1.09 160.25912 -27.08817  4449.78  5641.44 3.87 3.76 -83.8 -0.381    19.69 21.81 02a57783o0594c 0x000000  0.933333
57783.543369 19.674510 NaN    4    15 c    0   0.97 160.25912 -27.08817  4433.59  5602.28 3.86 3.75 -80.9 -0.379    19.69 21.79 02a57783o0625c 0x000000  0.266667
57783.559600 19.696897 NaN   -4    16 c    0   0.85 160.25912 -27.08817  4488.43  5679.25 4.08 3.95 -74.5 -0.364    19.63 21.83 02a57783o0656c 0x000000 -0.250000
57783.575718 19.569016 NaN    9    15 c    0   0.90 160.25912 -27.08817  4508.37  5561.58 3.85 3.73 -76.4 -0.381    19.71 21.85 02a57783o0687c 0x000000  0.600000
57783.591797 19.436675 NaN   13    16 c    0   0.94 160.25912 -27.08817  4476.83  5619.32 3.98 3.88 -78.3 -0.373    19.66 21.85 02a57783o0718c 0x000000  0.812500
57787.502251 19.609992 NaN    7    15 c    0   0.81 160.25912 -27.08817  3629.81  4432.95 3.88 3.77  72.8 -0.376    19.76 21.91 02a57787o0554c 0x400110  0.466667
57787.512155 19.841877 NaN   -4    14 c    0   1.04 160.25912 -27.08817  3614.22  4394.05 3.88 3.77  71.3 -0.378    19.76 21.91 02a57787o0574c 0x000000 -0.285714
57787.526990 19.766969 NaN   -3    15 c    0   0.79 160.25912 -27.08817  3667.16  4473.49 3.94 3.80  75.2 -0.373    19.74 21.90 02a57787o0602c 0x000000 -0.200000
57787.538664 19.766969 NaN   -1    15 c    0   0.84 160.25912 -27.08817  3685.73  4357.99 3.75 3.63  80.5 -0.383    19.77 21.84 02a57787o0626c 0x000000 -0.066667
57787.555365 19.841877 NaN   -8    14 c    0   1.19 160.25912 -27.08817  3652.41  4418.24 3.83 3.70  81.6 -0.379    19.76 21.88 02a57787o0659c 0x000000 -0.571429
57803.513764 19.510313 NaN   -3    19 c    0   0.96 160.25912 -27.08817  6458.28  5861.92 3.73 3.51  85.7 -0.400    19.33 20.97 02a57803o0573c 0x000000 -0.157895
57803.525435 19.155932 NaN   16    21 c    0   0.84 160.25912 -27.08817  6443.65  5822.01 3.73 3.52  86.0 -0.397    19.30 20.92 02a57803o0596c 0x000000  0.761905
57803.549325 19.256669 NaN   -5    24 c    0   0.77 160.25912 -27.08817  6516.20  5781.20 3.75 3.60  84.0 -0.394    19.18 20.75 02a57803o0643c 0x000000 -0.208333
57803.561013 19.351140 NaN    6    20 c    0   1.39 160.25912 -27.08817  6483.13  5837.01 3.67 3.48  89.2 -0.404    19.16 20.68 02a57803o0666c 0x000000  0.300000
57807.497762 19.454622 NaN    6    18 c    0   0.90 160.25912 -27.08817  3729.41  7553.15 4.11 3.97  55.9 -0.378    19.59 21.73 02a57807o0522c 0x000000  0.333333
57807.513012 19.454622 NaN   12    16 c    0   0.94 160.25912 -27.08817  3698.22  7514.31 3.94 3.86  65.2 -0.375    19.63 21.72 02a57807o0551c 0x000000  0.750000
57807.528616 19.631075 NaN  -27    17 c    0   0.84 160.25912 -27.08817  3771.53  7590.63 3.88 3.77  80.0 -0.389    19.64 21.72 02a57807o0581c 0x000000 -1.588235
57807.543715 19.454622 NaN    9    17 c    0   0.81 160.25912 -27.08817  3790.80  7471.25 3.72 3.67  86.6 -0.399    19.64 21.66 02a57807o0610c 0x000000  0.529412
57807.558757 19.766969 NaN    0    15 c    0   1.22 160.25912 -27.08817  3757.55  7526.49 3.77 3.65  82.1 -0.401    19.58 21.59 02a57807o0639c 0x000000  0.000000
57835.432723 19.384550 NaN    4    20 c    0   1.00 160.25912 -27.08817  4783.93  6865.23 3.72 3.60  66.3 -0.419    18.98 20.92 02a57835o0329c 0x000000  0.200000
57835.448972 18.900000 NaN   40    20 c    0   0.90 160.25912 -27.08817  4769.59  6824.19 3.67 3.58  64.9 -0.417    18.95 20.83 02a57835o0360c 0x000000  2.000000
57835.464835 19.169763 NaN   15    21 c    0   0.89 160.25912 -27.08817  4824.62  6899.34 3.70 3.59  69.1 -0.411    18.91 20.77 02a57835o0390c 0x000000  0.714286
57835.480662 19.302877 NaN    6    21 c    0   1.07 160.25912 -27.08817  4843.89  6781.25 3.75 3.65  73.6 -0.405    18.84 20.67 02a57835o0420c 0x000000  0.285714
57839.418472 18.526952 NaN   54    29 c    0   0.82 160.25912 -27.08817  4912.10  6398.19 3.89 3.74  17.2 -0.397    18.52 20.25 02a57839o0380c 0x100002  1.862069
57839.449789 19.351140 NaN   -5    22 c    0   0.94 160.25912 -27.08817  4949.63  6432.99 3.91 3.79  68.2 -0.390    18.82 20.63 02a57839o0439c 0x002000 -0.227273
57839.481115 18.526952 NaN   63    26 c    0   0.71 160.25912 -27.08817  4937.78  6371.48 3.63 3.55  71.3 -0.418    18.80 20.53 02a57839o0498c 0x002000  2.423077
57843.409565 19.351140 NaN   -7    22 c    0   0.80 160.25912 -27.08817  5836.24  7889.60 3.71 3.63  26.2 -0.429    18.91 20.77 02a57843o0340c 0x000000 -0.318182
57843.425226 18.836735 NaN   40    22 c    0   0.92 160.25912 -27.08817  5821.17  7849.35 3.80 3.73  59.9 -0.413    18.87 20.74 02a57843o0370c 0x000000  1.818182
57843.440893 19.038793 NaN   28    20 c    0   1.22 160.25912 -27.08817  5893.26  7925.17 3.89 3.80  67.5 -0.412    18.81 20.66 02a57843o0400c 0x000000  1.400000
57843.472239 19.256669 NaN   -5    24 c    0   1.08 160.25912 -27.08817  5862.59  7863.72 4.15 4.03  76.8 -0.388    18.63 20.44 02a57843o0460c 0x000000 -0.208333
57847.429650 18.878500 NaN   -8    34 c    0   1.17 160.25912 -27.08817  5690.94  6526.58 3.75 3.65  73.7 -0.411    18.26 19.42 02a57847o0390c 0x900002 -0.235294
57847.445276 18.702047 NaN   -6    40 c    0   0.94 160.25912 -27.08817  5710.28  6409.87 3.83 3.73  86.1 -0.394    18.23 19.42 02a57847o0420c 0x900002 -0.150000
57847.460962 18.847027 NaN  -28    35 c    0   0.98 160.25912 -27.08817  5677.39  6464.75 3.78 3.68  85.1 -0.409    18.22 19.43 02a57847o0450c 0x900002 -0.800000
57863.380654 19.401649 NaN  -40    21 c    0   0.99 160.25912 -27.08817  3995.07  7636.64 3.74 3.61  53.9 -0.405    18.71 20.32 02a57863o0279c 0x000000 -1.904762
57863.392747 18.967180 NaN   34    20 c    0   1.24 160.25912 -27.08817  3980.16  7596.34 3.67 3.55  52.1 -0.413    18.69 20.26 02a57863o0302c 0x000000  1.700000
57863.404796 19.302877 NaN   -8    23 c    0   0.85 160.25912 -27.08817  4051.24  7672.76 3.67 3.55  54.0 -0.414    18.66 20.24 02a57863o0325c 0x000000 -0.347826
57863.416846 19.454622 NaN   -7    20 c    0   0.97 160.25912 -27.08817  4070.38  7555.49 3.71 3.58  58.2 -0.407    18.63 20.22 02a57863o0348c 0x000000 -0.350000
57863.428930 19.271854 NaN    8    21 c    0   1.09 160.25912 -27.08817  4036.52  7612.30 3.79 3.65  72.5 -0.400    18.56 20.17 02a57863o0371c 0x000000  0.380952
57867.370879 15.921372 NaN -470   518 c    0   1.23 160.25912 -27.08817  7119.41  6268.67 2.77 2.51  36.4 -0.526    17.27 18.30 02a57867o0290c 0x900002 -0.907336
57867.383505 16.378500 NaN   78   314 c    0   1.43 160.25912 -27.08817  7104.24  6227.99 2.96 2.83  31.8 -0.502    16.87 17.97 02a57867o0314c 0x900002  0.248408
57867.396615 14.512792 NaN  446  1747 c    0   0.72 160.25912 -27.08817  7175.47  6303.76 2.87 2.66  35.4 -0.485    13.93 14.94 02a57867o0339c 0x900002  0.255295
57867.409171 16.471810 NaN  -88   312 c    0   1.18 160.25912 -27.08817  7194.37  6186.46 3.12 2.93  55.7 -0.509    15.82 16.97 02a57867o0363c 0x900002 -0.282051
57871.357263 20.207197 NaN   -3    10 c    0   1.06 160.25912 -27.08817  6987.79  6520.23 2.71 2.61 -85.2 -0.437    19.42 20.68 02a57871o0102c 0x000000 -0.300000
57871.373043 20.244005 NaN    2     9 c    0   1.41 160.25912 -27.08817  7040.67  6597.90 2.70 2.62 -75.4 -0.437    19.39 20.64 02a57871o0132c 0x000000  0.222222
57871.388799 19.894850 NaN    7    11 c    0   0.98 160.25912 -27.08817  7058.66  6480.17 2.82 2.68 -85.3 -0.439    19.36 20.68 02a57871o0162c 0x000000  0.636364
57871.404580 19.950541 NaN    2    12 c    0   0.86 160.25912 -27.08817  7027.00  6538.57 2.86 2.74 -76.5 -0.439    19.27 20.57 02a57871o0192c 0x000000  0.166667
57895.284362 19.529530 NaN   17    13 c    0   0.85 160.25912 -27.08817  4320.54  7552.45 3.18 2.98  19.0 -0.469    19.41 21.44 02a57895o0095c 0x000000  1.307692
57895.300769 20.103715 NaN   -4    11 c    0   1.22 160.25912 -27.08817  4288.91  7512.53 2.73 2.61   7.1 -0.488    19.39 21.26 02a57895o0126c 0x000000 -0.363636
57895.316085 19.868040 NaN    8    11 c    0   1.12 160.25912 -27.08817  4361.61  7588.70 3.02 2.92 -15.2 -0.480    19.31 21.28 02a57895o0155c 0x000000  0.727273
57895.332396 20.009244 NaN  -23    12 c    0   1.16 160.25912 -27.08817  4381.91  7469.63 3.05 2.90   2.5 -0.465    19.33 21.27 02a57895o0186c 0x000000 -1.916667
57895.349252 19.569016 NaN    9    15 c    0   1.14 160.25912 -27.08817  4347.99  7524.83 3.17 3.02  -1.1 -0.462    19.18 21.08 02a57895o0218c 0x000000  0.600000
57899.275103 20.009244 NaN   -4    12 c    0   0.98 160.25912 -27.08817  4172.15  6351.65 2.65 2.47  35.7 -0.495    19.44 20.95 02a57899o0089c 0x000000 -0.333333
57899.290519 20.009244 NaN   -3    12 c    0   1.09 160.25912 -27.08817  4154.93  6311.62 2.55 2.42  25.0 -0.497    19.52 21.11 02a57899o0118c 0x000000 -0.250000
57899.305846 20.207197 NaN  -20    10 c    0   1.40 160.25912 -27.08817  4209.59  6388.09 2.48 2.43  42.8 -0.492    19.54 21.23 02a57899o0147c 0x000000 -2.000000
57899.321696 19.589310 NaN   23    10 c    0   1.07 160.25912 -27.08817  4230.95  6268.61 2.57 2.55  60.0 -0.484    19.49 21.23 02a57899o0177c 0x000000  2.300000
57899.338026 19.491430 NaN   22    12 c    0   1.18 160.25912 -27.08817  4197.09  6324.16 2.56 2.52 -55.3 -0.488    19.42 21.16 02a57899o0208c 0x000000  1.833333
57903.267757 20.207197 NaN  -25    10 c    0   1.46 160.25912 -27.08817  5889.46  5270.74 2.60 2.55 -79.1 -0.446    19.44 20.73 02a57903o0063c 0x001000 -2.500000
57903.280064 19.609992 NaN   10    14 c    0   0.78 160.25912 -27.08817  5873.41  5231.33 2.64 2.58 -73.3 -0.445    19.38 20.70 02a57903o0087c 0x000000  0.714286
57903.295448 19.609992 NaN    4    16 c    0   0.71 160.25912 -27.08817  5926.59  5307.19 2.70 2.62 -68.9 -0.452    19.34 20.63 02a57903o0117c 0x000000  0.250000
57903.311400 19.609992 NaN   10    14 c    0   1.30 160.25912 -27.08817  5943.94  5189.19 2.69 2.59 -76.0 -0.462    19.29 20.59 02a57903o0148c 0x000000  0.714286
57903.326217 19.183773 NaN   23    18 c    0   0.71 160.25912 -27.08817  5910.69  5246.80 2.75 2.60 -56.7 -0.456    19.21 20.47 02a57903o0177c 0x000000  1.277778
58081.580987 19.766969 NaN  -31    15 c    0   0.93 160.25912 -27.08817  5739.92  9549.48 2.94 2.59  18.9 -0.468    19.36 21.11 02a58081o0676c 0x000000 -2.066667
58081.587904 19.674510 NaN    1    16 c    0   0.67 160.25912 -27.08817  5756.55  9589.69 2.94 2.67  20.0 -0.456    19.40 21.14 02a58081o0691c 0x000000  0.062500
58081.599050 19.766969 NaN  -27    15 c    0   1.12 160.25912 -27.08817  5685.40  9493.14 3.18 2.85  21.7 -0.434    19.31 21.16 02a58081o0715c 0x000000 -1.800000
58081.600459 19.472870 NaN    8    17 c    0   0.84 160.25912 -27.08817  5668.94  9611.87 3.04 2.67  23.2 -0.449    19.42 21.17 02a58081o0718c 0x000000  0.470588
58109.538821 19.696897 NaN  -13    16 c    0   1.02 160.25912 -27.08817  2919.03  8788.85 4.95 4.45  57.0 -0.381    19.13 21.92 02a58109o0381c 0x000000 -0.812500
58109.545741 19.696897 NaN  -19    16 c    0   1.21 160.25912 -27.08817  2934.73  8828.33 4.92 4.47  42.7 -0.377    19.20 21.94 02a58109o0396c 0x000000 -1.187500
58109.552672 19.841877 NaN  -11    14 c    0   1.47 160.25912 -27.08817  2880.83  8751.51 4.82 4.45  36.1 -0.400    19.00 21.95 02a58109o0411c 0x000000 -0.785714
58109.559602 19.696897 NaN  -20    16 c    0   0.94 160.25912 -27.08817  2860.45  8869.42 4.76 4.26  62.1 -0.455    19.27 21.97 02a58109o0426c 0x000000 -1.250000
58161.503725 20.495680 NaN    2     7 c    0   1.25 160.25912 -27.08817  4836.67  1992.64 2.78 2.53  50.8 -0.409    19.79 21.84 02a58161o0641c 0x000000  0.285714
58161.509700 20.321591 NaN   -5     9 c    0   1.12 160.25912 -27.08817  4819.53  1953.45 2.88 2.61  56.0 -0.401    19.74 21.83 02a58161o0654c 0x000000 -0.555556
58161.517015 20.449472 NaN    0     8 c    0   1.23 160.25912 -27.08817  4871.72  2033.89 2.91 2.64  56.3 -0.399    19.71 21.85 02a58161o0670c 0x000000  0.000000
58161.530702 20.282105 NaN    4     8 c    0   1.09 160.25912 -27.08817  4891.99  1915.74 2.86 2.59  51.1 -0.400    19.74 21.84 02a58161o0700c 0x000000  0.500000
58193.400077 20.171596 NaN    4     9 c    0   1.01 160.25912 -27.08817  7971.99  2681.34 2.50 2.35  69.9 -0.433    19.75 21.57 02a58193o0367c 0x000000  0.444444
58193.409227 20.449472 NaN   -7     8 c    0   1.15 160.25912 -27.08817  7938.53  2642.37 2.57 2.42  70.3 -0.441    19.74 21.56 02a58193o0387c 0x000000 -0.875000
58193.410598 20.103715 NaN    6     9 c    0   1.01 160.25912 -27.08817  8007.08  2720.24 2.48 2.36  69.6 -0.433    19.76 21.55 02a58193o0390c 0x000000  0.666667
58193.423286 20.405150 NaN    1     8 c    0   1.20 160.25912 -27.08817  8026.23  2601.57 2.60 2.50  59.7 -0.434    19.75 21.54 02a58193o0417c 0x000000  0.125000
58221.353734 20.449472 NaN   -5     8 c    0   1.97 160.25912 -27.08817  1686.45  9078.46 2.52 2.26   6.2 -0.443    19.68 21.52 02a58221o0276c 0x000000 -0.625000
58221.362709 20.207197 NaN    0    10 c    0   1.08 160.25912 -27.08817  1670.68  9037.97 2.53 2.35   8.0 -0.449    19.69 21.55 02a58221o0295c 0x000000  0.000000
58221.371479 20.103715 NaN   -1    11 c    0   0.80 160.25912 -27.08817  1742.30  9115.36 2.55 2.35  13.5 -0.457    19.65 21.56 02a58221o0314c 0x000000 -0.090909
58221.380232 20.449472 NaN  -28     8 c    0   2.01 160.25912 -27.08817  1762.63  8999.41 2.52 2.38   4.1 -0.450    19.67 21.51 02a58221o0333c 0x400110 -3.500000
58225.343155 18.816441 NaN   15    31 c    0   0.89 160.25912 -27.08817  5505.76  2657.69 2.74 2.59 -86.8 -0.395    18.22 19.90 02a58225o0258c 0x100002  0.483871
58225.350942 19.271854 NaN    8    21 c    0   0.94 160.25912 -27.08817  5489.34  2620.32 2.78 2.62 -82.3 -0.394    18.76 20.49 02a58225o0275c 0x002000  0.380952
58225.358732 19.089302 NaN   12    24 c    0   1.09 160.25912 -27.08817  5559.08  2697.98 2.75 2.62  88.7 -0.394    18.59 20.28 02a58225o0292c 0x002000  0.500000
58225.366555 18.410251 NaN   43    38 c    0   1.25 160.25912 -27.08817  5578.81  2580.84 2.78 2.61 -81.3 -0.390    18.18 19.92 02a58225o0309c 0x100002  1.131579
58250.303509 19.569016 NaN   18    12 c    0   1.20 160.25912 -27.08817  4579.35  1465.36 2.80 2.62  77.0 -0.385    19.25 20.95 02a58250o0133c 0x000000  1.500000
58250.311407 19.089302 NaN   18    22 c    0   1.07 160.25912 -27.08817  4563.70  1427.08 2.89 2.73  81.4 -0.386    19.16 20.87 02a58250o0150c 0x000000  0.818182
58250.319247 19.318728 NaN   23    15 c    0   0.80 160.25912 -27.08817  4634.30  1504.72 2.85 2.68  89.5 -0.381    19.18 20.85 02a58250o0167c 0x000000  1.533333
58250.326612 19.384550 NaN   22    14 c    0   1.21 160.25912 -27.08817  4653.76  1386.51 2.89 2.71  87.3 -0.385    19.16 20.85 02a58250o0183c 0x400110  1.571429
58257.291764 19.894850 NaN    1    13 c    0   0.94 160.25912 -27.08817  5203.23  1837.72 3.25 3.02  69.2 -0.385    19.35 21.18 02a58257o0126c 0x000000  0.076923
58257.299760 19.529530 NaN   14    14 c    0   1.01 160.25912 -27.08817  5187.59  1798.38 3.42 3.25  70.3 -0.382    19.24 21.17 02a58257o0143c 0x000000  1.000000
58257.307165 20.207197 NaN   -5    10 c    0   1.08 160.25912 -27.08817  5240.35  1875.88 2.97 2.79  69.7 -0.393    19.41 21.14 02a58257o0159c 0x000000 -0.500000
58257.315053 20.009244 NaN   -4    12 c    0   1.02 160.25912 -27.08817  5259.99  1758.91 2.98 2.83  65.7 -0.393    19.37 21.11 02a58257o0176c 0x000000 -0.333333
58281.262885 19.631075 NaN   12    13 c    0   1.35 160.25912 -27.08817  6691.68   931.92 3.35 2.81 -64.2 -0.368    19.22 20.94 02a58281o0005c 0x000000  0.923077
58281.267559 19.419021 NaN    2    20 c    0   1.16 160.25912 -27.08817   850.32 10503.57 3.06 2.80 -73.2 -0.408    19.24 21.04 02a58281o0015c 0x000000  0.100000
58281.270817 19.212347 NaN   33    14 c    0   1.05 160.25912 -27.08817  6740.10  1010.44 3.42 3.04 -66.1 -0.369    19.28 21.16 02a58281o0022c 0x000000  2.357143
58281.278241 20.039830 NaN    2    11 c    0   1.03 160.25912 -27.08817  6757.85   892.37 3.05 2.78 -68.3 -0.382    19.39 21.24 02a58281o0038c 0x000000  0.181818
58285.250544 17.995680 NaN   50    60 c    0   0.93 160.25912 -27.08817  1972.94 10167.79 3.27 2.87  81.2 -0.406    17.60 18.81 02a58285o0020c 0x100002  0.833333
58285.253330 18.504094 NaN   33    37 c    0   0.90 160.25912 -27.08817  1955.44 10124.53 3.08 2.73  86.7 -0.400    18.16 19.37 02a58285o0026c 0x100002  0.891892
58285.255671 19.197966 NaN   16    20 c    0   1.47 160.25912 -27.08817  7836.47   528.14 3.26 2.75 -62.6 -0.385    18.64 19.93 02a58285o0031c 0x000000  0.800000
58285.257970 19.128787 NaN   21    20 c    0   1.15 160.25912 -27.08817  2006.96 10201.12 3.02 2.69  81.3 -0.397    18.72 20.07 02a58285o0036c 0x000000  1.050000
58285.261764 18.967180 NaN   46    16 c    0   1.20 160.25912 -27.08817  7817.74   488.30 3.04 2.70 -62.8 -0.392    19.12 20.59 02a58285o0044c 0x000000  2.875000
58285.264575 19.436675 NaN   16    15 c    0   1.03 160.25912 -27.08817  2024.76 10080.85 2.93 2.63  83.7 -0.415    19.05 20.55 02a58285o0050c 0x000000  1.066667
58285.269747 19.318728 NaN   23    15 c    0   1.35 160.25912 -27.08817  7868.83   566.03 3.01 2.73 -65.5 -0.405    19.18 20.77 02a58285o0061c 0x000000  1.533333
58285.277758 19.696897 NaN  -22    16 c    0   1.19 160.25912 -27.08817  7886.37   448.34 2.97 2.78 -71.3 -0.413    19.19 20.76 02a58285o0078c 0x000000 -1.375000
58485.620168 19.979496 NaN    7    10 c    0   1.23 160.25912 -27.08817  5237.53  1237.85 3.15 3.02 -88.5 -0.400    19.43 21.72 02a58485o0921c 0x000000  0.700000
58485.626572 20.207197 NaN   -4    10 c    0   0.85 160.25912 -27.08817  5222.76  1196.81 3.01 2.83  57.1 -0.409    19.50 21.68 02a58485o0935c 0x000000 -0.400000
58485.639431 20.103715 NaN    0    11 c    0   1.18 160.25912 -27.08817  5291.65  1276.44 3.34 3.19  57.4 -0.404    19.38 21.61 02a58485o0963c 0x000000  0.000000
58485.649501 19.979496 NaN   10     9 c    0   1.39 160.25912 -27.08817  5307.70  1161.65 2.82 2.65  89.2 -0.400    19.52 21.56 02a58485o0985c 0x000000  1.111111
58489.606826 19.950541 NaN   11     9 c    0   0.91 160.25912 -27.08817  1694.34  3135.01 2.62 2.55  80.1 -0.384    19.62 21.89 02a58489o0504c 0x000000  1.222222
58489.616507 20.207197 NaN   -4    10 c    0   0.73 160.25912 -27.08817  1678.97  3095.81 2.63 2.53  69.0 -0.390    19.62 21.86 02a58489o0525c 0x000000 -0.400000
58489.625726 20.207197 NaN    6     8 c    0   1.03 160.25912 -27.08817  1730.10  3175.32 2.71 2.58  78.8 -0.387    19.58 21.83 02a58489o0545c 0x000000  0.750000
58489.635434 20.321591 NaN    0     9 c    0   0.91 160.25912 -27.08817  1747.88  3060.05 2.72 2.61  84.8 -0.384    19.56 21.78 02a58489o0566c 0x000000  0.000000
58493.541840 19.922338 NaN    6    11 c    0   1.05 160.25912 -27.08817 10098.71  1613.65 2.78 2.62  67.0 -0.417    19.61 21.61 02a58493o0747c 0x000000  0.545455
58493.551778 19.979496 NaN    7    10 c    0   1.04 160.25912 -27.08817 10114.34  1648.51 2.84 2.70  71.8 -0.417    19.59 21.68 02a58493o0768c 0x000000  0.700000
58493.559028 20.009244 NaN    9     9 c    0   1.33 160.25912 -27.08817   346.57  1591.53 2.51 2.37  50.4 -0.456    19.61 21.65 02a58493o0783c 0x000000  1.000000
58493.566805 19.696897 NaN   15    11 c    0   0.90 160.25912 -27.08817 10056.45  1571.74 2.86 2.73  72.1 -0.410    19.57 21.74 02a58493o0800c 0x000000  1.363636
58493.568178 20.009244 NaN    6    10 c    0   0.90 160.25912 -27.08817   365.09  1627.46 2.63 2.39  42.8 -0.460    19.61 21.72 02a58493o0803c 0x000000  0.600000
58493.571838 20.103715 NaN  -18    11 c    0   0.83 160.25912 -27.08817   291.33  1549.87 2.61 2.47  41.6 -0.448    19.55 21.70 02a58493o0811c 0x000000 -1.636364
58493.574584 20.207197 NaN   -5    10 c    0   1.21 160.25912 -27.08817 10032.52  1687.79 2.83 2.63 -62.7 -0.404    19.60 21.73 02a58493o0817c 0x000000 -0.500000
58493.581902 20.103715 NaN    9     8 c    0   1.22 160.25912 -27.08817   270.03  1666.24 2.67 2.46  44.7 -0.444    19.54 21.77 02a58493o0833c 0x000000  1.125000
58573.378869 20.103715 NaN   -4    11 c    0   1.24 160.25912 -27.08817  9374.82  3149.87 2.56 2.45  67.6 -0.390    19.40 21.30 02a58573o0344c 0x000000 -0.363636
58573.386245 19.894850 NaN   10    10 c    0   1.41 160.25912 -27.08817  9356.81  3112.98 2.49 2.38 -87.4 -0.393    19.36 21.22 02a58573o0360c 0x000000  1.000000
58573.394187 19.950541 NaN    8    10 c    0   1.29 160.25912 -27.08817  9409.29  3190.18 2.67 2.37 -60.1 -0.402    19.52 21.46 02a58573o0377c 0x000000  0.800000
58573.401519 20.207197 NaN   -3    10 c    0   1.08 160.25912 -27.08817  9427.30  3075.42 2.66 2.35 -61.3 -0.401    19.58 21.45 02a58573o0393c 0x000000 -0.300000
58577.381225 19.979496 NaN   10     9 c    0   1.17 160.25912 -27.08817  4142.24  7045.98 2.61 2.45  54.2 -0.399    19.52 21.46 02a58577o0346c 0x000000  1.111111
58577.389542 20.103715 NaN   -5    11 c    0   1.29 160.25912 -27.08817  4107.58  7007.25 2.62 2.36  53.8 -0.389    19.56 21.44 02a58577o0364c 0x000000 -0.454545
58577.398325 20.137125 NaN    2    10 c    0   0.98 160.25912 -27.08817  4177.94  7085.55 2.73 2.46  54.2 -0.385    19.49 21.46 02a58577o0383c 0x000000  0.200000
58577.406664 19.743105 NaN   13    11 c    0   0.88 160.25912 -27.08817  4196.61  6969.90 2.55 2.42  75.2 -0.401    19.53 21.45 02a58577o0401c 0x000000  1.181818
58581.380593 20.103715 NaN   -6    11 c    0   1.09 160.25912 -27.08817  3612.59  5108.48 2.67 2.37  49.1 -0.390    19.56 21.43 02a58581o0336c 0x000000 -0.545455
58581.389332 20.103715 NaN   -4    11 c    0   0.96 160.25912 -27.08817  3595.81  5071.70 2.80 2.30  47.8 -0.382    19.53 21.38 02a58581o0355c 0x000000 -0.363636
58581.399937 20.362567 NaN    2     8 c    0   1.18 160.25912 -27.08817  3673.26  5150.26 2.42 2.33 -81.4 -0.407    19.57 21.42 02a58581o0377c 0x000000  0.250000
58581.409403 20.009244 NaN  -10    12 c    0   0.66 160.25912 -27.08817  3686.76  5032.10 2.89 2.33  48.9 -0.373    19.50 21.35 02a58581o0397c 0x000000 -0.833333
58605.344809 20.103715 NaN   -5    11 c    0   0.81 160.25912 -27.08817  6885.03  1239.70 2.73 2.47 -62.0 -0.401    19.44 21.47 02a58605o0227c 0x000000 -0.454545
58605.353743 20.207197 NaN   -4    10 c    0   1.68 160.25912 -27.08817  6867.63  1204.14 2.70 2.50 -69.3 -0.396    19.40 21.42 02a58605o0246c 0x000000 -0.400000
58605.362130 20.207197 NaN   -7    10 c    0   1.65 160.25912 -27.08817  6936.61  1281.83 2.70 2.50 -72.9 -0.397    19.34 21.42 02a58605o0264c 0x000000 -0.700000
58605.370995 20.009244 NaN    0    12 c    0   0.81 160.25912 -27.08817  6955.51  1164.67 2.69 2.50 -71.7 -0.394    19.36 21.38 02a58605o0283c 0x000000  0.000000
58609.310566 20.321591 NaN   -3     9 c    0   1.57 160.25912 -27.08817  2185.25  7030.05 2.78 2.48  49.6 -0.371    19.60 21.56 02a58609o0067c 0x000000 -0.333333
58609.317561 20.103715 NaN  -19    11 c    0   0.99 160.25912 -27.08817  2169.61  6991.56 2.62 2.46  56.1 -0.380    19.61 21.51 02a58609o0082c 0x000000 -1.727273
58609.324545 20.207197 NaN    3     9 c    0   0.98 160.25912 -27.08817  2239.89  7069.67 2.65 2.46 -70.0 -0.396    19.57 21.49 02a58609o0097c 0x000000  0.333333
58609.331501 20.207197 NaN   -2    10 c    0   0.87 160.25912 -27.08817  2258.31  6954.16 2.65 2.49 -78.0 -0.396    19.58 21.49 02a58609o0112c 0x000000 -0.200000
58633.266445 19.922338 NaN   -2    13 c    0   0.76 160.25912 -27.08817  7454.30  9979.53 3.03 2.50  50.1 -0.391    19.48 21.16 02a58633o0081c 0x000000 -0.153846
58633.269200 19.674510 NaN   13    12 c    0   0.90 160.25912 -27.08817  7435.19  9939.75 3.04 2.53  52.2 -0.385    19.46 21.17 02a58633o0087c 0x080010  1.083333
58633.274775 20.009244 NaN  -12    12 c    0   1.07 160.25912 -27.08817  7495.78 10017.74 3.01 2.50  52.0 -0.391    19.47 21.17 02a58633o0099c 0x000000 -1.000000
58633.284476 19.652575 NaN   14    12 c    0   1.04 160.25912 -27.08817  7516.36  9900.58 3.04 2.54  51.5 -0.389    19.46 21.19 02a58633o0120c 0x000000  1.166667
58637.280567 20.207197 NaN  -15    10 c    0   0.98 160.25912 -27.08817  2884.13  8010.93 2.82 2.48  55.1 -0.373    19.52 21.26 02a58637o0103c 0x000000 -1.500000
58637.298043 19.922338 NaN    3    12 c    0   0.87 160.25912 -27.08817  2868.36  7969.08 2.56 2.50  71.3 -0.393    19.49 21.30 02a58637o0140c 0x000000  0.250000
58637.301897 19.950541 NaN    2    12 c    0   1.02 160.25912 -27.08817  2928.84  8048.48 2.56 2.45  84.0 -0.391    19.51 21.27 02a58637o0148c 0x000000  0.166667
58637.307934 20.137125 NaN    2    10 c    0   1.21 160.25912 -27.08817  2949.29  7930.59 2.70 2.44  62.8 -0.377    19.43 21.27 02a58637o0161c 0x000000  0.200000
58789.633208 19.719755 NaN   14    11 c    0   1.02 160.25912 -27.08817  9658.20  2477.25 2.64 2.53   9.0 -0.391    19.29 20.98 02a58789o0864c 0x000000  1.272727
58789.636510 20.009244 NaN   -1    12 c    0   1.09 160.25912 -27.08817  9678.16  2516.71 2.56 2.45   6.3 -0.391    19.34 20.92 02a58789o0871c 0x000000 -0.083333
58789.640246 20.009244 NaN   -6    12 c    0   1.45 160.25912 -27.08817  9620.28  2437.72 2.55 2.42 -44.4 -0.402    19.27 20.70 02a58789o0879c 0x080030 -0.500000
58789.643498 19.529530 NaN    8    16 c    0   1.40 160.25912 -27.08817  9599.41  2554.24 2.53 2.38 -52.5 -0.401    19.05 20.28 02a58789o0886c 0x000000  0.500000
58841.539603 20.282105 NaN    4     8 c    0   1.25 160.25912 -27.08817  7693.22  2536.36 2.49 2.40  26.5 -0.386    19.67 21.69 02a58841o0757c 0x000000  0.500000
58841.542411 20.282105 NaN    4     8 c    0   1.00 160.25912 -27.08817  7712.99  2575.41 2.45 2.37  44.1 -0.389    19.45 21.40 02a58841o0763c 0x000000  0.500000
58841.548631 20.321591 NaN  -13     9 c    0   0.68 160.25912 -27.08817  7650.88  2498.13 2.55 2.41  31.6 -0.384    19.66 21.70 02a58841o0776c 0x000000 -1.444444
58841.558698 20.321591 NaN   -4     9 c    0   1.03 160.25912 -27.08817  7626.71  2615.28 2.69 2.37  28.3 -0.380    19.68 21.74 02a58841o0796c 0x000000 -0.444444
58845.614233 20.207197 NaN    6     8 c    0   1.60 160.25912 -27.08817  4812.83  7930.91 2.77 2.50  38.7 -0.384    19.73 21.88 02a58845o0814c 0x000000  0.750000
58845.617956 20.449472 NaN   -3     8 c    0   1.38 160.25912 -27.08817  4795.28  7891.93 2.81 2.56  42.4 -0.381    19.66 21.84 02a58845o0822c 0x000000 -0.375000
58845.623932 19.696897 NaN   -1    16 c    0   0.82 160.25912 -27.08817  4856.52  7968.34 2.71 2.49  40.5 -0.389    19.24 21.26 02a58845o0835c 0x000000 -0.062500
58869.443306 20.103715 NaN    9     8 c    0   1.62 160.25912 -27.08817  9364.48   800.11 2.72 2.31 -59.4 -0.415    19.66 21.87 02a58869o0512c 0x000000  1.125000
58869.448814 20.449472 NaN   -4     8 c    0   1.03 160.25912 -27.08817  9380.93   839.83 2.72 2.29 -58.6 -0.408    19.68 21.88 02a58869o0523c 0x000000 -0.500000
58869.457576 19.979496 NaN    7    10 c    0   0.78 160.25912 -27.08817  9319.27   761.04 2.57 2.29 -58.5 -0.414    19.72 21.90 02a58869o0541c 0x000000  0.700000
58869.460356 20.594452 NaN  -11     7 c    0   1.29 160.25912 -27.08817  9299.01   878.87 2.48 2.23 -56.9 -0.414    19.75 21.91 02a58869o0547c 0x000000 -1.571429
58873.515393 20.282105 NaN    4     8 c    0   1.57 160.25912 -27.08817  1183.41  9740.21 2.44 2.30 -32.6 -0.447    19.75 21.81 02a58873o0662c 0x000000  0.500000
58873.523276 20.449472 NaN   -6     8 c    0   1.18 160.25912 -27.08817  1165.73  9703.12 2.42 2.31 -31.4 -0.443    19.73 21.81 02a58873o0679c 0x000000 -0.750000
58873.525818 20.449472 NaN    0     8 c    0   1.13 160.25912 -27.08817  9326.49   765.61 2.41 2.25 -56.4 -0.410    19.76 21.82 02a58873o0684c 0x000000  0.000000
58873.540280 20.103715 NaN  -10    11 c    0   0.71 160.25912 -27.08817  1247.86  9667.89 2.47 2.36 -36.9 -0.439    19.71 21.81 02a58873o0714c 0x000000 -0.909091
58877.492944 20.321591 NaN    3     8 c    0   1.11 160.25912 -27.08817  3934.24  4650.68 2.68 2.51  27.2 -0.389    19.70 21.90 02a58877o0611c 0x000000  0.375000
58877.495808 20.321591 NaN   -6     9 c    0   0.87 160.25912 -27.08817  3953.51  4689.23 2.54 2.40  23.4 -0.393    19.75 21.90 02a58877o0617c 0x000000 -0.666667
58877.513549 20.321591 NaN   -4     9 c    0   0.94 160.25912 -27.08817  6666.50  5937.62 2.68 2.53  43.0 -0.400    19.73 21.90 02a58877o0655c 0x400110 -0.444444
58877.518804 20.103715 NaN    9     8 c    0   1.44 160.25912 -27.08817  3871.54  4730.66 2.78 2.35  30.4 -0.382    19.73 21.90 02a58877o0666c 0x000000  1.125000
58929.435187 19.674510 NaN   16    11 c    0   1.12 160.25912 -27.08817  9435.04  9876.45 2.99 2.72 -58.7 -0.372    19.62 21.53 02a58929o0452c 0x080010  1.454545
58929.438409 19.922338 NaN    6    11 c    0   1.04 160.25912 -27.08817  9413.24  9830.95 2.98 2.65 -61.8 -0.371    19.66 21.52 02a58929o0459c 0x000000  0.545455
58929.444306 20.103715 NaN   -9    11 c    0   0.92 160.25912 -27.08817  9476.28  9915.37 3.17 2.66 -55.4 -0.373    19.60 21.54 02a58929o0471c 0x000000 -0.818182
58929.454550 19.950541 NaN    2    12 c    0   0.75 160.25912 -27.08817  9496.49  9799.44 3.03 2.68 -57.8 -0.367    19.66 21.51 02a58929o0492c 0x000000  0.166667
58937.440583 20.207197 NaN    6     8 c    0   1.49 160.25912 -27.08817   705.86  3519.18 2.60 2.35  46.2 -0.389    19.57 21.54 02a58937o0045c 0x000000  0.750000
58937.444312 20.207197 NaN   -5    10 c    0   1.04 160.25912 -27.08817   685.69  3480.41 2.60 2.45  61.7 -0.389    19.55 21.51 02a58937o0053c 0x000000 -0.500000
58937.450832 20.321591 NaN  -11     9 c    0   1.28 160.25912 -27.08817   745.88  3557.91 2.48 2.36  83.9 -0.400    19.58 21.48 02a58937o0067c 0x000000 -1.222222
58957.304278 19.841877 NaN   -5    14 c    0   1.03 160.25912 -27.08817  1680.47  4288.02 2.53 2.46  15.7 -0.395    19.24 20.97 02a58957o0147c 0x000000 -0.357143
58957.308367 19.766969 NaN   12    11 c    0   1.19 160.25912 -27.08817  1701.19  4327.11 2.49 2.39  18.2 -0.399    19.35 21.04 02a58957o0155c 0x000000  1.090909
58957.314344 19.529530 NaN   11    15 c    0   0.90 160.25912 -27.08817  8905.70  6300.11 2.93 2.62  42.1 -0.374    19.23 21.02 02a58957o0167c 0x000000  0.733333
58957.328289 19.510313 NaN   -4    19 c    0   0.75 160.25912 -27.08817  8924.43  6183.89 3.06 2.53  39.1 -0.365    18.97 20.74 02a58957o0194c 0x000000 -0.210526
58961.354909 19.950541 NaN    2    12 c    0   0.82 160.25912 -27.08817  8862.88  6271.73 2.88 2.51  49.7 -0.374    19.56 21.39 02a58961o0280c 0x000000  0.166667
58961.358114 19.979496 NaN    4    11 c    0   0.85 160.25912 -27.08817  8842.87  6238.51 2.86 2.50  47.8 -0.373    19.57 21.39 02a58961o0287c 0x000000  0.363636
58961.363726 19.631075 NaN   15    12 c    0   0.86 160.25912 -27.08817  8901.48  6313.43 3.15 2.53  41.3 -0.354    19.50 21.38 02a58961o0299c 0x000000  1.250000
58961.374301 19.719755 NaN   20     9 c    0   1.43 160.25912 -27.08817  8923.21  6195.81 2.79 2.54  50.5 -0.376    19.55 21.32 02a58961o0322c 0x000000  2.222222
58965.329887 20.207197 NaN   -3    10 c    0   1.35 160.25912 -27.08817  8543.24  1711.80 2.53 2.34 -69.9 -0.393    19.52 21.26 02a58965o0222c 0x000000 -0.300000
58965.334502 20.103715 NaN    0    11 c    0   0.93 160.25912 -27.08817  8524.83  1673.16 2.68 2.37 -61.7 -0.401    19.49 21.25 02a58965o0232c 0x000000  0.000000
58965.340056 20.321591 NaN    0     9 c    0   1.27 160.25912 -27.08817  8582.68  1754.43 2.63 2.32 -61.3 -0.398    19.54 21.24 02a58965o0244c 0x400110  0.000000
58965.351272 20.207197 NaN   -7    10 c    0   1.55 160.25912 -27.08817  8603.78  1635.73 2.77 2.41 -61.0 -0.400    19.49 21.25 02a58965o0268c 0x000000 -0.700000
58981.321584 20.207197 NaN   -5    10 c    0   0.96 160.25912 -27.08817  2490.97  1510.67 2.67 2.34 -62.3 -0.417    19.62 21.50 02a58981o0196c 0x000000 -0.500000
58981.325752 19.674510 NaN   22     9 c    0   1.50 160.25912 -27.08817  2471.13  1472.69 2.52 2.34 -77.2 -0.418    19.62 21.51 02a58981o0205c 0x000000  2.444444
58981.332231 19.766969 NaN   15    10 c    0   0.92 160.25912 -27.08817  2530.54  1548.53 2.58 2.39 -76.7 -0.413    19.57 21.49 02a58981o0219c 0x000000  1.500000
58981.348417 20.009244 NaN   -2    12 c    0   0.70 160.25912 -27.08817  2550.95  1432.07 2.79 2.50 -63.6 -0.412    19.51 21.43 02a58981o0254c 0x000000 -0.166667
58985.262985 20.449472 NaN   -6     8 c    0   1.34 160.25912 -27.08817  2495.47  1510.65 2.57 2.38  59.7 -0.410    19.53 21.37 02a58985o0067c 0x000000 -0.750000
58985.270340 20.207197 NaN    6     8 c    0   1.56 160.25912 -27.08817  2475.35  1469.66 2.56 2.33  56.3 -0.412    19.54 21.34 02a58985o0083c 0x000000  0.750000
58985.274937 20.207197 NaN   -3    10 c    0   0.91 160.25912 -27.08817  2533.99  1550.72 2.49 2.34  68.3 -0.416    19.59 21.33 02a58985o0093c 0x000000 -0.300000
58985.285505 19.979496 NaN   10     9 c    0   1.08 160.25912 -27.08817  2557.67  1434.62 2.49 2.35  76.5 -0.418    19.58 21.34 02a58985o0116c 0x000000  1.111111
58989.272977 19.743105 NaN   10    12 c    0   1.11 160.25912 -27.08817   899.11  8076.05 2.77 2.71  77.2 -0.393    19.49 21.36 02a58989o0085c 0x000000  0.833333
58989.275766 19.743105 NaN   13    11 c    0   0.88 160.25912 -27.08817   879.98  8035.82 2.67 2.57 -83.1 -0.409    19.51 21.37 02a58989o0091c 0x000000  1.181818
58989.282245 20.321591 NaN  -13     9 c    0   1.29 160.25912 -27.08817   938.21  8117.60 2.54 2.49  85.5 -0.411    19.59 21.38 02a58989o0105c 0x000000 -1.444444
58989.292422 20.207197 NaN  -12    10 c    0   0.94 160.25912 -27.08817   960.31  8002.84 2.64 2.56  62.2 -0.397    19.52 21.39 02a58989o0127c 0x000000 -1.200000
59016.251021 17.099602 NaN   96   143 c    0   0.54 160.25912 -27.08817 10499.50  1576.50 2.97 2.19 -55.6 -0.424    17.83 18.59 02a59016o0020c 0x900002  0.671329
59016.254249 18.702047 NaN  -28    40 c    0   1.14 160.25912 -27.08817 10481.29  1536.81 2.68 2.18 -53.8 -0.417    18.45 19.41 02a59016o0027c 0xd00832 -0.700000
59169.623961 20.103715 NaN  -16    11 c    0   1.11 160.25912 -27.08817  1995.79  8846.19 2.56 2.45  20.5 -0.390    19.37 21.02 02a59169o0963c 0x002000 -1.454545
59169.634154 19.816329 NaN    4    13 c    0   1.30 160.25912 -27.08817  2015.52  8883.92 2.53 2.45 -48.9 -0.403    19.36 20.94 02a59169o0985c 0x002000  0.307692
59169.644784 15.758206 NaN  -83   602 c    0   0.86 160.25912 -27.08817  1960.10  8807.72 2.48 2.39 -46.4 -0.378    15.93 17.54 02a59169o1008c 0x100002 -0.137874
59169.653030       NaN NaN    0     0 c    0  -2.00 160.25912 -27.08817  1898.15  8880.68 3.06 2.84 -52.1 -0.333    15.20 16.64 02a59169o1026c 0x100002       NaN
59195.600290 20.207197 NaN   -8    10 c    0   1.07 160.25912 -27.08817  4745.56  1943.34 3.75 2.74   2.4 -0.328    19.42 21.77 01a59195o0901c 0x000000 -0.800000
59195.603056 20.207197 NaN   -2    10 c    0   0.99 160.25912 -27.08817  4726.68  1904.31 3.24 2.65 -13.7 -0.361    19.54 21.76 01a59195o0907c 0x000000 -0.200000
59195.609505 20.321591 NaN  -13     9 c    0   1.13 160.25912 -27.08817  4784.84  1983.12 3.15 2.76  -0.9 -0.330    19.57 21.80 01a59195o0921c 0x000000 -1.444444
59195.619987 20.207197 NaN    0    10 c    0   1.23 160.25912 -27.08817  4806.09  1866.26 3.44 2.89   9.1 -0.333    19.44 21.72 01a59195o0943c 0x000000  0.000000
59197.601746 20.207197 NaN    3     9 c    0   1.19 160.25912 -27.08817  3816.24  6778.26 2.55 2.35  33.9 -0.386    19.71 21.72 02a59197o0882c 0x000000  0.333333
59197.604490 20.321591 NaN    0     9 c    0   1.10 160.25912 -27.08817  3835.85  6816.70 2.42 2.35  25.2 -0.396    19.75 21.71 02a59197o0888c 0x000000  0.000000
59197.607235 19.674510 NaN   19    10 c    0   0.90 160.25912 -27.08817  3777.29  6739.56 2.54 2.33  32.2 -0.388    19.73 21.72 02a59197o0894c 0x000000  1.900000
59197.613181 20.207197 NaN    6     8 c    0   1.58 160.25912 -27.08817  3758.51  6856.52 2.49 2.37  36.6 -0.392    19.71 21.70 02a59197o0907c 0x000000  0.750000
59205.597139 20.039830 NaN   11     8 c    0   2.09 160.25912 -27.08817  1893.44  6896.43 2.48 2.35 -54.2 -0.404    19.65 21.52 02a59205o0871c 0x000000  1.375000
59205.598969 20.282105 NaN    1     9 c    0   1.30 160.25912 -27.08817  1911.54  6934.59 2.52 2.39 -57.5 -0.405    19.67 21.52 02a59205o0875c 0x000000  0.111111
59205.602629 20.171596 NaN    7     8 c    0   1.83 160.25912 -27.08817  1855.60  6858.87 2.58 2.38 -57.7 -0.411    19.62 21.55 02a59205o0883c 0x000000  0.875000
59205.610055 20.321591 NaN   -7     9 c    0   1.10 160.25912 -27.08817  1832.87  6973.28 2.47 2.42 -42.5 -0.400    19.67 21.58 02a59205o0899c 0x000000 -0.777778
59207.583494 19.652575 NaN   20    10 c    0   0.84 160.25912 -27.08817  9012.55  8203.72 2.90 2.67   8.9 -0.327    19.62 21.69 01a59207o0830c 0x000000  2.000000
59207.585795 20.137125 NaN    5     9 c    0   1.43 160.25912 -27.08817  8993.35  8165.97 2.75 2.70 -39.1 -0.334    19.64 21.70 01a59207o0835c 0x000000  0.555556
59207.588562 20.207197 NaN  -13    10 c    0   0.94 160.25912 -27.08817  9054.05  8242.55 2.84 2.83 -11.7 -0.329    19.63 21.70 01a59207o0841c 0x000000 -1.300000
59207.600082 20.137125 NaN    5     9 c    0   1.14 160.25912 -27.08817  9076.21  8125.63 3.05 2.55  -5.0 -0.327    19.64 21.76 01a59207o0866c 0x000000  0.555556
59223.537934 19.454622 NaN  -46    20 c    0   1.06 160.25912 -27.08817  9478.47  9855.18 2.74 2.67  63.7 -0.348    18.85 20.97 01a59223o0742c 0x002000 -2.300000
59223.541159 19.401649 NaN   18    15 c    0   0.98 160.25912 -27.08817  9457.11  9814.98 2.84 2.70  55.3 -0.327    18.87 20.96 01a59223o0749c 0x002000  1.200000
59223.552139 19.351140 NaN  -20    22 c    0   1.26 160.25912 -27.08817  9521.98  9892.52 2.93 2.79  65.5 -0.344    18.70 20.89 01a59223o0772c 0x400220 -0.909091
59223.561753 16.233254 NaN  479   229 c    0   1.68 160.25912 -27.08817  9541.18  9773.62 2.79 2.64  56.0 -0.430    15.53 17.70 01a59223o0792c 0x500812  2.091703
59227.514706 20.171596 NaN    7     8 c    0   1.00 160.25912 -27.08817   739.81  3534.76 2.39 2.28  61.3 -0.371    19.85 22.14 01a59227o0636c 0x000000  0.875000
59227.523867 20.362567 NaN    2     8 c    0   1.02 160.25912 -27.08817   724.04  3496.60 2.78 2.30  21.1 -0.349    19.77 22.15 01a59227o0655c 0x000000  0.250000
59227.525712 20.362567 NaN    5     7 c    0   1.34 160.25912 -27.08817   782.09  3575.81 2.33 2.16  69.5 -0.380    19.88 22.15 01a59227o0659c 0x000000  0.714286
59227.530783 20.449472 NaN   -9     8 c    0   1.25 160.25912 -27.08817   801.73  3461.38 2.67 2.36  43.4 -0.362    19.77 22.15 01a59227o0670c 0x000000 -1.125000
59229.529061 20.321591 NaN    6     7 c    0   1.66 160.25912 -27.08817  3116.57   575.90 2.38 2.25  64.5 -0.405    19.73 21.74 02a59229o0722c 0x000000  0.857143
59229.530892 20.137125 NaN    5     9 c    0   0.86 160.25912 -27.08817  3137.57   616.86 2.41 2.28 -74.8 -0.410    19.77 21.76 02a59229o0726c 0x000000  0.555556
59229.534553 20.321591 NaN    0     9 c    0   0.86 160.25912 -27.08817  3077.64   538.14 2.44 2.24 -69.8 -0.409    19.76 21.77 02a59229o0734c 0x000000  0.000000
59229.540443 20.449472 NaN    0     8 c    0   1.29 160.25912 -27.08817  3056.75   656.23 2.40 2.21 -69.5 -0.416    19.74 21.78 02a59229o0746c 0x000000  0.000000
59231.508049 20.321591 NaN  -12     9 c    0   1.04 160.25912 -27.08817   742.63  3534.70 3.06 2.56  78.2 -0.372    19.71 22.06 01a59231o0544c 0x000000 -1.333333
59231.509893 19.922338 NaN   18     7 c    0   1.29 160.25912 -27.08817   723.86  3495.92 2.81 2.48  69.4 -0.372    19.77 22.07 01a59231o0548c 0x000000  2.571429
59231.513122 19.894850 NaN   13     9 c    0   1.06 160.25912 -27.08817   782.31  3575.49 3.11 2.71  75.4 -0.351    19.66 22.07 01a59231o0555c 0x000000  1.444444
59231.518208 20.321591 NaN    0     9 c    0   1.02 160.25912 -27.08817   803.14  3460.63 3.05 2.80  74.7 -0.356    19.64 22.08 01a59231o0566c 0x000000  0.000000
59235.618917 20.009244 NaN    9     9 c    0   0.67 160.25912 -27.08817  5059.04   473.06 2.46 2.40 -18.8 -0.420    19.63 21.81 01a59235o0085c 0x000000  1.000000
59235.622144 20.449472 NaN   -5     8 c    0   1.15 160.25912 -27.08817  5079.77   512.16 2.45 2.41 -32.1 -0.430    19.62 21.76 01a59235o0092c 0x000000 -0.625000
59235.627696 19.868040 NaN   11    10 c    0   1.03 160.25912 -27.08817  5018.05   434.81 2.55 2.32   6.1 -0.423    19.58 21.72 01a59235o0104c 0x000000  1.100000
59235.649919 19.979496 NaN    4    11 c    0   0.69 160.25912 -27.08817  4998.74   555.27 2.41 2.37  58.0 -0.442    19.53 21.66 01a59235o0152c 0x000000  0.363636
59253.529405 20.321591 NaN   -4     9 c    0   1.07 160.25912 -27.08817  6625.92  1838.17 2.69 2.67 -73.5 -0.371    19.59 21.78 02a59253o0414c 0x000000 -0.444444
59253.532617 20.362567 NaN    2     8 c    0   1.40 160.25912 -27.08817  6608.05  1799.62 2.55 2.50  61.5 -0.378    19.65 21.77 02a59253o0421c 0x000000  0.250000
59253.539080 19.766969 NaN   15    10 c    0   0.95 160.25912 -27.08817  6665.61  1877.62 2.85 2.79  11.3 -0.377    19.58 21.77 02a59253o0435c 0x000000  1.500000
59253.549605 20.207197 NaN   -3    10 c    0   0.92 160.25912 -27.08817  6685.80  1761.93 2.86 2.82 -56.8 -0.365    19.54 21.75 02a59253o0458c 0x000000 -0.300000
59255.461476 19.894850 NaN   10    10 c    0   1.25 160.25912 -27.08817  8886.86  6259.71 3.12 3.01  70.5 -0.354    19.53 22.07 01a59255o0534c 0x400110  1.000000
59255.464234 20.207197 NaN   -4    10 c    0   1.21 160.25912 -27.08817  8867.79  6222.10 3.03 2.86  77.5 -0.361    19.60 22.07 01a59255o0540c 0x000000 -0.400000
59255.467000 19.719755 NaN   17    10 c    0   1.00 160.25912 -27.08817  8926.49  6297.76 3.04 2.87  74.8 -0.365    19.58 22.04 01a59255o0546c 0x000000  1.700000
59255.472524 19.791368 NaN   17     9 c    0   1.21 160.25912 -27.08817  8946.30  6180.13 2.95 2.84  69.6 -0.359    19.65 22.05 01a59255o0558c 0x000000  1.888889
59257.421569 20.449472 NaN   -8     8 c    0   1.22 160.25912 -27.08817  3922.86  8722.94 2.48 2.39  29.0 -0.389    19.74 21.75 02a59257o0468c 0x000000 -1.000000
59257.447642 19.631075 NaN   24     9 c    0   0.95 160.25912 -27.08817  3948.05  8761.05 2.52 2.49  35.2 -0.388    19.73 21.83 02a59257o0524c 0x000000  2.666667
59257.450854 19.894850 NaN   16     8 c    0   1.87 160.25912 -27.08817  3888.08  8684.48 2.47 2.45 -68.8 -0.391    19.78 21.84 02a59257o0531c 0x000000  2.000000
59257.454980 20.321591 NaN   -2     9 c    0   1.05 160.25912 -27.08817  3870.12  8799.62 2.44 2.41  67.2 -0.391    19.77 21.85 02a59257o0540c 0x000000 -0.222222
59259.491034 20.171596 NaN    7     8 c    0   0.99 160.25912 -27.08817  2034.08  8890.45 2.33 2.05 -72.1 -0.382    19.85 22.01 01a59259o0432c 0x000000  0.875000
59259.525945 19.719755 NaN   23     8 c    0   1.54 160.25912 -27.08817  2062.10  8923.82 2.93 2.65 -69.8 -0.354    19.61 21.89 01a59259o0507c 0x400110  2.875000
59259.529170 20.449472 NaN  -13     8 c    0   0.95 160.25912 -27.08817  2004.06  8847.14 2.66 2.37 -65.2 -0.377    19.67 21.87 01a59259o0514c 0x000000 -1.625000
59259.535617 20.321591 NaN    3     8 c    0   0.92 160.25912 -27.08817  1985.71  8962.10 2.49 2.25 -57.3 -0.374    19.74 21.82 01a59259o0528c 0x000000  0.375000
59261.485117 20.321591 NaN    0     9 c    0   1.43 160.25912 -27.08817   791.06  6132.46 2.50 2.34  43.7 -0.402    19.67 21.66 02a59261o0598c 0x000000  0.000000
59261.488783 19.816329 NaN   13    10 c    0   0.82 160.25912 -27.08817   772.75  6096.78 2.48 2.38  39.0 -0.404    19.66 21.67 02a59261o0606c 0x000000  1.300000
59261.494324 20.405150 NaN    1     8 c    0   1.49 160.25912 -27.08817   832.10  6174.98 2.45 2.32  44.9 -0.411    19.69 21.66 02a59261o0618c 0x000000  0.125000
59261.524405 20.321591 NaN   -2     9 c    0   2.02 160.25912 -27.08817   854.83  6058.98 2.56 2.39  45.2 -0.457    19.59 21.59 02a59261o0683c 0x000000 -0.222222
59263.522163 19.063754 NaN   14    24 c    0   1.60 160.25912 -27.08817  2059.45  8920.08 2.56 2.31 -60.4 -0.356    18.39 20.46 01a59263o0545c 0x002000  0.583333
59263.553950 17.259754 NaN   24   143 c    0   1.40 160.25912 -27.08817  1991.78  8958.31 2.74 2.48 -61.1 -0.364    16.28 18.39 01a59263o0613c 0x100002  0.167832
59265.524200 19.816329 NaN   10    11 c    0   1.00 160.25912 -27.08817   793.28  6135.39 3.05 2.77  42.4 -0.365    19.44 21.58 02a59265o0377c 0x002000  0.909091
59265.527419 19.401649 NaN  -12    21 c    0   1.53 160.25912 -27.08817   774.76  6094.27 3.55 3.42  52.1 -0.396    18.46 20.71 02a59265o0384c 0x002000 -0.571429
59265.543950 19.089302 NaN   -8    28 c    0   0.89 160.25912 -27.08817   856.53  6058.44 3.18 2.95  43.1 -0.364    18.44 20.51 02a59265o0420c 0x100002 -0.285714
59307.363893 20.321591 NaN   -2     9 c    0   0.87 160.25912 -27.08817 10017.56  8969.59 2.63 2.37  80.7 -0.355    19.83 21.50 01a59307o0296c 0x000000 -0.222222
59307.364354 20.207197 NaN   -3    10 c    0   0.83 160.25912 -27.08817   109.22  9054.49 2.55 2.19 -74.6 -0.414    19.80 21.50 01a59307o0297c 0x000000 -0.300000
59307.368055 19.979496 NaN   13     8 c    0   1.08 160.25912 -27.08817 10035.47  9009.46 2.58 2.32  83.1 -0.357    19.87 21.50 01a59307o0305c 0x000000  1.625000
59307.369899 19.950541 NaN   11     9 c    0   1.19 160.25912 -27.08817   128.25  9092.37 2.59 2.23 -74.4 -0.409    19.78 21.50 01a59307o0309c 0x000000  1.222222
59307.374976 20.009244 NaN    6    10 c    0   0.96 160.25912 -27.08817  9977.72  8929.41 2.72 2.47  79.5 -0.351    19.78 21.45 01a59307o0320c 0x000000  0.600000
59307.376356 19.922338 NaN    3    12 c    0   1.82 160.25912 -27.08817    71.10  9015.47 2.51 2.21 -74.1 -0.407    19.81 21.47 01a59307o0323c 0x000000  0.250000
59307.390496 20.009244 NaN    9     9 c    0   0.96 160.25912 -27.08817  9956.80  9045.86 2.78 2.60  67.2 -0.332    19.75 21.49 01a59307o0352c 0x000000  1.000000
59307.391879 19.841877 NaN  -18    14 c    0   1.00 160.25912 -27.08817    52.08  9133.21 2.52 2.19 -67.7 -0.408    19.80 21.51 01a59307o0355c 0x000000 -1.285714
59311.340219 20.244005 NaN    2     9 c    0   1.04 160.25912 -27.08817 10015.68  8972.88 2.69 2.40  78.5 -0.349    19.71 21.56 01a59311o0266c 0x000000  0.222222
59311.343444 20.244005 NaN    2     9 c    0   1.85 160.25912 -27.08817 10035.77  9011.56 2.58 2.33  81.6 -0.352    19.59 21.40 01a59311o0273c 0x000000  0.222222
59311.349466 19.868040 NaN   14     9 c    0   0.95 160.25912 -27.08817  9977.46  8930.70 2.77 2.45  81.6 -0.345    19.67 21.57 01a59311o0286c 0x080010  1.555556
59311.351768 19.652575 NaN   20    10 c    0   1.53 160.25912 -27.08817   109.55  9053.73 2.42 2.12 -70.6 -0.404    19.75 21.62 01a59311o0291c 0x000000  2.000000
59311.384042 20.009244 NaN  -10    12 c    0   0.83 160.25912 -27.08817  9957.75  9046.44 2.70 2.45  72.4 -0.348    19.56 21.35 01a59311o0360c 0x000000 -0.833333
59311.385884 19.589310 NaN   14    13 c    0   0.75 160.25912 -27.08817   130.42  9089.58 2.56 2.25 -57.6 -0.398    19.55 21.43 01a59311o0364c 0x000000  1.076923
59311.414384 18.878500 NaN    3    33 c    0   1.07 160.25912 -27.08817    74.29  9009.22 2.68 2.36 -60.6 -0.397    18.76 20.57 01a59311o0425c 0x100002  0.090909
59311.417608 18.396507 NaN  -64    53 c    0   1.19 160.25912 -27.08817    55.86  9126.73 2.63 2.23 -59.1 -0.400    18.58 20.33 01a59311o0432c 0x100002 -1.207547
59315.357427 20.594452 NaN   -7     7 c    0   1.38 160.25912 -27.08817  5855.74  4577.54 2.25 2.18 -17.5 -0.360    19.95 21.66 01a59315o0301c 0x000000 -1.000000
59315.360674 20.009244 NaN   15     7 c    0   1.16 160.25912 -27.08817  5874.32  4616.39 2.22 2.11 -79.1 -0.379    19.95 21.63 01a59315o0308c 0x000000  2.142857
59315.366673 20.594452 NaN   -2     7 c    0   1.09 160.25912 -27.08817  5816.73  4538.45 2.22 2.12 -71.9 -0.371    19.92 21.61 01a59315o0321c 0x000000 -0.285714
59315.376819 20.594452 NaN    0     7 c    0   1.61 160.25912 -27.08817  5799.54  4651.92 2.22 2.13 -40.6 -0.370    19.92 21.56 01a59315o0343c 0x000000  0.000000
59319.338541 20.244005 NaN    8     7 c    0   1.11 160.25912 -27.08817  5853.97  4578.99 2.31 2.18 -81.2 -0.379    19.92 21.70 01a59319o0259c 0x000000  1.142857
59319.342227 20.761819 NaN   -4     6 c    0   1.01 160.25912 -27.08817  5873.78  4616.69 2.32 2.17 -71.7 -0.379    19.94 21.71 01a59319o0267c 0x000000 -0.666667
59319.348222 20.207197 NaN    9     7 c    0   1.49 160.25912 -27.08817  5815.88  4539.09 2.34 2.20 -79.4 -0.375    19.92 21.71 01a59319o0280c 0x000000  1.285714
59319.359299 20.761819 NaN    0     6 c    0   1.47 160.25912 -27.08817  5798.93  4651.49 2.33 2.24 -40.4 -0.365    19.94 21.67 01a59319o0304c 0x000000  0.000000
59337.317477 19.384550 NaN    7    19 c    0   1.30 160.25912 -27.08817   718.92  3519.69 2.50 2.41 -77.3 -0.399    18.78 20.59 02a59337o0197c 0x000000  0.368421
59337.320714 19.743105 NaN    7    13 c    0   0.94 160.25912 -27.08817   698.88  3480.47 2.39 2.32  66.2 -0.409    19.18 21.08 02a59337o0204c 0x000000  0.538462
59337.328042 19.766969 NaN   15    10 c    0   1.16 160.25912 -27.08817   756.57  3559.47 2.47 2.40  66.3 -0.414    19.46 21.32 02a59337o0220c 0x000000  1.500000
59337.338600 20.137125 NaN    2    10 c    0   1.05 160.25912 -27.08817   776.53  3443.43 2.41 2.35  84.1 -0.407    19.44 21.29 02a59337o0243c 0x000000  0.200000
59349.287624 20.039830 NaN    2    11 c    0   0.96 160.25912 -27.08817  2749.35  6075.06 2.73 2.61  74.6 -0.377    19.43 21.28 02a59349o0098c 0x000000  0.181818
59349.293154 19.674510 NaN   16    11 c    0   1.34 160.25912 -27.08817  2729.13  6036.08 2.82 2.71  58.4 -0.382    19.39 21.28 02a59349o0110c 0x000000  1.454545
59349.300513 19.894850 NaN   10    10 c    0   1.14 160.25912 -27.08817  2789.37  6116.59 2.53 2.43  60.4 -0.388    19.51 21.28 02a59349o0126c 0x000000  1.000000
59349.303722 19.549093 NaN   22    11 c    0   1.11 160.25912 -27.08817  2810.53  6000.93 2.60 2.49  82.7 -0.390    19.44 21.27 02a59349o0133c 0x000000  2.000000
59367.265158 20.103715 NaN  -12    11 c    0   0.84 160.25912 -27.08817  9311.53   784.15 2.57 2.43  -9.0 -0.348    19.66 21.14 01a59367o0067c 0x000000 -1.090909
59367.268403 20.207197 NaN   -5    10 c    0   1.09 160.25912 -27.08817  9331.52   824.36 2.45 2.37 -22.0 -0.364    19.67 21.15 01a59367o0074c 0x000000 -0.500000
59367.273942 19.696897 NaN   15    11 c    0   1.36 160.25912 -27.08817  9270.33   745.84 2.42 2.34  -9.8 -0.368    19.67 21.14 01a59367o0086c 0x000000  1.363636
59367.285006 19.696897 NaN   18    10 c    0   0.89 160.25912 -27.08817  9249.00   863.93 2.43 2.36 -57.7 -0.366    19.63 21.08 01a59367o0110c 0x000000  1.800000
59371.252918 20.103715 NaN   -7    11 c    0   0.99 160.25912 -27.08817  3913.72  4680.41 2.40 2.29 -80.0 -0.368    19.42 20.67 01a59371o0036c 0x000000 -0.636364
59371.257073 19.696897 NaN   18    10 c    0   1.27 160.25912 -27.08817  3933.90  4718.05 2.36 2.30 -63.9 -0.368    19.56 20.96 01a59371o0045c 0x000000  1.800000
59371.263541 20.071303 NaN    4    10 c    0   0.96 160.25912 -27.08817  3875.10  4641.95 2.42 2.27 -83.6 -0.373    19.61 21.11 01a59371o0059c 0x000000  0.400000
59371.275520 20.207197 NaN   -2    10 c    0   1.01 160.25912 -27.08817  3856.38  4756.47 2.34 2.23 -81.8 -0.379    19.68 21.23 01a59371o0085c 0x000000 -0.200000
59525.624507 19.674510 NaN    7    14 c    0   1.02 160.25912 -27.08817  1110.64   697.20 2.90 2.59 -66.4 -0.396    19.15 20.67 02a59525o0399c 0x000000  0.500000
59525.635969 19.922338 NaN  -16    13 c    0   1.37 160.25912 -27.08817  1132.36   733.99 2.52 2.28 -72.5 -0.423    19.28 20.72 02a59525o0424c 0x000000 -1.230769
59525.645144 19.631075 NaN  -10    17 c    0   1.05 160.25912 -27.08817  1072.09   654.81 2.73 2.47 -70.7 -0.409    18.92 20.12 02a59525o0444c 0x000000 -0.588235
59529.625056 19.419021 NaN   26    12 c    0   1.34 160.25912 -27.08817  1105.29   698.11 2.48 2.30 -69.4 -0.426    19.31 20.80 02a59529o0957c 0x000000  2.166667
59529.636070 20.009244 NaN   -2    12 c    0   1.31 160.25912 -27.08817  1125.14   734.79 2.78 2.46 -61.3 -0.418    19.27 20.79 02a59529o0981c 0x000000 -0.166667
59529.646609 19.766969 NaN   -4    15 c    0   1.27 160.25912 -27.08817  1066.06   655.90 2.52 2.26 -63.0 -0.428    19.05 20.15 02a59529o1004c 0x000000 -0.266667
59529.653024 18.702047 NaN   30    30 c    0   1.17 160.25912 -27.08817  1046.44   773.10 2.45 2.26 -68.8 -0.433    18.03 18.71 02a59529o1018c 0x100002  1.000000