         MJD         m       dm   uJy  duJy F  err  chi/N        RA       Dec        x        y  maj  min   phi  apfit  mag5sig   Sky            Obs     Mask  __tmp_SN
57747.617896 19.696897      NaN    -4    16 c    0   0.83 160.26288 -27.08011  3704.62  5837.22 3.96 3.85  54.8 -0.376    19.59 21.58 02a57747o0863c 0x000000 -0.250000
57747.626599 19.419021      NaN    14    16 c    0   1.05 160.26288 -27.08011  3690.28  5797.71 3.80 3.68  57.6 -0.385    19.63 21.57 02a57747o0880c 0x000000  0.875000
57747.638110 19.419021      NaN    17    15 c    0   1.02 160.26288 -27.08011  3741.90  5875.60 3.90 3.80  38.1 -0.381    19.58 21.55 02a57747o0903c 0x000000  1.133333
57747.651580 19.419021      NaN     5    19 c    0   0.82 160.26288 -27.08011  3760.97  5758.91 4.52 3.88   3.8 -0.366    19.46 21.52 02a57747o0930c 0x000000  0.263158
57751.604071 19.766969      NaN   -25    15 c    0   0.90 160.26288 -27.08011  7099.45  4798.17 3.87 3.62  83.3 -0.389    19.72 21.78 02a57751o0354c 0x000000 -1.666667
57751.617616 19.766969      NaN   -24    15 c    0   1.05 160.26288 -27.08011  7066.82  4761.64 3.84 3.60  83.6 -0.391    19.67 21.69 02a57751o0381c 0x000000 -1.600000
57751.631659 19.491430      NaN    16    14 c    0   1.06 160.26288 -27.08011  7136.89  4841.31 3.85 3.60  85.1 -0.391    19.66 21.66 02a57751o0409c 0x000000  1.142857
57751.644682 19.401649      NaN    12    17 c    0   0.69 160.26288 -27.08011  7154.09  4724.60 3.89 3.67  86.6 -0.391    19.64 21.65 02a57751o0435c 0x000000  0.705882
57751.659753 19.510313      NaN     9    16 c    0   0.99 160.26288 -27.08011  7120.12  4783.83 3.87 3.65 -89.1 -0.393    19.52 21.42 02a57751o0465c 0x000000  0.562500
57755.593796 19.569016      NaN    15    13 c    0   1.01 160.26288 -27.08011  5886.73  7138.13 3.60 3.48  79.1 -0.430    19.76 21.75 02a57755o0768c 0x000000  1.153846
57755.607113 19.766969      NaN   -15    15 c    0   0.98 160.26288 -27.08011  5871.36  7101.83 3.62 3.50  84.7 -0.430    19.73 21.73 02a57755o0794c 0x000000 -1.000000
57755.621811 19.155932      NaN    37    14 c    0   1.05 160.26288 -27.08011  5941.29  7181.75 3.59 3.47  85.3 -0.432    19.72 21.69 02a57755o0822c 0x000000  2.642857
57755.640457 19.841877      NaN   -16    14 c    0   1.14 160.26288 -27.08011  5960.18  7063.38 3.61 3.51  82.7 -0.428    19.70 21.67 02a57755o0858c 0x000000 -1.142857
57755.649627 19.696897      NaN    -8    16 c    0   0.81 160.26288 -27.08011  5925.94  7122.87 3.75 3.60  83.7 -0.414    19.64 21.60 02a57755o0876c 0x000000 -0.500000
57779.531997 19.766969      NaN   -49    15 c    0   0.97 160.26288 -27.08011  5369.16  7482.56 3.70 3.67  55.4 -0.433    19.73 21.81 02a57779o0611c 0x001000 -3.266667
57779.548044 19.589310      NaN     8    15 c    0   0.89 160.26288 -27.08011  5353.52  7444.00 3.80 3.70  69.1 -0.416    19.71 21.77 02a57779o0642c 0x000000  0.533333
57779.564140 19.696897      NaN     3    15 c    0   0.98 160.26288 -27.08011  5407.80  7521.14 3.65 3.63  63.1 -0.435    19.71 21.74 02a57779o0673c 0x000000  0.200000
57779.579679 19.351140      NaN    18    16 c    0   1.11 160.26288 -27.08011  5426.29  7403.58 3.93 3.84  38.6 -0.409    19.68 21.78 02a57779o0703c 0x000000  1.125000
57779.595084 19.766969      NaN   -10    15 c    0   0.98 160.26288 -27.08011  5393.72  7461.67 3.88 3.80  23.0 -0.412    19.66 21.75 02a57779o0733c 0x000000 -0.666667
57783.527260 19.334813      NaN    22    15 c    0   0.88 160.26288 -27.08011  4443.20  5656.97 3.87 3.76 -83.8 -0.381    19.69 21.81 02a57783o0594c 0x000000  1.466667
57783.543369 19.696897      NaN   -10    16 c    0   0.81 160.26288 -27.08011  4427.00  5617.82 3.86 3.75 -80.9 -0.380    19.69 21.79 02a57783o0625c 0x000000 -0.625000
57783.559600 19.766969      NaN   -12    15 c    0   0.95 160.26288 -27.08011  4481.85  5694.79 4.08 3.95 -74.5 -0.364    19.63 21.83 02a57783o0656c 0x000000 -0.800000
57783.575718 19.791368      NaN     2    14 c    0   1.13 160.26288 -27.08011  4501.80  5577.11 3.85 3.73 -76.4 -0.381    19.71 21.85 02a57783o0687c 0x000000  0.142857
57783.591797 19.766969      NaN   -10    15 c    0   1.07 160.26288 -27.08011  4470.25  5634.85 3.98 3.88 -78.3 -0.373    19.66 21.85 02a57783o0718c 0x000000 -0.666667
57787.502251 19.334813      NaN    22    15 c    0   0.81 160.26288 -27.08011  3623.17  4448.46 3.88 3.77  72.7 -0.376    19.76 21.91 02a57787o0554c 0x400110  1.466667
57787.512155 19.922338      NaN     0    13 c    0   1.30 160.26288 -27.08011  3607.58  4409.57 3.88 3.77  71.2 -0.378    19.76 21.91 02a57787o0574c 0x000000  0.000000
57787.526990 19.766969      NaN   -17    15 c    0   0.82 160.26288 -27.08011  3660.52  4489.01 3.94 3.80  75.1 -0.373    19.74 21.90 02a57787o0602c 0x000000 -1.133333
57787.538664 19.631075      NaN     6    15 c    0   0.85 160.26288 -27.08011  3679.09  4373.51 3.75 3.63  80.4 -0.383    19.77 21.84 02a57787o0626c 0x000000  0.400000
57787.555365 19.719755      NaN     5    14 c    0   1.02 160.26288 -27.08011  3645.77  4433.76 3.83 3.70  81.5 -0.379    19.76 21.88 02a57787o0659c 0x000000  0.357143
57803.513764 19.569016      NaN   -14    18 c    0   1.02 160.26288 -27.08011  6451.84  5877.52 3.73 3.51  85.7 -0.401    19.33 20.97 02a57803o0573c 0x000000 -0.777778
57803.525435 19.401649      NaN   -11    21 c    0   0.84 160.26288 -27.08011  6437.21  5837.61 3.73 3.52  86.0 -0.397    19.30 20.92 02a57803o0596c 0x000000 -0.523810
57803.549325 19.302877      NaN   -11    23 c    0   1.00 160.26288 -27.08011  6509.77  5796.79 3.75 3.60  84.0 -0.394    19.18 20.75 02a57803o0643c 0x000000 -0.478261
57803.561013 19.051202      NaN    18    23 c    0   0.88 160.26288 -27.08011  6476.70  5852.61 3.67 3.48  89.2 -0.404    19.16 20.68 02a57803o0666c 0x000000  0.782609
57807.497762 19.318728      NaN    20    16 c    0   1.16 160.26288 -27.08011  3722.74  7568.73 4.11 3.97  55.7 -0.378    19.59 21.73 02a57807o0522c 0x000000  1.250000
57807.513012 19.472870      NaN    11    16 c    0   0.97 160.26288 -27.08011  3691.55  7529.89 3.94 3.86  64.8 -0.375    19.63 21.72 02a57807o0551c 0x000000  0.687500
57807.528616 19.384550      NaN    16    16 c    0   0.97 160.26288 -27.08011  3764.87  7606.21 3.88 3.77  79.9 -0.389    19.64 21.72 02a57807o0581c 0x000000  1.000000
57807.543715 19.841877      NaN     0    14 c    0   1.18 160.26288 -27.08011  3784.14  7486.82 3.72 3.68  86.3 -0.399    19.64 21.66 02a57807o0610c 0x000000  0.000000
57807.558757 19.696897      NaN   -14    16 c    0   0.80 160.26288 -27.08011  3750.89  7542.06 3.77 3.66  81.9 -0.401    19.58 21.59 02a57807o0639c 0x000000 -0.875000
57835.432723 19.454622      NaN   -38    20 c    0   1.07 160.26288 -27.08011  4777.37  6880.80 3.72 3.60  66.0 -0.419    18.98 20.92 02a57835o0329c 0x000000 -1.900000
57835.448972 19.212347      NaN     9    22 c    0   0.72 160.26288 -27.08011  4763.02  6839.76 3.67 3.58  64.6 -0.417    18.95 20.83 02a57835o0360c 0x000000  0.409091
57835.464835 19.128787      NaN    21    20 c    0   0.89 160.26288 -27.08011  4818.06  6914.91 3.70 3.59  68.8 -0.411    18.91 20.77 02a57835o0390c 0x000000  1.050000
57835.480662 19.454622      NaN     0    20 c    0   1.08 160.26288 -27.08011  4837.33  6796.82 3.75 3.65  73.4 -0.406    18.84 20.67 02a57835o0420c 0x000000  0.000000
57839.418472 19.089302      NaN     3    27 c    0   1.19 160.26288 -27.08011  4905.55  6413.75 3.89 3.74  17.1 -0.397    18.52 20.25 02a57839o0380c 0x000000  0.111111
57839.449789 19.510313      NaN   -27    19 c    0   1.21 160.26288 -27.08011  4943.08  6448.55 3.91 3.79  68.0 -0.390    18.82 20.63 02a57839o0439c 0x000000 -1.421053
57839.481115 18.944322      NaN    21    25 c    0   0.73 160.26288 -27.08011  4931.24  6387.04 3.63 3.55  71.1 -0.419    18.80 20.53 02a57839o0498c 0x000000  0.840000
57843.409565 19.569016 0.361912    54    18 c    0   1.25 160.26288 -27.08011  5829.76  7905.24 3.71 3.63  25.7 -0.429    18.91 20.77 02a57843o0340c 0x000000  3.000000
57843.425226 19.226921      NaN    11    21 c    0   0.96 160.26288 -27.08011  5814.69  7864.99 3.80 3.73  59.2 -0.414    18.87 20.74 02a57843o0370c 0x000000  0.523810
57843.440893 19.334813      NaN     1    22 c    0   1.03 160.26288 -27.08011  5886.79  7940.82 3.89 3.80  67.1 -0.413    18.81 20.66 02a57843o0400c 0x000000  0.045455
57843.472239 19.063754      NaN    11    25 c    0   1.02 160.26288 -27.08011  5856.12  7879.36 4.15 4.04  76.6 -0.388    18.63 20.44 02a57843o0460c 0x000000  0.440000
57847.429650 18.816441      NaN   -40    36 c    0   0.84 160.26288 -27.08011  5684.45  6542.16 3.75 3.65  73.4 -0.412    18.26 19.42 02a57847o0390c 0x900002 -1.111111
57847.445276 18.816441      NaN   -28    36 c    0   1.25 160.26288 -27.08011  5703.79  6425.45 3.83 3.73  86.0 -0.394    18.23 19.42 02a57847o0420c 0x900002 -0.777778
57847.460962 18.944322      NaN   -31    32 c    0   1.35 160.26288 -27.08011  5670.91  6480.33 3.77 3.68  85.0 -0.409    18.22 19.43 02a57847o0450c 0x900002 -0.968750
57863.380654 18.910912      NaN    42    19 c    0   1.19 160.26288 -27.08011  3988.42  7652.22 3.74 3.61  53.6 -0.405    18.71 20.32 02a57863o0279c 0x000000  2.210526
57863.392747 19.569016      NaN   -22    18 c    0   1.16 160.26288 -27.08011  3973.52  7611.92 3.67 3.55  51.8 -0.414    18.69 20.26 02a57863o0302c 0x000000 -1.222222
57863.404796 19.115465      NaN    16    22 c    0   0.82 160.26288 -27.08011  4044.60  7688.34 3.67 3.55  53.6 -0.414    18.66 20.24 02a57863o0325c 0x000000  0.727273
57863.416846 19.226921      NaN    14    20 c    0   1.04 160.26288 -27.08011  4063.74  7571.07 3.71 3.58  57.9 -0.407    18.63 20.22 02a57863o0348c 0x000000  0.700000
57863.428930 19.351140      NaN     0    22 c    0   0.85 160.26288 -27.08011  4029.88  7627.88 3.79 3.65  72.3 -0.400    18.56 20.17 02a57863o0371c 0x000000  0.000000
57867.370879 15.828999      NaN  -322   564 c    0   1.14 160.26288 -27.08011  7113.03  6284.29 2.76 2.51  36.5 -0.526    17.27 18.30 02a57867o0290c 0x900002 -0.570922
57867.383505 15.661632      NaN   915   353 c    0   1.26 160.26288 -27.08011  7097.85  6243.62 2.95 2.83  31.7 -0.502    16.87 17.97 02a57867o0314c 0x900002  2.592068
57867.396615 14.638766      NaN -2580  1688 c    0   0.95 160.26288 -27.08011  7169.09  6319.39 2.87 2.66  35.5 -0.485    13.93 14.94 02a57867o0339c 0x900002 -1.528436
57867.409171 16.503590      NaN  -128   303 c    0   1.09 160.26288 -27.08011  7188.00  6202.08 3.12 2.93  55.9 -0.509    15.82 16.97 02a57867o0363c 0x900002 -0.422442
57871.357263 20.039830      NaN     8     9 c    0   1.12 160.26288 -27.08011  6981.40  6535.85 2.71 2.61 -85.0 -0.437    19.42 20.68 02a57871o0102c 0x000000  0.888889
57871.373043 20.321591      NaN    -9     9 c    0   1.39 160.26288 -27.08011  7034.28  6613.53 2.70 2.62 -75.2 -0.437    19.39 20.64 02a57871o0132c 0x000000 -1.000000
57871.388799 19.841877      NaN    12    10 c    0   1.04 160.26288 -27.08011  7052.28  6495.79 2.82 2.68 -85.2 -0.439    19.36 20.68 02a57871o0162c 0x000000  1.200000
57871.404580 19.766969      NaN     9    12 c    0   1.02 160.26288 -27.08011  7020.61  6554.18 2.86 2.74 -76.3 -0.439    19.27 20.57 02a57871o0192c 0x000000  0.750000
57895.284362 19.589310      NaN    17    12 c    0   1.00 160.26288 -27.08011  4313.92  7568.07 3.18 2.98  18.8 -0.469    19.41 21.44 02a57895o0095c 0x000000  1.416667
57895.300769 20.103715      NaN    -2    11 c    0   1.05 160.26288 -27.08011  4282.28  7528.15 2.73 2.61   6.9 -0.488    19.39 21.26 02a57895o0126c 0x000000 -0.181818
57895.316085 19.696897      NaN     6    14 c    0   0.84 160.26288 -27.08011  4354.99  7604.32 3.02 2.92 -15.4 -0.480    19.31 21.28 02a57895o0155c 0x000000  0.428571
57895.332396 20.009244      NaN   -20    12 c    0   1.40 160.26288 -27.08011  4375.29  7485.25 3.05 2.90   2.3 -0.465    19.33 21.27 02a57895o0186c 0x000000 -1.666667
57895.349252 19.766969      NaN   -12    15 c    0   1.11 160.26288 -27.08011  4341.38  7540.44 3.17 3.02  -1.3 -0.462    19.18 21.08 02a57895o0218c 0x000000 -0.800000
57899.275103 19.841877      NaN   -21    14 c    0   0.63 160.26288 -27.08011  4165.52  6367.23 2.65 2.47  35.7 -0.495    19.44 20.95 02a57899o0089c 0x000000 -1.500000
57899.290519 19.922338      NaN     6    11 c    0   0.83 160.26288 -27.08011  4148.30  6327.19 2.55 2.42  25.0 -0.497    19.52 21.11 02a57899o0118c 0x000000  0.545455
57899.305846 19.743105      NaN    13    11 c    0   1.06 160.26288 -27.08011  4202.97  6403.67 2.48 2.43  42.8 -0.493    19.54 21.23 02a57899o0147c 0x000000  1.181818
57899.321696 19.743105      NaN    13    11 c    0   1.24 160.26288 -27.08011  4224.34  6284.18 2.57 2.55  60.5 -0.484    19.49 21.23 02a57899o0177c 0x000000  1.181818
57899.338026 19.631075      NaN    15    12 c    0   1.14 160.26288 -27.08011  4190.47  6339.72 2.56 2.52 -55.3 -0.488    19.42 21.16 02a57899o0208c 0x000000  1.250000
57903.267757 19.841877      NaN     9    11 c    0   1.37 160.26288 -27.08011  5882.97  5286.35 2.60 2.55 -79.1 -0.446    19.44 20.73 02a57903o0063c 0x000000  0.818182
57903.280064 20.009244      NaN    -8    12 c    0   1.13 160.26288 -27.08011  5866.92  5246.93 2.64 2.58 -73.3 -0.445    19.38 20.70 02a57903o0087c 0x000000 -0.666667
57903.295448 19.287255      NaN    28    14 c    0   0.99 160.26288 -27.08011  5920.10  5322.79 2.70 2.62 -68.8 -0.452    19.34 20.63 02a57903o0117c 0x000000  2.000000
57903.311400 19.510313      NaN    18    13 c    0   1.04 160.26288 -27.08011  5937.45  5204.79 2.69 2.59 -75.9 -0.462    19.29 20.59 02a57903o0148c 0x000000  1.384615
57903.326217 19.652575      NaN     5    15 c    0   1.01 160.26288 -27.08011  5904.21  5262.39 2.75 2.60 -56.7 -0.456    19.21 20.47 02a57903o0177c 0x000000  0.333333
58081.580987 19.766969      NaN    -3    15 c    0   0.95 160.26288 -27.08011  5746.47  9533.75 2.94 2.59  19.0 -0.467    19.36 21.11 02a58081o0676c 0x000000 -0.200000
58081.587904 19.766969      NaN   -26    15 c    0   1.22 160.26288 -27.08011  5763.10  9573.96 2.94 2.67  20.1 -0.455    19.40 21.14 02a58081o0691c 0x000000 -1.733333
58081.599050 19.652575      NaN     5    15 c    0   1.31 160.26288 -27.08011  5691.95  9477.42 3.18 2.85  21.8 -0.433    19.31 21.16 02a58081o0715c 0x000000  0.333333
58081.600459 19.696897      NaN   -12    16 c    0   0.84 160.26288 -27.08011  5675.49  9596.13 3.04 2.66  23.3 -0.449    19.42 21.17 02a58081o0718c 0x000000 -0.750000
58109.538821 19.766969      NaN   -29    15 c    0   1.14 160.26288 -27.08011  2925.46  8773.05 4.96 4.45  57.0 -0.382    19.13 21.92 02a58109o0381c 0x000000 -1.933333
58109.545741 19.766969      NaN   -18    15 c    0   1.04 160.26288 -27.08011  2941.16  8812.53 4.92 4.47  42.8 -0.378    19.20 21.94 02a58109o0396c 0x000000 -1.200000
58109.552672 19.841877      NaN    -1    14 c    0   1.04 160.26288 -27.08011  2887.26  8735.72 4.82 4.45  36.2 -0.400    19.00 21.95 02a58109o0411c 0x000000 -0.071429
58109.559602 19.609992      NaN     4    16 c    0   0.98 160.26288 -27.08011  2866.89  8853.61 4.77 4.26  62.1 -0.454    19.27 21.97 02a58109o0426c 0x000000  0.250000
58161.503725 20.594452      NaN   -14     7 c    0   1.39 160.26288 -27.08011  4830.12  2008.29 2.78 2.53  50.9 -0.409    19.79 21.84 02a58161o0641c 0x000000 -2.000000
58161.509700 20.362567      NaN     2     8 c    0   0.92 160.26288 -27.08011  4812.98  1969.10 2.87 2.61  56.1 -0.401    19.74 21.83 02a58161o0654c 0x000000  0.250000
58161.517015 20.449472      NaN    -2     8 c    0   1.50 160.26288 -27.08011  4865.17  2049.54 2.91 2.64  56.3 -0.399    19.71 21.85 02a58161o0670c 0x000000 -0.250000
58161.530702 20.362567      NaN     2     8 c    0   1.37 160.26288 -27.08011  4885.44  1931.39 2.85 2.59  51.2 -0.400    19.74 21.84 02a58161o0700c 0x000000  0.250000
58193.400077 20.321591      NaN     3     8 c    0   1.43 160.26288 -27.08011  7965.59  2697.09 2.50 2.35  69.9 -0.433    19.75 21.57 02a58193o0367c 0x000000  0.375000
58193.409227 20.244005      NaN     5     8 c    0   1.04 160.26288 -27.08011  7932.12  2658.12 2.57 2.42  70.3 -0.442    19.74 21.56 02a58193o0387c 0x000000  0.625000
58193.410598 20.543943      NaN     1     7 c    0   1.16 160.26288 -27.08011  8000.68  2735.99 2.47 2.36  69.7 -0.433    19.76 21.55 02a58193o0390c 0x000000  0.142857
58193.423286 19.950541      NaN    11     9 c    0   1.07 160.26288 -27.08011  8019.83  2617.33 2.60 2.50  59.8 -0.434    19.75 21.54 02a58193o0417c 0x000000  1.222222
58221.353734 20.449472      NaN    -3     8 c    0   1.37 160.26288 -27.08011  1679.51  9094.14 2.52 2.26   6.2 -0.443    19.68 21.52 02a58221o0276c 0x000000 -0.375000
58221.362709 19.868040      NaN     8    11 c    0   0.87 160.26288 -27.08011  1663.73  9053.64 2.53 2.35   8.0 -0.449    19.69 21.55 02a58221o0295c 0x000000  0.727273
58221.371479 20.321591      NaN   -10     9 c    0   1.19 160.26288 -27.08011  1735.36  9131.04 2.56 2.35  13.5 -0.457    19.65 21.56 02a58221o0314c 0x000000 -1.111111
58221.380232 20.103715      NaN    -9    11 c    0   0.75 160.26288 -27.08011  1755.69  9015.08 2.53 2.38   4.1 -0.451    19.67 21.51 02a58221o0333c 0x400110 -0.818182
58225.343155 19.063754      NaN     5    27 c    0   1.25 160.26288 -27.08011  5499.25  2673.33 2.74 2.59 -86.7 -0.395    18.22 19.90 02a58225o0258c 0x000000  0.185185
58225.350942 18.900000      NaN    40    20 c    0   1.09 160.26288 -27.08011  5482.83  2635.95 2.78 2.62 -82.2 -0.394    18.76 20.49 02a58225o0275c 0x000000  2.000000
58225.358732 18.767304      NaN    44    23 c    0   1.23 160.26288 -27.08011  5552.57  2713.62 2.75 2.62  88.9 -0.394    18.59 20.28 02a58225o0292c 0x000000  1.913043
58225.366555 18.424171      NaN    35    40 c    0   0.96 160.26288 -27.08011  5572.30  2596.48 2.78 2.61 -81.2 -0.390    18.18 19.92 02a58225o0309c 0x100002  0.875000
58250.303509 19.743105      NaN     7    13 c    0   0.87 160.26288 -27.08011  4572.79  1481.03 2.80 2.62  77.1 -0.384    19.25 20.95 02a58250o0133c 0x000000  0.538462
58250.311407 19.351140      NaN   -30    22 c    0   0.83 160.26288 -27.08011  4557.13  1442.75 2.89 2.73  81.5 -0.386    19.16 20.87 02a58250o0150c 0x000000 -1.363636
58250.319247 19.766969      NaN     6    13 c    0   1.37 160.26288 -27.08011  4627.73  1520.38 2.85 2.68  89.6 -0.380    19.18 20.85 02a58250o0167c 0x000000  0.461538
58250.326612 19.351140      NaN    30    12 c    0   1.07 160.26288 -27.08011  4647.19  1402.19 2.89 2.71  87.4 -0.385    19.16 20.85 02a58250o0183c 0x400110  2.500000
58257.291764 19.841877      NaN    -7    14 c    0   0.75 160.26288 -27.08011  5196.69  1853.38 3.25 3.02  69.3 -0.385    19.35 21.18 02a58257o0126c 0x000000 -0.500000
58257.299760 19.609992      NaN    10    14 c    0   0.98 160.26288 -27.08011  5181.06  1814.05 3.42 3.25  70.3 -0.382    19.24 21.17 02a58257o0143c 0x000000  0.714286
58257.307165 20.207197      NaN    -6    10 c    0   1.35 160.26288 -27.08011  5233.82  1891.54 2.97 2.79  69.9 -0.393    19.41 21.14 02a58257o0159c 0x000000 -0.600000
58257.315053 19.589310      NaN    17    12 c    0   0.90 160.26288 -27.08011  5253.46  1774.58 2.98 2.83  65.8 -0.393    19.37 21.11 02a58257o0176c 0x000000  1.416667
58281.262885 19.743105      NaN     7    13 c    0   1.14 160.26288 -27.08011  6685.19   947.73 3.35 2.81 -64.2 -0.368    19.22 20.94 02a58281o0005c 0x000000  0.538462
58281.267559 16.452268      NaN   179   258 c    0   0.11 160.26288 -27.08011   843.18 10519.43 3.06 2.80 -73.2 -0.408    19.24 21.04 02a58281o0015c 0x100002  0.693798
58281.270817 19.922338      NaN   -27    13 c    0   0.96 160.26288 -27.08011  6733.61  1026.24 3.42 3.04 -66.0 -0.369    19.28 21.16 02a58281o0022c 0x000000 -2.076923
58281.278241 19.922338      NaN     3    12 c    0   1.19 160.26288 -27.08011  6751.37   908.18 3.05 2.78 -68.3 -0.382    19.39 21.24 02a58281o0038c 0x000000  0.250000
58285.250544 18.280067      NaN   -52    59 c    0   1.07 160.26288 -27.08011  1965.99 10183.58 3.27 2.87  81.2 -0.406    17.60 18.81 02a58285o0020c 0x100002 -0.881356
58285.253330 18.878500      NaN   -33    34 c    0   0.88 160.26288 -27.08011  1948.48 10140.30 3.08 2.73  86.6 -0.400    18.16 19.37 02a58285o0026c 0x100002 -0.970588
58285.255671 18.910912      NaN    30    23 c    0   1.10 160.26288 -27.08011  7830.00   544.05 3.26 2.75 -62.5 -0.385    18.64 19.93 02a58285o0031c 0x000000  1.304348
58285.257970 19.089302      NaN    30    18 c    0   1.12 160.26288 -27.08011  2000.01 10216.91 3.02 2.69  81.3 -0.396    18.72 20.07 02a58285o0036c 0x000000  1.666667
58285.261764 19.766969      NaN    -4    15 c    0   1.35 160.26288 -27.08011  7811.26   504.21 3.04 2.70 -62.8 -0.392    19.12 20.59 02a58285o0044c 0x000000 -0.266667
58285.264575 19.631075      NaN    -8    17 c    0   0.72 160.26288 -27.08011  2017.82 10096.62 2.93 2.63  83.6 -0.415    19.05 20.55 02a58285o0050c 0x000000 -0.470588
58285.269747 19.652575      NaN     5    15 c    0   1.16 160.26288 -27.08011  7862.35   581.94 3.01 2.73 -65.5 -0.405    19.18 20.77 02a58285o0061c 0x000000  0.333333
58285.277758 19.631075      NaN    -7    17 c    0   0.97 160.26288 -27.08011  7879.90   464.26 2.97 2.78 -71.2 -0.413    19.19 20.76 02a58285o0078c 0x000000 -0.411765
58485.620168 20.207197      NaN    -2    10 c    0   1.21 160.26288 -27.08011  5230.99  1253.57 3.15 3.02 -88.3 -0.400    19.43 21.72 02a58485o0921c 0x000000 -0.200000
58485.626572 20.071303      NaN     1    11 c    0   0.95 160.26288 -27.08011  5216.22  1212.52 3.01 2.83  57.2 -0.408    19.50 21.68 02a58485o0935c 0x000000  0.090909
58485.639431 19.631075      NaN    15    12 c    0   1.18 160.26288 -27.08011  5285.11  1292.15 3.34 3.19  57.5 -0.403    19.38 21.61 02a58485o0963c 0x000000  1.250000
58485.649501 20.207197      NaN   -10    10 c    0   1.01 160.26288 -27.08011  5301.16  1177.37 2.81 2.65  89.4 -0.400    19.52 21.56 02a58485o0985c 0x000000 -1.000000
58489.606826 19.868040      NaN    14     9 c    0   1.18 160.26288 -27.08011  1687.56  3150.52 2.62 2.55  80.3 -0.384    19.62 21.89 02a58489o0504c 0x000000  1.555556
58489.616507 20.321591      NaN     0     9 c    0   1.12 160.26288 -27.08011  1672.19  3111.33 2.63 2.53  69.1 -0.390    19.62 21.86 02a58489o0525c 0x000000  0.000000
58489.625726 19.922338      NaN    12     9 c    0   1.02 160.26288 -27.08011  1723.33  3190.83 2.71 2.58  78.9 -0.387    19.58 21.83 02a58489o0545c 0x000000  1.333333
58489.635434 20.449472      NaN    -9     8 c    0   1.21 160.26288 -27.08011  1741.10  3075.57 2.72 2.61  84.9 -0.385    19.56 21.78 02a58489o0566c 0x000000 -1.125000
58493.541840 20.207197      NaN   -14    10 c    0   0.96 160.26288 -27.08011 10105.83  1597.97 2.78 2.62  66.9 -0.417    19.61 21.61 02a58493o0747c 0x000000 -1.400000
58493.551778 19.791368      NaN    14    10 c    0   1.21 160.26288 -27.08011 10121.45  1632.83 2.84 2.70  71.6 -0.417    19.59 21.68 02a58493o0768c 0x000000  1.400000
58493.559028 20.207197      NaN    -4    10 c    0   1.30 160.26288 -27.08011   352.70  1575.64 2.51 2.37  50.5 -0.457    19.61 21.65 02a58493o0783c 0x000000 -0.400000
58493.566805 19.922338      NaN    12     9 c    0   1.45 160.26288 -27.08011 10063.56  1556.06 2.86 2.73  72.0 -0.410    19.57 21.74 02a58493o0800c 0x000000  1.333333
58493.568178 20.207197      NaN    -3    10 c    0   0.90 160.26288 -27.08011   371.23  1611.58 2.63 2.39  42.8 -0.460    19.61 21.72 02a58493o0803c 0x000000 -0.300000
58493.571838 20.009244      NaN     6    10 c    0   1.13 160.26288 -27.08011   297.47  1533.98 2.61 2.47  41.8 -0.449    19.55 21.70 02a58493o0811c 0x000000  0.600000
58493.574584 20.321591      NaN    -7     9 c    0   1.51 160.26288 -27.08011 10039.63  1672.12 2.83 2.63 -62.8 -0.403    19.60 21.73 02a58493o0817c 0x000000 -0.777778
58493.581902 19.841877      NaN    18     8 c    0   1.43 160.26288 -27.08011   276.17  1650.35 2.67 2.46  44.8 -0.445    19.54 21.77 02a58493o0833c 0x000000  2.250000
58573.378869 20.207197      NaN    -3    10 c    0   1.51 160.26288 -27.08011  9368.47  3165.67 2.56 2.45  67.0 -0.389    19.40 21.30 02a58573o0344c 0x000000 -0.300000
58573.386245 20.321591      NaN    -8     9 c    0   1.58 160.26288 -27.08011  9350.46  3128.78 2.49 2.38 -88.2 -0.393    19.36 21.22 02a58573o0360c 0x000000 -0.888889
58573.394187 19.589310      NaN    17    12 c    0   0.86 160.26288 -27.08011  9402.94  3205.98 2.67 2.37 -60.2 -0.402    19.52 21.46 02a58573o0377c 0x000000  1.416667
58573.401519 20.207197      NaN    -2    10 c    0   0.98 160.26288 -27.08011  9420.94  3091.23 2.66 2.35 -61.5 -0.401    19.58 21.45 02a58573o0393c 0x000000 -0.200000
58577.381225 20.039830      NaN     5    10 c    0   1.13 160.26288 -27.08011  4135.62  7061.54 2.61 2.45  54.2 -0.399    19.52 21.46 02a58577o0346c 0x000000  0.500000
58577.389542 19.894850      NaN    10    10 c    0   1.07 160.26288 -27.08011  4100.97  7022.81 2.62 2.36  53.8 -0.389    19.56 21.44 02a58577o0364c 0x000000  1.000000
58577.398325 19.841877      NaN    12    10 c    0   0.92 160.26288 -27.08011  4171.33  7101.11 2.73 2.47  54.2 -0.385    19.49 21.46 02a58577o0383c 0x000000  1.200000
58577.406664 19.979496      NaN     7    10 c    0   1.25 160.26288 -27.08011  4190.00  6985.46 2.55 2.42  75.3 -0.401    19.53 21.45 02a58577o0401c 0x000000  0.700000
58581.380593 19.816329      NaN    16     9 c    0   1.04 160.26288 -27.08011  3605.95  5123.99 2.67 2.37  49.0 -0.390    19.56 21.43 02a58581o0336c 0x000000  1.777778
58581.389332 20.137125      NaN     2    10 c    0   1.21 160.26288 -27.08011  3589.17  5087.22 2.80 2.30  47.7 -0.382    19.53 21.38 02a58581o0355c 0x000000  0.200000
58581.399937 19.868040      NaN    11    10 c    0   0.83 160.26288 -27.08011  3666.62  5165.78 2.42 2.33 -81.5 -0.407    19.57 21.42 02a58581o0377c 0x000000  1.100000
58581.409403 20.071303      NaN     7     9 c    0   1.63 160.26288 -27.08011  3680.12  5047.62 2.89 2.33  48.9 -0.373    19.50 21.35 02a58581o0397c 0x000000  0.777778
58605.344809 20.171596      NaN     1    10 c    0   1.12 160.26288 -27.08011  6878.55  1255.48 2.73 2.47 -62.1 -0.400    19.44 21.47 02a58605o0227c 0x000000  0.100000
58605.353743 20.103715      NaN    -5    11 c    0   1.31 160.26288 -27.08011  6861.15  1219.93 2.69 2.50 -69.6 -0.396    19.40 21.42 02a58605o0246c 0x000000 -0.454545
58605.362130 20.207197      NaN    -9    10 c    0   1.14 160.26288 -27.08011  6930.14  1297.62 2.70 2.50 -73.2 -0.397    19.34 21.42 02a58605o0264c 0x000000 -0.900000
58605.370995 20.009244      NaN   -13    12 c    0   0.91 160.26288 -27.08011  6949.03  1180.47 2.69 2.50 -72.0 -0.394    19.36 21.38 02a58605o0283c 0x000000 -1.083333
58609.310566 19.950541      NaN    11     9 c    0   1.08 160.26288 -27.08011  2178.43  7045.59 2.78 2.48  49.6 -0.371    19.60 21.56 02a58609o0067c 0x000000  1.222222
58609.317561 20.039830      NaN     8     9 c    0   1.59 160.26288 -27.08011  2162.79  7007.10 2.62 2.46  56.1 -0.380    19.61 21.51 02a58609o0082c 0x000000  0.888889
58609.324545 20.207197      NaN    -3    10 c    0   1.15 160.26288 -27.08011  2233.08  7085.21 2.65 2.46 -69.9 -0.396    19.57 21.49 02a58609o0097c 0x000000 -0.300000
58609.331501 19.674510      NaN    19    10 c    0   1.16 160.26288 -27.08011  2251.50  6969.70 2.65 2.49 -77.8 -0.396    19.58 21.49 02a58609o0112c 0x000000  1.900000
58633.266445 20.207197      NaN   -15    10 c    0   1.76 160.26288 -27.08011  7447.97  9995.38 3.03 2.50  50.1 -0.391    19.48 21.16 02a58633o0081c 0x000000 -1.500000
58633.269200 20.207197      NaN     0    10 c    0   1.47 160.26288 -27.08011  7428.85  9955.59 3.03 2.53  52.3 -0.385    19.46 21.17 02a58633o0087c 0x080010  0.000000
58633.274775 19.743105      NaN    10    12 c    0   1.11 160.26288 -27.08011  7489.45 10033.59 3.00 2.50  52.1 -0.391    19.47 21.17 02a58633o0099c 0x000000  0.833333
58633.284476 20.103715      NaN    -7    11 c    0   1.25 160.26288 -27.08011  7510.04  9916.41 3.04 2.54  51.6 -0.389    19.46 21.19 02a58633o0120c 0x000000 -0.636364
58637.280567 20.137125      NaN     2    10 c    0   1.41 160.26288 -27.08011  2877.37  8026.53 2.82 2.48  55.2 -0.373    19.52 21.26 02a58637o0103c 0x000000  0.200000
58637.298043 19.841877      NaN     9    11 c    0   1.08 160.26288 -27.08011  2861.60  7984.67 2.56 2.50  71.7 -0.394    19.49 21.30 02a58637o0140c 0x000000  0.818182
58637.301897 20.207197      NaN   -10    10 c    0   1.08 160.26288 -27.08011  2922.09  8064.08 2.56 2.45  84.4 -0.391    19.51 21.27 02a58637o0148c 0x000000 -1.000000
58637.307934 19.652575      NaN    17    11 c    0   1.23 160.26288 -27.08011  2942.54  7946.18 2.70 2.44  62.9 -0.377    19.43 21.27 02a58637o0161c 0x000000  1.545455
58789.633208 19.922338      NaN   -19    13 c    0   1.18 160.26288 -27.08011  9665.20  2461.65 2.63 2.53   8.4 -0.391    19.29 20.98 02a58789o0864c 0x000000 -1.461538
58789.636510 19.743105      NaN    10    12 c    0   0.94 160.26288 -27.08011  9685.16  2501.10 2.56 2.45   5.7 -0.392    19.34 20.92 02a58789o0871c 0x000000  0.833333
58789.640246 19.569016      NaN     9    15 c    0   0.81 160.26288 -27.08011  9627.29  2422.11 2.55 2.42 -44.5 -0.402    19.27 20.70 02a58789o0879c 0x080030  0.600000
58789.643498 19.472870      NaN     5    18 c    0   0.92 160.26288 -27.08011  9606.40  2538.64 2.53 2.37 -52.6 -0.401    19.05 20.28 02a58789o0886c 0x000000  0.277778
58841.539603 20.071303      NaN     7     9 c    0   0.74 160.26288 -27.08011  7699.98  2520.77 2.49 2.40  26.3 -0.386    19.67 21.69 02a58841o0757c 0x000000  0.777778
58841.542411 20.449472      NaN    -9     8 c    0   1.27 160.26288 -27.08011  7719.75  2559.82 2.45 2.37  44.3 -0.390    19.45 21.40 02a58841o0763c 0x000000 -1.125000
58841.548631 20.449472      NaN    -4     8 c    0   1.28 160.26288 -27.08011  7657.64  2482.53 2.55 2.41  31.5 -0.384    19.66 21.70 02a58841o0776c 0x000000 -0.500000
58841.558698 20.039830      NaN    11     8 c    0   0.96 160.26288 -27.08011  7633.46  2599.69 2.68 2.37  28.3 -0.380    19.68 21.74 02a58841o0796c 0x000000  1.375000
58845.614233 20.449472      NaN    -4     8 c    0   1.05 160.26288 -27.08011  4806.27  7946.53 2.77 2.51  38.7 -0.384    19.73 21.88 02a58845o0814c 0x000000 -0.500000
58845.617956 20.207197      NaN   -22    10 c    0   0.68 160.26288 -27.08011  4788.72  7907.55 2.81 2.56  42.4 -0.381    19.66 21.84 02a58845o0822c 0x000000 -2.200000
58845.623932 19.529530      NaN    14    14 c    0   0.86 160.26288 -27.08011  4849.96  7983.96 2.71 2.49  40.5 -0.389    19.24 21.26 02a58845o0835c 0x000000  1.000000
58869.443306 20.321591      NaN    -6     9 c    0   1.24 160.26288 -27.08011  9371.52   784.36 2.72 2.31 -59.4 -0.415    19.66 21.87 02a58869o0512c 0x000000 -0.666667
58869.448814 20.171596      NaN     7     8 c    0   1.13 160.26288 -27.08011  9387.97   824.08 2.72 2.29 -58.5 -0.408    19.68 21.88 02a58869o0523c 0x000000  0.875000
58869.457576 20.405150      NaN     1     8 c    0   0.93 160.26288 -27.08011  9326.30   745.28 2.58 2.29 -58.5 -0.414    19.72 21.90 02a58869o0541c 0x000000  0.125000
58869.460356 20.362567      NaN     2     8 c    0   1.10 160.26288 -27.08011  9306.04   863.12 2.49 2.22 -56.9 -0.414    19.75 21.91 02a58869o0547c 0x000000  0.250000
58873.515393 20.207197      NaN   -10    10 c    0   0.76 160.26288 -27.08011  1176.36  9755.96 2.44 2.30 -32.9 -0.448    19.75 21.81 02a58873o0662c 0x000000 -1.000000
58873.523276 20.103715      NaN     6     9 c    0   1.14 160.26288 -27.08011  1158.68  9718.87 2.42 2.31 -31.9 -0.443    19.73 21.81 02a58873o0679c 0x000000  0.666667
58873.525818 20.594452      NaN     0     7 c    0   1.27 160.26288 -27.08011  9333.53   749.86 2.41 2.24 -56.5 -0.410    19.76 21.82 02a58873o0684c 0x000000  0.000000
58873.540280 20.207197      NaN   -11    10 c    0   1.10 160.26288 -27.08011  1240.83  9683.64 2.47 2.36 -37.2 -0.439    19.71 21.81 02a58873o0714c 0x000000 -1.100000
58877.492944 20.321591      NaN    -6     9 c    0   1.02 160.26288 -27.08011  3940.65  4635.07 2.68 2.51  27.2 -0.390    19.70 21.90 02a58877o0611c 0x000000 -0.666667
58877.495808 20.071303      NaN    10     8 c    0   1.67 160.26288 -27.08011  3959.92  4673.62 2.54 2.40  23.5 -0.393    19.75 21.90 02a58877o0617c 0x000000  1.250000
58877.513549 20.009244      NaN    12     8 c    0   1.19 160.26288 -27.08011  6660.08  5953.23 2.68 2.53  43.0 -0.400    19.73 21.90 02a58877o0655c 0x400110  1.500000
58877.518804 20.761819      NaN     0     6 c    0   2.10 160.26288 -27.08011  3877.95  4715.05 2.78 2.35  30.4 -0.382    19.73 21.90 02a58877o0666c 0x000000  0.000000
58929.435187 20.207197      NaN   -19    10 c    0   1.00 160.26288 -27.08011  9428.87  9892.37 2.99 2.72 -58.7 -0.372    19.62 21.53 02a58929o0452c 0x080010 -1.900000
58929.438409 19.950541      NaN     8    10 c    0   1.34 160.26288 -27.08011  9407.07  9846.87 2.98 2.65 -61.7 -0.371    19.66 21.52 02a58929o0459c 0x000000  0.800000
58929.444306 19.674510      NaN    16    11 c    0   0.92 160.26288 -27.08011  9470.11  9931.29 3.18 2.66 -55.4 -0.373    19.60 21.54 02a58929o0471c 0x000000  1.454545
58929.454550 20.009244      NaN    -5    12 c    0   0.96 160.26288 -27.08011  9490.32  9815.35 3.03 2.68 -57.7 -0.367    19.66 21.51 02a58929o0492c 0x000000 -0.416667
58937.440583 20.321591      NaN   -13     9 c    0   1.00 160.26288 -27.08011   698.98  3534.68 2.60 2.35  46.1 -0.389    19.57 21.54 02a58937o0045c 0x000000 -1.444444
58937.444312 20.321591      NaN    -7     9 c    0   1.47 160.26288 -27.08011   678.80  3495.91 2.60 2.45  61.6 -0.389    19.55 21.51 02a58937o0053c 0x000000 -0.777778
58937.450832 20.207197      NaN    -3    10 c    0   0.74 160.26288 -27.08011   739.00  3573.40 2.48 2.36  83.8 -0.400    19.58 21.48 02a58937o0067c 0x000000 -0.300000
58957.304278 19.922338      NaN    -3    13 c    0   0.84 160.26288 -27.08011  1686.75  4272.31 2.53 2.46  15.9 -0.395    19.24 20.97 02a58957o0147c 0x000000 -0.230769
58957.308367 19.589310      NaN    17    12 c    0   1.00 160.26288 -27.08011  1707.47  4311.40 2.49 2.39  18.4 -0.398    19.35 21.04 02a58957o0155c 0x000000  1.416667
58957.314344 19.719755      NaN     2    15 c    0   1.06 160.26288 -27.08011  8899.42  6315.82 2.93 2.62  42.1 -0.374    19.23 21.02 02a58957o0167c 0x000000  0.133333
58957.328289 19.472870      NaN     2    19 c    0   1.04 160.26288 -27.08011  8918.15  6199.60 3.06 2.53  39.1 -0.365    18.97 20.74 02a58957o0194c 0x000000  0.105263
58961.354909 20.207197      NaN     0    10 c    0   1.25 160.26288 -27.08011  8856.60  6287.44 2.88 2.51  49.7 -0.375    19.56 21.39 02a58961o0280c 0x000000  0.000000
58961.358114 19.816329      NaN    10    11 c    0   0.84 160.26288 -27.08011  8836.59  6254.22 2.86 2.50  47.8 -0.373    19.57 21.39 02a58961o0287c 0x000000  0.909091
58961.363726 20.207197      NaN   -20    10 c    0   1.41 160.26288 -27.08011  8895.20  6329.15 3.16 2.53  41.3 -0.354    19.50 21.38 02a58961o0299c 0x000000 -2.000000
58961.374301 20.039830      NaN     2    11 c    0   0.89 160.26288 -27.08011  8916.93  6211.52 2.80 2.54  50.5 -0.376    19.55 21.32 02a58961o0322c 0x000000  0.181818
58965.329887 20.207197      NaN    -2    10 c    0   1.28 160.26288 -27.08011  8536.82  1727.64 2.53 2.34 -70.2 -0.393    19.52 21.26 02a58965o0222c 0x000000 -0.200000
58965.334502 19.922338      NaN    -7    13 c    0   0.78 160.26288 -27.08011  8518.41  1689.01 2.68 2.37 -61.8 -0.400    19.49 21.25 02a58965o0232c 0x000000 -0.538462
58965.340056 20.321591      NaN     0     9 c    0   1.27 160.26288 -27.08011  8576.26  1770.27 2.63 2.33 -61.4 -0.397    19.54 21.24 02a58965o0244c 0x400110  0.000000
58965.351272 20.103715      NaN     3    10 c    0   1.12 160.26288 -27.08011  8597.36  1651.59 2.77 2.41 -61.1 -0.399    19.49 21.25 02a58965o0268c 0x000000  0.300000
58981.321584 19.979496      NaN     4    11 c    0   0.88 160.26288 -27.08011  2484.28  1526.27 2.67 2.34 -62.4 -0.417    19.62 21.50 02a58981o0196c 0x000000  0.363636
58981.325752 20.321591      NaN   -15     9 c    0   1.37 160.26288 -27.08011  2464.43  1488.30 2.52 2.34 -77.3 -0.418    19.62 21.51 02a58981o0205c 0x000000 -1.666667
58981.332231 20.207197      NaN    -1    10 c    0   1.00 160.26288 -27.08011  2523.85  1564.14 2.58 2.39 -76.9 -0.413    19.57 21.49 02a58981o0219c 0x000000 -0.100000
58981.348417 19.766969      NaN     9    12 c    0   0.87 160.26288 -27.08011  2544.26  1447.68 2.78 2.50 -63.7 -0.411    19.51 21.43 02a58981o0254c 0x000000  0.750000
58985.262985 20.321591      NaN   -23     9 c    0   0.97 160.26288 -27.08011  2488.77  1526.26 2.58 2.38  59.5 -0.410    19.53 21.37 02a58985o0067c 0x000000 -2.555556
58985.270340 19.950541      NaN    11     9 c    0   1.06 160.26288 -27.08011  2468.66  1485.27 2.56 2.33  56.0 -0.412    19.54 21.34 02a58985o0083c 0x000000  1.222222
58985.274937 20.207197      NaN    -4    10 c    0   0.97 160.26288 -27.08011  2527.30  1566.33 2.49 2.34  67.9 -0.416    19.59 21.33 02a58985o0093c 0x000000 -0.400000
58985.285505 20.171596      NaN     7     8 c    0   1.30 160.26288 -27.08011  2550.97  1450.23 2.49 2.35  76.1 -0.418    19.58 21.34 02a58985o0116c 0x000000  0.875000
58989.272977 20.103715      NaN   -15    11 c    0   0.79 160.26288 -27.08011   892.10  8091.65 2.77 2.71  78.2 -0.393    19.49 21.36 02a58989o0085c 0x000000 -1.363636
58989.275766 20.207197      NaN   -11    10 c    0   1.06 160.26288 -27.08011   872.97  8051.42 2.67 2.57 -82.5 -0.409    19.51 21.37 02a58989o0091c 0x000000 -1.100000
58989.282245 19.979496      NaN     4    11 c    0   1.03 160.26288 -27.08011   931.19  8133.20 2.54 2.49  86.5 -0.412    19.59 21.38 02a58989o0105c 0x000000  0.363636
58989.292422 20.244005      NaN     2     9 c    0   1.46 160.26288 -27.08011   953.31  8018.44 2.64 2.56  62.7 -0.398    19.52 21.39 02a58989o0127c 0x000000  0.222222
59016.251021 17.762888      NaN   -40    95 c    0   1.85 160.26288 -27.08011 10493.07  1592.50 2.97 2.19 -55.6 -0.424    17.83 18.59 02a59016o0020c 0x900002 -0.421053
59016.254249 18.702047      NaN   -74    40 c    0   3.59 160.26288 -27.08011 10474.87  1552.80 2.68 2.18 -53.8 -0.417    18.45 19.41 02a59016o0027c 0xd00832 -1.850000
59169.623961 19.743105      NaN    10    12 c    0   1.05 160.26288 -27.08011  2002.20  8830.34 2.57 2.45  20.7 -0.389    19.37 21.02 02a59169o0963c 0x002000  0.833333
59169.634154 20.009244      NaN   -22    12 c    0   1.38 160.26288 -27.08011  2021.94  8868.06 2.53 2.45 -48.6 -0.403    19.36 20.94 02a59169o0985c 0x002000 -1.833333
59169.644784 15.645798      NaN   272   577 c    0   1.44 160.26288 -27.08011  1966.51  8791.86 2.48 2.39 -46.1 -0.378    15.93 17.54 02a59169o1008c 0x100002  0.471404
59169.653030       NaN      NaN     0     0 c    0  -2.00 160.26288 -27.08011  1904.58  8864.80 3.05 2.84 -51.9 -0.333    15.20 16.64 02a59169o1026c 0x100002       NaN
59195.600290 19.868040      NaN    11    10 c    0   0.97 160.26288 -27.08011  4739.05  1958.99 3.75 2.74   2.4 -0.328    19.42 21.77 01a59195o0901c 0x000000  1.100000
59195.603056 20.039830      NaN     8     9 c    0   1.09 160.26288 -27.08011  4720.18  1919.96 3.24 2.65 -13.7 -0.361    19.54 21.76 01a59195o0907c 0x000000  0.888889
59195.609505 20.171596      NaN     7     8 c    0   1.18 160.26288 -27.08011  4778.35  1998.78 3.15 2.76  -0.9 -0.329    19.57 21.80 01a59195o0921c 0x000000  0.875000
59195.619987 20.103715      NaN   -10    11 c    0   1.10 160.26288 -27.08011  4799.60  1881.92 3.44 2.89   9.1 -0.332    19.44 21.72 01a59195o0943c 0x000000 -0.909091
59197.601746 20.362567      NaN     2     8 c    0   1.27 160.26288 -27.08011  3822.67  6762.62 2.55 2.35  34.0 -0.386    19.71 21.72 02a59197o0882c 0x000000  0.250000
59197.604490 20.321591      NaN    -5     9 c    0   1.03 160.26288 -27.08011  3842.29  6801.06 2.42 2.35  25.4 -0.396    19.75 21.71 02a59197o0888c 0x000000 -0.555556
59197.607235 20.207197      NaN     3     9 c    0   0.94 160.26288 -27.08011  3783.72  6723.92 2.54 2.33  32.3 -0.388    19.73 21.72 02a59197o0894c 0x000000  0.333333
59197.613181 20.171596      NaN     4     9 c    0   1.33 160.26288 -27.08011  3764.94  6840.88 2.49 2.37  36.6 -0.392    19.71 21.70 02a59197o0907c 0x000000  0.444444
59205.597139 20.282105      NaN     1     9 c    0   1.61 160.26288 -27.08011  1899.79  6880.69 2.48 2.35 -54.2 -0.404    19.65 21.52 02a59205o0871c 0x000000  0.111111
59205.598969 20.039830      NaN     5    10 c    0   1.17 160.26288 -27.08011  1917.90  6918.85 2.52 2.39 -57.5 -0.404    19.67 21.52 02a59205o0875c 0x000000  0.500000
59205.602629 20.449472      NaN    -1     8 c    0   1.30 160.26288 -27.08011  1861.96  6843.14 2.58 2.38 -57.7 -0.411    19.62 21.55 02a59205o0883c 0x000000 -0.125000
59205.610055 20.449472      NaN    -9     8 c    0   1.73 160.26288 -27.08011  1839.22  6957.54 2.47 2.42 -41.9 -0.400    19.67 21.58 02a59205o0899c 0x000000 -1.125000
59207.583494 20.321591      NaN   -10     9 c    0   1.16 160.26288 -27.08011  9006.38  8219.50 2.90 2.67   8.9 -0.327    19.62 21.69 01a59207o0830c 0x000000 -1.111111
59207.585795 20.244005      NaN     5     8 c    0   1.00 160.26288 -27.08011  8987.17  8181.75 2.75 2.70 -38.8 -0.334    19.64 21.70 01a59207o0835c 0x000000  0.625000
59207.588562 20.321591      NaN    -5     9 c    0   1.23 160.26288 -27.08011  9047.88  8258.34 2.84 2.83 -11.0 -0.329    19.63 21.70 01a59207o0841c 0x000000 -0.555556
59207.600082 20.321591      NaN    -3     9 c    0   1.05 160.26288 -27.08011  9070.05  8141.42 3.05 2.55  -5.0 -0.327    19.64 21.76 01a59207o0866c 0x000000 -0.333333
59223.537934 19.510313      NaN   -21    19 c    0   0.90 160.26288 -27.08011  9472.36  9871.10 2.73 2.67  63.4 -0.349    18.85 20.97 01a59223o0742c 0x002000 -1.105263
59223.541159 19.609992      NaN     4    16 c    0   0.97 160.26288 -27.08011  9450.99  9830.89 2.83 2.70  55.1 -0.328    18.87 20.96 01a59223o0749c 0x002000  0.250000
59223.552139 19.351140      NaN   -39    22 c    0   1.19 160.26288 -27.08011  9515.88  9908.45 2.93 2.79  65.3 -0.344    18.70 20.89 01a59223o0772c 0x400220 -1.772727
59223.561753 16.628787      NaN  -472   270 c    0   1.18 160.26288 -27.08011  9535.08  9789.53 2.79 2.64  55.8 -0.430    15.53 17.70 01a59223o0792c 0x500812 -1.748148
59227.514706 20.594452      NaN    -5     7 c    0   1.12 160.26288 -27.08011   732.99  3550.27 2.39 2.28  61.5 -0.371    19.85 22.14 01a59227o0636c 0x000000 -0.714286
59227.523867 20.594452      NaN    -2     7 c    0   1.46 160.26288 -27.08011   717.22  3512.11 2.78 2.30  21.1 -0.349    19.77 22.15 01a59227o0655c 0x000000 -0.285714
59227.525712 20.207197      NaN     6     8 c    0   0.65 160.26288 -27.08011   775.28  3591.32 2.33 2.16  69.6 -0.380    19.88 22.15 01a59227o0659c 0x000000  0.750000
59227.530783 20.321591      NaN     3     8 c    0   0.92 160.26288 -27.08011   794.92  3476.89 2.67 2.36  43.4 -0.361    19.77 22.15 01a59227o0670c 0x000000  0.375000
59229.529061 20.594452      NaN    -3     7 c    0   1.20 160.26288 -27.08011  3122.90   560.06 2.38 2.24  64.9 -0.404    19.73 21.74 02a59229o0722c 0x000000 -0.428571
59229.530892 20.405150      NaN     1     8 c    0   0.91 160.26288 -27.08011  3143.91   601.02 2.41 2.28 -74.7 -0.409    19.77 21.76 02a59229o0726c 0x000000  0.125000
59229.534553 20.594452      NaN    -3     7 c    0   1.58 160.26288 -27.08011  3083.97   522.30 2.44 2.24 -69.8 -0.409    19.76 21.77 02a59229o0734c 0x000000 -0.428571
59229.540443 20.449472      NaN    -4     8 c    0   1.75 160.26288 -27.08011  3063.08   640.39 2.40 2.21 -69.5 -0.415    19.74 21.78 02a59229o0746c 0x000000 -0.500000
59231.508049 20.321591      NaN   -14     9 c    0   1.06 160.26288 -27.08011   735.81  3550.21 3.06 2.56  78.2 -0.372    19.71 22.06 01a59231o0544c 0x000000 -1.555556
59231.509893 20.405150      NaN     4     7 c    0   1.51 160.26288 -27.08011   717.04  3511.43 2.81 2.48  69.5 -0.372    19.77 22.07 01a59231o0548c 0x000000  0.571429
59231.513122 20.137125      NaN     2    10 c    0   0.78 160.26288 -27.08011   775.49  3591.00 3.11 2.71  75.5 -0.351    19.66 22.07 01a59231o0555c 0x000000  0.200000
59231.518208 20.321591      NaN    -2     9 c    0   0.94 160.26288 -27.08011   796.33  3476.14 3.05 2.80  74.8 -0.356    19.64 22.08 01a59231o0566c 0x000000 -0.222222
59235.618917 19.979496      NaN    10     9 c    0   1.04 160.26288 -27.08011  5065.40   457.22 2.45 2.40 -17.9 -0.420    19.63 21.81 01a59235o0085c 0x000000  1.111111
59235.622144 19.841877      NaN    12    10 c    0   0.98 160.26288 -27.08011  5086.14   496.33 2.45 2.41 -30.0 -0.430    19.62 21.76 01a59235o0092c 0x000000  1.200000
59235.627696 20.103715      NaN     0    11 c    0   0.92 160.26288 -27.08011  5024.41   418.97 2.55 2.32   6.0 -0.424    19.58 21.72 01a59235o0104c 0x000000  0.000000
59235.649919 20.321591      NaN    -6     9 c    0   1.17 160.26288 -27.08011  5005.10   539.44 2.41 2.36  56.2 -0.443    19.53 21.66 01a59235o0152c 0x000000 -0.666667
59253.529405 20.207197      NaN    -3    10 c    0   0.76 160.26288 -27.08011  6619.45  1853.90 2.69 2.67 -74.9 -0.371    19.59 21.78 02a59253o0414c 0x000000 -0.300000
59253.532617 20.405150      NaN     1     8 c    0   1.42 160.26288 -27.08011  6601.57  1815.35 2.55 2.50  60.4 -0.378    19.65 21.77 02a59253o0421c 0x000000  0.125000
59253.539080 20.039830      NaN     5    10 c    0   1.05 160.26288 -27.08011  6659.14  1893.34 2.85 2.79  12.1 -0.377    19.58 21.77 02a59253o0435c 0x000000  0.500000
59253.549605 20.321591      NaN    -6     9 c    0   0.86 160.26288 -27.08011  6679.33  1777.67 2.86 2.82 -56.9 -0.365    19.54 21.75 02a59253o0458c 0x000000 -0.666667
59255.461476 20.039830      NaN     2    11 c    0   0.94 160.26288 -27.08011  8880.64  6275.43 3.12 3.01  70.4 -0.354    19.53 22.07 01a59255o0534c 0x400110  0.181818
59255.464234 19.791368      NaN    11    11 c    0   0.78 160.26288 -27.08011  8861.57  6237.82 3.02 2.86  77.5 -0.361    19.60 22.07 01a59255o0540c 0x000000  1.000000
59255.467000 20.171596      NaN     4     9 c    0   1.30 160.26288 -27.08011  8920.28  6313.48 3.04 2.87  74.8 -0.365    19.58 22.04 01a59255o0546c 0x000000  0.444444
59255.472524 20.071303      NaN     7     9 c    0   1.38 160.26288 -27.08011  8940.08  6195.85 2.95 2.84  69.4 -0.359    19.65 22.05 01a59255o0558c 0x000000  0.777778
59257.421569 20.103715      NaN    -9    11 c    0   0.91 160.26288 -27.08011  3929.33  8707.20 2.48 2.39  29.0 -0.389    19.74 21.75 02a59257o0468c 0x000000 -0.818182
59257.447642 20.071303      NaN     4    10 c    0   0.84 160.26288 -27.08011  3954.52  8745.31 2.52 2.49  35.0 -0.388    19.73 21.83 02a59257o0524c 0x000000  0.400000
59257.450854 19.766969      NaN    15    10 c    0   0.95 160.26288 -27.08011  3894.55  8668.74 2.47 2.46 -70.9 -0.391    19.78 21.84 02a59257o0531c 0x000000  1.500000
59257.454980 20.207197      NaN   -10    10 c    0   0.94 160.26288 -27.08011  3876.59  8783.87 2.44 2.41  64.9 -0.391    19.77 21.85 02a59257o0540c 0x000000 -1.000000
59259.491034 20.321591      NaN     6     7 c    0   1.38 160.26288 -27.08011  2040.35  8874.56 2.33 2.05 -72.2 -0.382    19.85 22.01 01a59259o0432c 0x000000  0.857143
59259.525945 20.449472      NaN   -17     8 c    0   1.08 160.26288 -27.08011  2068.37  8907.92 2.93 2.65 -69.9 -0.354    19.61 21.89 01a59259o0507c 0x400110 -2.125000
59259.529170 20.137125      NaN     8     8 c    0   1.34 160.26288 -27.08011  2010.33  8831.25 2.66 2.37 -65.2 -0.377    19.67 21.87 01a59259o0514c 0x000000  1.000000
59259.535617 20.449472      NaN    -9     8 c    0   1.42 160.26288 -27.08011  1991.98  8946.19 2.49 2.25 -57.3 -0.373    19.74 21.82 01a59259o0528c 0x000000 -1.125000
59261.485117 20.321591      NaN   -15     9 c    0   0.91 160.26288 -27.08011   784.11  6147.97 2.50 2.34  43.7 -0.402    19.67 21.66 02a59261o0598c 0x000000 -1.666667
59261.488783 20.103715      NaN     6     9 c    0   1.29 160.26288 -27.08011   765.80  6112.28 2.48 2.38  38.9 -0.404    19.66 21.67 02a59261o0606c 0x000000  0.666667
59261.494324 20.207197      NaN    -7    10 c    0   1.25 160.26288 -27.08011   825.15  6190.49 2.45 2.32  44.8 -0.410    19.69 21.66 02a59261o0618c 0x000000 -0.700000
59261.524405 19.719755      NaN    20     9 c    0   1.44 160.26288 -27.08011   847.89  6074.48 2.56 2.39  45.2 -0.459    19.59 21.59 02a59261o0683c 0x000000  2.222222
59263.522163 19.256669      NaN   -10    24 c    0   1.67 160.26288 -27.08011  2065.71  8904.19 2.56 2.31 -60.4 -0.356    18.39 20.46 01a59263o0545c 0x002000 -0.416667
59263.553950 17.341877      NaN   -21   140 c    0   1.39 160.26288 -27.08011  1998.04  8942.41 2.74 2.48 -61.1 -0.364    16.28 18.39 01a59263o0613c 0x100002 -0.150000
59265.524200 19.696897      NaN    15    11 c    0   0.94 160.26288 -27.08011   786.33  6150.89 3.05 2.77  42.4 -0.365    19.44 21.58 02a59265o0377c 0x000000  1.363636
59265.527419 19.089302      NaN    15    23 c    0   1.03 160.26288 -27.08011   767.80  6109.77 3.55 3.42  52.2 -0.395    18.46 20.71 02a59265o0384c 0x000000  0.652174
59265.543950 19.169763      NaN   -70    26 c    0   1.14 160.26288 -27.08011   849.59  6073.94 3.18 2.95  43.1 -0.364    18.44 20.51 02a59265o0420c 0x001000 -2.692308
59307.363893 20.449472      NaN     0     8 c    0   1.53 160.26288 -27.08011 10024.25  8953.95 2.63 2.37  80.7 -0.354    19.83 21.50 01a59307o0296c 0x000000  0.000000
59307.364354 20.321591      NaN    -1     9 c    0   1.10 160.26288 -27.08011   115.48  9038.44 2.55 2.19 -74.7 -0.414    19.80 21.50 01a59307o0297c 0x000000 -0.111111
59307.368055 20.594452      NaN    -6     7 c    0   1.38 160.26288 -27.08011 10042.16  8993.82 2.58 2.32  83.1 -0.357    19.87 21.50 01a59307o0305c 0x000000 -0.857143
59307.369899 20.207197      NaN    -9    10 c    0   0.94 160.26288 -27.08011   134.51  9076.33 2.59 2.23 -74.5 -0.409    19.78 21.50 01a59307o0309c 0x000000 -0.900000
59307.374976 20.207197      NaN   -18    10 c    0   0.86 160.26288 -27.08011  9984.41  8913.78 2.72 2.48  79.6 -0.351    19.78 21.45 01a59307o0320c 0x000000 -1.800000
59307.376356 20.103715      NaN    -7    11 c    0   1.46 160.26288 -27.08011    77.36  8999.43 2.51 2.21 -74.1 -0.407    19.81 21.47 01a59307o0323c 0x000000 -0.636364
59307.390496 20.362567      NaN     5     7 c    0   1.76 160.26288 -27.08011  9963.48  9030.23 2.78 2.60  67.2 -0.332    19.75 21.49 01a59307o0352c 0x000000  0.714286
59307.391879 19.436675      NaN    13    16 c    0   0.84 160.26288 -27.08011    58.35  9117.16 2.51 2.19 -67.8 -0.407    19.80 21.51 01a59307o0355c 0x000000  0.812500
59311.340219 20.244005 0.336953    29     9 c    0   1.49 160.26288 -27.08011 10022.36  8957.25 2.70 2.41  78.5 -0.349    19.71 21.56 01a59311o0266c 0x001000  3.222222
59311.343444 19.791368      NaN    14    10 c    0   1.24 160.26288 -27.08011 10042.46  8995.93 2.58 2.33  81.6 -0.352    19.59 21.40 01a59311o0273c 0x000000  1.400000
59311.349466 20.207197      NaN    -9    10 c    0   0.97 160.26288 -27.08011  9984.14  8915.07 2.77 2.45  81.6 -0.345    19.67 21.57 01a59311o0286c 0x080010 -0.900000
59311.351768 20.207197      NaN    -1    10 c    0   0.82 160.26288 -27.08011   115.81  9037.68 2.42 2.12 -70.7 -0.404    19.75 21.62 01a59311o0291c 0x000000 -0.100000
59311.384042 19.922338      NaN    -6    13 c    0   0.78 160.26288 -27.08011  9964.43  9030.80 2.70 2.45  72.4 -0.348    19.56 21.35 01a59311o0360c 0x000000 -0.461538
59311.385884 20.103715      NaN   -15    11 c    0   0.86 160.26288 -27.08011   136.68  9073.54 2.56 2.25 -57.6 -0.397    19.55 21.43 01a59311o0364c 0x000000 -1.363636
59311.414384 18.220396      NaN    73    38 c    0   0.71 160.26288 -27.08011    80.55  8993.18 2.68 2.36 -60.6 -0.396    18.76 20.57 01a59311o0425c 0x100002  1.921053
59311.417608 18.574166      NaN   -35    45 c    0   1.24 160.26288 -27.08011    62.13  9110.67 2.62 2.23 -59.1 -0.399    18.58 20.33 01a59311o0432c 0x100002 -0.777778
59315.357427 20.405150      NaN     4     7 c    0   0.79 160.26288 -27.08011  5862.15  4561.94 2.25 2.18 -17.4 -0.360    19.95 21.66 01a59315o0301c 0x000000  0.571429
59315.360674 20.959772      NaN    -7     5 c    0   1.94 160.26288 -27.08011  5880.72  4600.79 2.22 2.11 -79.1 -0.379    19.95 21.63 01a59315o0308c 0x000000 -1.400000
59315.366673 20.594452      NaN    -6     7 c    0   1.15 160.26288 -27.08011  5823.13  4522.85 2.22 2.12 -71.9 -0.371    19.92 21.61 01a59315o0321c 0x000000 -0.857143
59315.376819 20.495680      NaN     5     6 c    0   1.74 160.26288 -27.08011  5805.94  4636.32 2.22 2.13 -40.4 -0.370    19.92 21.56 01a59315o0343c 0x000000  0.833333
59319.338541 20.594452      NaN    -8     7 c    0   1.09 160.26288 -27.08011  5860.37  4563.39 2.31 2.18 -81.2 -0.379    19.92 21.70 01a59319o0259c 0x000000 -1.142857
59319.342227 20.362567      NaN     8     6 c    0   2.29 160.26288 -27.08011  5880.19  4601.09 2.32 2.17 -71.6 -0.379    19.94 21.71 01a59319o0267c 0x000000  1.333333
59319.348222 20.449472      NaN    -1     8 c    0   0.91 160.26288 -27.08011  5822.28  4523.49 2.34 2.20 -79.4 -0.375    19.92 21.71 01a59319o0280c 0x000000 -0.125000
59319.359299 20.321591      NaN     6     7 c    0   1.29 160.26288 -27.08011  5805.33  4635.89 2.33 2.24 -40.3 -0.365    19.94 21.67 01a59319o0304c 0x000000  0.857143
59337.317477 19.351140      NaN    -6    22 c    0   0.85 160.26288 -27.08011   712.04  3535.19 2.50 2.41 -77.4 -0.399    18.78 20.59 02a59337o0197c 0x000000 -0.272727
59337.320714 19.791368      NaN     5    13 c    0   0.93 160.26288 -27.08011   692.00  3495.96 2.39 2.32  65.9 -0.409    19.18 21.08 02a59337o0204c 0x000000  0.384615
59337.328042 20.009244      NaN    -5    12 c    0   1.00 160.26288 -27.08011   749.69  3574.97 2.47 2.40  66.0 -0.413    19.46 21.32 02a59337o0220c 0x000000 -0.416667
59337.338600 20.207197      NaN    -8    10 c    0   1.25 160.26288 -27.08011   769.65  3458.93 2.41 2.35  83.9 -0.407    19.44 21.29 02a59337o0243c 0x000000 -0.800000
59349.287624 20.207197      NaN    -3    10 c    0   1.42 160.26288 -27.08011  2742.61  6090.57 2.73 2.61  74.7 -0.377    19.43 21.28 02a59349o0098c 0x000000 -0.300000
59349.293154 19.419021      NaN    26    12 c    0   1.22 160.26288 -27.08011  2722.39  6051.59 2.81 2.71  58.5 -0.382    19.39 21.28 02a59349o0110c 0x000000  2.166667
59349.300513 20.103715      NaN    -8    11 c    0   1.02 160.26288 -27.08011  2782.64  6132.10 2.53 2.43  60.4 -0.388    19.51 21.28 02a59349o0126c 0x000000 -0.727273
59349.303722 20.103715      NaN    -1    11 c    0   0.89 160.26288 -27.08011  2803.80  6016.44 2.60 2.49  82.7 -0.390    19.44 21.27 02a59349o0133c 0x000000 -0.090909
59367.265158 19.766969      NaN    15    10 c    0   1.26 160.26288 -27.08011  9318.42   768.35 2.57 2.43  -9.1 -0.348    19.66 21.14 01a59367o0067c 0x000000  1.500000
59367.268403 20.321591      NaN   -15     9 c    0   1.37 160.26288 -27.08011  9338.40   808.57 2.46 2.37 -21.9 -0.363    19.67 21.15 01a59367o0074c 0x000000 -1.666667
59367.273942 20.039830      NaN     5    10 c    0   0.86 160.26288 -27.08011  9277.21   730.04 2.43 2.34  -9.8 -0.368    19.67 21.14 01a59367o0086c 0x000000  0.500000
59367.285006 20.207197      NaN     3     9 c    0   1.19 160.26288 -27.08011  9255.87   848.14 2.43 2.36 -57.4 -0.365    19.63 21.08 01a59367o0110c 0x000000  0.333333
59371.252918 19.979496      NaN     1    12 c    0   0.85 160.26288 -27.08011  3919.98  4664.75 2.40 2.29 -80.1 -0.368    19.42 20.67 01a59371o0036c 0x000000  0.083333
59371.257073 19.791368      NaN    11    11 c    0   0.98 160.26288 -27.08011  3940.16  4702.39 2.36 2.30 -63.8 -0.368    19.56 20.96 01a59371o0045c 0x000000  1.000000
59371.263541 20.103715      NaN    -6    11 c    0   0.72 160.26288 -27.08011  3881.36  4626.29 2.42 2.27 -83.7 -0.373    19.61 21.11 01a59371o0059c 0x000000 -0.545455
59371.275520 19.979496      NaN    13     8 c    0   1.13 160.26288 -27.08011  3862.64  4740.81 2.34 2.23 -81.9 -0.379    19.68 21.23 01a59371o0085c 0x000000  1.625000
59525.624507 19.589310      NaN    14    13 c    0   1.22 160.26288 -27.08011  1116.81   681.28 2.90 2.59 -66.4 -0.396    19.15 20.67 02a59525o0399c 0x000000  1.076923
59525.635969 19.766969      NaN     9    12 c    0   1.25 160.26288 -27.08011  1138.53   718.07 2.52 2.28 -72.4 -0.423    19.28 20.72 02a59525o0424c 0x000000  0.750000
59525.645144 19.287255      NaN    13    19 c    0   1.07 160.26288 -27.08011  1078.25   638.88 2.73 2.47 -70.7 -0.409    18.92 20.12 02a59525o0444c 0x000000  0.684211
59529.625056 19.766969      NaN     9    12 c    0   0.91 160.26288 -27.08011  1111.45   682.20 2.48 2.30 -69.4 -0.425    19.31 20.80 02a59529o0957c 0x000000  0.750000
59529.636070 20.103715      NaN   -11    11 c    0   1.25 160.26288 -27.08011  1131.31   718.88 2.78 2.46 -61.3 -0.417    19.27 20.79 02a59529o0981c 0x000000 -1.000000
59529.646609 19.743105      NaN     4    14 c    0   1.37 160.26288 -27.08011  1072.22   639.98 2.52 2.26 -63.1 -0.427    19.05 20.15 02a59529o1004c 0x000000  0.285714
59529.653024 18.816441      NaN   -20    36 c    0   0.73 160.26288 -27.08011  1052.60   757.19 2.45 2.26 -68.8 -0.433    18.03 18.71 02a59529o1018c 0x100002 -0.555556