         MJD         m       dm  uJy  duJy F  err  chi/N        RA       Dec        x        y  maj  min   phi  apfit  mag5sig   Sky            Obs     Mask  __tmp_SN
57747.617896 19.529530      NaN   11    15 c    0   1.07 160.26443 -27.08345  3702.02  5830.74 3.96 3.85  54.8 -0.376    19.59 21.58 02a57747o0863c 0x000000  0.733333
57747.626599 19.841877      NaN   -7    14 c    0   1.21 160.26443 -27.08345  3687.67  5791.23 3.80 3.68  57.6 -0.385    19.63 21.57 02a57747o0880c 0x000000 -0.500000
57747.638110 19.436675      NaN   16    15 c    0   0.94 160.26443 -27.08345  3739.30  5869.11 3.90 3.80  38.1 -0.381    19.58 21.55 02a57747o0903c 0x000000  1.066667
57747.651580 19.241693      NaN   19    18 c    0   0.89 160.26443 -27.08345  3758.37  5752.43 4.52 3.88   3.7 -0.366    19.46 21.52 02a57747o0930c 0x000000  1.055556
57751.604071 19.841877      NaN  -13    14 c    0   1.01 160.26443 -27.08345  7096.74  4791.73 3.87 3.62  83.3 -0.389    19.72 21.78 02a57751o0354c 0x000000 -0.928571
57751.617616 19.696897      NaN  -23    16 c    0   0.80 160.26443 -27.08345  7064.11  4755.19 3.84 3.60  83.6 -0.391    19.67 21.69 02a57751o0381c 0x000000 -1.437500
57751.631659 19.922338      NaN   -1    13 c    0   1.32 160.26443 -27.08345  7134.18  4834.87 3.85 3.60  85.1 -0.391    19.66 21.66 02a57751o0409c 0x000000 -0.076923
57751.644682 19.696897      NaN   -3    16 c    0   0.83 160.26443 -27.08345  7151.38  4718.16 3.89 3.67  86.6 -0.391    19.64 21.65 02a57751o0435c 0x000000 -0.187500
57751.659753 19.652575      NaN    5    15 c    0   1.14 160.26443 -27.08345  7117.42  4777.39 3.86 3.65 -89.1 -0.393    19.52 21.42 02a57751o0465c 0x000000  0.333333
57755.593796 19.841877      NaN   -8    14 c    0   1.02 160.26443 -27.08345  5884.06  7131.66 3.60 3.48  79.1 -0.430    19.76 21.75 02a57755o0768c 0x000000 -0.571429
57755.607113 19.569016      NaN    6    16 c    0   1.00 160.26443 -27.08345  5868.68  7095.35 3.62 3.50  84.6 -0.430    19.73 21.73 02a57755o0794c 0x000000  0.375000
57755.621811 19.841877      NaN  -19    14 c    0   0.94 160.26443 -27.08345  5938.61  7175.28 3.59 3.47  85.3 -0.432    19.72 21.69 02a57755o0822c 0x000000 -1.357143
57755.640457 19.816329      NaN    1    14 c    0   1.18 160.26443 -27.08345  5957.50  7056.91 3.61 3.51  82.7 -0.427    19.70 21.67 02a57755o0858c 0x000000  0.071429
57755.649627 19.841877      NaN   -3    14 c    0   1.05 160.26443 -27.08345  5923.26  7116.39 3.75 3.60  83.7 -0.413    19.64 21.60 02a57755o0876c 0x000000 -0.214286
57779.531997 19.743105      NaN    1    15 c    0   0.95 160.26443 -27.08345  5366.51  7476.07 3.70 3.67  55.6 -0.433    19.73 21.81 02a57779o0611c 0x000000  0.066667
57779.548044 19.674510      NaN    4    15 c    0   0.84 160.26443 -27.08345  5350.87  7437.52 3.81 3.70  69.2 -0.416    19.71 21.77 02a57779o0642c 0x000000  0.266667
57779.564140 19.766969      NaN    0    15 c    0   0.88 160.26443 -27.08345  5405.14  7514.65 3.66 3.63  63.3 -0.435    19.71 21.74 02a57779o0673c 0x000000  0.000000
57779.579679 19.529530      NaN    8    16 c    0   1.05 160.26443 -27.08345  5423.63  7397.09 3.93 3.84  38.7 -0.409    19.68 21.78 02a57779o0703c 0x000000  0.500000
57779.595084 19.549093      NaN   10    15 c    0   1.13 160.26443 -27.08345  5391.06  7455.19 3.88 3.80  23.1 -0.412    19.66 21.75 02a57779o0733c 0x000000  0.666667
57783.527260 19.719755      NaN    2    15 c    0   0.92 160.26443 -27.08345  4440.57  5650.50 3.87 3.76 -83.8 -0.381    19.69 21.81 02a57783o0594c 0x000000  0.133333
57783.543369 19.766969      NaN   -2    15 c    0   0.86 160.26443 -27.08345  4424.38  5611.34 3.86 3.75 -80.8 -0.380    19.69 21.79 02a57783o0625c 0x000000 -0.133333
57783.559600 19.436675      NaN   16    15 c    0   0.96 160.26443 -27.08345  4479.22  5688.31 4.08 3.95 -74.4 -0.364    19.63 21.83 02a57783o0656c 0x000000  1.066667
57783.575718 19.841877      NaN  -23    14 c    0   0.92 160.26443 -27.08345  4499.17  5570.64 3.85 3.73 -76.4 -0.381    19.71 21.85 02a57783o0687c 0x000000 -1.642857
57783.591797 19.922338      NaN  -23    13 c    0   1.40 160.26443 -27.08345  4467.62  5628.38 3.98 3.88 -78.2 -0.373    19.66 21.85 02a57783o0718c 0x000000 -1.769231
57787.502251 19.719755      NaN    5    14 c    0   0.89 160.26443 -27.08345  3620.56  4441.97 3.88 3.77  72.7 -0.376    19.76 21.91 02a57787o0554c 0x400110  0.357143
57787.512155 19.841877      NaN   -8    14 c    0   0.95 160.26443 -27.08345  3604.97  4403.08 3.88 3.77  71.2 -0.378    19.76 21.91 02a57787o0574c 0x000000 -0.571429
57787.526990 19.419021      NaN   20    14 c    0   1.17 160.26443 -27.08345  3657.91  4482.52 3.94 3.80  75.1 -0.373    19.74 21.90 02a57787o0602c 0x000000  1.428571
57787.538664 19.766969      NaN   -8    15 c    0   0.83 160.26443 -27.08345  3676.49  4367.02 3.75 3.63  80.4 -0.383    19.77 21.84 02a57787o0626c 0x000000 -0.533333
57787.555365 19.719755      NaN    8    13 c    0   1.12 160.26443 -27.08345  3643.16  4427.27 3.83 3.70  81.5 -0.379    19.76 21.88 02a57787o0659c 0x000000  0.615385
57803.513764 19.051202      NaN   27    20 c    0   0.77 160.26443 -27.08345  6449.15  5871.06 3.73 3.51  85.7 -0.401    19.33 20.97 02a57803o0573c 0x000000  1.350000
57803.525435 18.847027      NaN   42    21 c    0   0.76 160.26443 -27.08345  6434.53  5831.15 3.73 3.52  86.0 -0.397    19.30 20.92 02a57803o0596c 0x000000  2.000000
57803.549325 19.401649      NaN    0    21 c    0   1.14 160.26443 -27.08345  6507.08  5790.34 3.75 3.60  84.0 -0.394    19.18 20.75 02a57803o0643c 0x000000  0.000000
57803.561013 19.155932      NaN   13    22 c    0   1.03 160.26443 -27.08345  6474.02  5846.16 3.67 3.48  89.2 -0.404    19.16 20.68 02a57803o0666c 0x000000  0.590909
57807.497762 19.631075      NaN  -31    17 c    0   0.94 160.26443 -27.08345  3720.14  7562.22 4.11 3.97  55.8 -0.378    19.59 21.73 02a57807o0522c 0x000000 -1.823529
57807.513012 19.436675      NaN   13    16 c    0   0.99 160.26443 -27.08345  3688.95  7523.38 3.94 3.86  64.9 -0.375    19.63 21.72 02a57807o0551c 0x000000  0.812500
57807.528616 19.241693      NaN   25    16 c    0   1.02 160.26443 -27.08345  3762.27  7599.70 3.88 3.77  79.9 -0.389    19.64 21.72 02a57807o0581c 0x000000  1.562500
57807.543715 19.696897      NaN  -10    16 c    0   0.93 160.26443 -27.08345  3781.54  7480.32 3.72 3.68  86.3 -0.399    19.64 21.66 02a57807o0610c 0x000000 -0.625000
57807.558757 19.696897      NaN   -1    16 c    0   0.86 160.26443 -27.08345  3748.29  7535.56 3.77 3.66  82.0 -0.401    19.58 21.59 02a57807o0639c 0x000000 -0.062500
57835.432723 19.454622      NaN  -12    20 c    0   1.07 160.26443 -27.08345  4774.74  6874.32 3.72 3.60  66.0 -0.419    18.98 20.92 02a57835o0329c 0x000000 -0.600000
57835.448972 19.454622      NaN   -2    20 c    0   0.73 160.26443 -27.08345  4760.39  6833.27 3.67 3.58  64.6 -0.417    18.95 20.83 02a57835o0360c 0x000000 -0.100000
57835.464835 19.510313      NaN  -20    19 c    0   1.03 160.26443 -27.08345  4815.43  6908.43 3.70 3.59  68.9 -0.411    18.91 20.77 02a57835o0390c 0x000000 -1.052632
57835.480662 19.401649      NaN  -38    21 c    0   0.95 160.26443 -27.08345  4834.70  6790.34 3.75 3.65  73.4 -0.405    18.84 20.67 02a57835o0420c 0x000000 -1.809524
57839.418472 18.836735      NaN   25    27 c    0   1.20 160.26443 -27.08345  4902.91  6407.27 3.89 3.74  17.1 -0.397    18.52 20.25 02a57839o0380c 0x000000  0.925926
57839.449789 19.226921      NaN   20    18 c    0   1.27 160.26443 -27.08345  4940.44  6442.08 3.91 3.79  68.0 -0.390    18.82 20.63 02a57839o0439c 0x000000  1.111111
57839.481115 19.351140      NaN  -13    22 c    0   0.89 160.26443 -27.08345  4928.60  6380.56 3.63 3.55  71.1 -0.418    18.80 20.53 02a57839o0498c 0x000000 -0.590909
57843.409565 19.384550      NaN    4    20 c    0   0.91 160.26443 -27.08345  5827.09  7898.75 3.71 3.63  25.8 -0.429    18.91 20.77 02a57843o0340c 0x000000  0.200000
57843.425226 19.401649      NaN  -26    21 c    0   1.11 160.26443 -27.08345  5812.02  7858.50 3.80 3.73  59.4 -0.414    18.87 20.74 02a57843o0370c 0x000000 -1.238095
57843.440893 19.302877      NaN   -2    23 c    0   0.81 160.26443 -27.08345  5884.11  7934.33 3.89 3.80  67.1 -0.413    18.81 20.66 02a57843o0400c 0x000000 -0.086957
57843.472239 18.786693      NaN   39    24 c    0   1.18 160.26443 -27.08345  5853.44  7872.87 4.15 4.03  76.6 -0.388    18.63 20.44 02a57843o0460c 0x000000  1.625000
57847.429650 18.693037      NaN   13    36 c    0   1.04 160.26443 -27.08345  5681.79  6535.70 3.75 3.65  73.5 -0.412    18.26 19.42 02a57847o0390c 0x900002  0.361111
57847.445276 18.776955      NaN    4    36 c    0   1.15 160.26443 -27.08345  5701.13  6418.98 3.83 3.73  86.0 -0.394    18.23 19.42 02a57847o0420c 0x900002  0.111111
57847.460962 18.816441      NaN   -3    36 c    0   0.90 160.26443 -27.08345  5668.25  6473.86 3.77 3.68  85.0 -0.409    18.22 19.43 02a57847o0450c 0x900002 -0.083333
57863.380654 19.569016      NaN   -6    18 c    0   1.18 160.26443 -27.08345  3985.81  7645.72 3.74 3.61  53.7 -0.405    18.71 20.32 02a57863o0279c 0x000000 -0.333333
57863.392747 19.102305      NaN   23    20 c    0   0.98 160.26443 -27.08345  3970.91  7605.42 3.67 3.55  51.9 -0.413    18.69 20.26 02a57863o0302c 0x000000  1.150000
57863.404796 19.454622      NaN   -2    20 c    0   1.06 160.26443 -27.08345  4041.99  7681.84 3.67 3.55  53.7 -0.414    18.66 20.24 02a57863o0325c 0x000000 -0.100000
57863.416846 19.569016      NaN  -33    18 c    0   1.19 160.26443 -27.08345  4061.13  7564.57 3.71 3.58  58.0 -0.407    18.63 20.22 02a57863o0348c 0x000000 -1.833333
57863.428930 19.351140      NaN   -9    22 c    0   0.97 160.26443 -27.08345  4027.27  7621.37 3.79 3.65  72.3 -0.400    18.56 20.17 02a57863o0371c 0x000000 -0.409091
57867.370879 15.492381      NaN  813   498 c    0   1.24 160.26443 -27.08345  7110.31  6277.84 2.76 2.51  36.5 -0.526    17.27 18.30 02a57867o0290c 0x900002  1.632530
57867.383505 16.353249      NaN -647   348 c    0   1.27 160.26443 -27.08345  7095.14  6237.16 2.96 2.83  31.7 -0.502    16.87 17.97 02a57867o0314c 0x900002 -1.859195
57867.396615 14.566606      NaN -175  1804 c    0   0.87 160.26443 -27.08345  7166.37  6312.94 2.87 2.66  35.4 -0.485    13.93 14.94 02a57867o0339c 0x900002 -0.097007
57867.409171 15.895142      NaN  623   323 c    0   1.02 160.26443 -27.08345  7185.28  6195.63 3.12 2.93  55.8 -0.509    15.82 16.97 02a57867o0363c 0x900002  1.928793
57871.357263 20.103715      NaN   -6    11 c    0   0.81 160.26443 -27.08345  6978.69  6529.40 2.71 2.61 -85.1 -0.437    19.42 20.68 02a57871o0102c 0x000000 -0.545455
57871.373043 19.979496      NaN   10     9 c    0   1.38 160.26443 -27.08345  7031.57  6607.07 2.70 2.62 -75.3 -0.437    19.39 20.64 02a57871o0132c 0x000000  1.111111
57871.388799 20.009244      NaN    3    11 c    0   0.79 160.26443 -27.08345  7049.56  6489.34 2.82 2.68 -85.3 -0.439    19.36 20.68 02a57871o0162c 0x000000  0.272727
57871.404580 20.103715      NaN   -4    11 c    0   1.16 160.26443 -27.08345  7017.90  6547.73 2.86 2.74 -76.4 -0.439    19.27 20.57 02a57871o0192c 0x000000 -0.363636
57895.284362 19.922338      NaN   -2    13 c    0   0.87 160.26443 -27.08345  4311.30  7561.56 3.18 2.98  18.8 -0.469    19.41 21.44 02a57895o0095c 0x000000 -0.153846
57895.300769 19.841877      NaN    6    12 c    0   1.25 160.26443 -27.08345  4279.66  7521.64 2.73 2.61   6.9 -0.488    19.39 21.26 02a57895o0126c 0x000000  0.500000
57895.316085 19.841877      NaN   -9    14 c    0   0.75 160.26443 -27.08345  4352.36  7597.81 3.02 2.92 -15.3 -0.480    19.31 21.28 02a57895o0155c 0x000000 -0.642857
57895.332396 19.922338      NaN   -4    13 c    0   0.80 160.26443 -27.08345  4372.67  7478.74 3.05 2.90   2.4 -0.465    19.33 21.27 02a57895o0186c 0x000000 -0.307692
57895.349252 19.652575      NaN    5    15 c    0   1.04 160.26443 -27.08345  4338.76  7533.94 3.17 3.02  -1.3 -0.462    19.18 21.08 02a57895o0218c 0x000000  0.333333
57899.275103 19.743105      NaN   10    12 c    0   1.03 160.26443 -27.08345  4162.90  6360.73 2.65 2.47  35.7 -0.495    19.44 20.95 02a57899o0089c 0x000000  0.833333
57899.290519 20.009244      NaN  -22    12 c    0   0.98 160.26443 -27.08345  4145.68  6320.70 2.55 2.42  24.9 -0.497    19.52 21.11 02a57899o0118c 0x000000 -1.833333
57899.305846 20.103715      NaN    0    11 c    0   0.82 160.26443 -27.08345  4200.35  6397.17 2.48 2.43  42.7 -0.493    19.54 21.23 02a57899o0147c 0x000000  0.000000
57899.321696 20.207197      NaN   -9    10 c    0   1.03 160.26443 -27.08345  4221.72  6277.69 2.57 2.55  60.2 -0.484    19.49 21.23 02a57899o0177c 0x000000 -0.900000
57899.338026 20.009244      NaN   -5    12 c    0   0.96 160.26443 -27.08345  4187.85  6333.23 2.56 2.52 -55.2 -0.488    19.42 21.16 02a57899o0208c 0x000000 -0.416667
57903.267757 19.894850      NaN    1    13 c    0   0.81 160.26443 -27.08345  5880.30  5279.88 2.60 2.55 -79.2 -0.446    19.44 20.73 02a57903o0063c 0x000000  0.076923
57903.280064 20.009244      NaN  -15    12 c    0   1.24 160.26443 -27.08345  5864.25  5240.46 2.64 2.58 -73.4 -0.445    19.38 20.70 02a57903o0087c 0x000000 -1.250000
57903.295448 19.696897      NaN  -14    16 c    0   0.73 160.26443 -27.08345  5917.43  5316.32 2.70 2.62 -68.9 -0.452    19.34 20.63 02a57903o0117c 0x000000 -0.875000
57903.311400 19.401649      NaN   21    14 c    0   0.79 160.26443 -27.08345  5934.78  5198.32 2.69 2.59 -76.0 -0.462    19.29 20.59 02a57903o0148c 0x000000  1.500000
57903.326217 19.183773      NaN   26    17 c    0   0.76 160.26443 -27.08345  5901.54  5255.93 2.75 2.60 -56.7 -0.456    19.21 20.47 02a57903o0177c 0x000000  1.529412
58081.580987 19.652575      NaN    5    15 c    0   0.94 160.26443 -27.08345  5749.13  9540.30 2.94 2.59  19.0 -0.467    19.36 21.11 02a58081o0676c 0x000000  0.333333
58081.587904 19.256669      NaN   30    14 c    0   1.56 160.26443 -27.08345  5765.75  9580.50 2.94 2.67  20.0 -0.455    19.40 21.14 02a58081o0691c 0x000000  2.142857
58081.599050 19.766969      NaN  -11    15 c    0   1.16 160.26443 -27.08345  5694.60  9483.96 3.18 2.85  21.8 -0.433    19.31 21.16 02a58081o0715c 0x000000 -0.733333
58081.600459 19.766969      NaN   -8    15 c    0   0.92 160.26443 -27.08345  5678.14  9602.67 3.04 2.67  23.2 -0.449    19.42 21.17 02a58081o0718c 0x000000 -0.533333
58109.538821 19.841877      NaN  -16    14 c    0   1.00 160.26443 -27.08345  2928.18  8779.53 4.96 4.45  56.9 -0.382    19.13 21.92 02a58109o0381c 0x000000 -1.142857
58109.545741 19.766969      NaN  -18    15 c    0   0.92 160.26443 -27.08345  2943.88  8819.01 4.92 4.47  42.8 -0.378    19.20 21.94 02a58109o0396c 0x000000 -1.200000
58109.552672 19.922338      NaN   -2    13 c    0   1.14 160.26443 -27.08345  2889.98  8742.20 4.82 4.45  36.1 -0.400    19.00 21.95 02a58109o0411c 0x000000 -0.153846
58109.559602 19.766969      NaN   -9    15 c    0   1.04 160.26443 -27.08345  2869.61  8860.10 4.76 4.26  62.1 -0.454    19.27 21.97 02a58109o0426c 0x000000 -0.600000
58161.503725 20.009244      NaN   15     7 c    0   1.62 160.26443 -27.08345  4827.47  2001.78 2.78 2.53  50.9 -0.409    19.79 21.84 02a58161o0641c 0x000000  2.142857
58161.509700 20.449472      NaN   -9     8 c    0   0.80 160.26443 -27.08345  4810.33  1962.59 2.87 2.61  56.0 -0.401    19.74 21.83 02a58161o0654c 0x000000 -1.125000
58161.517015 20.321591      NaN    6     7 c    0   1.62 160.26443 -27.08345  4862.52  2043.03 2.91 2.64  56.3 -0.399    19.71 21.85 02a58161o0670c 0x000000  0.857143
58161.530702 20.321591      NaN   -7     9 c    0   0.93 160.26443 -27.08345  4882.79  1924.88 2.86 2.59  51.1 -0.400    19.74 21.84 02a58161o0700c 0x000000 -0.777778
58193.400077 20.362567 0.334073   26     8 c    0   1.60 160.26443 -27.08345  7962.86  2690.63 2.50 2.35  69.8 -0.433    19.75 21.57 02a58193o0367c 0x001000  3.250000
58193.409227 20.171596      NaN    7     8 c    0   0.77 160.26443 -27.08345  7929.40  2651.66 2.57 2.42  70.2 -0.442    19.74 21.56 02a58193o0387c 0x000000  0.875000
58193.410598 20.594452      NaN  -16     7 c    0   1.18 160.26443 -27.08345  7997.95  2729.53 2.48 2.36  69.6 -0.433    19.76 21.55 02a58193o0390c 0x000000 -2.285714
58193.423286 20.449472      NaN   -8     8 c    0   1.35 160.26443 -27.08345  8017.10  2610.87 2.60 2.50  59.7 -0.434    19.75 21.54 02a58193o0417c 0x000000 -1.000000
58221.353734 20.449472      NaN  -14     8 c    0   1.32 160.26443 -27.08345  1676.98  9087.57 2.52 2.26   6.2 -0.443    19.68 21.52 02a58221o0276c 0x000000 -1.750000
58221.362709 20.207197      NaN   -9    10 c    0   1.01 160.26443 -27.08345  1661.20  9047.07 2.53 2.35   8.0 -0.449    19.69 21.55 02a58221o0295c 0x000000 -0.900000
58221.371479 20.207197      NaN   -4    10 c    0   0.83 160.26443 -27.08345  1732.83  9124.47 2.55 2.35  13.5 -0.457    19.65 21.56 02a58221o0314c 0x000000 -0.400000
58221.380232 20.449472      NaN  -10     8 c    0   1.60 160.26443 -27.08345  1753.16  9008.51 2.52 2.38   4.1 -0.450    19.67 21.51 02a58221o0333c 0x400110 -1.250000
58225.343155 18.944322      NaN  -26    32 c    0   0.82 160.26443 -27.08345  5496.59  2666.84 2.74 2.59 -86.7 -0.395    18.22 19.90 02a58225o0258c 0x100002 -0.812500
58225.350942 19.401649      NaN   -1    21 c    0   1.05 160.26443 -27.08345  5480.17  2629.47 2.78 2.62 -82.3 -0.394    18.76 20.49 02a58225o0275c 0x002000 -0.047619
58225.358732 19.510313      NaN  -23    19 c    0   1.74 160.26443 -27.08345  5549.91  2707.13 2.75 2.62  88.8 -0.394    18.59 20.28 02a58225o0292c 0x002000 -1.210526
58225.366555 18.237955      NaN   67    39 c    0   1.04 160.26443 -27.08345  5569.64  2589.99 2.78 2.61 -81.3 -0.390    18.18 19.92 02a58225o0309c 0x100002  1.717949
58250.303509 19.696897      NaN    6    14 c    0   0.77 160.26443 -27.08345  4570.14  1474.50 2.80 2.62  77.0 -0.384    19.25 20.95 02a58250o0133c 0x000000  0.428571
58250.311407 19.401649      NaN  -11    21 c    0   1.20 160.26443 -27.08345  4554.49  1436.22 2.89 2.73  81.4 -0.386    19.16 20.87 02a58250o0150c 0x000000 -0.523810
58250.319247 19.302877      NaN   30    13 c    0   1.42 160.26443 -27.08345  4625.09  1513.86 2.85 2.68  89.5 -0.380    19.18 20.85 02a58250o0167c 0x000000  2.307692
58250.326612 20.103715      NaN  -21    11 c    0   1.34 160.26443 -27.08345  4644.54  1395.65 2.89 2.71  87.3 -0.385    19.16 20.85 02a58250o0183c 0x400110 -1.909091
58257.291764 20.009244      NaN   -5    12 c    0   1.19 160.26443 -27.08345  5194.04  1846.87 3.25 3.02  69.3 -0.385    19.35 21.18 02a58257o0126c 0x000000 -0.416667
58257.299760 19.609992      NaN   10    14 c    0   0.96 160.26443 -27.08345  5178.41  1807.54 3.42 3.25  70.3 -0.382    19.24 21.17 02a58257o0143c 0x000000  0.714286
58257.307165 19.419021      NaN   29    11 c    0   1.21 160.26443 -27.08345  5231.16  1885.03 2.97 2.79  69.8 -0.393    19.41 21.14 02a58257o0159c 0x000000  2.636364
58257.315053 20.009244      NaN   -4    12 c    0   1.27 160.26443 -27.08345  5250.80  1768.07 2.98 2.83  65.7 -0.393    19.37 21.11 02a58257o0176c 0x000000 -0.333333
58281.262885 19.401649      NaN   21    14 c    0   1.14 160.26443 -27.08345  6682.50   941.21 3.35 2.81 -64.2 -0.368    19.22 20.94 02a58281o0005c 0x000000  1.500000
58281.267559 19.089302      NaN   -6    28 c    0   0.63 160.26443 -27.08345   840.69 10512.78 3.06 2.80 -73.2 -0.408    19.24 21.04 02a58281o0015c 0x100002 -0.214286
58281.270817 19.922338      NaN   -5    13 c    0   1.13 160.26443 -27.08345  6730.93  1019.72 3.42 3.04 -66.1 -0.369    19.28 21.16 02a58281o0022c 0x000000 -0.384615
58281.278241 20.009244      NaN   -2    12 c    0   1.13 160.26443 -27.08345  6748.68   901.66 3.05 2.78 -68.3 -0.382    19.39 21.24 02a58281o0038c 0x000000 -0.166667
58285.250544 18.261819      NaN  -70    60 c    0   0.98 160.26443 -27.08345  1963.45 10176.97 3.27 2.87  81.2 -0.406    17.60 18.81 02a58285o0020c 0x100002 -1.166667
58285.253330 18.878500      NaN  -26    34 c    0   1.08 160.26443 -27.08345  1945.95 10133.70 3.08 2.73  86.6 -0.400    18.16 19.37 02a58285o0026c 0x100002 -0.764706
58285.255671 19.212347      NaN    3    24 c    0   1.20 160.26443 -27.08345  7827.28   537.53 3.26 2.75 -62.6 -0.385    18.64 19.93 02a58285o0031c 0x000000  0.125000
58285.257970 19.454622      NaN   -6    20 c    0   0.97 160.26443 -27.08345  1997.47 10210.30 3.02 2.69  81.3 -0.397    18.72 20.07 02a58285o0036c 0x000000 -0.300000
58285.261764 19.696897      NaN  -19    16 c    0   1.11 160.26443 -27.08345  7808.55   497.69 3.04 2.70 -62.8 -0.392    19.12 20.59 02a58285o0044c 0x000000 -1.187500
58285.264575 19.549093      NaN   10    15 c    0   1.13 160.26443 -27.08345  2015.28 10090.02 2.93 2.63  83.6 -0.415    19.05 20.55 02a58285o0050c 0x000000  0.666667
58285.269747 19.696897      NaN  -23    16 c    0   0.93 160.26443 -27.08345  7859.64   575.42 3.01 2.73 -65.5 -0.405    19.18 20.77 02a58285o0061c 0x000000 -1.437500
58285.277758 19.841877      NaN  -17    14 c    0   1.53 160.26443 -27.08345  7877.18   457.74 2.97 2.78 -71.3 -0.413    19.19 20.76 02a58285o0078c 0x000000 -1.214286
58485.620168 20.321591      NaN  -14     9 c    0   1.19 160.26443 -27.08345  5228.33  1247.04 3.15 3.02 -88.4 -0.400    19.43 21.72 02a58485o0921c 0x000000 -1.555556
58485.626572 20.207197      NaN   -6    10 c    0   1.13 160.26443 -27.08345  5213.56  1205.99 3.01 2.83  57.1 -0.408    19.50 21.68 02a58485o0935c 0x000000 -0.600000
58485.639431 19.549093      NaN   16    13 c    0   0.83 160.26443 -27.08345  5282.45  1285.63 3.34 3.19  57.5 -0.403    19.38 21.61 02a58485o0963c 0x000000  1.230769
58485.649501 19.696897      NaN   18    10 c    0   0.85 160.26443 -27.08345  5298.50  1170.84 2.81 2.65  89.3 -0.400    19.52 21.56 02a58485o0985c 0x000000  1.800000
58489.606826 20.321591      NaN   -2     9 c    0   1.09 160.26443 -27.08345  1684.97  3143.98 2.62 2.55  80.1 -0.384    19.62 21.89 02a58489o0504c 0x000000 -0.222222
58489.616507 19.979496      NaN   13     8 c    0   1.19 160.26443 -27.08345  1669.60  3104.78 2.63 2.53  69.0 -0.390    19.62 21.86 02a58489o0525c 0x000000  1.625000
58489.625726 20.171596      NaN    4     9 c    0   1.14 160.26443 -27.08345  1720.74  3184.29 2.71 2.58  78.8 -0.387    19.58 21.83 02a58489o0545c 0x000000  0.444444
58489.635434 19.674510      NaN   22     9 c    0   1.02 160.26443 -27.08345  1738.52  3069.02 2.72 2.61  84.8 -0.385    19.56 21.78 02a58489o0566c 0x000000  2.444444
58493.541840 20.071303      NaN    4    10 c    0   0.94 160.26443 -27.08345 10108.33  1604.56 2.78 2.62  66.9 -0.417    19.61 21.61 02a58493o0747c 0x000000  0.400000
58493.551778 19.894850      NaN   10    10 c    0   0.98 160.26443 -27.08345 10123.95  1639.42 2.84 2.70  71.7 -0.417    19.59 21.68 02a58493o0768c 0x000000  1.000000
58493.559028 20.207197      NaN   -8    10 c    0   0.90 160.26443 -27.08345   355.61  1582.15 2.51 2.37  50.5 -0.457    19.61 21.65 02a58493o0783c 0x000000 -0.800000
58493.566805 20.103715      NaN   -1    11 c    0   0.85 160.26443 -27.08345 10066.06  1562.65 2.86 2.73  72.0 -0.410    19.57 21.74 02a58493o0800c 0x000000 -0.090909
58493.568178 20.171596      NaN    1    10 c    0   0.98 160.26443 -27.08345   374.13  1618.09 2.63 2.39  42.8 -0.460    19.61 21.72 02a58493o0803c 0x000000  0.100000
58493.571838 19.743105      NaN   13    11 c    0   0.77 160.26443 -27.08345   300.38  1540.49 2.61 2.47  41.8 -0.449    19.55 21.70 02a58493o0811c 0x000000  1.181818
58493.574584 20.321591      NaN  -17     9 c    0   1.41 160.26443 -27.08345 10042.13  1678.71 2.83 2.63 -62.7 -0.403    19.60 21.73 02a58493o0817c 0x000000 -1.888889
58493.581902 20.282105      NaN    1     9 c    0   1.16 160.26443 -27.08345   279.08  1656.86 2.67 2.46  44.7 -0.444    19.54 21.77 02a58493o0833c 0x000000  0.111111
58573.378869 20.103715      NaN  -19    11 c    0   1.14 160.26443 -27.08345  9365.69  3159.23 2.56 2.45  67.1 -0.390    19.40 21.30 02a58573o0344c 0x000000 -1.727273
58573.386245 19.922338      NaN    6    11 c    0   1.70 160.26443 -27.08345  9347.68  3122.34 2.49 2.38 -88.0 -0.393    19.36 21.22 02a58573o0360c 0x000000  0.545455
58573.394187 20.321591      NaN  -11     9 c    0   1.43 160.26443 -27.08345  9400.16  3199.54 2.67 2.37 -60.2 -0.402    19.52 21.46 02a58573o0377c 0x000000 -1.222222
58573.401519 20.207197      NaN   -4    10 c    0   1.22 160.26443 -27.08345  9418.16  3084.79 2.66 2.35 -61.4 -0.401    19.58 21.45 02a58573o0393c 0x000000 -0.400000
58577.381225 20.207197      NaN  -12    10 c    0   0.96 160.26443 -27.08345  4133.01  7055.05 2.61 2.45  54.2 -0.399    19.52 21.46 02a58577o0346c 0x000000 -1.200000
58577.389542 20.071303      NaN    4    10 c    0   1.10 160.26443 -27.08345  4098.35  7016.32 2.62 2.36  53.8 -0.389    19.56 21.44 02a58577o0364c 0x000000  0.400000
58577.398325 20.207197      NaN   -1    10 c    0   1.00 160.26443 -27.08345  4168.71  7094.62 2.73 2.47  54.2 -0.385    19.49 21.46 02a58577o0383c 0x000000 -0.100000
58577.406664 20.137125      NaN    2    10 c    0   1.22 160.26443 -27.08345  4187.38  6978.98 2.55 2.42  75.3 -0.401    19.53 21.45 02a58577o0401c 0x000000  0.200000
58581.380593 19.894850      NaN   13     9 c    0   1.16 160.26443 -27.08345  3603.34  5117.51 2.67 2.37  49.0 -0.390    19.56 21.43 02a58581o0336c 0x000000  1.444444
58581.389332 19.894850      NaN   10    10 c    0   0.98 160.26443 -27.08345  3586.57  5080.73 2.80 2.30  47.7 -0.382    19.53 21.38 02a58581o0355c 0x000000  1.000000
58581.399937 20.321591      NaN   -4     9 c    0   1.29 160.26443 -27.08345  3664.01  5159.29 2.42 2.33 -81.4 -0.407    19.57 21.42 02a58581o0377c 0x000000 -0.444444
58581.409403 20.207197      NaN   -5    10 c    0   1.16 160.26443 -27.08345  3677.52  5041.13 2.89 2.33  48.9 -0.373    19.50 21.35 02a58581o0397c 0x000000 -0.500000
58605.344809 20.103715      NaN   -8    11 c    0   0.92 160.26443 -27.08345  6875.86  1248.98 2.73 2.47 -62.1 -0.400    19.44 21.47 02a58605o0227c 0x000000 -0.727273
58605.353743 20.103715      NaN   -8    11 c    0   1.16 160.26443 -27.08345  6858.46  1213.43 2.69 2.50 -69.5 -0.396    19.40 21.42 02a58605o0246c 0x000000 -0.727273
58605.362130 20.207197      NaN  -17    10 c    0   1.24 160.26443 -27.08345  6927.44  1291.11 2.70 2.50 -73.1 -0.397    19.34 21.42 02a58605o0264c 0x000000 -1.700000
58605.370995 20.207197      NaN  -10    10 c    0   1.10 160.26443 -27.08345  6946.34  1173.96 2.69 2.50 -72.0 -0.394    19.36 21.38 02a58605o0283c 0x000000 -1.000000
58609.310566 20.103715      NaN   -6    11 c    0   1.04 160.26443 -27.08345  2175.88  7039.07 2.78 2.48  49.6 -0.371    19.60 21.56 02a58609o0067c 0x000000 -0.545455
58609.317561 20.009244      NaN   -1    12 c    0   0.74 160.26443 -27.08345  2160.23  7000.58 2.62 2.46  56.1 -0.380    19.61 21.51 02a58609o0082c 0x000000 -0.083333
58609.324545 19.950541      NaN    8    10 c    0   1.10 160.26443 -27.08345  2230.52  7078.69 2.65 2.46 -69.9 -0.396    19.57 21.49 02a58609o0097c 0x000000  0.800000
58609.331501 20.103715      NaN    6     9 c    0   1.50 160.26443 -27.08345  2248.94  6963.18 2.65 2.49 -77.8 -0.396    19.58 21.49 02a58609o0112c 0x000000  0.666667
58633.266445 20.321591      NaN  -11     9 c    0   2.14 160.26443 -27.08345  7445.20  9988.83 3.03 2.50  50.1 -0.391    19.48 21.16 02a58633o0081c 0x000000 -1.222222
58633.269200 19.631075      NaN   18    11 c    0   1.25 160.26443 -27.08345  7426.09  9949.04 3.03 2.53  52.2 -0.385    19.46 21.17 02a58633o0087c 0x080010  1.636364
58633.274775 20.103715      NaN   -6    11 c    0   1.31 160.26443 -27.08345  7486.68 10027.04 3.00 2.50  52.0 -0.391    19.47 21.17 02a58633o0099c 0x000000 -0.545455
58633.284476 20.009244      NaN   -1    12 c    0   0.83 160.26443 -27.08345  7507.27  9909.87 3.04 2.54  51.5 -0.389    19.46 21.19 02a58633o0120c 0x000000 -0.083333
58637.280567 20.321591      NaN   -4     9 c    0   1.85 160.26443 -27.08345  2874.80  8020.00 2.82 2.48  55.2 -0.373    19.52 21.26 02a58637o0103c 0x000000 -0.444444
58637.298043 20.103715      NaN  -28    11 c    0   0.93 160.26443 -27.08345  2859.03  7978.14 2.56 2.50  71.7 -0.394    19.49 21.30 02a58637o0140c 0x000000 -2.545455
58637.301897 19.979496      NaN   10     9 c    0   1.67 160.26443 -27.08345  2919.51  8057.55 2.56 2.45  84.3 -0.391    19.51 21.27 02a58637o0148c 0x000000  1.111111
58637.307934 20.449472      NaN   -8     8 c    0   1.96 160.26443 -27.08345  2939.96  7939.66 2.70 2.44  62.9 -0.377    19.43 21.27 02a58637o0161c 0x000000 -1.000000
58789.633208 19.696897      NaN   -2    16 c    0   0.82 160.26443 -27.08345  9667.72  2468.20 2.64 2.53   8.4 -0.391    19.29 20.98 02a58789o0864c 0x000000 -0.125000
58789.636510 20.039830      NaN    2    11 c    0   1.18 160.26443 -27.08345  9687.68  2507.66 2.56 2.45   5.8 -0.392    19.34 20.92 02a58789o0871c 0x000000  0.181818
58789.640246 19.766969      NaN  -17    15 c    0   0.80 160.26443 -27.08345  9629.81  2428.67 2.55 2.42 -44.5 -0.402    19.27 20.70 02a58789o0879c 0x080030 -1.133333
58789.643498 19.631075      NaN   -3    17 c    0   0.88 160.26443 -27.08345  9608.92  2545.20 2.53 2.37 -52.6 -0.401    19.05 20.28 02a58789o0886c 0x000000 -0.176471
58841.539603 20.449472      NaN   -2     8 c    0   1.03 160.26443 -27.08345  7702.56  2527.29 2.49 2.40  26.3 -0.386    19.67 21.69 02a58841o0757c 0x000000 -0.250000
58841.542411 20.103715      NaN    3    10 c    0   0.86 160.26443 -27.08345  7722.33  2566.34 2.45 2.37  44.2 -0.389    19.45 21.40 02a58841o0763c 0x000000  0.300000
58841.548631 20.449472      NaN    3     7 c    0   1.40 160.26443 -27.08345  7660.22  2489.05 2.55 2.41  31.5 -0.384    19.66 21.70 02a58841o0776c 0x000000  0.428571
58841.558698 20.321591      NaN   -9     9 c    0   0.87 160.26443 -27.08345  7636.04  2606.21 2.68 2.37  28.3 -0.380    19.68 21.74 02a58841o0796c 0x000000 -1.000000
58845.614233 20.244005      NaN    5     8 c    0   1.13 160.26443 -27.08345  4803.63  7940.03 2.77 2.50  38.7 -0.384    19.73 21.88 02a58845o0814c 0x000000  0.625000
58845.617956 20.039830      NaN    8     9 c    0   1.03 160.26443 -27.08345  4786.08  7901.05 2.81 2.56  42.4 -0.381    19.66 21.84 02a58845o0822c 0x000000  0.888889
58845.623932 20.009244      NaN  -11    12 c    0   1.10 160.26443 -27.08345  4847.32  7977.47 2.71 2.49  40.5 -0.389    19.24 21.26 02a58845o0835c 0x000000 -0.916667
58869.443306 20.009244      NaN    9     9 c    0   1.15 160.26443 -27.08345  9374.04   790.95 2.72 2.31 -59.4 -0.415    19.66 21.87 02a58869o0512c 0x000000  1.000000
58869.448814 20.449472      NaN   -2     8 c    0   1.24 160.26443 -27.08345  9390.49   830.68 2.72 2.29 -58.5 -0.408    19.68 21.88 02a58869o0523c 0x000000 -0.250000
58869.457576 20.449472      NaN   -3     8 c    0   1.34 160.26443 -27.08345  9328.82   751.88 2.58 2.29 -58.5 -0.415    19.72 21.90 02a58869o0541c 0x000000 -0.375000
58869.460356 20.594452      NaN    0     7 c    0   1.25 160.26443 -27.08345  9308.56   869.72 2.49 2.22 -56.9 -0.414    19.75 21.91 02a58869o0547c 0x000000  0.000000
58873.515393 20.207197      NaN   -3    10 c    0   0.91 160.26443 -27.08345  1173.85  9749.36 2.44 2.30 -32.8 -0.448    19.75 21.81 02a58873o0662c 0x000000 -0.300000
58873.523276 20.103715      NaN    9     8 c    0   1.90 160.26443 -27.08345  1156.17  9712.27 2.42 2.31 -31.8 -0.443    19.73 21.81 02a58873o0679c 0x000000  1.125000
58873.525818 20.449472      NaN    0     8 c    0   1.12 160.26443 -27.08345  9336.04   756.46 2.41 2.24 -56.4 -0.410    19.76 21.82 02a58873o0684c 0x000000  0.000000
58873.540280 20.207197      NaN    0    10 c    0   1.11 160.26443 -27.08345  1238.32  9677.04 2.47 2.36 -37.1 -0.439    19.71 21.81 02a58873o0714c 0x000000  0.000000
58877.492944 20.449472      NaN   -4     8 c    0   1.14 160.26443 -27.08345  3943.35  4641.52 2.68 2.51  27.2 -0.389    19.70 21.90 02a58877o0611c 0x000000 -0.500000
58877.495808 20.321591      NaN    3     8 c    0   1.10 160.26443 -27.08345  3962.62  4680.07 2.54 2.40  23.5 -0.393    19.75 21.90 02a58877o0617c 0x000000  0.375000
58877.513549 20.009244      NaN   12     8 c    0   1.03 160.26443 -27.08345  6657.39  5946.78 2.68 2.53  43.0 -0.400    19.73 21.90 02a58877o0655c 0x400110  1.500000
58877.518804 19.979496      NaN   13     8 c    0   1.30 160.26443 -27.08345  3880.65  4721.50 2.78 2.35  30.4 -0.382    19.73 21.90 02a58877o0666c 0x000000  1.625000
58929.435187 20.137125      NaN    2    10 c    0   1.26 160.26443 -27.08345  9425.99  9885.82 2.99 2.72 -58.7 -0.372    19.62 21.53 02a58929o0452c 0x080010  0.200000
58929.438409 20.103715      NaN   -8    11 c    0   1.12 160.26443 -27.08345  9404.19  9840.32 2.98 2.65 -61.8 -0.371    19.66 21.52 02a58929o0459c 0x000000 -0.727273
58929.444306 19.791368      NaN   11    11 c    0   1.13 160.26443 -27.08345  9467.23  9924.74 3.17 2.66 -55.4 -0.373    19.60 21.54 02a58929o0471c 0x000000  1.000000
58929.454550 19.791368      NaN   11    11 c    0   1.00 160.26443 -27.08345  9487.44  9808.80 3.03 2.68 -57.7 -0.367    19.66 21.51 02a58929o0492c 0x000000  1.000000
58937.440583 20.171596      NaN    4     9 c    0   1.17 160.26443 -27.08345   696.41  3528.11 2.60 2.35  46.2 -0.389    19.57 21.54 02a58937o0045c 0x000000  0.444444
58937.444312 19.841877      NaN   12    10 c    0   1.00 160.26443 -27.08345   676.23  3489.34 2.60 2.45  61.7 -0.389    19.55 21.51 02a58937o0053c 0x000000  1.200000
58937.450832 19.979496      NaN   13     8 c    0   1.46 160.26443 -27.08345   736.43  3566.84 2.48 2.36  83.9 -0.400    19.58 21.48 02a58937o0067c 0x000000  1.625000
58957.304278 19.674510      NaN   10    13 c    0   0.99 160.26443 -27.08345  1689.54  4278.75 2.53 2.46  15.9 -0.395    19.24 20.97 02a58957o0147c 0x000000  0.769231
58957.308367 19.719755      NaN   11    12 c    0   0.86 160.26443 -27.08345  1710.26  4317.84 2.49 2.39  18.4 -0.398    19.35 21.04 02a58957o0155c 0x000000  0.916667
58957.314344 19.841877      NaN  -13    14 c    0   1.03 160.26443 -27.08345  8896.62  6309.38 2.93 2.62  42.1 -0.374    19.23 21.02 02a58957o0167c 0x000000 -0.928571
58957.328289 19.549093      NaN    1    18 c    0   0.92 160.26443 -27.08345  8915.35  6193.16 3.06 2.53  39.1 -0.365    18.97 20.74 02a58957o0194c 0x000000  0.055556
58961.354909 20.103715      NaN   -2    11 c    0   0.96 160.26443 -27.08345  8853.81  6280.99 2.88 2.51  49.7 -0.374    19.56 21.39 02a58961o0280c 0x000000 -0.181818
58961.358114 19.791368      NaN   11    11 c    0   0.88 160.26443 -27.08345  8833.80  6247.78 2.86 2.50  47.8 -0.373    19.57 21.39 02a58961o0287c 0x000000  1.000000
58961.363726 20.207197      NaN  -15    10 c    0   1.28 160.26443 -27.08345  8892.41  6322.70 3.16 2.53  41.3 -0.354    19.50 21.38 02a58961o0299c 0x000000 -1.500000
58961.374301 19.950541      NaN    8    10 c    0   1.09 160.26443 -27.08345  8914.14  6205.08 2.79 2.54  50.5 -0.376    19.55 21.32 02a58961o0322c 0x000000  0.800000
58965.329887 20.103715      NaN   -9    11 c    0   1.18 160.26443 -27.08345  8534.08  1721.17 2.53 2.34 -70.1 -0.393    19.52 21.26 02a58965o0222c 0x000000 -0.818182
58965.334502 19.454622      NaN   24    12 c    0   0.68 160.26443 -27.08345  8515.67  1682.53 2.68 2.37 -61.8 -0.401    19.49 21.25 02a58965o0232c 0x000000  2.000000
58965.340056 19.979496      NaN    7    10 c    0   0.89 160.26443 -27.08345  8573.52  1763.80 2.63 2.33 -61.4 -0.397    19.54 21.24 02a58965o0244c 0x400110  0.700000
58965.351272 20.039830      NaN    2    11 c    0   0.86 160.26443 -27.08345  8594.62  1645.11 2.77 2.41 -61.1 -0.399    19.49 21.25 02a58965o0268c 0x000000  0.181818
58981.321584 20.207197      NaN    0    10 c    0   0.84 160.26443 -27.08345  2481.66  1519.70 2.67 2.34 -62.3 -0.417    19.62 21.50 02a58981o0196c 0x000000  0.000000
58981.325752 20.171596      NaN    7     8 c    0   1.42 160.26443 -27.08345  2461.82  1481.72 2.52 2.34 -77.2 -0.418    19.62 21.51 02a58981o0205c 0x000000  0.875000
58981.332231 20.282105      NaN    1     9 c    0   1.16 160.26443 -27.08345  2521.23  1557.57 2.58 2.39 -76.8 -0.413    19.57 21.49 02a58981o0219c 0x000000  0.111111
58981.348417 19.696897      NaN   15    11 c    0   1.01 160.26443 -27.08345  2541.65  1441.10 2.78 2.50 -63.7 -0.411    19.51 21.43 02a58981o0254c 0x000000  1.363636
58985.262985 19.743105      NaN   22     8 c    0   1.43 160.26443 -27.08345  2486.15  1519.68 2.57 2.38  59.6 -0.410    19.53 21.37 02a58985o0067c 0x000000  2.750000
58985.270340 19.868040      NaN   17     8 c    0   1.29 160.26443 -27.08345  2466.04  1478.69 2.56 2.33  56.2 -0.412    19.54 21.34 02a58985o0083c 0x000000  2.125000
58985.274937 20.071303      NaN    4    10 c    0   0.77 160.26443 -27.08345  2524.68  1559.76 2.49 2.34  68.1 -0.416    19.59 21.33 02a58985o0093c 0x000000  0.400000
58985.285505 20.103715      NaN    3    10 c    0   0.66 160.26443 -27.08345  2548.36  1443.66 2.49 2.35  76.3 -0.418    19.58 21.34 02a58985o0116c 0x000000  0.300000
58989.272977 19.419021      NaN   26    12 c    0   0.84 160.26443 -27.08345   889.58  8085.08 2.77 2.71  78.1 -0.393    19.49 21.36 02a58989o0085c 0x000000  2.166667
58989.275766 20.103715      NaN   -1    11 c    0   0.97 160.26443 -27.08345   870.45  8044.85 2.67 2.57 -82.6 -0.409    19.51 21.37 02a58989o0091c 0x000000 -0.090909
58989.282245 20.103715      NaN   -8    11 c    0   0.93 160.26443 -27.08345   928.68  8126.63 2.54 2.49  86.4 -0.412    19.59 21.38 02a58989o0105c 0x000000 -0.727273
58989.292422 19.922338      NaN    9    10 c    0   1.29 160.26443 -27.08345   950.79  8011.87 2.64 2.56  62.6 -0.397    19.52 21.39 02a58989o0127c 0x000000  0.900000
59016.251021 17.858399      NaN  -60    87 c    0   1.21 160.26443 -27.08345 10490.27  1586.02 2.97 2.19 -55.6 -0.424    17.83 18.59 02a59016o0020c 0x900002 -0.689655
59016.254249 18.757738      NaN  -37    38 c    0   0.88 160.26443 -27.08345 10472.07  1546.33 2.68 2.18 -53.9 -0.417    18.45 19.41 02a59016o0027c 0xd00832 -0.973684
59169.623961 19.868040      NaN    2    13 c    0   0.92 160.26443 -27.08345  2004.94  8836.81 2.57 2.45  20.7 -0.389    19.37 21.02 02a59169o0963c 0x002000  0.153846
59169.634154 19.868040      NaN    2    13 c    0   1.37 160.26443 -27.08345  2024.68  8874.54 2.53 2.45 -48.7 -0.403    19.36 20.94 02a59169o0985c 0x002000  0.153846
59169.644784 15.789307      NaN -330   585 c    0   1.03 160.26443 -27.08345  1969.26  8798.34 2.48 2.39 -46.2 -0.378    15.93 17.54 02a59169o1008c 0x100002 -0.564103
59169.653030       NaN      NaN    0     0 c    0  -2.00 160.26443 -27.08345  1907.32  8871.28 3.05 2.84 -52.0 -0.333    15.20 16.64 02a59169o1026c 0x100002       NaN
59195.600290 20.207197      NaN    3     9 c    0   1.23 160.26443 -27.08345  4736.39  1952.49 3.75 2.74   2.4 -0.328    19.42 21.77 01a59195o0901c 0x000000  0.333333
59195.603056 20.321591      NaN   -3     9 c    0   1.16 160.26443 -27.08345  4717.51  1913.46 3.24 2.65 -13.7 -0.361    19.54 21.76 01a59195o0907c 0x000000 -0.333333
59195.609505 20.321591      NaN   -9     9 c    0   0.94 160.26443 -27.08345  4775.68  1992.28 3.15 2.76  -0.9 -0.330    19.57 21.80 01a59195o0921c 0x000000 -1.000000
59195.619987 20.207197      NaN   -6    10 c    0   1.17 160.26443 -27.08345  4796.93  1875.42 3.44 2.89   9.1 -0.333    19.44 21.72 01a59195o0943c 0x000000 -0.600000
59197.601746 20.362567      NaN    2     8 c    0   1.77 160.26443 -27.08345  3825.37  6769.07 2.55 2.35  34.0 -0.386    19.71 21.72 02a59197o0882c 0x000000  0.250000
59197.604490 19.979496      NaN   16     7 c    0   2.39 160.26443 -27.08345  3844.98  6807.51 2.42 2.35  25.4 -0.396    19.75 21.71 02a59197o0888c 0x000000  2.285714
59197.607235 20.282105      NaN    1     9 c    0   1.10 160.26443 -27.08345  3786.42  6730.37 2.54 2.33  32.3 -0.388    19.73 21.72 02a59197o0894c 0x000000  0.111111
59197.613181 20.321591      NaN   -9     9 c    0   0.94 160.26443 -27.08345  3767.63  6847.33 2.49 2.37  36.6 -0.392    19.71 21.70 02a59197o0907c 0x000000 -1.000000
59205.597139 20.039830      NaN    8     9 c    0   1.29 160.26443 -27.08345  1902.55  6887.13 2.48 2.35 -54.2 -0.404    19.65 21.52 02a59205o0871c 0x000000  0.888889
59205.598969 19.868040      NaN    8    11 c    0   1.04 160.26443 -27.08345  1920.65  6925.29 2.52 2.39 -57.5 -0.404    19.67 21.52 02a59205o0875c 0x000000  0.727273
59205.602629 20.282105      NaN    1     9 c    0   1.08 160.26443 -27.08345  1864.71  6849.58 2.58 2.38 -57.7 -0.411    19.62 21.55 02a59205o0883c 0x000000  0.111111
59205.610055 20.207197      NaN   -2    10 c    0   1.10 160.26443 -27.08345  1841.98  6963.98 2.47 2.42 -42.0 -0.400    19.67 21.58 02a59205o0899c 0x000000 -0.200000
59207.583494 20.321591      NaN  -10     9 c    0   1.00 160.26443 -27.08345  9003.54  8213.04 2.90 2.67   8.9 -0.327    19.62 21.69 01a59207o0830c 0x000000 -1.111111
59207.585795 20.321591      NaN  -14     9 c    0   1.01 160.26443 -27.08345  8984.34  8175.28 2.75 2.70 -38.9 -0.334    19.64 21.70 01a59207o0835c 0x000000 -1.555556
59207.588562 20.039830      NaN    5    10 c    0   0.80 160.26443 -27.08345  9045.03  8251.87 2.84 2.83 -11.8 -0.329    19.63 21.70 01a59207o0841c 0x000000  0.500000
59207.600082 20.449472      NaN   -1     8 c    0   1.07 160.26443 -27.08345  9067.20  8134.95 3.05 2.55  -5.0 -0.327    19.64 21.76 01a59207o0866c 0x000000 -0.125000
59223.537934 19.631075      NaN  -41    17 c    0   1.39 160.26443 -27.08345  9469.46  9864.57 2.73 2.67  63.5 -0.349    18.85 20.97 01a59223o0742c 0x002000 -2.411765
59223.541159 19.766969      NaN  -27    15 c    0   1.09 160.26443 -27.08345  9448.10  9824.36 2.83 2.70  55.1 -0.328    18.87 20.96 01a59223o0749c 0x002000 -1.800000
59223.552139 19.454622      NaN  -20    20 c    0   1.29 160.26443 -27.08345  9512.98  9901.92 2.93 2.79  65.4 -0.344    18.70 20.89 01a59223o0772c 0x400220 -1.000000
59223.561753 16.107651      NaN  580   243 c    0   1.25 160.26443 -27.08345  9532.18  9783.01 2.79 2.64  55.9 -0.430    15.53 17.70 01a59223o0792c 0x500812  2.386831
59227.514706 20.171596      NaN   10     7 c    0   1.07 160.26443 -27.08345   730.39  3543.72 2.39 2.28  61.4 -0.370    19.85 22.14 01a59227o0636c 0x000000  1.428571
59227.523867 20.594452      NaN   -5     7 c    0   1.32 160.26443 -27.08345   714.62  3505.56 2.78 2.30  21.2 -0.349    19.77 22.15 01a59227o0655c 0x000000 -0.714286
59227.525712 20.362567      NaN    2     8 c    0   0.63 160.26443 -27.08345   772.68  3584.77 2.33 2.16  69.6 -0.380    19.88 22.15 01a59227o0659c 0x000000  0.250000
59227.530783 20.594452      NaN  -13     7 c    0   0.97 160.26443 -27.08345   792.32  3470.34 2.67 2.36  43.4 -0.361    19.77 22.15 01a59227o0670c 0x000000 -1.857143
59229.529061 20.282105      NaN    7     7 c    0   1.04 160.26443 -27.08345  3125.67   566.60 2.38 2.24  64.7 -0.404    19.73 21.74 02a59229o0722c 0x000000  1.000000
59229.530892 20.207197      NaN    9     7 c    0   1.32 160.26443 -27.08345  3146.67   607.56 2.41 2.28 -74.7 -0.409    19.77 21.76 02a59229o0726c 0x000000  1.285714
59229.534553 19.894850      NaN   16     8 c    0   0.91 160.26443 -27.08345  3086.74   528.85 2.44 2.24 -69.8 -0.409    19.76 21.77 02a59229o0734c 0x000000  2.000000
59229.540443 20.282105      NaN    1     9 c    0   1.27 160.26443 -27.08345  3065.85   646.93 2.40 2.21 -69.5 -0.415    19.74 21.78 02a59229o0746c 0x000000  0.111111
59231.508049 20.009244      NaN    9     9 c    0   0.94 160.26443 -27.08345   733.22  3543.66 3.06 2.56  78.2 -0.372    19.71 22.06 01a59231o0544c 0x000000  1.000000
59231.509893 20.594452      NaN    3     6 c    0   1.98 160.26443 -27.08345   714.45  3504.88 2.81 2.48  69.5 -0.372    19.77 22.07 01a59231o0548c 0x000000  0.500000
59231.513122 20.449472      NaN   -2     8 c    0   1.51 160.26443 -27.08345   772.90  3584.45 3.11 2.71  75.5 -0.351    19.66 22.07 01a59231o0555c 0x000000 -0.250000
59231.518208 20.321591      NaN   -7     9 c    0   1.04 160.26443 -27.08345   793.74  3469.59 3.05 2.80  74.8 -0.356    19.64 22.08 01a59231o0566c 0x000000 -0.777778
59235.618917 20.039830      NaN    8     9 c    0   0.96 160.26443 -27.08345  5068.13   463.75 2.45 2.40 -18.4 -0.420    19.63 21.81 01a59235o0085c 0x000000  0.888889
59235.622144 20.207197      NaN    3     9 c    0   1.01 160.26443 -27.08345  5088.87   502.85 2.45 2.41 -31.0 -0.430    19.62 21.76 01a59235o0092c 0x000000  0.333333
59235.627696 20.321591      NaN    0     9 c    0   1.26 160.26443 -27.08345  5027.15   425.50 2.55 2.32   6.0 -0.424    19.58 21.72 01a59235o0104c 0x000000  0.000000
59235.649919 20.321591      NaN   -4     9 c    0   1.24 160.26443 -27.08345  5007.84   545.96 2.41 2.37  57.1 -0.443    19.53 21.66 01a59235o0152c 0x000000 -0.444444
59253.529405 20.244005      NaN    5     8 c    0   1.18 160.26443 -27.08345  6616.76  1847.41 2.69 2.67 -74.5 -0.371    19.59 21.78 02a59253o0414c 0x000000  0.625000
59253.532617 20.321591      NaN   -5     9 c    0   1.04 160.26443 -27.08345  6598.89  1808.86 2.55 2.50  60.7 -0.378    19.65 21.77 02a59253o0421c 0x000000 -0.555556
59253.539080 20.321591      NaN   -6     9 c    0   0.82 160.26443 -27.08345  6656.45  1886.86 2.85 2.79  11.9 -0.377    19.58 21.77 02a59253o0435c 0x000000 -0.666667
59253.549605 20.207197      NaN  -16    10 c    0   0.70 160.26443 -27.08345  6676.64  1771.18 2.86 2.82 -56.9 -0.365    19.54 21.75 02a59253o0458c 0x000000 -1.600000
59255.461476 19.922338      NaN    9    10 c    0   0.88 160.26443 -27.08345  8877.83  6269.00 3.12 3.01  70.4 -0.354    19.53 22.07 01a59255o0534c 0x400110  0.900000
59255.464234 19.922338      NaN    9    10 c    0   0.96 160.26443 -27.08345  8858.76  6231.39 3.02 2.86  77.5 -0.361    19.60 22.07 01a59255o0540c 0x000000  0.900000
59255.467000 20.207197      NaN   -1    10 c    0   1.08 160.26443 -27.08345  8917.47  6307.05 3.04 2.87  74.8 -0.365    19.58 22.04 01a59255o0546c 0x000000 -0.100000
59255.472524 20.321591      NaN   -6     9 c    0   1.28 160.26443 -27.08345  8937.27  6189.42 2.95 2.84  69.5 -0.359    19.65 22.05 01a59255o0558c 0x000000 -0.666667
59257.421569 20.103715      NaN    3    10 c    0   0.92 160.26443 -27.08345  3932.01  8713.69 2.48 2.39  29.1 -0.389    19.74 21.75 02a59257o0468c 0x000000  0.300000
59257.447642 20.321591      NaN   -6     9 c    0   1.20 160.26443 -27.08345  3957.21  8751.80 2.52 2.49  35.2 -0.388    19.73 21.83 02a59257o0524c 0x000000 -0.666667
59257.450854 20.207197      NaN   -6    10 c    0   1.05 160.26443 -27.08345  3897.24  8675.23 2.47 2.46 -70.7 -0.391    19.78 21.84 02a59257o0531c 0x000000 -0.600000
59257.454980 20.039830      NaN    8     9 c    0   1.22 160.26443 -27.08345  3879.28  8790.36 2.44 2.41  65.5 -0.391    19.77 21.85 02a59257o0540c 0x000000  0.888889
59259.491034 20.405150      NaN    1     8 c    0   1.17 160.26443 -27.08345  2043.15  8881.01 2.33 2.05 -72.1 -0.382    19.85 22.01 01a59259o0432c 0x000000  0.125000
59259.525945 20.039830      NaN   11     8 c    0   1.24 160.26443 -27.08345  2071.17  8914.37 2.93 2.65 -69.8 -0.354    19.61 21.89 01a59259o0507c 0x400110  1.375000
59259.529170 20.171596      NaN    7     8 c    0   1.23 160.26443 -27.08345  2013.13  8837.69 2.66 2.37 -65.2 -0.377    19.67 21.87 01a59259o0514c 0x000000  0.875000
59259.535617 20.362567      NaN    5     7 c    0   1.47 160.26443 -27.08345  1994.78  8952.64 2.49 2.25 -57.3 -0.374    19.74 21.82 01a59259o0528c 0x000000  0.714286
59261.485117 20.321591      NaN   -3     9 c    0   0.97 160.26443 -27.08345   781.57  6141.43 2.50 2.34  43.7 -0.402    19.67 21.66 02a59261o0598c 0x000000 -0.333333
59261.488783 19.841877      NaN   15     9 c    0   1.35 160.26443 -27.08345   763.26  6105.74 2.48 2.38  38.9 -0.404    19.66 21.67 02a59261o0606c 0x000000  1.666667
59261.494324 20.321591      NaN   -1     9 c    0   1.09 160.26443 -27.08345   822.62  6183.95 2.45 2.32  44.9 -0.410    19.69 21.66 02a59261o0618c 0x000000 -0.111111
59261.524405 19.922338      NaN    6    11 c    0   0.74 160.26443 -27.08345   845.35  6067.94 2.56 2.39  45.2 -0.459    19.59 21.59 02a59261o0683c 0x000000  0.545455
59263.522163 18.955691      NaN   17    26 c    0   0.97 160.26443 -27.08345  2068.51  8910.63 2.56 2.31 -60.4 -0.356    18.39 20.46 01a59263o0545c 0x002000  0.653846
59263.553950 17.231368      NaN -280   155 c    0   0.98 160.26443 -27.08345  2000.84  8948.86 2.74 2.48 -61.1 -0.364    16.28 18.39 01a59263o0613c 0x100002 -1.806452
59265.524200 20.171596      NaN    1    10 c    0   1.07 160.26443 -27.08345   783.79  6144.35 3.05 2.77  42.4 -0.365    19.44 21.58 02a59265o0377c 0x002000  0.100000
59265.527419 19.351140      NaN  -10    22 c    0   1.13 160.26443 -27.08345   765.27  6103.22 3.55 3.42  52.2 -0.395    18.46 20.71 02a59265o0384c 0x002000 -0.454545
59265.543950 18.867907      NaN   19    28 c    0   1.09 160.26443 -27.08345   847.05  6067.40 3.18 2.95  43.1 -0.364    18.44 20.51 02a59265o0420c 0x100002  0.678571
59307.363893 20.449472      NaN   -9     8 c    0   1.92 160.26443 -27.08345 10026.92  8960.55 2.63 2.37  80.6 -0.355    19.83 21.50 01a59307o0296c 0x000000 -1.125000
59307.364354 20.321591      NaN   -4     9 c    0   1.42 160.26443 -27.08345   118.35  9044.88 2.55 2.19 -74.6 -0.414    19.80 21.50 01a59307o0297c 0x000000 -0.444444
59307.368055 20.321591      NaN   -7     9 c    0   1.14 160.26443 -27.08345 10044.83  9000.42 2.58 2.32  83.0 -0.357    19.87 21.50 01a59307o0305c 0x000000 -0.777778
59307.369899 19.950541      NaN    8    10 c    0   1.08 160.26443 -27.08345   137.37  9082.77 2.59 2.23 -74.4 -0.409    19.78 21.50 01a59307o0309c 0x000000  0.800000
59307.374976 20.244005      NaN    5     8 c    0   1.21 160.26443 -27.08345  9987.08  8920.37 2.72 2.48  79.5 -0.351    19.78 21.45 01a59307o0320c 0x000000  0.625000
59307.376356 19.454622      NaN   24    12 c    0   1.00 160.26443 -27.08345    80.22  9005.87 2.51 2.21 -74.1 -0.407    19.81 21.47 01a59307o0323c 0x000000  2.000000
59307.390496 20.449472      NaN   -6     8 c    0   1.13 160.26443 -27.08345  9966.15  9036.82 2.78 2.60  67.2 -0.332    19.75 21.49 01a59307o0352c 0x000000 -0.750000
59307.391879 19.894850      NaN    1    13 c    0   1.27 160.26443 -27.08345    61.21  9123.60 2.51 2.19 -67.7 -0.407    19.80 21.51 01a59307o0355c 0x000000  0.076923
59311.340219 19.979496      NaN   10     9 c    0   1.24 160.26443 -27.08345 10025.03  8963.84 2.70 2.41  78.5 -0.349    19.71 21.56 01a59311o0266c 0x000000  1.111111
59311.343444 19.719755      NaN   14    11 c    0   1.16 160.26443 -27.08345 10045.12  9002.52 2.58 2.33  81.6 -0.352    19.59 21.40 01a59311o0273c 0x000000  1.272727
59311.349466 19.950541      NaN   11     9 c    0   1.12 160.26443 -27.08345  9986.81  8921.66 2.77 2.45  81.6 -0.345    19.67 21.57 01a59311o0286c 0x080010  1.222222
59311.351768 20.321591      NaN   -4     9 c    0   0.96 160.26443 -27.08345   118.67  9044.12 2.42 2.12 -70.7 -0.404    19.75 21.62 01a59311o0291c 0x000000 -0.444444
59311.384042 20.009244      NaN    3    11 c    0   1.04 160.26443 -27.08345  9967.10  9037.40 2.70 2.45  72.4 -0.348    19.56 21.35 01a59311o0360c 0x000000  0.272727
59311.385884 20.321591      NaN    0     9 c    0   1.58 160.26443 -27.08345   139.54  9079.98 2.56 2.25 -57.6 -0.397    19.55 21.43 01a59311o0364c 0x000000  0.000000
59311.414384 19.014394      NaN  -31    30 c    0   1.29 160.26443 -27.08345    83.41  8999.62 2.68 2.36 -60.6 -0.396    18.76 20.57 01a59311o0425c 0x100002 -1.033333
59311.417608 18.142010      NaN   30    57 c    0   0.91 160.26443 -27.08345    64.99  9117.12 2.63 2.23 -59.1 -0.400    18.58 20.33 01a59311o0432c 0x100002  0.526316
59315.357427 20.362567      NaN    5     7 c    0   0.87 160.26443 -27.08345  5864.84  4568.38 2.25 2.18 -17.4 -0.360    19.95 21.66 01a59315o0301c 0x000000  0.714286
59315.360674 20.495680      NaN    5     6 c    0   1.28 160.26443 -27.08345  5883.42  4607.23 2.22 2.11 -79.1 -0.379    19.95 21.63 01a59315o0308c 0x000000  0.833333
59315.366673 20.282105      NaN    7     7 c    0   1.06 160.26443 -27.08345  5825.83  4529.29 2.22 2.12 -71.9 -0.371    19.92 21.61 01a59315o0321c 0x000000  1.000000
59315.376819 20.761819      NaN    0     6 c    0   1.65 160.26443 -27.08345  5808.64  4642.76 2.22 2.13 -40.4 -0.370    19.92 21.56 01a59315o0343c 0x000000  0.000000
59319.338541 20.362567      NaN    5     7 c    0   1.21 160.26443 -27.08345  5863.06  4569.83 2.31 2.18 -81.2 -0.379    19.92 21.70 01a59319o0259c 0x000000  0.714286
59319.342227 20.761819      NaN   -8     6 c    0   1.28 160.26443 -27.08345  5882.88  4607.53 2.32 2.17 -71.6 -0.379    19.94 21.71 01a59319o0267c 0x000000 -1.333333
59319.348222 20.282105      NaN    4     8 c    0   1.10 160.26443 -27.08345  5824.98  4529.93 2.34 2.20 -79.4 -0.375    19.92 21.71 01a59319o0280c 0x000000  0.500000
59319.359299 20.647425      NaN    2     6 c    0   1.72 160.26443 -27.08345  5808.02  4642.33 2.33 2.24 -40.3 -0.365    19.94 21.67 01a59319o0304c 0x000000  0.333333
59337.317477 19.155932      NaN   19    20 c    0   1.01 160.26443 -27.08345   709.47  3528.62 2.50 2.41 -77.2 -0.399    18.78 20.59 02a59337o0197c 0x000000  0.950000
59337.320714 19.719755      NaN   11    12 c    0   0.88 160.26443 -27.08345   689.43  3489.39 2.39 2.32  66.1 -0.409    19.18 21.08 02a59337o0204c 0x000000  0.916667
59337.328042 20.171596      NaN    1    10 c    0   1.52 160.26443 -27.08345   747.12  3568.40 2.47 2.40  66.3 -0.413    19.46 21.32 02a59337o0220c 0x000000  0.100000
59337.338600 20.321591      NaN   -5     9 c    0   1.45 160.26443 -27.08345   767.08  3452.36 2.41 2.35  84.1 -0.407    19.44 21.29 02a59337o0243c 0x000000 -0.555556
59349.287624 19.922338      NaN    6    11 c    0   1.24 160.26443 -27.08345  2740.04  6084.06 2.73 2.61  74.7 -0.377    19.43 21.28 02a59349o0098c 0x000000  0.545455
59349.293154 19.696897      NaN   12    12 c    0   1.05 160.26443 -27.08345  2719.81  6045.08 2.81 2.71  58.5 -0.382    19.39 21.28 02a59349o0110c 0x000000  1.000000
59349.300513 20.009244      NaN  -26    12 c    0   0.85 160.26443 -27.08345  2780.06  6125.60 2.53 2.43  60.4 -0.388    19.51 21.28 02a59349o0126c 0x000000 -2.166667
59349.303722 20.009244      NaN    0    12 c    0   0.91 160.26443 -27.08345  2801.22  6009.94 2.60 2.49  82.8 -0.390    19.44 21.27 02a59349o0133c 0x000000  0.000000
59367.265158 20.207197      NaN  -21    10 c    0   0.97 160.26443 -27.08345  9320.99   774.92 2.57 2.43  -9.1 -0.348    19.66 21.14 01a59367o0067c 0x000000 -2.100000
59367.268403 19.719755      NaN   14    11 c    0   0.71 160.26443 -27.08345  9340.98   815.14 2.46 2.37 -22.0 -0.363    19.67 21.15 01a59367o0074c 0x000000  1.272727
59367.273942 20.039830      NaN    2    11 c    0   0.73 160.26443 -27.08345  9279.78   736.62 2.43 2.34  -9.8 -0.368    19.67 21.14 01a59367o0086c 0x000000  0.181818
59367.285006 20.282105      NaN    1     9 c    0   1.38 160.26443 -27.08345  9258.45   854.71 2.43 2.36 -57.6 -0.365    19.63 21.08 01a59367o0110c 0x000000  0.111111
59371.252918 20.207197      NaN  -10    10 c    0   1.42 160.26443 -27.08345  3922.74  4671.17 2.40 2.29 -80.0 -0.368    19.42 20.67 01a59371o0036c 0x000000 -1.000000
59371.257073 20.282105      NaN    1     9 c    0   1.38 160.26443 -27.08345  3942.92  4708.81 2.36 2.30 -63.8 -0.367    19.56 20.96 01a59371o0045c 0x000000  0.111111
59371.263541 20.207197 0.361912   30    10 c    0   1.15 160.26443 -27.08345  3884.12  4632.71 2.42 2.27 -83.6 -0.373    19.61 21.11 01a59371o0059c 0x000000  3.000000
59371.275520 20.321591      NaN   -1     9 c    0   0.85 160.26443 -27.08345  3865.39  4747.23 2.34 2.23 -81.9 -0.379    19.68 21.23 01a59371o0085c 0x000000 -0.111111
59525.624507 19.922338      NaN   -2    13 c    0   1.11 160.26443 -27.08345  1119.68   687.82 2.90 2.59 -66.4 -0.396    19.15 20.67 02a59525o0399c 0x000000 -0.153846
59525.635969 20.009244      NaN   -2    12 c    0   1.31 160.26443 -27.08345  1141.40   724.61 2.52 2.28 -72.5 -0.423    19.28 20.72 02a59525o0424c 0x000000 -0.166667
59525.645144 19.102305      NaN   26    19 c    0   0.97 160.26443 -27.08345  1081.13   645.43 2.73 2.47 -70.7 -0.409    18.92 20.12 02a59525o0444c 0x000000  1.368421
59529.625056 19.922338      NaN   -1    13 c    0   0.86 160.26443 -27.08345  1114.33   688.74 2.48 2.30 -69.4 -0.425    19.31 20.80 02a59529o0957c 0x000000 -0.076923
59529.636070 19.696897      NaN   12    12 c    0   1.29 160.26443 -27.08345  1134.19   725.42 2.78 2.46 -61.3 -0.418    19.27 20.79 02a59529o0981c 0x000000  1.000000
59529.646609 19.384550      NaN   19    15 c    0   1.26 160.26443 -27.08345  1075.10   646.53 2.52 2.26 -63.1 -0.427    19.05 20.15 02a59529o1004c 0x000000  1.266667
59529.653024 18.657725      NaN   35    30 c    0   1.44 160.26443 -27.08345  1055.48   763.73 2.45 2.26 -68.8 -0.433    18.03 18.71 02a59529o1018c 0x100002  1.166667