         MJD         m  dm   uJy  duJy F  err  chi/N        RA       Dec        x        y  maj  min   phi  apfit  mag5sig   Sky            Obs     Mask  __tmp_SN
57747.617896 19.454622 NaN    12    16 c    0   1.00 160.25912 -27.07873  3711.08  5839.95 3.96 3.85  54.8 -0.376    19.59 21.58 02a57747o0863c 0x000000  0.750000
57747.626599 19.696897 NaN   -24    16 c    0   0.97 160.25912 -27.07873  3696.73  5800.44 3.80 3.68  57.6 -0.385    19.63 21.57 02a57747o0880c 0x000000 -1.500000
57747.638110 19.631075 NaN   -10    17 c    0   0.84 160.25912 -27.07873  3748.35  5878.33 3.90 3.80  38.1 -0.381    19.58 21.55 02a57747o0903c 0x000000 -0.588235
57747.651580 19.510313 NaN    -4    19 c    0   0.74 160.25912 -27.07873  3767.43  5761.65 4.52 3.88   3.7 -0.366    19.46 21.52 02a57747o0930c 0x000000 -0.210526
57751.604071 19.454622 NaN    12    16 c    0   0.88 160.25912 -27.07873  7105.94  4800.80 3.87 3.62  83.3 -0.389    19.72 21.78 02a57751o0354c 0x000000  0.750000
57751.617616 19.766969 NaN     0    15 c    0   1.13 160.25912 -27.07873  7073.31  4764.27 3.84 3.60  83.6 -0.391    19.67 21.69 02a57751o0381c 0x000000  0.000000
57751.631659 19.841877 NaN    -2    14 c    0   1.08 160.25912 -27.07873  7143.39  4843.94 3.85 3.60  85.0 -0.391    19.66 21.66 02a57751o0409c 0x000000 -0.142857
57751.644682 19.142275 NaN    32    16 c    0   0.82 160.25912 -27.07873  7160.59  4727.23 3.89 3.67  86.6 -0.391    19.64 21.65 02a57751o0435c 0x000000  2.000000
57751.659753 19.529530 NaN     8    16 c    0   1.17 160.25912 -27.07873  7126.62  4786.47 3.87 3.65 -89.1 -0.393    19.52 21.42 02a57751o0465c 0x000000  0.500000
57755.593796 19.766969 NaN    -6    15 c    0   1.07 160.25912 -27.07873  5893.21  7140.81 3.60 3.48  79.2 -0.430    19.76 21.75 02a57755o0768c 0x000000 -0.400000
57755.607113 19.696897 NaN   -12    16 c    0   0.85 160.25912 -27.07873  5877.84  7104.50 3.62 3.50  84.8 -0.430    19.73 21.73 02a57755o0794c 0x000000 -0.750000
57755.621811 19.766969 NaN    -9    15 c    0   0.98 160.25912 -27.07873  5947.77  7184.43 3.59 3.47  85.4 -0.432    19.72 21.69 02a57755o0822c 0x000000 -0.600000
57755.640457 19.696897 NaN    -3    16 c    0   0.88 160.25912 -27.07873  5966.66  7066.06 3.61 3.51  82.8 -0.428    19.70 21.67 02a57755o0858c 0x000000 -0.187500
57755.649627 19.652575 NaN     2    16 c    0   0.83 160.25912 -27.07873  5932.42  7125.54 3.75 3.60  83.7 -0.414    19.64 21.60 02a57755o0876c 0x000000  0.125000
57779.531997 19.766969 NaN   -10    15 c    0   1.03 160.25912 -27.07873  5375.63  7485.25 3.70 3.67  55.6 -0.433    19.73 21.81 02a57779o0611c 0x000000 -0.666667
57779.548044 19.510313 NaN    12    15 c    0   1.00 160.25912 -27.07873  5359.99  7446.70 3.80 3.70  69.2 -0.416    19.71 21.77 02a57779o0642c 0x000000  0.800000
57779.564140 19.351140 NaN    18    16 c    0   0.87 160.25912 -27.07873  5414.27  7523.83 3.65 3.63  63.3 -0.435    19.71 21.74 02a57779o0673c 0x000000  1.125000
57779.579679 19.696897 NaN    -1    16 c    0   1.18 160.25912 -27.07873  5432.76  7406.27 3.93 3.84  38.6 -0.409    19.68 21.78 02a57779o0703c 0x000000 -0.062500
57779.595084 19.696897 NaN    -6    16 c    0   1.05 160.25912 -27.07873  5400.19  7464.36 3.88 3.80  23.0 -0.412    19.66 21.75 02a57779o0733c 0x000000 -0.375000
57783.527260 19.569016 NaN     9    15 c    0   1.00 160.25912 -27.07873  4449.65  5659.68 3.87 3.76 -83.9 -0.381    19.69 21.81 02a57783o0594c 0x000000  0.600000
57783.543369 19.696897 NaN    -6    16 c    0   0.92 160.25912 -27.07873  4433.46  5620.53 3.86 3.75 -80.9 -0.380    19.69 21.79 02a57783o0625c 0x000000 -0.375000
57783.559600 19.696897 NaN     0    16 c    0   0.95 160.25912 -27.07873  4488.30  5697.50 4.08 3.95 -74.5 -0.364    19.63 21.83 02a57783o0656c 0x000000  0.000000
57783.575718 19.766969 NaN   -15    15 c    0   1.08 160.25912 -27.07873  4508.25  5579.83 3.85 3.73 -76.5 -0.381    19.71 21.85 02a57783o0687c 0x000000 -1.000000
57783.591797 19.841877 NaN     0    14 c    0   1.12 160.25912 -27.07873  4476.70  5637.56 3.98 3.88 -78.4 -0.373    19.66 21.85 02a57783o0718c 0x000000  0.000000
57787.502251 19.841877 NaN   -11    14 c    0   1.01 160.25912 -27.07873  3629.62  4451.20 3.88 3.77  72.7 -0.376    19.76 21.91 02a57787o0554c 0x400110 -0.785714
57787.512155 19.766969 NaN    -4    15 c    0   1.06 160.25912 -27.07873  3614.03  4412.31 3.88 3.77  71.2 -0.378    19.76 21.91 02a57787o0574c 0x000000 -0.266667
57787.526990 19.631075 NaN     6    15 c    0   0.96 160.25912 -27.07873  3666.97  4491.75 3.94 3.80  75.1 -0.373    19.74 21.90 02a57787o0602c 0x000000  0.400000
57787.538664 19.529530 NaN     5    17 c    0   0.85 160.25912 -27.07873  3685.55  4376.25 3.75 3.63  80.4 -0.383    19.77 21.84 02a57787o0626c 0x000000  0.294118
57787.555365 19.652575 NaN     8    14 c    0   1.04 160.25912 -27.07873  3652.22  4436.50 3.83 3.70  81.5 -0.379    19.76 21.88 02a57787o0659c 0x000000  0.571429
57803.513764 19.401649 NaN     6    19 c    0   0.95 160.25912 -27.07873  6458.33  5880.17 3.73 3.51  85.7 -0.401    19.33 20.97 02a57803o0573c 0x000000  0.315789
57803.525435 19.401649 NaN    -1    21 c    0   0.94 160.25912 -27.07873  6443.70  5840.26 3.73 3.52  86.0 -0.397    19.30 20.92 02a57803o0596c 0x000000 -0.047619
57803.549325 18.511660 NaN    71    24 c    0   0.76 160.25912 -27.07873  6516.25  5799.45 3.75 3.60  84.0 -0.394    19.18 20.75 02a57803o0643c 0x000000  2.958333
57803.561013 19.014394 NaN    18    24 c    0   0.82 160.25912 -27.07873  6483.19  5855.27 3.67 3.48  89.3 -0.404    19.16 20.68 02a57803o0666c 0x000000  0.750000
57807.497762 19.631075 NaN     3    16 c    0   1.23 160.25912 -27.07873  3729.19  7571.46 4.11 3.97  55.7 -0.378    19.59 21.73 02a57807o0522c 0x000000  0.187500
57807.513012 19.631075 NaN    -7    17 c    0   0.95 160.25912 -27.07873  3698.01  7532.62 3.94 3.86  64.9 -0.376    19.63 21.72 02a57807o0551c 0x000000 -0.411765
57807.528616 19.367717 NaN    14    17 c    0   0.90 160.25912 -27.07873  3771.32  7608.94 3.88 3.77  79.9 -0.389    19.64 21.72 02a57807o0581c 0x000000  0.823529
57807.543715 19.652575 NaN     2    16 c    0   1.08 160.25912 -27.07873  3790.59  7489.56 3.72 3.68  86.4 -0.399    19.64 21.66 02a57807o0610c 0x000000  0.125000
57807.558757 19.766969 NaN   -20    15 c    0   0.98 160.25912 -27.07873  3757.34  7544.80 3.77 3.66  82.0 -0.401    19.58 21.59 02a57807o0639c 0x000000 -1.333333
57835.432723 18.910912 NaN    45    18 c    0   1.21 160.25912 -27.07873  4783.83  6883.50 3.72 3.60  66.0 -0.420    18.98 20.92 02a57835o0329c 0x000000  2.500000
57835.448972 19.351140 NaN    12    18 c    0   1.27 160.25912 -27.07873  4769.48  6842.46 3.67 3.58  64.6 -0.417    18.95 20.83 02a57835o0360c 0x000000  0.666667
57835.464835 19.401649 NaN    -1    21 c    0   1.12 160.25912 -27.07873  4824.52  6917.61 3.70 3.59  68.9 -0.412    18.91 20.77 02a57835o0390c 0x000000 -0.047619
57835.480662 19.256669 NaN     6    22 c    0   0.81 160.25912 -27.07873  4843.79  6799.52 3.75 3.65  73.4 -0.406    18.84 20.67 02a57835o0420c 0x000000  0.272727
57839.418472 19.051202 NaN    -4    29 c    0   0.98 160.25912 -27.07873  4912.01  6416.45 3.89 3.74  17.1 -0.397    18.52 20.25 02a57839o0380c 0x100002 -0.137931
57839.449789 19.419021 NaN     8    18 c    0   1.41 160.25912 -27.07873  4949.54  6451.25 3.91 3.79  68.0 -0.390    18.82 20.63 02a57839o0439c 0x002000  0.444444
57839.481115 19.302877 NaN   -14    23 c    0   0.81 160.25912 -27.07873  4937.69  6389.74 3.63 3.55  71.1 -0.419    18.80 20.53 02a57839o0498c 0x002000 -0.608696
57843.409565 19.334813 NaN     4    21 c    0   1.06 160.25912 -27.07873  5836.24  7907.93 3.71 3.63  25.7 -0.429    18.91 20.77 02a57843o0340c 0x000000  0.190476
57843.425226 19.241693 NaN     7    22 c    0   0.84 160.25912 -27.07873  5821.17  7867.67 3.80 3.73  59.3 -0.414    18.87 20.74 02a57843o0370c 0x000000  0.318182
57843.440893 19.256669 NaN   -11    24 c    0   1.08 160.25912 -27.07873  5893.27  7943.50 3.89 3.80  67.1 -0.413    18.81 20.66 02a57843o0400c 0x000000 -0.458333
57843.472239 19.212347 NaN     0    25 c    0   0.97 160.25912 -27.07873  5862.60  7882.05 4.15 4.04  76.6 -0.388    18.63 20.44 02a57843o0460c 0x000000  0.000000
57847.429650 18.417189 NaN    42    38 c    0   1.12 160.25912 -27.07873  5690.92  6544.85 3.75 3.65  73.5 -0.412    18.26 19.42 02a57847o0390c 0x900002  1.105263
57847.445276 18.816441 NaN    -1    36 c    0   1.14 160.25912 -27.07873  5710.26  6428.13 3.83 3.73  86.0 -0.394    18.23 19.42 02a57847o0420c 0x900002 -0.027778
57847.460962 18.816441 NaN   -10    36 c    0   1.13 160.25912 -27.07873  5677.38  6483.01 3.77 3.68  85.0 -0.409    18.22 19.43 02a57847o0450c 0x900002 -0.277778
57863.380654 19.510313 NaN    -5    19 c    0   1.06 160.25912 -27.07873  3994.88  7654.95 3.74 3.61  53.6 -0.405    18.71 20.32 02a57863o0279c 0x000000 -0.263158
57863.392747 19.510313 NaN    -9    19 c    0   1.21 160.25912 -27.07873  3979.97  7614.65 3.67 3.55  51.8 -0.414    18.69 20.26 02a57863o0302c 0x000000 -0.473684
57863.404796 19.241693 NaN    10    21 c    0   1.01 160.25912 -27.07873  4051.05  7691.07 3.67 3.55  53.6 -0.414    18.66 20.24 02a57863o0325c 0x000000  0.476190
57863.416846 19.351140 NaN   -16    22 c    0   0.88 160.25912 -27.07873  4070.20  7573.80 3.71 3.58  57.9 -0.407    18.63 20.22 02a57863o0348c 0x000000 -0.727273
57863.428930 19.384550 NaN     1    21 c    0   0.90 160.25912 -27.07873  4036.34  7630.61 3.79 3.65  72.3 -0.400    18.56 20.17 02a57863o0371c 0x000000  0.047619
57867.370879 15.465422 NaN   490   625 c    0   0.94 160.25912 -27.07873  7119.53  6286.94 2.76 2.51  36.5 -0.526    17.27 18.30 02a57867o0290c 0x900002  0.784000
57867.383505 16.337760 NaN    36   341 c    0   1.17 160.25912 -27.07873  7104.35  6246.26 2.95 2.83  31.8 -0.503    16.87 17.97 02a57867o0314c 0x900002  0.105572
57867.396615 14.570424 NaN   563  1610 c    0   1.01 160.25912 -27.07873  7175.60  6322.03 2.87 2.66  35.5 -0.485    13.93 14.94 02a57867o0339c 0x900002  0.349689
57867.409171 16.447720 NaN  -435   319 c    0   0.93 160.25912 -27.07873  7194.50  6204.73 3.12 2.93  55.9 -0.509    15.82 16.97 02a57867o0363c 0x900002 -1.363636
57871.357263 20.321591 NaN    -9     9 c    0   1.22 160.25912 -27.07873  6987.90  6538.50 2.71 2.61 -85.0 -0.437    19.42 20.68 02a57871o0102c 0x000000 -1.000000
57871.373043 20.207197 NaN    -9    10 c    0   1.46 160.25912 -27.07873  7040.78  6616.17 2.70 2.62 -75.2 -0.437    19.39 20.64 02a57871o0132c 0x000000 -0.900000
57871.388799 20.207197 NaN    -3    10 c    0   1.21 160.25912 -27.07873  7058.78  6498.44 2.82 2.68 -85.2 -0.439    19.36 20.68 02a57871o0162c 0x000000 -0.300000
57871.404580 20.103715 NaN    -4    11 c    0   1.34 160.25912 -27.07873  7027.11  6556.83 2.86 2.74 -76.3 -0.439    19.27 20.57 02a57871o0192c 0x000000 -0.363636
57895.284362 19.922338 NaN    -1    13 c    0   0.96 160.25912 -27.07873  4320.39  7570.79 3.18 2.98  18.9 -0.469    19.41 21.44 02a57895o0095c 0x000000 -0.076923
57895.300769 20.071303 NaN     1    11 c    0   1.15 160.25912 -27.07873  4288.75  7530.88 2.73 2.61   6.9 -0.488    19.39 21.26 02a57895o0126c 0x000000  0.090909
57895.316085 20.009244 NaN    -5    12 c    0   0.85 160.25912 -27.07873  4361.46  7607.05 3.02 2.92 -15.4 -0.480    19.31 21.28 02a57895o0155c 0x000000 -0.416667
57895.332396 19.922338 NaN   -17    13 c    0   1.21 160.25912 -27.07873  4381.77  7487.97 3.05 2.90   2.3 -0.465    19.33 21.27 02a57895o0186c 0x000000 -1.307692
57895.349252 19.766969 NaN    -1    15 c    0   1.34 160.25912 -27.07873  4347.85  7543.17 3.17 3.02  -1.3 -0.462    19.18 21.08 02a57895o0218c 0x000000 -0.066667
57899.275103 19.894850 NaN     1    13 c    0   1.19 160.25912 -27.07873  4171.99  6369.95 2.65 2.47  35.8 -0.495    19.44 20.95 02a57899o0089c 0x000000  0.076923
57899.290519 20.009244 NaN    -9    12 c    0   0.97 160.25912 -27.07873  4154.77  6329.92 2.55 2.42  25.0 -0.497    19.52 21.11 02a57899o0118c 0x000000 -0.750000
57899.305846 20.171596 NaN     1    10 c    0   1.22 160.25912 -27.07873  4209.44  6406.39 2.48 2.43  42.9 -0.493    19.54 21.23 02a57899o0147c 0x000000  0.100000
57899.321696 19.743105 NaN    13    11 c    0   0.99 160.25912 -27.07873  4230.80  6286.91 2.57 2.55  60.7 -0.484    19.49 21.23 02a57899o0177c 0x000000  1.181818
57899.338026 19.922338 NaN   -16    13 c    0   0.85 160.25912 -27.07873  4196.94  6342.45 2.56 2.52 -55.4 -0.488    19.42 21.16 02a57899o0208c 0x000000 -1.230769
57903.267757 19.696897 NaN    15    11 c    0   1.63 160.25912 -27.07873  5889.45  5289.02 2.60 2.55 -79.1 -0.446    19.44 20.73 02a57903o0063c 0x000000  1.363636
57903.280064 19.367717 NaN    26    13 c    0   1.15 160.25912 -27.07873  5873.41  5249.61 2.64 2.58 -73.2 -0.445    19.38 20.70 02a57903o0087c 0x000000  2.000000
57903.295448 19.791368 NaN     2    14 c    0   1.03 160.25912 -27.07873  5926.59  5325.47 2.70 2.62 -68.8 -0.452    19.34 20.63 02a57903o0117c 0x000000  0.142857
57903.311400 19.841877 NaN   -12    14 c    0   0.75 160.25912 -27.07873  5943.94  5207.46 2.69 2.59 -75.9 -0.462    19.29 20.59 02a57903o0148c 0x000000 -0.857143
57903.326217 19.631075 NaN    -9    17 c    0   0.72 160.25912 -27.07873  5910.69  5265.07 2.75 2.60 -56.7 -0.456    19.21 20.47 02a57903o0177c 0x000000 -0.529412
58081.580987 19.419021 NaN    17    15 c    0   1.13 160.25912 -27.07873  5739.99  9531.03 2.94 2.59  19.1 -0.467    19.36 21.11 02a58081o0676c 0x000000  1.133333
58081.587904 19.766969 NaN    -8    15 c    0   1.16 160.25912 -27.07873  5756.61  9571.23 2.94 2.67  20.1 -0.455    19.40 21.14 02a58081o0691c 0x000000 -0.533333
58081.599050 19.696897 NaN   -10    16 c    0   1.31 160.25912 -27.07873  5685.46  9474.69 3.18 2.85  21.8 -0.434    19.31 21.16 02a58081o0715c 0x000000 -0.625000
58081.600459 19.549093 NaN    10    15 c    0   1.13 160.25912 -27.07873  5669.00  9593.40 3.04 2.66  23.3 -0.449    19.42 21.17 02a58081o0718c 0x000000  0.666667
58109.538821 19.631075 NaN   -26    17 c    0   1.07 160.25912 -27.07873  2918.94  8770.44 4.96 4.45  57.0 -0.382    19.13 21.92 02a58109o0381c 0x000000 -1.529412
58109.545741 19.652575 NaN     2    16 c    0   1.31 160.25912 -27.07873  2934.64  8809.92 4.92 4.47  42.8 -0.378    19.20 21.94 02a58109o0396c 0x000000  0.125000
58109.552672 19.696897 NaN   -20    16 c    0   1.39 160.25912 -27.07873  2880.74  8733.10 4.82 4.45  36.2 -0.400    19.00 21.95 02a58109o0411c 0x000000 -1.250000
58109.559602 19.569016 NaN   -12    18 c    0   1.12 160.25912 -27.07873  2860.36  8851.00 4.77 4.26  62.1 -0.454    19.27 21.97 02a58109o0426c 0x000000 -0.666667
58161.503725 20.362567 NaN     2     8 c    0   1.52 160.25912 -27.07873  4836.59  2011.00 2.78 2.53  50.9 -0.409    19.79 21.84 02a58161o0641c 0x000000  0.250000
58161.509700 20.449472 NaN   -10     8 c    0   1.05 160.25912 -27.07873  4819.46  1971.82 2.87 2.61  56.1 -0.401    19.74 21.83 02a58161o0654c 0x000000 -1.250000
58161.517015 20.449472 NaN    -4     8 c    0   1.47 160.25912 -27.07873  4871.65  2052.25 2.91 2.64  56.3 -0.399    19.71 21.85 02a58161o0670c 0x000000 -0.500000
58161.530702 19.868040 NaN    17     8 c    0   1.16 160.25912 -27.07873  4891.92  1934.10 2.85 2.59  51.2 -0.400    19.74 21.84 02a58161o0700c 0x000000  2.125000
58193.400077 20.171596 NaN     7     8 c    0   1.15 160.25912 -27.07873  7972.12  2699.69 2.50 2.35  69.9 -0.433    19.75 21.57 02a58193o0367c 0x000000  0.875000
58193.409227 20.244005 NaN     5     8 c    0   1.40 160.25912 -27.07873  7938.65  2660.72 2.57 2.42  70.4 -0.442    19.74 21.56 02a58193o0387c 0x000000  0.625000
58193.410598 20.594452 NaN    -1     7 c    0   1.56 160.25912 -27.07873  8007.21  2738.59 2.47 2.36  69.8 -0.433    19.76 21.55 02a58193o0390c 0x000000 -0.142857
58193.423286 20.449472 NaN    -8     8 c    0   1.17 160.25912 -27.07873  8026.36  2619.93 2.60 2.50  59.9 -0.434    19.75 21.54 02a58193o0417c 0x000000 -1.000000
58221.353734 20.207197 NaN    -5    10 c    0   1.15 160.25912 -27.07873  1685.98  9096.93 2.52 2.26   6.2 -0.443    19.68 21.52 02a58221o0276c 0x000000 -0.500000
58221.362709 20.103715 NaN     6     9 c    0   1.71 160.25912 -27.07873  1670.21  9056.43 2.53 2.35   8.0 -0.449    19.69 21.55 02a58221o0295c 0x000000  0.666667
58221.371479 20.137125 NaN     2    10 c    0   1.04 160.25912 -27.07873  1741.83  9133.83 2.56 2.35  13.5 -0.457    19.65 21.56 02a58221o0314c 0x000000  0.200000
58221.380232 20.207197 NaN    -9    10 c    0   1.26 160.25912 -27.07873  1762.17  9017.87 2.53 2.38   4.1 -0.451    19.67 21.51 02a58221o0333c 0x400110 -0.900000
58225.343155 18.748255 NaN    22    31 c    0   1.13 160.25912 -27.07873  5505.72  2676.01 2.74 2.59 -86.6 -0.395    18.22 19.90 02a58225o0258c 0x100002  0.709677
58225.350942 19.454622 NaN    -6    20 c    0   1.01 160.25912 -27.07873  5489.31  2638.64 2.78 2.62 -82.1 -0.394    18.76 20.49 02a58225o0275c 0x002000 -0.300000
58225.358732 19.197966 NaN     4    24 c    0   1.00 160.25912 -27.07873  5559.05  2716.30 2.75 2.62  88.9 -0.394    18.59 20.28 02a58225o0292c 0x002000  0.166667
58225.366555 18.640491 NaN    16    37 c    0   1.28 160.25912 -27.07873  5578.78  2599.16 2.78 2.61 -81.2 -0.391    18.18 19.92 02a58225o0309c 0x100002  0.432432
58250.303509 19.271854 NaN    35    12 c    0   1.17 160.25912 -27.07873  4579.27  1483.77 2.80 2.62  77.1 -0.384    19.25 20.95 02a58250o0133c 0x000000  2.916667
58250.311407 19.318728 NaN    11    19 c    0   1.39 160.25912 -27.07873  4563.61  1445.49 2.89 2.73  81.5 -0.386    19.16 20.87 02a58250o0150c 0x000000  0.578947
58250.319247 19.419021 NaN    14    16 c    0   1.10 160.25912 -27.07873  4634.21  1523.12 2.85 2.68  89.7 -0.380    19.18 20.85 02a58250o0167c 0x000000  0.875000
58250.326612 19.589310 NaN    14    13 c    0   1.20 160.25912 -27.07873  4653.67  1404.92 2.89 2.71  87.5 -0.385    19.16 20.85 02a58250o0183c 0x400110  1.076923
58257.291764 19.609992 NaN    10    14 c    0   0.71 160.25912 -27.07873  5203.17  1856.09 3.25 3.02  69.3 -0.385    19.35 21.18 02a58257o0126c 0x000000  0.714286
58257.299760 19.609992 NaN     7    15 c    0   0.99 160.25912 -27.07873  5187.54  1816.76 3.42 3.25  70.4 -0.382    19.24 21.17 02a58257o0143c 0x000000  0.466667
58257.307165 20.207197 NaN    -8    10 c    0   1.47 160.25912 -27.07873  5240.30  1894.25 2.97 2.79  69.9 -0.393    19.41 21.14 02a58257o0159c 0x000000 -0.800000
58257.315053 19.922338 NaN    -7    13 c    0   0.86 160.25912 -27.07873  5259.94  1777.29 2.97 2.83  65.8 -0.393    19.37 21.11 02a58257o0176c 0x000000 -0.538462
58281.262885 19.609992 NaN     7    15 c    0   0.98 160.25912 -27.07873  6691.70   950.39 3.35 2.81 -64.2 -0.368    19.22 20.94 02a58281o0005c 0x000000  0.466667
58281.267559 16.170833 NaN   458   259 c    0   0.29 160.25912 -27.07873   849.68 10522.25 3.06 2.80 -73.2 -0.408    19.24 21.04 02a58281o0015c 0x100002  1.768340
58281.270817 19.841877 NaN     0    14 c    0   0.84 160.25912 -27.07873  6740.12  1028.90 3.42 3.04 -66.0 -0.368    19.28 21.16 02a58281o0022c 0x000000  0.000000
58281.278241 20.009244 NaN    -4    12 c    0   1.18 160.25912 -27.07873  6757.87   910.84 3.05 2.78 -68.2 -0.382    19.39 21.24 02a58281o0038c 0x000000 -0.333333
58285.250544 17.879400 NaN    85    57 c    0   1.27 160.25912 -27.07873  1972.47 10186.37 3.27 2.87  81.2 -0.406    17.60 18.81 02a58285o0020c 0x100002  1.491228
58285.253330 18.816441 NaN   -29    36 c    0   1.19 160.25912 -27.07873  1954.96 10143.10 3.08 2.73  86.6 -0.400    18.16 19.37 02a58285o0026c 0x100002 -0.805556
58285.255671 19.256669 NaN    -8    24 c    0   0.98 160.25912 -27.07873  7836.54   546.67 3.26 2.75 -62.5 -0.385    18.64 19.93 02a58285o0031c 0x000000 -0.333333
58285.257970 19.472870 NaN     2    19 c    0   1.12 160.25912 -27.07873  2006.49 10219.71 3.02 2.69  81.3 -0.396    18.72 20.07 02a58285o0036c 0x000000  0.105263
58285.261764 19.334813 NaN    16    17 c    0   1.17 160.25912 -27.07873  7817.80   506.84 3.04 2.70 -62.8 -0.392    19.12 20.59 02a58285o0044c 0x000000  0.941176
58285.264575 19.436675 NaN    10    17 c    0   0.78 160.25912 -27.07873  2024.30 10099.42 2.93 2.63  83.6 -0.414    19.05 20.55 02a58285o0050c 0x000000  0.588235
58285.269747 19.841877 NaN    -1    14 c    0   1.50 160.25912 -27.07873  7868.89   584.56 3.01 2.73 -65.4 -0.405    19.18 20.77 02a58285o0061c 0x000000 -0.071429
58285.277758 19.631075 NaN   -10    17 c    0   1.04 160.25912 -27.07873  7886.44   466.88 2.97 2.78 -71.2 -0.413    19.19 20.76 02a58285o0078c 0x000000 -0.588235
58485.620168 19.766969 NaN    15    10 c    0   1.45 160.25912 -27.07873  5237.48  1256.28 3.15 3.02 -88.2 -0.400    19.43 21.72 02a58485o0921c 0x000000  1.500000
58485.626572 19.841877 NaN     9    11 c    0   0.78 160.25912 -27.07873  5222.70  1215.24 3.01 2.83  57.2 -0.408    19.50 21.68 02a58485o0935c 0x000000  0.818182
58485.639431 19.569016 NaN    15    13 c    0   0.97 160.25912 -27.07873  5291.59  1294.86 3.34 3.19  57.6 -0.403    19.38 21.61 02a58485o0963c 0x000000  1.153846
58485.649501 20.207197 NaN    -8    10 c    0   1.16 160.25912 -27.07873  5307.65  1180.09 2.82 2.65  89.4 -0.400    19.52 21.56 02a58485o0985c 0x000000 -0.800000
58489.606826 20.321591 NaN   -18     9 c    0   0.85 160.25912 -27.07873  1694.05  3153.35 2.62 2.55  80.5 -0.384    19.62 21.89 02a58489o0504c 0x000000 -2.000000
58489.616507 20.362567 NaN     2     8 c    0   1.33 160.25912 -27.07873  1678.68  3114.15 2.63 2.53  69.2 -0.389    19.62 21.86 02a58489o0525c 0x000000  0.250000
58489.625726 20.039830 NaN     5    10 c    0   0.96 160.25912 -27.07873  1729.81  3193.66 2.71 2.58  79.0 -0.387    19.58 21.83 02a58489o0545c 0x000000  0.500000
58489.635434 20.071303 NaN    10     8 c    0   1.81 160.25912 -27.07873  1747.59  3078.39 2.72 2.61  85.0 -0.385    19.56 21.78 02a58489o0566c 0x000000  1.250000
58493.541840 20.207197 NaN     0    10 c    0   1.38 160.25912 -27.07873 10099.33  1595.15 2.78 2.62  66.9 -0.417    19.61 21.61 02a58493o0747c 0x000000  0.000000
58493.551778 19.894850 NaN     7    11 c    0   0.88 160.25912 -27.07873 10114.95  1630.01 2.84 2.70  71.6 -0.417    19.59 21.68 02a58493o0768c 0x000000  0.636364
58493.559028 19.894850 NaN    13     9 c    0   1.16 160.25912 -27.07873   346.03  1573.02 2.51 2.37  50.5 -0.457    19.61 21.65 02a58493o0783c 0x000000  1.444444
58493.566805 20.207197 NaN    -1    10 c    0   1.16 160.25912 -27.07873 10057.07  1553.24 2.86 2.73  72.0 -0.409    19.57 21.74 02a58493o0800c 0x000000 -0.100000
58493.568178 20.321591 NaN    -5     9 c    0   1.10 160.25912 -27.07873   364.56  1608.96 2.63 2.39  42.8 -0.461    19.61 21.72 02a58493o0803c 0x000000 -0.555556
58493.571838 19.841877 NaN    18     8 c    0   1.38 160.25912 -27.07873   290.79  1531.36 2.61 2.47  41.8 -0.449    19.55 21.70 02a58493o0811c 0x000000  2.250000
58493.574584 20.103715 NaN    -1    11 c    0   0.64 160.25912 -27.07873 10033.13  1669.30 2.83 2.63 -62.8 -0.403    19.60 21.73 02a58493o0817c 0x000000 -0.090909
58493.581902 20.207197 NaN     0    10 c    0   0.96 160.25912 -27.07873   269.50  1647.74 2.67 2.46  44.7 -0.445    19.54 21.77 02a58493o0833c 0x000000  0.000000
58573.378869 19.894850 NaN    10    10 c    0   1.41 160.25912 -27.07873  9375.05  3168.23 2.56 2.45  67.1 -0.390    19.40 21.30 02a58573o0344c 0x000000  1.000000
58573.386245 19.719755 NaN    11    12 c    0   0.92 160.25912 -27.07873  9357.04  3131.34 2.49 2.38 -88.0 -0.393    19.36 21.22 02a58573o0360c 0x000000  0.916667
58573.394187 20.009244 NaN    -7    12 c    0   0.91 160.25912 -27.07873  9409.52  3208.54 2.67 2.38 -60.2 -0.402    19.52 21.46 02a58573o0377c 0x000000 -0.583333
58573.401519 19.696897 NaN    18    10 c    0   1.32 160.25912 -27.07873  9427.53  3093.79 2.66 2.35 -61.4 -0.401    19.58 21.45 02a58573o0393c 0x000000  1.800000
58577.381225 20.321591 NaN   -14     9 c    0   1.48 160.25912 -27.07873  4142.08  7064.26 2.61 2.45  54.2 -0.399    19.52 21.46 02a58577o0346c 0x000000 -1.555556
58577.389542 20.321591 NaN    -6     9 c    0   1.46 160.25912 -27.07873  4107.42  7025.53 2.62 2.36  53.8 -0.389    19.56 21.44 02a58577o0364c 0x000000 -0.666667
58577.398325 20.321591 NaN    -4     9 c    0   1.57 160.25912 -27.07873  4177.79  7103.83 2.74 2.47  54.2 -0.385    19.49 21.46 02a58577o0383c 0x000000 -0.444444
58577.406664 19.922338 NaN     9    10 c    0   1.07 160.25912 -27.07873  4196.46  6988.18 2.55 2.42  75.3 -0.401    19.53 21.45 02a58577o0401c 0x000000  0.900000
58581.380593 20.207197 NaN   -13    10 c    0   0.93 160.25912 -27.07873  3612.40  5126.73 2.67 2.37  49.0 -0.390    19.56 21.43 02a58581o0336c 0x000000 -1.300000
58581.389332 20.039830 NaN     5    10 c    0   1.37 160.25912 -27.07873  3595.63  5089.96 2.80 2.30  47.7 -0.382    19.53 21.38 02a58581o0355c 0x000000  0.500000
58581.399937 20.321591 NaN    -9     9 c    0   1.39 160.25912 -27.07873  3673.07  5168.51 2.42 2.33 -81.5 -0.407    19.57 21.42 02a58581o0377c 0x000000 -1.000000
58581.409403 20.039830 NaN     5    10 c    0   1.49 160.25912 -27.07873  3686.58  5050.36 2.89 2.33  48.9 -0.373    19.50 21.35 02a58581o0397c 0x000000  0.500000
58605.344809 19.472870 NaN    26    11 c    0   0.84 160.25912 -27.07873  6885.06  1258.13 2.73 2.47 -62.1 -0.400    19.44 21.47 02a58605o0227c 0x000000  2.363636
58605.353743 20.103715 NaN   -18    11 c    0   0.99 160.25912 -27.07873  6867.66  1222.58 2.69 2.50 -69.6 -0.396    19.40 21.42 02a58605o0246c 0x000000 -1.636364
58605.362130 19.950541 NaN    11     9 c    0   1.45 160.25912 -27.07873  6936.65  1300.26 2.70 2.50 -73.2 -0.397    19.34 21.42 02a58605o0264c 0x000000  1.222222
58605.370995 19.841877 NaN     9    11 c    0   1.30 160.25912 -27.07873  6955.54  1183.12 2.69 2.50 -72.0 -0.394    19.36 21.38 02a58605o0283c 0x000000  0.818182
58609.310566 19.868040 NaN     8    11 c    0   0.90 160.25912 -27.07873  2184.90  7048.37 2.78 2.48  49.6 -0.371    19.60 21.56 02a58609o0067c 0x000000  0.727273
58609.317561 19.841877 NaN    12    10 c    0   0.87 160.25912 -27.07873  2169.25  7009.88 2.62 2.46  56.1 -0.380    19.61 21.51 02a58609o0082c 0x000000  1.200000
58609.324545 19.868040 NaN     2    13 c    0   0.85 160.25912 -27.07873  2239.54  7087.98 2.65 2.46 -69.9 -0.396    19.57 21.49 02a58609o0097c 0x000000  0.153846
58609.331501 20.321591 NaN   -10     9 c    0   1.22 160.25912 -27.07873  2257.96  6972.47 2.65 2.49 -77.9 -0.396    19.58 21.49 02a58609o0112c 0x000000 -1.111111
58633.266445 19.609992 NaN    19    11 c    0   1.38 160.25912 -27.07873  7454.53  9998.07 3.03 2.50  50.2 -0.391    19.48 21.16 02a58633o0081c 0x000000  1.727273
58633.269200 20.103715 NaN   -18    11 c    0   1.11 160.25912 -27.07873  7435.41  9958.28 3.03 2.53  52.3 -0.385    19.46 21.17 02a58633o0087c 0x080010 -1.636364
58633.274775 20.103715 NaN   -13    11 c    0   0.99 160.25912 -27.07873  7496.01 10036.28 3.00 2.50  52.1 -0.391    19.47 21.17 02a58633o0099c 0x000000 -1.181818
58633.284476 19.868040 NaN     5    12 c    0   1.20 160.25912 -27.07873  7516.60  9919.10 3.04 2.54  51.6 -0.389    19.46 21.19 02a58633o0120c 0x000000  0.416667
58637.280567 20.207197 NaN    -1    10 c    0   1.32 160.25912 -27.07873  2883.83  8029.29 2.82 2.48  55.2 -0.373    19.52 21.26 02a58637o0103c 0x000000 -0.100000
58637.298043 20.137125 NaN     2    10 c    0   1.40 160.25912 -27.07873  2868.06  7987.43 2.56 2.50  71.7 -0.394    19.49 21.30 02a58637o0140c 0x000000  0.200000
58637.301897 20.039830 NaN     2    11 c    0   1.09 160.25912 -27.07873  2928.54  8066.84 2.56 2.45  84.3 -0.391    19.51 21.27 02a58637o0148c 0x000000  0.181818
58637.307934 19.868040 NaN     5    12 c    0   0.97 160.25912 -27.07873  2948.99  7948.94 2.70 2.44  62.9 -0.377    19.43 21.27 02a58637o0161c 0x000000  0.416667
58789.633208 19.549093 NaN    10    15 c    0   0.93 160.25912 -27.07873  9658.72  2458.85 2.63 2.53   8.5 -0.391    19.29 20.98 02a58789o0864c 0x000000  0.666667
58789.636510 19.841877 NaN     6    12 c    0   1.34 160.25912 -27.07873  9678.68  2498.30 2.56 2.45   5.8 -0.392    19.34 20.92 02a58789o0871c 0x000000  0.500000
58789.640246 19.674510 NaN    13    12 c    0   1.39 160.25912 -27.07873  9620.80  2419.31 2.55 2.42 -44.5 -0.402    19.27 20.70 02a58789o0879c 0x080030  1.083333
58789.643498 19.510313 NaN    15    14 c    0   2.60 160.25912 -27.07873  9599.92  2535.84 2.53 2.37 -52.6 -0.401    19.05 20.28 02a58789o0886c 0x000000  1.071429
58841.539603 20.594452 NaN     0     7 c    0   2.17 160.25912 -27.07873  7693.52  2518.01 2.49 2.40  26.3 -0.386    19.67 21.69 02a58841o0757c 0x000000  0.000000
58841.542411 20.594452 NaN    -7     7 c    0   2.06 160.25912 -27.07873  7713.29  2557.07 2.45 2.37  44.3 -0.390    19.45 21.40 02a58841o0763c 0x000000 -1.000000
58841.548631 20.321591 NaN   -14     9 c    0   0.77 160.25912 -27.07873  7651.18  2479.78 2.55 2.41  31.6 -0.384    19.66 21.70 02a58841o0776c 0x000000 -1.555556
58841.558698 20.207197 NaN     6     8 c    0   1.22 160.25912 -27.07873  7627.00  2596.94 2.68 2.37  28.3 -0.380    19.68 21.74 02a58841o0796c 0x000000  0.750000
58845.614233 20.362567 NaN     2     8 c    0   1.36 160.25912 -27.07873  4812.73  7949.23 2.77 2.51  38.7 -0.384    19.73 21.88 02a58845o0814c 0x000000  0.250000
58845.617956 19.841877 NaN    12    10 c    0   0.98 160.25912 -27.07873  4795.19  7910.26 2.81 2.56  42.4 -0.381    19.66 21.84 02a58845o0822c 0x000000  1.200000
58845.623932 20.103715 NaN   -10    11 c    0   1.54 160.25912 -27.07873  4856.43  7986.67 2.71 2.49  40.5 -0.389    19.24 21.26 02a58845o0835c 0x000000 -0.909091
58869.443306 20.449472 NaN    -2     8 c    0   1.48 160.25912 -27.07873  9365.03   781.56 2.72 2.31 -59.4 -0.415    19.66 21.87 02a58869o0512c 0x000000 -0.250000
58869.448814 20.321591 NaN    -2     9 c    0   1.16 160.25912 -27.07873  9381.48   821.28 2.72 2.29 -58.5 -0.408    19.68 21.88 02a58869o0523c 0x000000 -0.222222
58869.457576 20.449472 NaN     0     8 c    0   1.24 160.25912 -27.07873  9319.81   742.49 2.57 2.29 -58.5 -0.414    19.72 21.90 02a58869o0541c 0x000000  0.000000
58869.460356 20.449472 NaN    -1     8 c    0   1.35 160.25912 -27.07873  9299.55   860.33 2.49 2.22 -57.0 -0.414    19.75 21.91 02a58869o0547c 0x000000 -0.125000
58873.515393 19.894850 NaN    10    10 c    0   0.92 160.25912 -27.07873  1182.85  9758.77 2.44 2.30 -32.9 -0.447    19.75 21.81 02a58873o0662c 0x000000  1.000000
58873.523276 20.207197 NaN    -1    10 c    0   0.85 160.25912 -27.07873  1165.17  9721.68 2.42 2.31 -31.8 -0.443    19.73 21.81 02a58873o0679c 0x000000 -0.100000
58873.525818 20.761819 NaN     0     6 c    0   3.25 160.25912 -27.07873  9327.04   747.06 2.41 2.24 -56.5 -0.410    19.76 21.82 02a58873o0684c 0x000000  0.000000
58873.540280 19.816329 NaN    13    10 c    0   0.97 160.25912 -27.07873  1247.31  9686.44 2.48 2.36 -37.1 -0.439    19.71 21.81 02a58873o0714c 0x000000  1.300000
58877.492944 20.321591 NaN     0     9 c    0   0.95 160.25912 -27.07873  3934.16  4632.43 2.68 2.51  27.2 -0.390    19.70 21.90 02a58877o0611c 0x000000  0.000000
58877.495808 20.594452 NaN     0     7 c    0   1.73 160.25912 -27.07873  3953.43  4670.98 2.54 2.40  23.5 -0.393    19.75 21.90 02a58877o0617c 0x000000  0.000000
58877.513549 20.449472 NaN   -13     8 c    0   1.18 160.25912 -27.07873  6666.58  5955.87 2.68 2.54  43.0 -0.400    19.73 21.90 02a58877o0655c 0x400110 -1.625000
58877.518804 20.594452 NaN    -2     7 c    0   1.63 160.25912 -27.07873  3871.46  4712.41 2.78 2.35  30.4 -0.383    19.73 21.90 02a58877o0666c 0x000000 -0.285714
58929.435187 20.103715 NaN   -12    11 c    0   1.34 160.25912 -27.07873  9435.52  9895.03 2.99 2.72 -58.6 -0.372    19.62 21.53 02a58929o0452c 0x080010 -1.090909
58929.438409 20.207197 NaN    -6    10 c    0   1.35 160.25912 -27.07873  9413.72  9849.53 2.98 2.65 -61.7 -0.371    19.66 21.52 02a58929o0459c 0x000000 -0.600000
58929.444306 20.009244 NaN    -1    12 c    0   1.10 160.25912 -27.07873  9476.76  9933.96 3.18 2.66 -55.4 -0.373    19.60 21.54 02a58929o0471c 0x000000 -0.083333
58929.454550 19.922338 NaN   -24    13 c    0   0.93 160.25912 -27.07873  9496.97  9818.01 3.03 2.68 -57.7 -0.367    19.66 21.51 02a58929o0492c 0x000000 -1.846154
58937.440583 20.039830 NaN     5    10 c    0   1.21 160.25912 -27.07873   705.48  3537.54 2.60 2.35  46.1 -0.389    19.57 21.54 02a58937o0045c 0x000000  0.500000
58937.444312 19.609992 NaN    22    10 c    0   1.22 160.25912 -27.07873   685.31  3498.77 2.60 2.45  61.5 -0.389    19.55 21.51 02a58937o0053c 0x000000  2.200000
58937.450832 20.207197 NaN   -10    10 c    0   0.74 160.25912 -27.07873   745.51  3576.26 2.48 2.36  83.7 -0.400    19.58 21.48 02a58937o0067c 0x000000 -1.000000
58957.304278 19.922338 NaN   -15    13 c    0   1.06 160.25912 -27.07873  1680.18  4269.71 2.53 2.46  15.8 -0.395    19.24 20.97 02a58957o0147c 0x000000 -1.153846
58957.308367 19.922338 NaN    -9    13 c    0   0.79 160.25912 -27.07873  1700.91  4308.81 2.49 2.39  18.3 -0.399    19.35 21.04 02a58957o0155c 0x000000 -0.692308
58957.314344 19.436675 NaN    16    15 c    0   0.94 160.25912 -27.07873  8905.99  6318.42 2.93 2.62  42.1 -0.374    19.23 21.02 02a58957o0167c 0x000000  1.066667
58957.328289 19.631075 NaN    -5    17 c    0   1.48 160.25912 -27.07873  8924.72  6202.20 3.06 2.53  39.1 -0.365    18.97 20.74 02a58957o0194c 0x000000 -0.294118
58961.354909 20.103715 NaN   -16    11 c    0   1.19 160.25912 -27.07873  8863.17  6290.04 2.88 2.51  49.7 -0.375    19.56 21.39 02a58961o0280c 0x000000 -1.454545
58961.358114 20.207197 NaN    -2    10 c    0   1.09 160.25912 -27.07873  8843.15  6256.82 2.86 2.50  47.8 -0.373    19.57 21.39 02a58961o0287c 0x000000 -0.200000
58961.363726 20.207197 NaN    -5    10 c    0   1.01 160.25912 -27.07873  8901.77  6331.74 3.16 2.53  41.3 -0.354    19.50 21.38 02a58961o0299c 0x000000 -0.500000
58961.374301 20.103715 NaN    -4    11 c    0   0.84 160.25912 -27.07873  8923.50  6214.12 2.80 2.54  50.5 -0.376    19.55 21.32 02a58961o0322c 0x000000 -0.363636
58965.329887 20.321591 NaN   -24     9 c    0   1.42 160.25912 -27.07873  8543.37  1730.23 2.53 2.34 -70.1 -0.393    19.52 21.26 02a58965o0222c 0x000000 -2.666667
58965.334502 20.103715 NaN    -5    11 c    0   1.26 160.25912 -27.07873  8524.96  1691.60 2.68 2.37 -61.8 -0.400    19.49 21.25 02a58965o0232c 0x000000 -0.454545
58965.340056 20.103715 NaN   -23    11 c    0   0.97 160.25912 -27.07873  8582.81  1772.86 2.63 2.33 -61.3 -0.397    19.54 21.24 02a58965o0244c 0x400110 -2.090909
58965.351272 20.207197 NaN   -10    10 c    0   1.28 160.25912 -27.07873  8603.91  1654.17 2.77 2.41 -61.1 -0.399    19.49 21.25 02a58965o0268c 0x000000 -1.000000
58981.321584 20.103715 NaN    -4    11 c    0   1.06 160.25912 -27.07873  2490.77  1529.10 2.67 2.34 -62.4 -0.417    19.62 21.50 02a58981o0196c 0x000000 -0.363636
58981.325752 20.321591 NaN    -7     9 c    0   1.32 160.25912 -27.07873  2470.93  1491.13 2.52 2.34 -77.4 -0.418    19.62 21.51 02a58981o0205c 0x000000 -0.777778
58981.332231 20.103715 NaN     6     9 c    0   1.19 160.25912 -27.07873  2530.34  1566.96 2.58 2.39 -76.9 -0.413    19.57 21.49 02a58981o0219c 0x000000  0.666667
58981.348417 20.071303 NaN     4    10 c    0   1.25 160.25912 -27.07873  2550.76  1450.50 2.78 2.50 -63.7 -0.411    19.51 21.43 02a58981o0254c 0x000000  0.400000
58985.262985 20.009244 NaN     6    10 c    0   0.72 160.25912 -27.07873  2495.26  1529.08 2.58 2.38  59.4 -0.409    19.53 21.37 02a58985o0067c 0x000000  0.600000
58985.270340 20.321591 NaN     0     9 c    0   1.29 160.25912 -27.07873  2475.15  1488.09 2.56 2.33  56.0 -0.412    19.54 21.34 02a58985o0083c 0x000000  0.000000
58985.274937 20.103715 NaN    -4    11 c    0   0.92 160.25912 -27.07873  2533.79  1569.15 2.49 2.34  67.8 -0.416    19.59 21.33 02a58985o0093c 0x000000 -0.363636
58985.285505 19.950541 NaN    11     9 c    0   1.51 160.25912 -27.07873  2557.47  1453.05 2.49 2.35  76.0 -0.418    19.58 21.34 02a58985o0116c 0x000000  1.222222
58989.272977 19.922338 NaN     6    11 c    0   0.97 160.25912 -27.07873   898.58  8094.46 2.77 2.71  78.0 -0.393    19.49 21.36 02a58989o0085c 0x000000  0.545455
58989.275766 20.103715 NaN   -14    11 c    0   1.04 160.25912 -27.07873   879.45  8054.23 2.67 2.57 -82.7 -0.409    19.51 21.37 02a58989o0091c 0x000000 -1.272727
58989.282245 19.979496 NaN     4    11 c    0   0.84 160.25912 -27.07873   937.68  8136.01 2.54 2.49  86.3 -0.412    19.59 21.38 02a58989o0105c 0x000000  0.363636
58989.292422 20.103715 NaN   -18    11 c    0   1.03 160.25912 -27.07873   959.79  8021.25 2.64 2.56  62.6 -0.398    19.52 21.39 02a58989o0127c 0x000000 -1.636364
59016.251021 16.801305 NaN   208   161 c    0   0.38 160.25912 -27.07873 10499.72  1595.02 2.97 2.19 -55.6 -0.424    17.83 18.59 02a59016o0020c 0x900002  1.291925
59016.254249 18.445391 NaN    41    37 c    0   1.36 160.25912 -27.07873 10481.51  1555.33 2.68 2.18 -53.8 -0.417    18.45 19.41 02a59016o0027c 0xd00832  1.108108
59169.623961 20.009244 NaN    -9    12 c    0   1.08 160.25912 -27.07873  1995.65  8827.76 2.57 2.45  20.6 -0.389    19.37 21.02 02a59169o0963c 0x002000 -0.750000
59169.634154 19.841877 NaN   -10    14 c    0   0.90 160.25912 -27.07873  2015.39  8865.48 2.53 2.45 -48.5 -0.403    19.36 20.94 02a59169o0985c 0x002000 -0.714286
59169.644784 15.674913 NaN -1129   650 c    0   1.12 160.25912 -27.07873  1959.96  8789.28 2.48 2.39 -46.0 -0.378    15.93 17.54 02a59169o1008c 0x100002 -1.736923
59169.653030       NaN NaN     0     0 c    0  -2.00 160.25912 -27.07873  1898.02  8862.22 3.05 2.84 -51.9 -0.333    15.20 16.64 02a59169o1026c 0x100002       NaN
59195.600290 20.103715 NaN   -13    11 c    0   0.81 160.25912 -27.07873  4745.53  1961.69 3.75 2.74   2.4 -0.327    19.42 21.77 01a59195o0901c 0x000000 -1.181818
59195.603056 20.321591 NaN   -16     9 c    0   1.08 160.25912 -27.07873  4726.66  1922.66 3.24 2.65 -13.7 -0.361    19.54 21.76 01a59195o0907c 0x000000 -1.777778
59195.609505 20.207197 NaN    -8    10 c    0   0.78 160.25912 -27.07873  4784.83  2001.47 3.15 2.76  -0.9 -0.329    19.57 21.80 01a59195o0921c 0x000000 -0.800000
59195.619987 20.207197 NaN   -16    10 c    0   1.17 160.25912 -27.07873  4806.08  1884.62 3.44 2.89   9.1 -0.332    19.44 21.72 01a59195o0943c 0x000000 -1.600000
59197.601746 20.449472 NaN   -10     8 c    0   1.19 160.25912 -27.07873  3816.18  6759.98 2.55 2.35  33.9 -0.386    19.71 21.72 02a59197o0882c 0x000000 -1.250000
59197.604490 20.321591 NaN   -10     9 c    0   1.14 160.25912 -27.07873  3835.80  6798.42 2.42 2.35  25.3 -0.396    19.75 21.71 02a59197o0888c 0x000000 -1.111111
59197.607235 20.207197 NaN   -15    10 c    0   0.82 160.25912 -27.07873  3777.23  6721.28 2.54 2.33  32.2 -0.388    19.73 21.72 02a59197o0894c 0x000000 -1.500000
59197.613181 20.449472 NaN    -7     8 c    0   1.08 160.25912 -27.07873  3758.45  6838.24 2.49 2.37  36.6 -0.392    19.71 21.70 02a59197o0907c 0x000000 -0.875000
59205.597139 19.979496 NaN     4    11 c    0   1.02 160.25912 -27.07873  1893.25  6878.11 2.48 2.35 -54.2 -0.404    19.65 21.52 02a59205o0871c 0x000000  0.363636
59205.598969 19.894850 NaN    10    10 c    0   1.62 160.25912 -27.07873  1911.35  6916.27 2.52 2.39 -57.5 -0.405    19.67 21.52 02a59205o0875c 0x000000  1.000000
59205.602629 20.207197 NaN   -19    10 c    0   1.16 160.25912 -27.07873  1855.41  6840.56 2.58 2.38 -57.7 -0.411    19.62 21.55 02a59205o0883c 0x000000 -1.900000
59205.610055 20.449472 NaN   -18     8 c    0   1.73 160.25912 -27.07873  1832.67  6954.96 2.47 2.42 -42.0 -0.400    19.67 21.58 02a59205o0899c 0x000000 -2.250000
59207.583494 20.171596 NaN     7     8 c    0   1.36 160.25912 -27.07873  9012.97  8222.10 2.90 2.67   8.9 -0.327    19.62 21.69 01a59207o0830c 0x000000  0.875000
59207.585795 20.321591 NaN    -1     9 c    0   1.08 160.25912 -27.07873  8993.77  8184.34 2.75 2.70 -38.8 -0.333    19.64 21.70 01a59207o0835c 0x000000 -0.111111
59207.588562 20.207197 NaN   -11    10 c    0   0.92 160.25912 -27.07873  9054.47  8260.93 2.84 2.83 -10.2 -0.329    19.63 21.70 01a59207o0841c 0x000000 -1.100000
59207.600082 20.321591 NaN   -12     9 c    0   0.94 160.25912 -27.07873  9076.64  8144.01 3.05 2.55  -5.0 -0.327    19.64 21.76 01a59207o0866c 0x000000 -1.333333
59223.537934 19.569016 NaN   -16    18 c    0   1.10 160.25912 -27.07873  9479.01  9873.73 2.74 2.67  63.3 -0.349    18.85 20.97 01a59223o0742c 0x002000 -0.888889
59223.541159 19.454622 NaN    12    16 c    0   1.23 160.25912 -27.07873  9457.64  9833.52 2.84 2.70  55.0 -0.328    18.87 20.96 01a59223o0749c 0x002000  0.750000
59223.552139 19.401649 NaN   -43    21 c    0   1.20 160.25912 -27.07873  9522.53  9911.07 2.93 2.79  65.2 -0.345    18.70 20.89 01a59223o0772c 0x400220 -2.047619
59223.561753 16.364749 NaN   283   250 c    0   1.42 160.25912 -27.07873  9541.73  9792.16 2.79 2.64  55.8 -0.431    15.53 17.70 01a59223o0792c 0x500812  1.132000
59227.514706 20.137125 NaN     8     8 c    0   1.17 160.25912 -27.07873   739.50  3553.11 2.39 2.28  61.5 -0.371    19.85 22.14 01a59227o0636c 0x000000  1.000000
59227.523867 20.449472 NaN   -13     8 c    0   1.17 160.25912 -27.07873   723.73  3514.94 2.78 2.30  21.1 -0.349    19.77 22.15 01a59227o0655c 0x000000 -1.625000
59227.525712 20.449472 NaN   -13     8 c    0   1.03 160.25912 -27.07873   781.78  3594.15 2.33 2.16  69.7 -0.380    19.88 22.15 01a59227o0659c 0x000000 -1.625000
59227.530783 20.594452 NaN    -6     7 c    0   1.11 160.25912 -27.07873   801.43  3479.72 2.67 2.36  43.4 -0.362    19.77 22.15 01a59227o0670c 0x000000 -0.857143
59229.529061 20.244005 NaN     5     8 c    0   1.19 160.25912 -27.07873  3116.35   557.38 2.38 2.24  65.0 -0.404    19.73 21.74 02a59229o0722c 0x000000  0.625000
59229.530892 20.321591 NaN     6     7 c    0   1.46 160.25912 -27.07873  3137.36   598.34 2.41 2.28 -74.6 -0.409    19.77 21.76 02a59229o0726c 0x000000  0.857143
59229.534553 20.449472 NaN   -11     8 c    0   1.26 160.25912 -27.07873  3077.41   519.62 2.44 2.24 -69.7 -0.409    19.76 21.77 02a59229o0734c 0x000000 -1.375000
59229.540443 20.207197 NaN   -16    10 c    0   1.15 160.25912 -27.07873  3056.53   637.71 2.40 2.21 -69.5 -0.415    19.74 21.78 02a59229o0746c 0x000000 -1.600000
59231.508049 20.009244 NaN     9     9 c    0   1.05 160.25912 -27.07873   742.32  3553.05 3.06 2.56  78.2 -0.372    19.71 22.06 01a59231o0544c 0x000000  1.000000
59231.509893 20.103715 NaN     9     8 c    0   1.66 160.25912 -27.07873   723.55  3514.27 2.81 2.48  69.5 -0.372    19.77 22.07 01a59231o0548c 0x000000  1.125000
59231.513122 20.449472 NaN    -6     8 c    0   0.94 160.25912 -27.07873   782.00  3593.83 3.11 2.71  75.5 -0.351    19.66 22.07 01a59231o0555c 0x000000 -0.750000
59231.518208 20.321591 NaN    -9     9 c    0   0.95 160.25912 -27.07873   802.84  3478.97 3.05 2.80  74.9 -0.356    19.64 22.08 01a59231o0566c 0x000000 -1.000000
59235.618917 20.207197 NaN   -22    10 c    0   0.77 160.25912 -27.07873  5058.88   454.57 2.45 2.40 -17.6 -0.420    19.63 21.81 01a59235o0085c 0x000000 -2.200000
59235.622144 19.979496 NaN     7    10 c    0   1.20 160.25912 -27.07873  5079.62   493.67 2.45 2.41 -29.5 -0.430    19.62 21.76 01a59235o0092c 0x000000  0.700000
59235.627696 20.207197 NaN    -9    10 c    0   0.81 160.25912 -27.07873  5017.89   416.31 2.55 2.32   6.0 -0.424    19.58 21.72 01a59235o0104c 0x000000 -0.900000
59235.649919 20.009244 NaN    -8    12 c    0   0.98 160.25912 -27.07873  4998.58   536.78 2.41 2.36  55.7 -0.443    19.53 21.66 01a59235o0152c 0x000000 -0.666667
59253.529405 20.321591 NaN   -18     9 c    0   0.98 160.25912 -27.07873  6625.95  1856.55 2.69 2.67 -74.8 -0.371    19.59 21.78 02a59253o0414c 0x000000 -2.000000
59253.532617 20.321591 NaN   -16     9 c    0   0.93 160.25912 -27.07873  6608.07  1818.01 2.55 2.50  60.3 -0.378    19.65 21.77 02a59253o0421c 0x000000 -1.777778
59253.539080 20.321591 NaN   -22     9 c    0   1.20 160.25912 -27.07873  6665.64  1896.00 2.85 2.79  12.0 -0.377    19.58 21.77 02a59253o0435c 0x000000 -2.444444
59253.549605 20.207197 NaN    -2    10 c    0   1.26 160.25912 -27.07873  6685.83  1780.32 2.86 2.82 -56.8 -0.365    19.54 21.75 02a59253o0458c 0x000000 -0.200000
59255.461476 20.321591 NaN   -29     9 c    0   1.19 160.25912 -27.07873  8887.20  6278.00 3.12 3.01  70.4 -0.353    19.53 22.07 01a59255o0534c 0x400110 -3.222222
59255.464234 20.071303 NaN     4    10 c    0   0.98 160.25912 -27.07873  8868.14  6240.39 3.03 2.86  77.4 -0.361    19.60 22.07 01a59255o0540c 0x000000  0.400000
59255.467000 20.009244 NaN     9     9 c    0   0.99 160.25912 -27.07873  8926.85  6316.05 3.04 2.87  74.7 -0.365    19.58 22.04 01a59255o0546c 0x000000  1.000000
59255.472524 20.321591 NaN   -17     9 c    0   1.11 160.25912 -27.07873  8946.66  6198.41 2.95 2.84  69.4 -0.359    19.65 22.05 01a59255o0558c 0x000000 -1.888889
59257.421569 20.207197 NaN     0    10 c    0   1.25 160.25912 -27.07873  3922.83  8704.55 2.48 2.39  29.0 -0.389    19.74 21.75 02a59257o0468c 0x000000  0.000000
59257.447642 20.103715 NaN   -12    11 c    0   0.69 160.25912 -27.07873  3948.02  8742.66 2.52 2.49  34.8 -0.388    19.73 21.83 02a59257o0524c 0x000000 -1.090909
59257.450854 19.791368 NaN     8    12 c    0   0.77 160.25912 -27.07873  3888.05  8666.09 2.47 2.46 -70.3 -0.391    19.78 21.84 02a59257o0531c 0x000000  0.666667
59257.454980 19.922338 NaN     9    10 c    0   1.05 160.25912 -27.07873  3870.09  8781.22 2.44 2.41  64.9 -0.391    19.77 21.85 02a59257o0540c 0x000000  0.900000
59259.491034 20.449472 NaN   -13     8 c    0   1.14 160.25912 -27.07873  2033.78  8872.04 2.33 2.05 -72.2 -0.382    19.85 22.01 01a59259o0432c 0x000000 -1.625000
59259.525945 20.321591 NaN   -13     9 c    0   1.03 160.25912 -27.07873  2061.80  8905.40 2.93 2.65 -69.9 -0.354    19.61 21.89 01a59259o0507c 0x400110 -1.444444
59259.529170 20.449472 NaN   -12     8 c    0   1.54 160.25912 -27.07873  2003.75  8828.73 2.66 2.37 -65.2 -0.377    19.67 21.87 01a59259o0514c 0x000000 -1.500000
59259.535617 20.207197 NaN    -1    10 c    0   0.91 160.25912 -27.07873  1985.40  8943.67 2.49 2.25 -57.3 -0.373    19.74 21.82 01a59259o0528c 0x000000 -0.100000
59261.485117 19.950541 NaN     5    11 c    0   0.73 160.25912 -27.07873   790.59  6150.79 2.50 2.34  43.7 -0.402    19.67 21.66 02a59261o0598c 0x000000  0.454545
59261.488783 20.207197 NaN    -1    10 c    0   1.16 160.25912 -27.07873   772.28  6115.11 2.48 2.38  38.9 -0.404    19.66 21.67 02a59261o0606c 0x000000 -0.100000
59261.494324 19.696897 NaN    21     9 c    0   1.43 160.25912 -27.07873   831.64  6193.31 2.45 2.32  44.8 -0.411    19.69 21.66 02a59261o0618c 0x000000  2.333333
59261.524405 20.321591 NaN    -8     9 c    0   1.23 160.25912 -27.07873   854.37  6077.30 2.56 2.39  45.1 -0.458    19.59 21.59 02a59261o0683c 0x000000 -0.888889
59263.522163 19.051202 NaN     3    28 c    0   1.52 160.25912 -27.07873  2059.14  8901.66 2.56 2.31 -60.4 -0.356    18.39 20.46 01a59263o0545c 0x900002  0.107143
59263.553950 17.341877 NaN  -146   140 c    0   1.44 160.25912 -27.07873  1991.47  8939.89 2.74 2.48 -61.1 -0.364    16.28 18.39 01a59263o0613c 0x900002 -1.042857
59265.524200 20.103715 NaN   -22    11 c    0   0.97 160.25912 -27.07873   792.81  6153.72 3.05 2.77  42.4 -0.365    19.44 21.58 02a59265o0377c 0x000000 -2.000000
59265.527419 19.256669 NaN     3    23 c    0   0.98 160.25912 -27.07873   774.28  6112.59 3.55 3.42  52.2 -0.396    18.46 20.71 02a59265o0384c 0x000000  0.130435
59265.543950 19.089302 NaN     3    27 c    0   1.17 160.25912 -27.07873   856.07  6076.76 3.18 2.95  43.1 -0.364    18.44 20.51 02a59265o0420c 0x000000  0.111111
59307.363893 20.321591 NaN   -14     9 c    0   0.83 160.25912 -27.07873 10017.69  8951.11 2.63 2.37  80.7 -0.354    19.83 21.50 01a59307o0296c 0x000000 -1.555556
59307.364354 20.207197 NaN   -10    10 c    0   1.17 160.25912 -27.07873   108.82  9035.99 2.55 2.19 -74.7 -0.414    19.80 21.50 01a59307o0297c 0x000000 -1.000000
59307.368055 19.894850 NaN    16     8 c    0   1.23 160.25912 -27.07873 10035.60  8990.98 2.58 2.32  83.1 -0.357    19.87 21.50 01a59307o0305c 0x001000  2.000000
59307.369899 19.719755 NaN    17    10 c    0   1.05 160.25912 -27.07873   127.85  9073.87 2.59 2.23 -74.5 -0.409    19.78 21.50 01a59307o0309c 0x000000  1.700000
59307.374976 20.449472 NaN   -19     8 c    0   1.35 160.25912 -27.07873  9977.85  8910.94 2.72 2.47  79.6 -0.351    19.78 21.45 01a59307o0320c 0x000000 -2.375000
59307.376356 19.841877 NaN   -18    14 c    0   0.87 160.25912 -27.07873    70.69  8996.97 2.51 2.21 -74.1 -0.407    19.81 21.47 01a59307o0323c 0x000000 -1.285714
59307.390496 20.449472 NaN    -9     8 c    0   1.19 160.25912 -27.07873  9956.92  9027.38 2.78 2.60  67.3 -0.332    19.75 21.49 01a59307o0352c 0x000000 -1.125000
59307.391879 19.696897 NaN   -13    16 c    0   0.95 160.25912 -27.07873    51.68  9114.71 2.51 2.19 -67.8 -0.407    19.80 21.51 01a59307o0355c 0x000000 -0.812500
59311.340219 19.979496 NaN     4    11 c    0   0.80 160.25912 -27.07873 10015.80  8954.40 2.69 2.41  78.6 -0.349    19.71 21.56 01a59311o0266c 0x000000  0.363636
59311.343444 19.569016 NaN    18    12 c    0   0.87 160.25912 -27.07873 10035.89  8993.08 2.58 2.33  81.7 -0.352    19.59 21.40 01a59311o0273c 0x000000  1.500000
59311.349466 20.207197 NaN   -31    10 c    0   1.04 160.25912 -27.07873  9977.58  8912.23 2.77 2.45  81.6 -0.345    19.67 21.57 01a59311o0286c 0x080010 -3.100000
59311.351768 20.103715 NaN    -6    11 c    0   0.85 160.25912 -27.07873   109.15  9035.23 2.42 2.12 -70.7 -0.404    19.75 21.62 01a59311o0291c 0x000000 -0.545455
59311.384042 20.103715 NaN   -21    11 c    0   1.14 160.25912 -27.07873  9957.87  9027.96 2.70 2.45  72.4 -0.348    19.56 21.35 01a59311o0360c 0x000000 -1.909091
59311.385884 20.039830 NaN     2    11 c    0   0.94 160.25912 -27.07873   130.02  9071.08 2.56 2.25 -57.6 -0.397    19.55 21.43 01a59311o0364c 0x000000  0.181818
59311.414384 18.816441 NaN    12    32 c    0   1.21 160.25912 -27.07873    73.89  8990.73 2.68 2.36 -60.6 -0.396    18.76 20.57 01a59311o0425c 0x100002  0.375000
59311.417608 18.169360 NaN    10    62 c    0   0.61 160.25912 -27.07873    55.46  9108.22 2.63 2.23 -59.1 -0.399    18.58 20.33 01a59311o0432c 0x100002  0.161290
59315.357427 20.594452 NaN    -7     7 c    0   1.04 160.25912 -27.07873  5855.67  4559.30 2.25 2.18 -17.4 -0.360    19.95 21.66 01a59315o0301c 0x000000 -1.000000
59315.360674 20.761819 NaN    -5     6 c    0   0.97 160.25912 -27.07873  5874.24  4598.15 2.21 2.11 -79.1 -0.379    19.95 21.63 01a59315o0308c 0x000000 -0.833333
59315.366673 20.449472 NaN   -11     8 c    0   0.90 160.25912 -27.07873  5816.65  4520.21 2.22 2.12 -71.9 -0.371    19.92 21.61 01a59315o0321c 0x000000 -1.375000
59315.376819 20.594452 NaN    -8     7 c    0   1.27 160.25912 -27.07873  5799.46  4633.68 2.22 2.13 -40.3 -0.370    19.92 21.56 01a59315o0343c 0x000000 -1.142857
59319.338541 20.594452 NaN   -10     7 c    0   0.91 160.25912 -27.07873  5853.89  4560.75 2.30 2.18 -81.2 -0.379    19.92 21.70 01a59319o0259c 0x000000 -1.428571
59319.342227 20.647425 NaN     2     6 c    0   1.82 160.25912 -27.07873  5873.71  4598.45 2.32 2.17 -71.6 -0.379    19.94 21.71 01a59319o0267c 0x000000  0.333333
59319.348222 20.594452 NaN    -4     7 c    0   1.37 160.25912 -27.07873  5815.80  4520.85 2.34 2.20 -79.4 -0.375    19.92 21.71 01a59319o0280c 0x000000 -0.571429
59319.359299 20.594452 NaN     0     7 c    0   0.96 160.25912 -27.07873  5798.85  4633.26 2.33 2.24 -40.2 -0.365    19.94 21.67 01a59319o0304c 0x000000  0.000000
59337.317477 19.401649 NaN   -36    21 c    0   0.89 160.25912 -27.07873   718.55  3538.05 2.50 2.41 -77.5 -0.399    18.78 20.59 02a59337o0197c 0x800000 -1.714286
59337.320714 19.334813 NaN    28    13 c    0   1.29 160.25912 -27.07873   698.51  3498.82 2.39 2.32  65.6 -0.409    19.18 21.08 02a59337o0204c 0x800000  2.153846
59337.328042 20.207197 NaN   -20    10 c    0   1.55 160.25912 -27.07873   756.19  3577.83 2.47 2.40  65.8 -0.414    19.46 21.32 02a59337o0220c 0x800000 -2.000000
59337.338600 19.950541 NaN    11     9 c    0   1.05 160.25912 -27.07873   776.16  3461.79 2.41 2.35  83.6 -0.407    19.44 21.29 02a59337o0243c 0x800000  1.222222
59349.287624 20.207197 NaN    -3    10 c    0   1.22 160.25912 -27.07873  2749.07  6093.33 2.73 2.61  74.6 -0.377    19.43 21.28 02a59349o0098c 0x000000 -0.300000
59349.293154 20.103715 NaN   -10    11 c    0   1.19 160.25912 -27.07873  2728.84  6054.35 2.82 2.71  58.4 -0.382    19.39 21.28 02a59349o0110c 0x000000 -0.909091
59349.300513 19.922338 NaN    -3    13 c    0   0.70 160.25912 -27.07873  2789.09  6134.86 2.53 2.43  60.3 -0.388    19.51 21.28 02a59349o0126c 0x000000 -0.230769
59349.303722 20.009244 NaN   -14    12 c    0   1.15 160.25912 -27.07873  2810.25  6019.20 2.60 2.49  82.7 -0.390    19.44 21.27 02a59349o0133c 0x000000 -1.166667
59367.265158 20.207197 NaN   -13    10 c    0   1.22 160.25912 -27.07873  9311.91   765.60 2.57 2.43  -9.1 -0.348    19.66 21.14 01a59367o0067c 0x000000 -1.300000
59367.268403 20.039830 NaN     2    11 c    0   0.78 160.25912 -27.07873  9331.89   805.83 2.46 2.37 -21.8 -0.363    19.67 21.15 01a59367o0074c 0x000000  0.181818
59367.273942 20.207197 NaN    -9    10 c    0   0.81 160.25912 -27.07873  9270.70   727.30 2.43 2.34  -9.8 -0.368    19.67 21.14 01a59367o0086c 0x000000 -0.900000
59367.285006 20.207197 NaN    -6    10 c    0   1.23 160.25912 -27.07873  9249.37   845.40 2.43 2.36 -57.2 -0.366    19.63 21.08 01a59367o0110c 0x000000 -0.600000
59371.252918 20.009244 NaN   -17    12 c    0   1.02 160.25912 -27.07873  3913.47  4662.17 2.40 2.29 -80.1 -0.368    19.42 20.67 01a59371o0036c 0x000000 -1.416667
59371.257073 20.321591 NaN    -3     9 c    0   1.47 160.25912 -27.07873  3933.65  4699.81 2.36 2.30 -63.8 -0.368    19.56 20.96 01a59371o0045c 0x000000 -0.333333
59371.263541 20.207197 NaN    -6    10 c    0   0.89 160.25912 -27.07873  3874.85  4623.70 2.42 2.27 -83.7 -0.373    19.61 21.11 01a59371o0059c 0x000000 -0.600000
59371.275520 20.449472 NaN   -11     8 c    0   1.34 160.25912 -27.07873  3856.13  4738.22 2.34 2.23 -81.9 -0.379    19.68 21.23 01a59371o0085c 0x000000 -1.375000
59525.624507 19.841877 NaN   -11    14 c    0   1.24 160.25912 -27.07873  1110.17   678.63 2.90 2.59 -66.3 -0.396    19.15 20.67 02a59525o0399c 0x000000 -0.785714
59525.635969 20.103715 NaN    -1    11 c    0   1.22 160.25912 -27.07873  1131.89   715.43 2.52 2.28 -72.4 -0.422    19.28 20.72 02a59525o0424c 0x000000 -0.090909
59525.645144 19.454622 NaN     6    18 c    0   1.03 160.25912 -27.07873  1071.61   636.24 2.73 2.47 -70.7 -0.409    18.92 20.12 02a59525o0444c 0x000000  0.333333
59529.625056 19.922338 NaN   -10    13 c    0   1.21 160.25912 -27.07873  1104.81   679.55 2.48 2.30 -69.4 -0.425    19.31 20.80 02a59529o0957c 0x000000 -0.769231
59529.636070 19.841877 NaN    -8    14 c    0   0.77 160.25912 -27.07873  1124.67   716.23 2.78 2.46 -61.3 -0.417    19.27 20.79 02a59529o0981c 0x000000 -0.571429
59529.646609 19.766969 NaN   -28    15 c    0   1.19 160.25912 -27.07873  1065.57   637.33 2.52 2.26 -63.0 -0.427    19.05 20.15 02a59529o1004c 0x000000 -1.866667
59529.653024 18.944322 NaN   -42    32 c    0   1.31 160.25912 -27.07873  1045.95   754.54 2.45 2.26 -68.7 -0.433    18.03 18.71 02a59529o1018c 0x100002 -1.312500