         MJD         m       dm  uJy  duJy F  err  chi/N        RA       Dec        x        y  maj  min   phi  apfit  mag5sig   Sky            Obs     Mask  __tmp_SN
57747.617896 19.063754      NaN   32    18 c    0   1.00 160.25537 -27.08011  3717.57  5837.35 3.96 3.85  54.9 -0.376    19.59 21.58 02a57747o0863c 0x000000  1.777778
57747.626599 19.510313      NaN    9    16 c    0   0.99 160.25537 -27.08011  3703.22  5797.84 3.80 3.68  57.7 -0.385    19.63 21.57 02a57747o0880c 0x000000  0.562500
57747.638110 19.696897      NaN  -21    16 c    0   1.18 160.25537 -27.08011  3754.84  5875.73 3.90 3.80  38.1 -0.381    19.58 21.55 02a57747o0903c 0x000000 -1.312500
57747.651580 19.256669      NaN   18    18 c    0   1.03 160.25537 -27.08011  3773.92  5759.04 4.52 3.88   3.7 -0.366    19.46 21.52 02a57747o0930c 0x000000  1.000000
57751.604071 19.674510      NaN    1    16 c    0   0.92 160.25537 -27.08011  7112.40  4798.09 3.87 3.62  83.3 -0.389    19.72 21.78 02a57751o0354c 0x000000  0.062500
57751.617616 19.652575      NaN    5    15 c    0   1.16 160.25537 -27.08011  7079.77  4761.56 3.84 3.60  83.6 -0.391    19.67 21.69 02a57751o0381c 0x000000  0.333333
57751.631659 19.384550      NaN   19    15 c    0   1.12 160.25537 -27.08011  7149.84  4841.24 3.85 3.60  85.0 -0.391    19.66 21.66 02a57751o0409c 0x000000  1.266667
57751.644682 19.436675      NaN   16    15 c    0   1.39 160.25537 -27.08011  7167.04  4724.53 3.89 3.67  86.6 -0.391    19.64 21.65 02a57751o0435c 0x000000  1.066667
57751.659753 19.674510      NaN    1    16 c    0   1.31 160.25537 -27.08011  7133.08  4783.76 3.87 3.65 -89.1 -0.393    19.52 21.42 02a57751o0465c 0x000000  0.062500
57755.593796 19.696897      NaN    6    14 c    0   1.46 160.25537 -27.08011  5899.67  7138.14 3.60 3.48  79.2 -0.430    19.76 21.75 02a57755o0768c 0x000000  0.428571
57755.607113 19.696897      NaN  -15    16 c    0   1.29 160.25537 -27.08011  5884.29  7101.83 3.62 3.50  84.8 -0.430    19.73 21.73 02a57755o0794c 0x000000 -0.937500
57755.621811 19.674510      NaN    1    16 c    0   1.07 160.25537 -27.08011  5954.23  7181.76 3.59 3.47  85.4 -0.432    19.72 21.69 02a57755o0822c 0x000000  0.062500
57755.640457 19.696897      NaN   -3    16 c    0   1.08 160.25537 -27.08011  5973.12  7063.39 3.61 3.51  82.9 -0.428    19.70 21.67 02a57755o0858c 0x000000 -0.187500
57755.649627 19.318728      NaN   14    18 c    0   0.75 160.25537 -27.08011  5938.87  7122.88 3.75 3.60  83.8 -0.414    19.64 21.60 02a57755o0876c 0x000000  0.777778
57779.531997 19.696897      NaN  -17    16 c    0   1.00 160.25537 -27.08011  5382.10  7482.59 3.70 3.67  56.1 -0.433    19.73 21.81 02a57779o0611c 0x000000 -1.062500
57779.548044 19.472870      NaN   14    15 c    0   1.32 160.25537 -27.08011  5366.46  7444.04 3.80 3.70  69.4 -0.416    19.71 21.77 02a57779o0642c 0x000000  0.933333
57779.564140 19.631075      NaN    0    17 c    0   1.00 160.25537 -27.08011  5420.74  7521.17 3.65 3.63  63.9 -0.435    19.71 21.74 02a57779o0673c 0x000000  0.000000
57779.579679 19.472870      NaN    5    18 c    0   1.02 160.25537 -27.08011  5439.23  7403.61 3.93 3.84  38.7 -0.409    19.68 21.78 02a57779o0703c 0x000000  0.277778
57779.595084 19.026525      NaN   38    17 c    0   1.01 160.25537 -27.08011  5406.66  7461.71 3.88 3.80  23.1 -0.412    19.66 21.75 02a57779o0733c 0x000000  2.235294
57783.527260 19.063754      NaN   38    16 c    0   1.09 160.25537 -27.08011  4456.13  5657.06 3.87 3.76 -83.9 -0.381    19.69 21.81 02a57783o0594c 0x000000  2.375000
57783.543369 19.226921      NaN   26    16 c    0   1.15 160.25537 -27.08011  4439.93  5617.90 3.86 3.75 -81.0 -0.380    19.69 21.79 02a57783o0625c 0x000000  1.625000
57783.559600 19.454622      NaN   12    16 c    0   1.29 160.25537 -27.08011  4494.78  5694.87 4.08 3.95 -74.6 -0.364    19.63 21.83 02a57783o0656c 0x000000  0.750000
57783.575718 19.589310      NaN    5    16 c    0   1.15 160.25537 -27.08011  4514.72  5577.20 3.85 3.73 -76.5 -0.381    19.71 21.85 02a57783o0687c 0x000000  0.312500
57783.591797 19.696897      NaN   -5    16 c    0   1.09 160.25537 -27.08011  4483.18  5634.94 3.98 3.88 -78.4 -0.374    19.66 21.85 02a57783o0718c 0x000000 -0.312500
57787.502251 19.766969 0.337785   45    14 c    0   1.50 160.25537 -27.08011  3636.12  4448.60 3.88 3.77  72.7 -0.376    19.76 21.91 02a57787o0554c 0x400110  3.214286
57787.512155 19.142275      NaN   32    16 c    0   1.18 160.25537 -27.08011  3620.53  4409.71 3.88 3.77  71.3 -0.378    19.76 21.91 02a57787o0574c 0x000000  2.000000
57787.526990 19.510313      NaN   15    14 c    0   1.45 160.25537 -27.08011  3673.47  4489.15 3.94 3.80  75.2 -0.373    19.74 21.90 02a57787o0602c 0x000000  1.071429
57787.538664 19.334813      NaN   19    16 c    0   1.12 160.25537 -27.08011  3692.04  4373.65 3.75 3.63  80.4 -0.383    19.77 21.84 02a57787o0626c 0x000000  1.187500
57787.555365 19.652575      NaN    5    15 c    0   1.01 160.25537 -27.08011  3658.71  4433.90 3.83 3.70  81.6 -0.379    19.76 21.88 02a57787o0659c 0x000000  0.333333
57803.513764 19.401649      NaN  -22    21 c    0   0.90 160.25537 -27.08011  6464.78  5877.49 3.73 3.51  85.8 -0.401    19.33 20.97 02a57803o0573c 0x000000 -1.047619
57803.525435 19.401649      NaN  -14    21 c    0   1.05 160.25537 -27.08011  6450.15  5837.58 3.73 3.52  86.0 -0.397    19.30 20.92 02a57803o0596c 0x000000 -0.666667
57803.549325 19.183773      NaN    8    23 c    0   0.99 160.25537 -27.08011  6522.70  5796.77 3.75 3.60  84.0 -0.394    19.18 20.75 02a57803o0643c 0x000000  0.347826
57803.561013 19.351140      NaN  -14    22 c    0   1.04 160.25537 -27.08011  6489.64  5852.59 3.67 3.48  89.3 -0.404    19.16 20.68 02a57803o0666c 0x000000 -0.636364
57807.497762 19.696897      NaN   -5    16 c    0   1.21 160.25537 -27.08011  3735.69  7568.85 4.11 3.97  55.8 -0.378    19.59 21.73 02a57807o0522c 0x000000 -0.312500
57807.513012 19.183773      NaN   26    17 c    0   1.06 160.25537 -27.08011  3704.51  7530.01 3.94 3.86  65.0 -0.375    19.63 21.72 02a57807o0551c 0x000000  1.529412
57807.528616 19.436675      NaN   10    17 c    0   1.10 160.25537 -27.08011  3777.82  7606.32 3.88 3.77  80.0 -0.389    19.64 21.72 02a57807o0581c 0x000000  0.588235
57807.543715 19.155932      NaN   28    17 c    0   1.01 160.25537 -27.08011  3797.09  7486.94 3.72 3.67  86.5 -0.399    19.64 21.66 02a57807o0610c 0x000000  1.647059
57807.558757 19.529530      NaN    5    17 c    0   0.80 160.25537 -27.08011  3763.84  7542.18 3.77 3.66  82.0 -0.401    19.58 21.59 02a57807o0639c 0x000000  0.294118
57835.432723 19.115465      NaN   22    20 c    0   1.25 160.25537 -27.08011  4790.30  6880.87 3.72 3.60  66.2 -0.420    18.98 20.92 02a57835o0329c 0x000000  1.100000
57835.448972 19.510313      NaN  -44    19 c    0   1.33 160.25537 -27.08011  4775.96  6839.82 3.67 3.58  64.8 -0.417    18.95 20.83 02a57835o0360c 0x000000 -2.315789
57835.464835 19.334813      NaN    4    21 c    0   1.06 160.25537 -27.08011  4831.00  6914.98 3.70 3.59  69.0 -0.412    18.91 20.77 02a57835o0390c 0x000000  0.190476
57835.480662 19.401649      NaN  -11    21 c    0   1.22 160.25537 -27.08011  4850.26  6796.89 3.75 3.65  73.5 -0.406    18.84 20.67 02a57835o0420c 0x000000 -0.523810
57839.418472 19.169763      NaN  -24    26 c    0   1.22 160.25537 -27.08011  4918.48  6413.81 3.89 3.74  17.1 -0.397    18.52 20.25 02a57839o0380c 0x000000 -0.923077
57839.449789 19.384550      NaN    7    19 c    0   1.29 160.25537 -27.08011  4956.01  6448.61 3.91 3.79  68.1 -0.390    18.82 20.63 02a57839o0439c 0x000000  0.368421
57839.481115 19.302877      NaN   -8    23 c    0   0.91 160.25537 -27.08011  4944.16  6387.10 3.63 3.55  71.3 -0.419    18.80 20.53 02a57839o0498c 0x000000 -0.347826
57843.409565 19.454622      NaN   -8    20 c    0   1.11 160.25537 -27.08011  5842.71  7905.25 3.71 3.63  25.8 -0.429    18.91 20.77 02a57843o0340c 0x000000 -0.400000
57843.425226 19.169763      NaN    6    24 c    0   0.73 160.25537 -27.08011  5827.64  7865.00 3.80 3.73  59.6 -0.414    18.87 20.74 02a57843o0370c 0x000000  0.250000
57843.440893 19.014394      NaN   27    21 c    0   1.75 160.25537 -27.08011  5899.74  7940.83 3.89 3.80  67.3 -0.413    18.81 20.66 02a57843o0400c 0x000000  1.285714
57843.472239 19.128787      NaN   -4    27 c    0   0.79 160.25537 -27.08011  5869.06  7879.38 4.15 4.03  76.7 -0.388    18.63 20.44 02a57843o0460c 0x000000 -0.148148
57847.429650 18.675237 0.300122  123    34 c    0   1.40 160.25537 -27.08011  5697.38  6542.19 3.75 3.65  73.7 -0.412    18.26 19.42 02a57847o0390c 0x900002  3.617647
57847.445276 18.623526      NaN  -34    43 c    0   0.83 160.25537 -27.08011  5716.72  6425.47 3.83 3.73  86.1 -0.394    18.23 19.42 02a57847o0420c 0x900002 -0.790698
57847.460962 18.349730      NaN   58    36 c    0   1.11 160.25537 -27.08011  5683.84  6480.35 3.77 3.68  85.1 -0.409    18.22 19.43 02a57847o0450c 0x900002  1.611111
57863.380654 19.454622      NaN   -5    20 c    0   1.17 160.25537 -27.08011  4001.37  7652.33 3.74 3.61  53.7 -0.405    18.71 20.32 02a57863o0279c 0x000000 -0.250000
57863.392747 19.351140      NaN  -12    22 c    0   1.02 160.25537 -27.08011  3986.47  7612.03 3.67 3.55  51.9 -0.414    18.69 20.26 02a57863o0302c 0x000000 -0.545455
57863.404796 19.401649      NaN  -39    21 c    0   0.99 160.25537 -27.08011  4057.55  7688.45 3.67 3.55  53.7 -0.414    18.66 20.24 02a57863o0325c 0x000000 -1.857143
57863.416846 19.038793      NaN   22    22 c    0   0.95 160.25537 -27.08011  4076.69  7571.18 3.71 3.58  58.0 -0.407    18.63 20.22 02a57863o0348c 0x000000  1.000000
57863.428930 19.510313      NaN  -18    19 c    0   1.29 160.25537 -27.08011  4042.83  7627.99 3.79 3.65  72.4 -0.400    18.56 20.17 02a57863o0371c 0x000000 -0.947368
57867.370879 15.921372      NaN -480   518 c    0   1.31 160.25537 -27.08011  7125.98  6284.24 2.76 2.51  36.5 -0.526    17.27 18.30 02a57867o0290c 0x900002 -0.926641
57867.383505 16.307430      NaN -120   363 c    0   1.07 160.25537 -27.08011  7110.80  6243.56 2.96 2.83  31.8 -0.503    16.87 17.97 02a57867o0314c 0x900002 -0.330579
57867.396615 14.536532      NaN  620  1648 c    0   0.94 160.25537 -27.08011  7182.05  6319.33 2.87 2.66  35.5 -0.485    13.93 14.94 02a57867o0339c 0x900002  0.376214
57867.409171 16.425264      NaN    8   323 c    0   0.88 160.25537 -27.08011  7200.95  6202.03 3.12 2.93  55.8 -0.509    15.82 16.97 02a57867o0363c 0x900002  0.024768
57871.357263 20.207197      NaN   -7    10 c    0   1.16 160.25537 -27.08011  6994.35  6535.80 2.71 2.61 -85.1 -0.437    19.42 20.68 02a57871o0102c 0x000000 -0.700000
57871.373043 20.137125      NaN    2    10 c    0   1.63 160.25537 -27.08011  7047.23  6613.48 2.70 2.62 -75.2 -0.437    19.39 20.64 02a57871o0132c 0x000000  0.200000
57871.388799 19.868040      NaN   11    10 c    0   1.57 160.25537 -27.08011  7065.23  6495.74 2.82 2.69 -85.3 -0.438    19.36 20.68 02a57871o0162c 0x000000  1.100000
57871.404580 19.841877      NaN    6    12 c    0   0.96 160.25537 -27.08011  7033.56  6554.14 2.86 2.74 -76.3 -0.439    19.27 20.57 02a57871o0192c 0x000000  0.500000
57895.284362 19.841877      NaN   -3    14 c    0   0.81 160.25537 -27.08011  4326.89  7568.15 3.18 2.98  18.9 -0.469    19.41 21.44 02a57895o0095c 0x000000 -0.214286
57895.300769 19.922338      NaN   -4    13 c    0   1.39 160.25537 -27.08011  4295.25  7528.24 2.73 2.61   7.0 -0.488    19.39 21.26 02a57895o0126c 0x000000 -0.307692
57895.316085 19.868040      NaN    2    13 c    0   1.11 160.25537 -27.08011  4367.96  7604.41 3.02 2.92 -15.4 -0.480    19.31 21.28 02a57895o0155c 0x000000  0.153846
57895.332396 19.743105      NaN    4    14 c    0   1.04 160.25537 -27.08011  4388.26  7485.34 3.05 2.90   2.4 -0.465    19.33 21.27 02a57895o0186c 0x000000  0.285714
57895.349252 19.569016      NaN   -2    18 c    0   0.91 160.25537 -27.08011  4354.34  7540.54 3.17 3.02  -1.2 -0.462    19.18 21.08 02a57895o0218c 0x000000 -0.111111
57899.275103 19.979496      NaN    1    12 c    0   1.20 160.25537 -27.08011  4178.48  6367.33 2.65 2.47  35.8 -0.495    19.44 20.95 02a57899o0089c 0x000000  0.083333
57899.290519 19.696897      NaN   12    12 c    0   0.90 160.25537 -27.08011  4161.26  6327.30 2.55 2.42  25.1 -0.497    19.52 21.11 02a57899o0118c 0x000000  1.000000
57899.305846 20.009244      NaN   -4    12 c    0   1.01 160.25537 -27.08011  4215.93  6403.77 2.48 2.43  42.9 -0.493    19.54 21.23 02a57899o0147c 0x000000 -0.333333
57899.321696 20.103715      NaN  -17    11 c    0   1.07 160.25537 -27.08011  4237.30  6284.28 2.57 2.55  60.7 -0.484    19.49 21.23 02a57899o0177c 0x000000 -1.545455
57899.338026 19.766969      NaN    9    12 c    0   1.07 160.25537 -27.08011  4203.43  6339.83 2.56 2.52 -55.5 -0.488    19.42 21.16 02a57899o0208c 0x000000  0.750000
57903.267757 19.841877      NaN   -4    14 c    0   0.63 160.25537 -27.08011  5895.92  5286.36 2.60 2.55 -79.0 -0.446    19.44 20.73 02a57903o0063c 0x000000 -0.285714
57903.280064 19.894850      NaN    4    12 c    0   1.28 160.25537 -27.08011  5879.88  5246.94 2.64 2.58 -73.2 -0.445    19.38 20.70 02a57903o0087c 0x000000  0.333333
57903.295448 19.401649      NaN   18    15 c    0   0.83 160.25537 -27.08011  5933.06  5322.80 2.70 2.62 -68.8 -0.452    19.34 20.63 02a57903o0117c 0x000000  1.200000
57903.311400 19.868040      NaN    5    12 c    0   1.31 160.25537 -27.08011  5950.40  5204.80 2.69 2.59 -75.9 -0.462    19.29 20.59 02a57903o0148c 0x000000  0.416667
57903.326217 19.631075      NaN  -14    17 c    0   0.91 160.25537 -27.08011  5917.16  5262.41 2.75 2.60 -56.7 -0.456    19.21 20.47 02a57903o0177c 0x000000 -0.823529
58081.580987 19.696897      NaN  -11    16 c    0   1.07 160.25537 -27.08011  5733.50  9533.69 2.94 2.59  19.1 -0.467    19.36 21.11 02a58081o0676c 0x000000 -0.687500
58081.587904 19.841877      NaN  -12    14 c    0   1.25 160.25537 -27.08011  5750.12  9573.89 2.94 2.67  20.1 -0.455    19.40 21.14 02a58081o0691c 0x000000 -0.857143
58081.599050 19.674510      NaN    4    15 c    0   1.45 160.25537 -27.08011  5678.97  9477.36 3.18 2.85  21.8 -0.434    19.31 21.16 02a58081o0715c 0x000000  0.266667
58081.600459 19.766969      NaN   -4    15 c    0   1.05 160.25537 -27.08011  5662.51  9596.07 3.04 2.66  23.3 -0.449    19.42 21.17 02a58081o0718c 0x000000 -0.266667
58109.538821 19.226921      NaN   23    17 c    0   1.97 160.25537 -27.08011  2912.46  8773.21 4.96 4.45  57.0 -0.381    19.13 21.92 02a58109o0381c 0x000000  1.352941
58109.545741 19.128787      NaN   30    17 c    0   1.81 160.25537 -27.08011  2928.16  8812.69 4.92 4.47  42.7 -0.378    19.20 21.94 02a58109o0396c 0x000000  1.764706
58109.552672 19.367717      NaN   17    16 c    0   2.18 160.25537 -27.08011  2874.26  8735.87 4.82 4.45  36.2 -0.400    19.00 21.95 02a58109o0411c 0x000000  1.062500
58109.559602 19.051202      NaN   30    19 c    0   1.72 160.25537 -27.08011  2853.88  8853.77 4.76 4.26  62.1 -0.454    19.27 21.97 02a58109o0426c 0x000000  1.578947
58161.503725 20.009244      NaN   12     8 c    0   1.30 160.25537 -27.08011  4843.07  2008.35 2.78 2.53  50.9 -0.409    19.79 21.84 02a58161o0641c 0x000000  1.500000
58161.509700 19.894850      NaN   10    10 c    0   0.94 160.25537 -27.08011  4825.94  1969.17 2.87 2.61  56.1 -0.401    19.74 21.83 02a58161o0654c 0x000000  1.000000
58161.517015 19.979496      NaN    7    10 c    0   1.05 160.25537 -27.08011  4878.13  2049.60 2.91 2.64  56.3 -0.399    19.71 21.85 02a58161o0670c 0x000000  0.700000
58161.530702 20.137125      NaN    5     9 c    0   1.05 160.25537 -27.08011  4898.40  1931.45 2.85 2.59  51.2 -0.400    19.74 21.84 02a58161o0700c 0x000000  0.555556
58193.400077 20.321591      NaN   -5     9 c    0   1.48 160.25537 -27.08011  7978.60  2696.92 2.50 2.35  70.0 -0.433    19.75 21.57 02a58193o0367c 0x000000 -0.555556
58193.409227 20.321591      NaN  -10     9 c    0   1.64 160.25537 -27.08011  7945.13  2657.96 2.57 2.42  70.5 -0.441    19.74 21.56 02a58193o0387c 0x000000 -1.111111
58193.410598 20.171596      NaN    1    10 c    0   0.92 160.25537 -27.08011  8013.69  2735.82 2.47 2.36  69.8 -0.433    19.76 21.55 02a58193o0390c 0x000000  0.100000
58193.423286 20.321591      NaN  -13     9 c    0   1.45 160.25537 -27.08011  8032.84  2617.16 2.60 2.50  59.9 -0.434    19.75 21.54 02a58193o0417c 0x000000 -1.444444
58221.353734 20.171596      NaN    1    10 c    0   0.87 160.25537 -27.08011  1692.58  9094.32 2.52 2.26   6.2 -0.443    19.68 21.52 02a58221o0276c 0x000000  0.100000
58221.362709 20.321591      NaN   -1     9 c    0   1.87 160.25537 -27.08011  1676.80  9053.83 2.53 2.35   8.0 -0.449    19.69 21.55 02a58221o0295c 0x000000 -0.111111
58221.371479 20.207197      NaN   -1    10 c    0   1.06 160.25537 -27.08011  1748.43  9131.22 2.56 2.35  13.5 -0.457    19.65 21.56 02a58221o0314c 0x000000 -0.100000
58221.380232 19.674510      NaN   16    11 c    0   1.26 160.25537 -27.08011  1768.76  9015.26 2.53 2.38   4.1 -0.450    19.67 21.51 02a58221o0333c 0x400110  1.454545
58225.343155 18.978793      NaN -120    31 c    0   0.90 160.25537 -27.08011  5512.19  2673.34 2.74 2.59 -86.6 -0.395    18.22 19.90 02a58225o0258c 0x100002 -3.870968
58225.350942 19.419021      NaN    2    20 c    0   1.02 160.25537 -27.08011  5495.78  2635.97 2.78 2.62 -82.1 -0.394    18.76 20.49 02a58225o0275c 0x002000  0.100000
58225.358732 19.212347      NaN    3    24 c    0   1.19 160.25537 -27.08011  5565.52  2713.63 2.75 2.62  88.9 -0.394    18.59 20.28 02a58225o0292c 0x002000  0.125000
58225.366555 18.649074      NaN   -7    42 c    0   1.02 160.25537 -27.08011  5585.25  2596.49 2.78 2.61 -81.2 -0.391    18.18 19.92 02a58225o0309c 0x100002 -0.166667
58250.303509 20.009244      NaN  -18    12 c    0   1.16 160.25537 -27.08011  4585.75  1481.12 2.80 2.62  77.2 -0.384    19.25 20.95 02a58250o0133c 0x000000 -1.500000
58250.311407 19.384550      NaN    7    19 c    0   1.30 160.25537 -27.08011  4570.10  1442.85 2.89 2.73  81.6 -0.386    19.16 20.87 02a58250o0150c 0x000000  0.368421
58250.319247 19.696897      NaN  -17    16 c    0   1.07 160.25537 -27.08011  4640.70  1520.47 2.85 2.68  89.7 -0.380    19.18 20.85 02a58250o0167c 0x000000 -1.062500
58250.326612 19.841877      NaN   -8    14 c    0   0.92 160.25537 -27.08011  4660.16  1402.27 2.89 2.71  87.5 -0.385    19.16 20.85 02a58250o0183c 0x400110 -0.571429
58257.291764 20.009244      NaN  -10    12 c    0   1.19 160.25537 -27.08011  5209.65  1853.43 3.25 3.02  69.3 -0.385    19.35 21.18 02a58257o0126c 0x000000 -0.833333
58257.299760 19.766969      NaN  -13    15 c    0   1.44 160.25537 -27.08011  5194.02  1814.09 3.42 3.25  70.4 -0.382    19.24 21.17 02a58257o0143c 0x000000 -0.866667
58257.307165 20.009244      NaN   -5    12 c    0   1.33 160.25537 -27.08011  5246.78  1891.58 2.97 2.79  69.9 -0.393    19.41 21.14 02a58257o0159c 0x000000 -0.416667
58257.315053 19.922338      NaN  -21    13 c    0   0.97 160.25537 -27.08011  5266.42  1774.62 2.98 2.83  65.8 -0.393    19.37 21.11 02a58257o0176c 0x000000 -1.615385
58281.262885 19.302877      NaN   21    16 c    0   0.88 160.25537 -27.08011  6698.18   947.65 3.35 2.81 -64.1 -0.368    19.22 20.94 02a58281o0005c 0x000000  1.312500
58281.267559 16.195732      NaN  364   281 c    0   0.15 160.25537 -27.08011   856.35 10519.61 3.06 2.80 -73.2 -0.407    19.24 21.04 02a58281o0015c 0x100002  1.295374
58281.270817 19.384550      NaN   22    14 c    0   0.97 160.25537 -27.08011  6746.61  1026.16 3.42 3.04 -66.0 -0.369    19.28 21.16 02a58281o0022c 0x000000  1.571429
58281.278241 19.922338      NaN  -23    13 c    0   1.04 160.25537 -27.08011  6764.36   908.10 3.05 2.78 -68.2 -0.382    19.39 21.24 02a58281o0038c 0x001000 -1.769231
58285.250544 18.142010      NaN  -57    67 c    0   1.16 160.25537 -27.08011  1979.07 10183.74 3.27 2.87  81.2 -0.406    17.60 18.81 02a58285o0020c 0x100002 -0.850746
58285.253330 18.349730      NaN   40    42 c    0   0.87 160.25537 -27.08011  1961.57 10140.47 3.08 2.73  86.6 -0.399    18.16 19.37 02a58285o0026c 0x100002  0.952381
58285.255671 19.142275      NaN   11    23 c    0   1.33 160.25537 -27.08011  7843.04   543.88 3.26 2.75 -62.5 -0.385    18.64 19.93 02a58285o0031c 0x000000  0.478261
58285.257970 19.302877      NaN   12    19 c    0   1.31 160.25537 -27.08011  2013.09 10217.07 3.02 2.69  81.3 -0.396    18.72 20.07 02a58285o0036c 0x000000  0.631579
58285.261764 19.401649      NaN    9    18 c    0   0.95 160.25537 -27.08011  7824.31   504.04 3.04 2.70 -62.7 -0.392    19.12 20.59 02a58285o0044c 0x000000  0.500000
58285.264575 19.696897      NaN   -2    16 c    0   1.06 160.25537 -27.08011  2030.89 10096.78 2.93 2.63  83.6 -0.414    19.05 20.55 02a58285o0050c 0x000000 -0.125000
58285.269747 19.696897      NaN   -5    16 c    0   1.39 160.25537 -27.08011  7875.40   581.77 3.01 2.73 -65.4 -0.405    19.18 20.77 02a58285o0061c 0x000000 -0.312500
58285.277758 19.631075      NaN  -12    17 c    0   1.03 160.25537 -27.08011  7892.94   464.09 2.97 2.78 -71.2 -0.413    19.19 20.76 02a58285o0078c 0x000000 -0.705882
58485.620168 19.979496      NaN    4    11 c    0   1.47 160.25537 -27.08011  5243.96  1253.60 3.15 3.02 -88.2 -0.400    19.43 21.72 02a58485o0921c 0x000000  0.363636
58485.626572 19.868040      NaN    8    11 c    0   0.85 160.25537 -27.08011  5229.19  1212.56 3.01 2.83  57.2 -0.408    19.50 21.68 02a58485o0935c 0x000000  0.727273
58485.639431 19.674510      NaN   10    13 c    0   0.89 160.25537 -27.08011  5298.08  1292.19 3.34 3.19  57.6 -0.403    19.38 21.61 02a58485o0963c 0x000000  0.769231
58485.649501 19.609992      NaN   19    11 c    0   1.05 160.25537 -27.08011  5314.13  1177.41 2.82 2.65  89.4 -0.400    19.52 21.56 02a58485o0985c 0x000000  1.727273
58489.606826 19.652575      NaN   20    10 c    0   0.84 160.25537 -27.08011  1700.60  3150.81 2.62 2.55  80.6 -0.384    19.62 21.89 02a58489o0504c 0x000000  2.000000
58489.616507 20.321591      NaN   -5     9 c    0   1.29 160.25537 -27.08011  1685.23  3111.61 2.63 2.53  69.3 -0.389    19.62 21.86 02a58489o0525c 0x000000 -0.555556
58489.625726 20.039830      NaN    8     9 c    0   1.05 160.25537 -27.08011  1736.36  3191.12 2.71 2.58  79.0 -0.387    19.58 21.83 02a58489o0545c 0x000000  0.888889
58489.635434 20.321591      NaN    3     8 c    0   1.40 160.25537 -27.08011  1754.14  3075.85 2.72 2.61  85.1 -0.384    19.56 21.78 02a58489o0566c 0x000000  0.375000
58493.541840 20.103715      NaN  -13    11 c    0   1.06 160.25537 -27.08011 10092.67  1597.74 2.78 2.62  66.9 -0.417    19.61 21.61 02a58493o0747c 0x000000 -1.181818
58493.551778 19.696897      NaN   15    11 c    0   0.96 160.25537 -27.08011 10108.29  1632.60 2.84 2.70  71.7 -0.417    19.59 21.68 02a58493o0768c 0x000000  1.363636
58493.559028 20.103715      NaN   -7    11 c    0   0.70 160.25537 -27.08011   339.54  1575.81 2.51 2.37  50.4 -0.457    19.61 21.65 02a58493o0783c 0x000000 -0.636364
58493.566805 19.894850      NaN    4    12 c    0   0.84 160.25537 -27.08011 10050.41  1555.83 2.86 2.73  72.0 -0.410    19.57 21.74 02a58493o0800c 0x000000  0.333333
58493.568178 20.039830      NaN    5    10 c    0   1.21 160.25537 -27.08011   358.06  1611.75 2.63 2.39  42.8 -0.461    19.61 21.72 02a58493o0803c 0x000000  0.500000
58493.571838 20.103715      NaN  -27    11 c    0   0.82 160.25537 -27.08011   284.29  1534.15 2.61 2.47  41.7 -0.449    19.55 21.70 02a58493o0811c 0x000000 -2.454545
58493.574584 19.979496      NaN    7    10 c    0   0.76 160.25537 -27.08011 10026.48  1671.89 2.83 2.63 -62.7 -0.403    19.60 21.73 02a58493o0817c 0x000000  0.700000
58493.581902 20.207197      NaN   -6    10 c    0   1.06 160.25537 -27.08011   263.00  1650.53 2.67 2.46  44.7 -0.445    19.54 21.77 02a58493o0833c 0x000000 -0.600000
58573.378869 20.321591      NaN   -7     9 c    0   1.76 160.25537 -27.08011  9381.55  3165.42 2.56 2.45  67.3 -0.390    19.40 21.30 02a58573o0344c 0x000000 -0.777778
58573.386245 20.207197      NaN    0    10 c    0   2.14 160.25537 -27.08011  9363.54  3128.53 2.49 2.38 -87.7 -0.393    19.36 21.22 02a58573o0360c 0x000000  0.000000
58573.394187 20.207197      NaN   -6    10 c    0   1.44 160.25537 -27.08011  9416.02  3205.73 2.67 2.37 -60.1 -0.403    19.52 21.46 02a58573o0377c 0x000000 -0.600000
58573.401519 19.719755      NaN   14    11 c    0   1.05 160.25537 -27.08011  9434.03  3090.97 2.66 2.35 -61.4 -0.401    19.58 21.45 02a58573o0393c 0x000000  1.272727
58577.381225 20.207197      NaN   -1    10 c    0   1.38 160.25537 -27.08011  4148.57  7061.63 2.61 2.45  54.2 -0.399    19.52 21.46 02a58577o0346c 0x000000 -0.100000
58577.389542 20.137125      NaN    2    10 c    0   1.38 160.25537 -27.08011  4113.91  7022.91 2.62 2.36  53.8 -0.389    19.56 21.44 02a58577o0364c 0x000000  0.200000
58577.398325 20.207197      NaN  -24    10 c    0   1.15 160.25537 -27.08011  4184.27  7101.21 2.74 2.47  54.2 -0.385    19.49 21.46 02a58577o0383c 0x000000 -2.400000
58577.406664 19.922338      NaN    6    11 c    0   0.99 160.25537 -27.08011  4202.94  6985.56 2.55 2.42  75.2 -0.401    19.53 21.45 02a58577o0401c 0x000000  0.545455
58581.380593 20.207197      NaN   -9    10 c    0   0.87 160.25537 -27.08011  3618.89  5124.13 2.67 2.37  49.0 -0.390    19.56 21.43 02a58581o0336c 0x000000 -0.900000
58581.389332 20.103715      NaN  -15    11 c    0   0.89 160.25537 -27.08011  3602.12  5087.36 2.80 2.30  47.7 -0.382    19.53 21.38 02a58581o0355c 0x000000 -1.363636
58581.399937 20.207197      NaN   -8    10 c    0   1.01 160.25537 -27.08011  3679.56  5165.91 2.42 2.33 -81.6 -0.407    19.57 21.42 02a58581o0377c 0x000000 -0.800000
58581.409403 19.922338      NaN   -8    13 c    0   0.87 160.25537 -27.08011  3693.07  5047.75 2.89 2.33  48.9 -0.373    19.50 21.35 02a58581o0397c 0x000000 -0.615385
58605.344809 20.103715      NaN  -16    11 c    0   1.22 160.25537 -27.08011  6891.54  1255.39 2.73 2.47 -62.1 -0.400    19.44 21.47 02a58605o0227c 0x000000 -1.454545
58605.353743 20.103715      NaN   -2    11 c    0   0.96 160.25537 -27.08011  6874.14  1219.84 2.69 2.50 -69.5 -0.396    19.40 21.42 02a58605o0246c 0x000000 -0.181818
58605.362130 20.009244      NaN   -8    12 c    0   0.83 160.25537 -27.08011  6943.13  1297.52 2.70 2.50 -73.1 -0.397    19.34 21.42 02a58605o0264c 0x000000 -0.666667
58605.370995 19.841877      NaN   -3    14 c    0   0.85 160.25537 -27.08011  6962.02  1180.38 2.69 2.50 -71.9 -0.394    19.36 21.38 02a58605o0283c 0x000000 -0.214286
58609.310566 20.103715      NaN  -20    11 c    0   1.14 160.25537 -27.08011  2191.44  7045.79 2.78 2.48  49.6 -0.371    19.60 21.56 02a58609o0067c 0x000000 -1.818182
58609.317561 20.207197      NaN  -13    10 c    0   1.13 160.25537 -27.08011  2175.80  7007.30 2.62 2.46  56.1 -0.380    19.61 21.51 02a58609o0082c 0x000000 -1.300000
58609.324545 19.491430      NaN   19    13 c    0   0.69 160.25537 -27.08011  2246.08  7085.40 2.65 2.46 -69.9 -0.396    19.57 21.49 02a58609o0097c 0x000000  1.461538
58609.331501 20.103715      NaN   -6    11 c    0   1.13 160.25537 -27.08011  2264.50  6969.89 2.65 2.49 -77.9 -0.396    19.58 21.49 02a58609o0112c 0x000000 -0.545455
58633.266445 20.103715      NaN   -8    11 c    0   1.19 160.25537 -27.08011  7461.00  9995.34 3.03 2.50  50.1 -0.391    19.48 21.16 02a58633o0081c 0x000000 -0.727273
58633.269200 20.103715      NaN   -6    11 c    0   1.35 160.25537 -27.08011  7441.88  9955.55 3.03 2.53  52.3 -0.385    19.46 21.17 02a58633o0087c 0x080010 -0.545455
58633.274775 20.009244      NaN  -20    12 c    0   1.00 160.25537 -27.08011  7502.49 10033.55 3.00 2.50  52.1 -0.391    19.47 21.17 02a58633o0099c 0x000000 -1.666667
58633.284476 19.894850      NaN    7    11 c    0   1.56 160.25537 -27.08011  7523.07  9916.37 3.04 2.54  51.6 -0.389    19.46 21.19 02a58633o0120c 0x000000  0.636364
58637.280567 19.816329      NaN   16     9 c    0   1.56 160.25537 -27.08011  2890.36  8026.68 2.82 2.48  55.2 -0.373    19.52 21.26 02a58637o0103c 0x000000  1.777778
58637.298043 20.009244      NaN   -3    12 c    0   1.03 160.25537 -27.08011  2874.59  7984.83 2.56 2.50  71.5 -0.394    19.49 21.30 02a58637o0140c 0x000000 -0.250000
58637.301897 20.039830      NaN    2    11 c    0   1.13 160.25537 -27.08011  2935.07  8064.23 2.56 2.45  84.2 -0.391    19.51 21.27 02a58637o0148c 0x000000  0.181818
58637.307934 19.950541      NaN    2    12 c    0   1.08 160.25537 -27.08011  2955.52  7946.33 2.70 2.44  62.9 -0.377    19.43 21.27 02a58637o0161c 0x000000  0.166667
58789.633208 19.510313      NaN   12    15 c    0   0.91 160.25537 -27.08011  9652.10  2461.43 2.63 2.53   8.8 -0.391    19.29 20.98 02a58789o0864c 0x000000  0.800000
58789.636510 19.609992      NaN   16    12 c    0   1.36 160.25537 -27.08011  9672.06  2500.88 2.56 2.45   6.1 -0.391    19.34 20.92 02a58789o0871c 0x000000  1.333333
58789.640246 19.841877      NaN  -60    14 c    0   1.24 160.25537 -27.08011  9614.19  2421.89 2.55 2.42 -44.4 -0.402    19.27 20.70 02a58789o0879c 0x081030 -4.285714
58789.643498 19.510313      NaN   -2    19 c    0   0.71 160.25537 -27.08011  9593.31  2538.42 2.53 2.37 -52.6 -0.401    19.05 20.28 02a58789o0886c 0x000000 -0.105263
58841.539603 20.321591      NaN   -9     9 c    0   0.88 160.25537 -27.08011  7686.99  2520.63 2.49 2.40  26.4 -0.386    19.67 21.69 02a58841o0757c 0x000000 -1.000000
58841.542411 20.321591      NaN   -7     9 c    0   1.47 160.25537 -27.08011  7706.76  2559.68 2.45 2.37  44.2 -0.390    19.45 21.40 02a58841o0763c 0x000000 -0.777778
58841.548631 20.449472      NaN   -4     8 c    0   1.07 160.25537 -27.08011  7644.65  2482.39 2.55 2.41  31.6 -0.384    19.66 21.70 02a58841o0776c 0x000000 -0.500000
58841.558698 19.841877      NaN   12    10 c    0   1.03 160.25537 -27.08011  7620.47  2599.55 2.68 2.37  28.3 -0.380    19.68 21.74 02a58841o0796c 0x000000  1.200000
58845.614233 20.321591      NaN  -18     9 c    0   1.26 160.25537 -27.08011  4819.21  7946.58 2.77 2.51  38.7 -0.384    19.73 21.88 02a58845o0814c 0x000000 -2.000000
58845.617956 20.207197      NaN   -4    10 c    0   0.95 160.25537 -27.08011  4801.67  7907.61 2.81 2.56  42.4 -0.381    19.66 21.84 02a58845o0822c 0x000000 -0.400000
58845.623932 19.419021      NaN   20    14 c    0   0.98 160.25537 -27.08011  4862.91  7984.02 2.71 2.49  40.5 -0.389    19.24 21.26 02a58845o0835c 0x000000  1.428571
58869.443306 19.979496      NaN   10     9 c    0   1.22 160.25537 -27.08011  9358.40   784.18 2.72 2.31 -59.4 -0.415    19.66 21.87 02a58869o0512c 0x000000  1.111111
58869.448814 20.207197      NaN   -6    10 c    0   0.95 160.25537 -27.08011  9374.85   823.90 2.72 2.29 -58.5 -0.408    19.68 21.88 02a58869o0523c 0x000000 -0.600000
58869.457576 20.282105      NaN    4     8 c    0   1.50 160.25537 -27.08011  9313.18   745.11 2.57 2.29 -58.6 -0.414    19.72 21.90 02a58869o0541c 0x000000  0.500000
58869.460356 20.321591      NaN   -4     9 c    0   1.12 160.25537 -27.08011  9292.93   862.95 2.48 2.22 -57.0 -0.414    19.75 21.91 02a58869o0547c 0x000000 -0.444444
58873.515393 20.009244      NaN    3    11 c    0   1.20 160.25537 -27.08011  1189.49  9756.15 2.44 2.30 -32.8 -0.447    19.75 21.81 02a58873o0662c 0x000000  0.272727
58873.523276 19.719755      NaN   17    10 c    0   1.24 160.25537 -27.08011  1171.80  9719.06 2.42 2.31 -31.7 -0.443    19.73 21.81 02a58873o0679c 0x000000  1.700000
58873.525818 20.207197      NaN   -1    10 c    0   1.03 160.25537 -27.08011  9320.41   749.68 2.41 2.24 -56.5 -0.410    19.76 21.82 02a58873o0684c 0x000000 -0.100000
58873.540280 20.171596      NaN    1    10 c    0   1.51 160.25537 -27.08011  1253.94  9683.82 2.47 2.36 -37.0 -0.439    19.71 21.81 02a58873o0714c 0x000000  0.100000
58877.492944 20.207197      NaN   -9    10 c    0   0.86 160.25537 -27.08011  3927.71  4635.12 2.68 2.51  27.2 -0.390    19.70 21.90 02a58877o0611c 0x000000 -0.900000
58877.495808 20.282105      NaN    1     9 c    0   0.80 160.25537 -27.08011  3946.98  4673.67 2.54 2.40  23.4 -0.393    19.75 21.90 02a58877o0617c 0x000000  0.111111
58877.513549 20.071303      NaN    7     9 c    0   1.28 160.25537 -27.08011  6673.03  5953.18 2.68 2.54  43.0 -0.400    19.73 21.90 02a58877o0655c 0x400110  0.777778
58877.518804 20.282105      NaN    4     8 c    0   1.04 160.25537 -27.08011  3865.01  4715.10 2.78 2.35  30.4 -0.382    19.73 21.90 02a58877o0666c 0x000000  0.500000
58929.435187 20.009244 0.361912   36    12 c    0   1.29 160.25537 -27.08011  9442.01  9892.26 2.99 2.72 -58.6 -0.372    19.62 21.53 02a58929o0452c 0x080010  3.000000
58929.438409 20.103715      NaN   -1    11 c    0   1.03 160.25537 -27.08011  9420.21  9846.75 2.98 2.65 -61.7 -0.371    19.66 21.52 02a58929o0459c 0x000000 -0.090909
58929.444306 20.207197      NaN  -13    10 c    0   1.90 160.25537 -27.08011  9483.25  9931.18 3.18 2.66 -55.4 -0.373    19.60 21.54 02a58929o0471c 0x000000 -1.300000
58929.454550 19.950541      NaN    2    12 c    0   0.88 160.25537 -27.08011  9503.46  9815.24 3.03 2.68 -57.7 -0.367    19.66 21.51 02a58929o0492c 0x000000  0.166667
58937.440583 19.841877      NaN    6    12 c    0   0.78 160.25537 -27.08011   712.08  3535.03 2.60 2.35  46.1 -0.389    19.57 21.54 02a58937o0045c 0x000000  0.500000
58937.444312 20.207197      NaN    0    10 c    0   1.12 160.25537 -27.08011   691.91  3496.26 2.60 2.45  61.4 -0.389    19.55 21.51 02a58937o0053c 0x000000  0.000000
58937.450832 20.282105      NaN    1     9 c    0   1.36 160.25537 -27.08011   752.10  3573.75 2.48 2.36  83.6 -0.400    19.58 21.48 02a58937o0067c 0x000000  0.111111
58957.304278 19.766969      NaN  -18    15 c    0   0.71 160.25537 -27.08011  1673.72  4272.47 2.53 2.46  15.6 -0.395    19.24 20.97 02a58957o0147c 0x000000 -1.200000
58957.308367 19.922338      NaN   -2    13 c    0   1.31 160.25537 -27.08011  1694.44  4311.57 2.49 2.39  18.2 -0.399    19.35 21.04 02a58957o0155c 0x000000 -0.153846
58957.314344 19.436675      NaN   16    15 c    0   0.92 160.25537 -27.08011  8912.46  6315.66 2.93 2.62  42.1 -0.374    19.23 21.02 02a58957o0167c 0x000000  1.066667
58957.328289 19.569016      NaN  -27    18 c    0   1.14 160.25537 -27.08011  8931.19  6199.44 3.06 2.53  39.1 -0.365    18.97 20.74 02a58957o0194c 0x000000 -1.500000
58961.354909 20.103715      NaN  -11    11 c    0   1.05 160.25537 -27.08011  8869.64  6287.28 2.88 2.51  49.7 -0.375    19.56 21.39 02a58961o0280c 0x000000 -1.000000
58961.358114 19.979496      NaN    7    10 c    0   1.40 160.25537 -27.08011  8849.62  6254.07 2.86 2.50  47.8 -0.373    19.57 21.39 02a58961o0287c 0x000000  0.700000
58961.363726 20.103715      NaN    0    11 c    0   0.95 160.25537 -27.08011  8908.24  6328.99 3.15 2.53  41.3 -0.354    19.50 21.38 02a58961o0299c 0x000000  0.000000
58961.374301 20.103715      NaN   -1    11 c    0   1.30 160.25537 -27.08011  8929.97  6211.36 2.79 2.54  50.5 -0.376    19.55 21.32 02a58961o0322c 0x000000 -0.090909
58965.329887 19.569016      NaN   21    11 c    0   1.06 160.25537 -27.08011  8549.87  1727.43 2.53 2.34 -70.0 -0.393    19.52 21.26 02a58965o0222c 0x000000  1.909091
58965.334502 19.256669      NaN   33    13 c    0   0.99 160.25537 -27.08011  8531.46  1688.80 2.68 2.37 -61.8 -0.401    19.49 21.25 02a58965o0232c 0x000000  2.538462
58965.340056 19.569016      NaN   21    11 c    0   1.25 160.25537 -27.08011  8589.31  1770.06 2.63 2.33 -61.3 -0.397    19.54 21.24 02a58965o0244c 0x400110  1.909091
58965.351272 19.743105      NaN   10    12 c    0   0.99 160.25537 -27.08011  8610.41  1651.37 2.77 2.41 -61.0 -0.399    19.49 21.25 02a58965o0268c 0x000000  0.833333
58981.321584 20.071303      NaN    4    10 c    0   1.19 160.25537 -27.08011  2497.31  1526.53 2.67 2.34 -62.4 -0.417    19.62 21.50 02a58981o0196c 0x000000  0.400000
58981.325752 19.549093      NaN   22    11 c    0   1.02 160.25537 -27.08011  2477.46  1488.56 2.52 2.34 -77.4 -0.418    19.62 21.51 02a58981o0205c 0x000000  2.000000
58981.332231 20.207197      NaN   -2    10 c    0   1.54 160.25537 -27.08011  2536.87  1564.39 2.58 2.39 -76.9 -0.413    19.57 21.49 02a58981o0219c 0x000000 -0.200000
58981.348417 19.816329      NaN    7    12 c    0   0.85 160.25537 -27.08011  2557.29  1447.94 2.78 2.50 -63.7 -0.411    19.51 21.43 02a58981o0254c 0x000000  0.583333
58985.262985 20.321591      NaN   -4     9 c    0   1.10 160.25537 -27.08011  2501.80  1526.51 2.58 2.38  59.4 -0.409    19.53 21.37 02a58985o0067c 0x000000 -0.444444
58985.270340 20.103715      NaN  -13    11 c    0   0.99 160.25537 -27.08011  2481.68  1485.53 2.56 2.33  56.0 -0.412    19.54 21.34 02a58985o0083c 0x000000 -1.181818
58985.274937 20.207197      NaN   -7    10 c    0   1.26 160.25537 -27.08011  2540.32  1566.58 2.49 2.34  67.8 -0.416    19.59 21.33 02a58985o0093c 0x000000 -0.700000
58985.285505 20.103715      NaN    3    10 c    0   1.14 160.25537 -27.08011  2564.00  1450.49 2.49 2.35  76.0 -0.418    19.58 21.34 02a58985o0116c 0x000000  0.300000
58989.272977 20.103715      NaN   -4    11 c    0   1.32 160.25537 -27.08011   905.20  8091.89 2.77 2.71  77.5 -0.393    19.49 21.36 02a58989o0085c 0x000000 -0.363636
58989.275766 20.009244      NaN   -3    12 c    0   0.96 160.25537 -27.08011   886.07  8051.66 2.67 2.57 -82.9 -0.409    19.51 21.37 02a58989o0091c 0x000000 -0.250000
58989.282245 20.009244      NaN    6    10 c    0   1.64 160.25537 -27.08011   944.30  8133.44 2.54 2.49  85.8 -0.412    19.59 21.38 02a58989o0105c 0x000000  0.600000
58989.292422 19.589310      NaN   17    12 c    0   0.96 160.25537 -27.08011   966.40  8018.68 2.64 2.56  62.4 -0.398    19.52 21.39 02a58989o0127c 0x000000  1.416667
59016.251021 17.118376      NaN  -87   172 c    0   0.61 160.25537 -27.08011 10506.28  1592.13 2.97 2.19 -55.6 -0.424    17.83 18.59 02a59016o0020c 0x900002 -0.505814
59016.254249 18.757738      NaN  -57    38 c    0   1.58 160.25537 -27.08011 10488.07  1552.43 2.68 2.18 -53.8 -0.417    18.45 19.41 02a59016o0027c 0xd00832 -1.500000
59169.623961 19.384550      NaN   19    15 c    0   0.78 160.25537 -27.08011  1989.16  8830.57 2.57 2.45  20.5 -0.390    19.37 21.02 02a59169o0963c 0x002000  1.266667
59169.634154 19.652575      NaN    8    14 c    0   1.16 160.25537 -27.08011  2008.90  8868.29 2.53 2.45 -48.6 -0.403    19.36 20.94 02a59169o0985c 0x002000  0.571429
59169.644784 15.578032      NaN  386   582 c    0   1.53 160.25537 -27.08011  1953.46  8792.09 2.48 2.39 -46.1 -0.378    15.93 17.54 02a59169o1008c 0x100002  0.663230
59169.653030       NaN      NaN    0     0 c    0  -2.00 160.25537 -27.08011  1891.51  8865.04 3.06 2.84 -51.9 -0.333    15.20 16.64 02a59169o1026c 0x100002       NaN
59195.600290 19.652575      NaN   20    10 c    0   1.43 160.25537 -27.08011  4752.00  1959.03 3.75 2.74   2.4 -0.327    19.42 21.77 01a59195o0901c 0x000000  2.000000
59195.603056 20.071303      NaN    1    11 c    0   0.87 160.25537 -27.08011  4733.13  1920.00 3.24 2.65 -13.7 -0.361    19.54 21.76 01a59195o0907c 0x000000  0.090909
59195.609505 19.816329      NaN   10    11 c    0   0.90 160.25537 -27.08011  4791.29  1998.81 3.15 2.76  -0.9 -0.329    19.57 21.80 01a59195o0921c 0x000000  0.909091
59195.619987 19.950541      NaN    2    12 c    0   0.81 160.25537 -27.08011  4812.55  1881.95 3.44 2.89   9.1 -0.332    19.44 21.72 01a59195o0943c 0x000000  0.166667
59197.601746 20.321591      NaN   -9     9 c    0   1.03 160.25537 -27.08011  3809.73  6762.69 2.55 2.35  33.9 -0.386    19.71 21.72 02a59197o0882c 0x000000 -1.000000
59197.604490 20.321591      NaN   -3     9 c    0   1.03 160.25537 -27.08011  3829.34  6801.13 2.42 2.35  25.2 -0.396    19.75 21.71 02a59197o0888c 0x000000 -0.333333
59197.607235 20.207197      NaN    0    10 c    0   1.05 160.25537 -27.08011  3770.77  6723.99 2.54 2.33  32.2 -0.388    19.73 21.72 02a59197o0894c 0x000000  0.000000
59197.613181 20.039830      NaN    5    10 c    0   1.02 160.25537 -27.08011  3751.99  6840.95 2.49 2.37  36.6 -0.392    19.71 21.70 02a59197o0907c 0x000000  0.500000
59205.597139 20.009244      NaN   -8    12 c    0   0.93 160.25537 -27.08011  1886.77  6880.89 2.48 2.35 -54.2 -0.404    19.65 21.52 02a59205o0871c 0x000000 -0.666667
59205.598969 19.454622      NaN   27    11 c    0   1.44 160.25537 -27.08011  1904.87  6919.05 2.52 2.39 -57.5 -0.405    19.67 21.52 02a59205o0875c 0x000000  2.454545
59205.602629 20.207197      NaN   -4    10 c    0   1.50 160.25537 -27.08011  1848.93  6843.33 2.58 2.38 -57.7 -0.411    19.62 21.55 02a59205o0883c 0x000000 -0.400000
59205.610055 19.791368      NaN   14    10 c    0   1.28 160.25537 -27.08011  1826.20  6957.74 2.47 2.42 -42.2 -0.400    19.67 21.58 02a59205o0899c 0x000000  1.400000
59207.583494 19.950541      NaN    8    10 c    0   0.86 160.25537 -27.08011  9019.42  8219.32 2.90 2.67   9.0 -0.327    19.62 21.69 01a59207o0830c 0x000000  0.800000
59207.585795 19.950541      NaN    8    10 c    0   0.93 160.25537 -27.08011  9000.22  8181.57 2.75 2.70 -38.8 -0.333    19.64 21.70 01a59207o0835c 0x000000  0.800000
59207.588562 20.207197      NaN   -1    10 c    0   0.99 160.25537 -27.08011  9060.93  8258.15 2.84 2.83  -9.7 -0.329    19.63 21.70 01a59207o0841c 0x000000 -0.100000
59207.600082 20.207197      NaN   -6    10 c    0   0.88 160.25537 -27.08011  9083.09  8141.23 3.05 2.55  -4.9 -0.327    19.64 21.76 01a59207o0866c 0x000000 -0.600000
59223.537934 19.454622      NaN  -12    20 c    0   1.31 160.25537 -27.08011  9485.48  9870.93 2.74 2.67  63.3 -0.349    18.85 20.97 01a59223o0742c 0x002000 -0.600000
59223.541159 19.631075      NaN    9    14 c    0   1.75 160.25537 -27.08011  9464.11  9830.72 2.84 2.70  55.1 -0.328    18.87 20.96 01a59223o0749c 0x002000  0.642857
59223.552139 19.212347      NaN  -11    25 c    0   0.72 160.25537 -27.08011  9529.00  9908.28 2.93 2.79  65.2 -0.344    18.70 20.89 01a59223o0772c 0x400220 -0.440000
59223.561753 16.486996      NaN  155   256 c    0   1.25 160.25537 -27.08011  9548.20  9789.36 2.79 2.64  55.8 -0.431    15.53 17.70 01a59223o0792c 0x500812  0.605469
59227.514706 20.244005      NaN    2     9 c    0   0.78 160.25537 -27.08011   746.08  3550.58 2.39 2.28  61.5 -0.371    19.85 22.14 01a59227o0636c 0x000000  0.222222
59227.523867 20.244005      NaN    5     8 c    0   1.30 160.25537 -27.08011   730.31  3512.41 2.78 2.30  21.1 -0.349    19.77 22.15 01a59227o0655c 0x000000  0.625000
59227.525712 20.071303      NaN    4    10 c    0   0.76 160.25537 -27.08011   788.37  3591.62 2.33 2.16  69.6 -0.380    19.88 22.15 01a59227o0659c 0x000000  0.400000
59227.530783 20.207197      NaN    6     8 c    0   0.92 160.25537 -27.08011   808.01  3477.19 2.67 2.36  43.4 -0.362    19.77 22.15 01a59227o0670c 0x000000  0.750000
59229.529061 19.719755      NaN   17    10 c    0   0.85 160.25537 -27.08011  3109.88   560.11 2.38 2.24  65.0 -0.404    19.73 21.74 02a59229o0722c 0x000000  1.700000
59229.530892 20.321591      NaN    0     9 c    0   1.04 160.25537 -27.08011  3130.88   601.07 2.41 2.28 -74.6 -0.409    19.77 21.76 02a59229o0726c 0x000000  0.000000
59229.534553 19.950541      NaN    8    10 c    0   0.91 160.25537 -27.08011  3070.94   522.35 2.44 2.24 -69.7 -0.409    19.76 21.77 02a59229o0734c 0x000000  0.800000
59229.540443 20.071303      NaN    4    10 c    0   0.96 160.25537 -27.08011  3050.05   640.45 2.40 2.21 -69.5 -0.415    19.74 21.78 02a59229o0746c 0x000000  0.400000
59231.508049 20.009244      NaN    6    10 c    0   0.84 160.25537 -27.08011   748.90  3550.52 3.06 2.56  78.2 -0.372    19.71 22.06 01a59231o0544c 0x000000  0.600000
59231.509893 20.207197      NaN    6     8 c    0   1.41 160.25537 -27.08011   730.14  3511.74 2.81 2.48  69.5 -0.372    19.77 22.07 01a59231o0548c 0x000000  0.750000
59231.513122 20.207197      NaN   -7    10 c    0   1.00 160.25537 -27.08011   788.58  3591.30 3.11 2.71  75.5 -0.351    19.66 22.07 01a59231o0555c 0x000000 -0.700000
59231.518208 20.207197      NaN   -3    10 c    0   1.00 160.25537 -27.08011   809.42  3476.44 3.05 2.80  74.9 -0.356    19.64 22.08 01a59231o0566c 0x000000 -0.300000
59235.618917 19.674510      NaN   16    11 c    0   0.67 160.25537 -27.08011  5052.42   457.32 2.45 2.40 -17.7 -0.420    19.63 21.81 01a59235o0085c 0x000000  1.454545
59235.622144 20.137125      NaN    2    10 c    0   1.33 160.25537 -27.08011  5073.16   496.42 2.45 2.41 -29.7 -0.430    19.62 21.76 01a59235o0092c 0x000000  0.200000
59235.627696 19.652575      NaN   17    11 c    0   0.91 160.25537 -27.08011  5011.43   419.06 2.55 2.32   6.1 -0.424    19.58 21.72 01a59235o0104c 0x000000  1.545455
59235.649919 19.436675      NaN   19    14 c    0   0.61 160.25537 -27.08011  4992.12   539.53 2.41 2.36  55.9 -0.443    19.53 21.66 01a59235o0152c 0x000000  1.357143
59253.529405 20.321591      NaN   -3     9 c    0   1.00 160.25537 -27.08011  6632.42  1853.83 2.69 2.67 -74.3 -0.371    19.59 21.78 02a59253o0414c 0x000000 -0.333333
59253.532617 19.743105      NaN   16    10 c    0   0.93 160.25537 -27.08011  6614.54  1815.29 2.55 2.50  60.6 -0.378    19.65 21.77 02a59253o0421c 0x000000  1.600000
59253.539080 19.894850      NaN   10    10 c    0   1.26 160.25537 -27.08011  6672.11  1893.28 2.85 2.79  11.8 -0.377    19.58 21.77 02a59253o0435c 0x000000  1.000000
59253.549605 19.894850      NaN    7    11 c    0   1.00 160.25537 -27.08011  6692.31  1777.60 2.86 2.82 -56.7 -0.365    19.54 21.75 02a59253o0458c 0x000000  0.636364
59255.461476 19.569016      NaN   24    10 c    0   1.57 160.25537 -27.08011  8893.65  6275.22 3.12 3.01  70.4 -0.353    19.53 22.07 01a59255o0534c 0x400110  2.400000
59255.464234 19.696897      NaN   18    10 c    0   1.05 160.25537 -27.08011  8874.59  6237.61 3.03 2.86  77.4 -0.361    19.60 22.07 01a59255o0540c 0x000000  1.800000
59255.467000 19.868040      NaN    8    11 c    0   0.99 160.25537 -27.08011  8933.30  6313.27 3.04 2.87  74.8 -0.365    19.58 22.04 01a59255o0546c 0x000000  0.727273
59255.472524 19.979496      NaN    7    10 c    0   1.13 160.25537 -27.08011  8953.11  6195.63 2.95 2.84  69.4 -0.359    19.65 22.05 01a59255o0558c 0x000000  0.700000
59257.421569 19.674510      NaN   16    11 c    0   0.93 160.25537 -27.08011  3916.35  8707.27 2.48 2.39  28.9 -0.389    19.74 21.75 02a59257o0468c 0x000000  1.454545
59257.447642 19.743105      NaN   16    10 c    0   1.10 160.25537 -27.08011  3941.55  8745.38 2.52 2.49  34.7 -0.388    19.73 21.83 02a59257o0524c 0x000000  1.600000
59257.450854 19.894850      NaN    7    11 c    0   0.80 160.25537 -27.08011  3881.58  8668.82 2.47 2.46 -69.1 -0.391    19.78 21.84 02a59257o0531c 0x000000  0.636364
59257.454980 20.207197      NaN   -1    10 c    0   0.99 160.25537 -27.08011  3863.61  8783.95 2.44 2.41  65.6 -0.391    19.77 21.85 02a59257o0540c 0x000000 -0.100000
59259.491034 20.071303      NaN    7     9 c    0   1.11 160.25537 -27.08011  2027.31  8874.90 2.33 2.05 -72.2 -0.382    19.85 22.01 01a59259o0432c 0x000000  0.777778
59259.525945 19.894850      NaN   10    10 c    0   0.98 160.25537 -27.08011  2055.33  8908.26 2.93 2.65 -69.8 -0.354    19.61 21.89 01a59259o0507c 0x400110  1.000000
59259.529170 20.449472      NaN  -20     8 c    0   1.59 160.25537 -27.08011  1997.29  8831.59 2.66 2.37 -65.2 -0.377    19.67 21.87 01a59259o0514c 0x001000 -2.500000
59259.535617 19.719755      NaN   17    10 c    0   0.98 160.25537 -27.08011  1978.94  8946.54 2.49 2.25 -57.3 -0.374    19.74 21.82 01a59259o0528c 0x000000  1.700000
59261.485117 19.979496      NaN    7    10 c    0   1.00 160.25537 -27.08011   797.20  6148.25 2.50 2.34  43.7 -0.402    19.67 21.66 02a59261o0598c 0x000000  0.700000
59261.488783 19.841877      NaN   15     9 c    0   0.98 160.25537 -27.08011   778.89  6112.57 2.48 2.38  38.9 -0.404    19.66 21.67 02a59261o0606c 0x000000  1.666667
59261.494324 20.103715      NaN   -1    11 c    0   1.03 160.25537 -27.08011   838.24  6190.77 2.45 2.32  44.8 -0.411    19.69 21.66 02a59261o0618c 0x000000 -0.090909
59261.524405 19.609992      NaN   22    10 c    0   1.00 160.25537 -27.08011   860.97  6074.77 2.56 2.39  45.1 -0.458    19.59 21.59 02a59261o0683c 0x000000  2.200000
59263.522163 18.702047      NaN   36    28 c    0   1.51 160.25537 -27.08011  2052.68  8904.53 2.56 2.31 -60.4 -0.356    18.39 20.46 01a59263o0545c 0x002000  1.285714
59263.553950 16.686597      NaN  294   158 c    0   0.99 160.25537 -27.08011  1985.00  8942.76 2.74 2.48 -61.1 -0.364    16.28 18.39 01a59263o0613c 0x100002  1.860759
59265.524200 19.631075      NaN   18    11 c    0   1.33 160.25537 -27.08011   799.41  6151.18 3.05 2.77  42.4 -0.365    19.44 21.58 02a59265o0377c 0x002000  1.636364
59265.527419 18.776955      NaN   46    22 c    0   1.33 160.25537 -27.08011   780.89  6110.06 3.55 3.42  52.2 -0.396    18.46 20.71 02a59265o0384c 0x002000  2.090909
59265.543950 18.878500      NaN    9    31 c    0   0.89 160.25537 -27.08011   862.67  6074.23 3.18 2.95  43.1 -0.364    18.44 20.51 02a59265o0420c 0x100002  0.290323
59307.363893 19.791368      NaN   11    11 c    0   0.67 160.25537 -27.08011 10011.11  8953.67 2.63 2.37  80.7 -0.354    19.83 21.50 01a59307o0296c 0x000000  1.000000
59307.364354 19.491430      NaN   22    12 c    0   1.10 160.25537 -27.08011   102.30  9038.94 2.55 2.19 -74.7 -0.414    19.80 21.50 01a59307o0297c 0x000000  1.833333
59307.368055 20.207197      NaN  -16    10 c    0   0.96 160.25537 -27.08011 10029.02  8993.54 2.58 2.32  83.1 -0.357    19.87 21.50 01a59307o0305c 0x000000 -1.600000
59307.369899 20.103715      NaN   -6    11 c    0   0.82 160.25537 -27.08011   121.32  9076.83 2.59 2.23 -74.5 -0.409    19.78 21.50 01a59307o0309c 0x000000 -0.545455
59307.374976 20.321591      NaN  -12     9 c    0   1.19 160.25537 -27.08011  9971.27  8913.50 2.72 2.47  79.6 -0.351    19.78 21.45 01a59307o0320c 0x000000 -1.333333
59307.376356 19.529530      NaN    8    16 c    0   0.70 160.25537 -27.08011    64.17  8999.93 2.51 2.21 -74.1 -0.407    19.81 21.47 01a59307o0323c 0x000000  0.500000
59307.390496 19.569016      NaN   21    11 c    0   0.63 160.25537 -27.08011  9950.34  9029.94 2.77 2.60  67.3 -0.332    19.75 21.49 01a59307o0352c 0x000000  1.909091
59307.391879 20.207197      NaN  -32    10 c    0   1.12 160.25537 -27.08011    45.15  9117.67 2.51 2.19 -67.8 -0.407    19.80 21.51 01a59307o0355c 0x001000 -3.200000
59311.340219 20.321591      NaN   -8     9 c    0   1.30 160.25537 -27.08011 10009.22  8956.96 2.69 2.40  78.6 -0.349    19.71 21.56 01a59311o0266c 0x000000 -0.888889
59311.343444 19.569016      NaN   18    12 c    0   0.81 160.25537 -27.08011 10029.31  8995.64 2.58 2.33  81.7 -0.352    19.59 21.40 01a59311o0273c 0x000000  1.500000
59311.349466 19.922338      NaN    6    11 c    0   1.06 160.25537 -27.08011  9971.00  8914.79 2.77 2.45  81.6 -0.345    19.67 21.57 01a59311o0286c 0x080010  0.545455
59311.351768 20.009244      NaN   -3    12 c    0   1.09 160.25537 -27.08011   102.62  9038.18 2.42 2.12 -70.7 -0.404    19.75 21.62 01a59311o0291c 0x000000 -0.250000
59311.384042 20.103715      NaN   -8    11 c    0   1.31 160.25537 -27.08011  9951.29  9030.52 2.70 2.45  72.5 -0.348    19.56 21.35 01a59311o0360c 0x000000 -0.727273
59311.385884 19.674510      NaN   10    13 c    0   0.80 160.25537 -27.08011   123.49  9074.04 2.56 2.25 -57.6 -0.397    19.55 21.43 01a59311o0364c 0x000000  0.769231
59311.414384 18.816441      NaN  -16    36 c    0   1.16 160.25537 -27.08011    67.36  8993.68 2.68 2.36 -60.6 -0.396    18.76 20.57 01a59311o0425c 0x100002 -0.444444
59311.417608 19.002397      NaN    1    30 c    0   1.37 160.25537 -27.08011    48.93  9111.18 2.63 2.23 -59.1 -0.400    18.58 20.33 01a59311o0432c 0x100002  0.033333
59315.357427 20.321591      NaN    6     7 c    0   1.05 160.25537 -27.08011  5849.22  4561.99 2.25 2.18 -17.4 -0.360    19.95 21.66 01a59315o0301c 0x000000  0.857143
59315.360674 20.321591      NaN    6     7 c    0   1.20 160.25537 -27.08011  5867.80  4600.85 2.21 2.11 -79.1 -0.379    19.95 21.63 01a59315o0308c 0x000000  0.857143
59315.366673 20.207197      NaN    6     8 c    0   0.99 160.25537 -27.08011  5810.21  4522.91 2.22 2.12 -71.9 -0.371    19.92 21.61 01a59315o0321c 0x000000  0.750000
59315.376819 20.137125      NaN   11     7 c    0   1.27 160.25537 -27.08011  5793.02  4636.37 2.22 2.13 -40.4 -0.370    19.92 21.56 01a59315o0343c 0x000000  1.571429
59319.338541 20.009244      NaN   12     8 c    0   0.79 160.25537 -27.08011  5847.45  4563.45 2.30 2.18 -81.2 -0.379    19.92 21.70 01a59319o0259c 0x000000  1.500000
59319.342227 20.103715      NaN   12     7 c    0   0.98 160.25537 -27.08011  5867.27  4601.14 2.32 2.17 -71.6 -0.379    19.94 21.71 01a59319o0267c 0x000000  1.714286
59319.348222 19.868040      NaN   14     9 c    0   0.99 160.25537 -27.08011  5809.36  4523.55 2.34 2.20 -79.4 -0.375    19.92 21.71 01a59319o0280c 0x000000  1.555556
59319.359299 20.039830      NaN   11     8 c    0   1.03 160.25537 -27.08011  5792.41  4635.95 2.33 2.24 -40.2 -0.365    19.94 21.67 01a59319o0304c 0x000000  1.375000
59337.317477 19.419021      NaN    8    18 c    0   1.54 160.25537 -27.08011   725.14  3535.54 2.50 2.41 -77.6 -0.400    18.78 20.59 02a59337o0197c 0x000000  0.444444
59337.320714 20.009244      NaN  -14    12 c    0   1.63 160.25537 -27.08011   705.10  3496.32 2.39 2.32  65.6 -0.409    19.18 21.08 02a59337o0204c 0x000000 -1.166667
59337.328042 20.009244      NaN    6    10 c    0   1.44 160.25537 -27.08011   762.79  3575.32 2.47 2.40  65.7 -0.414    19.46 21.32 02a59337o0220c 0x000000  0.600000
59337.338600 20.103715      NaN    3    10 c    0   1.06 160.25537 -27.08011   782.75  3459.28 2.41 2.35  83.4 -0.407    19.44 21.29 02a59337o0243c 0x000000  0.300000
59349.287624 20.009244      NaN  -14    12 c    0   1.03 160.25537 -27.08011  2755.59  6090.75 2.73 2.61  74.6 -0.377    19.43 21.28 02a59349o0098c 0x000000 -1.166667
59349.293154 19.894850      NaN    1    13 c    0   1.15 160.25537 -27.08011  2735.36  6051.77 2.82 2.71  58.4 -0.382    19.39 21.28 02a59349o0110c 0x000000  0.076923
59349.300513 19.922338      NaN   -7    13 c    0   0.93 160.25537 -27.08011  2795.61  6132.28 2.54 2.43  60.3 -0.388    19.51 21.28 02a59349o0126c 0x000000 -0.538462
59349.303722 20.009244      NaN    0    12 c    0   1.14 160.25537 -27.08011  2816.77  6016.62 2.60 2.49  82.6 -0.390    19.44 21.27 02a59349o0133c 0x000000  0.000000
59367.265158 20.039830      NaN    5    10 c    0   1.12 160.25537 -27.08011  9305.31   768.28 2.57 2.43  -9.0 -0.348    19.66 21.14 01a59367o0067c 0x000000  0.500000
59367.268403 19.922338      NaN    9    10 c    0   0.83 160.25537 -27.08011  9325.29   808.50 2.45 2.37 -21.7 -0.364    19.67 21.15 01a59367o0074c 0x000000  0.900000
59367.273942 19.922338      NaN    0    13 c    0   0.77 160.25537 -27.08011  9264.10   729.98 2.43 2.34  -9.7 -0.368    19.67 21.14 01a59367o0086c 0x000000  0.000000
59367.285006 19.609992      NaN   16    12 c    0   1.06 160.25537 -27.08011  9242.77   848.07 2.43 2.36 -57.2 -0.366    19.63 21.08 01a59367o0110c 0x000000  1.333333
59371.252918 19.549093      NaN   19    12 c    0   1.11 160.25537 -27.08011  3907.05  4664.91 2.40 2.29 -80.1 -0.368    19.42 20.67 01a59371o0036c 0x000000  1.583333
59371.257073 19.791368      NaN    5    13 c    0   0.67 160.25537 -27.08011  3927.23  4702.55 2.36 2.30 -63.8 -0.368    19.56 20.96 01a59371o0045c 0x000000  0.384615
59371.263541 20.321591      NaN   -9     9 c    0   1.72 160.25537 -27.08011  3868.43  4626.45 2.42 2.27 -83.7 -0.373    19.61 21.11 01a59371o0059c 0x000000 -1.000000
59371.275520 20.405150      NaN    1     8 c    0   1.95 160.25537 -27.08011  3849.71  4740.97 2.34 2.23 -81.9 -0.379    19.68 21.23 01a59371o0085c 0x000000  0.125000
59525.624507 19.631075      NaN    6    15 c    0   1.13 160.25537 -27.08011  1103.68   681.42 2.90 2.59 -66.3 -0.396    19.15 20.67 02a59525o0399c 0x000000  0.400000
59525.635969 19.841877      NaN  -20    14 c    0   1.02 160.25537 -27.08011  1125.40   718.21 2.52 2.28 -72.4 -0.423    19.28 20.72 02a59525o0424c 0x000000 -1.428571
59525.645144 19.076453      NaN   28    19 c    0   0.96 160.25537 -27.08011  1065.12   639.02 2.73 2.47 -70.7 -0.409    18.92 20.12 02a59525o0444c 0x000000  1.473684
59529.625056 19.569016      NaN   21    11 c    0   1.56 160.25537 -27.08011  1098.33   682.33 2.48 2.30 -69.3 -0.425    19.31 20.80 02a59529o0957c 0x000000  1.909091
59529.636070 19.719755      NaN   11    12 c    0   1.12 160.25537 -27.08011  1118.19   719.01 2.78 2.46 -61.3 -0.418    19.27 20.79 02a59529o0981c 0x000000  0.916667
59529.646609 19.318728      NaN   20    16 c    0   0.88 160.25537 -27.08011  1059.08   640.11 2.52 2.26 -63.0 -0.427    19.05 20.15 02a59529o1004c 0x000000  1.250000
59529.653024 18.944322      NaN   -3    32 c    0   1.04 160.25537 -27.08011  1039.47   757.32 2.45 2.26 -68.7 -0.433    18.03 18.71 02a59529o1018c 0x100002 -0.093750