         MJD         m       dm   uJy  duJy F  err  chi/N        RA       Dec        x        y  maj  min   phi  apfit  mag5sig   Sky            Obs     Mask   __tmp_SN
57747.617896 19.401649      NaN   -79    21 c    0   0.94 162.10605 -25.15997   399.22  9530.65 4.19 3.71  26.4 -0.429    19.59 21.58 02a57747o0863c 0x000000  -3.761905
57747.619514 19.454622      NaN   -61    20 c    0   0.88 162.10605 -25.15997   130.93   922.02 4.22 4.14  75.1 -0.380    19.59 21.58 02a57747o0866c 0x000000  -3.050000
57747.626599 19.454622      NaN   -36    20 c    0   0.80 162.10605 -25.15997   384.65  9490.18 4.02 3.52  25.1 -0.436    19.63 21.57 02a57747o0880c 0x000000  -1.800000
57747.638110 19.454622      NaN   -52    20 c    0   1.06 162.10605 -25.15997   437.27  9569.38 4.21 3.65  22.6 -0.417    19.58 21.55 02a57747o0903c 0x000000  -2.600000
57747.647571 19.401649      NaN   -46    21 c    0   0.77 162.10605 -25.15997 10328.93  9498.34 3.92 3.70 -88.3 -0.405    19.58 21.53 02a57747o0922c 0x000000  -2.190476
57747.651580 19.351140      NaN   -54    22 c    0   0.92 162.10605 -25.15997   457.97  9450.59 4.87 3.85  12.1 -0.410    19.46 21.52 02a57747o0930c 0x000000  -2.454545
57751.604071 19.696897      NaN   -39    16 c    0   1.00 162.10605 -25.15997  3888.99  8512.11 3.83 3.72  23.5 -0.419    19.72 21.78 02a57751o0354c 0x000000  -2.437500
57751.617616 19.510313      NaN   -17    19 c    0   0.83 162.10605 -25.15997  3855.66  8474.72 3.82 3.68  24.3 -0.423    19.67 21.69 02a57751o0381c 0x000000  -0.894737
57751.631659 19.631075      NaN   -42    17 c    0   1.16 162.10605 -25.15997  3926.78  8555.45 3.80 3.69  27.1 -0.424    19.66 21.66 02a57751o0409c 0x000000  -2.470588
57751.644682 19.569016      NaN   -44    18 c    0   0.89 162.10605 -25.15997  3944.45  8437.89 3.85 3.77  32.6 -0.414    19.64 21.65 02a57751o0435c 0x000000  -2.444444
57751.659753 19.510313      NaN   -23    19 c    0   1.15 162.10605 -25.15997  3909.69  8496.73 3.81 3.77  16.2 -0.419    19.52 21.42 02a57751o0465c 0x000000  -1.210526
57755.603513 19.696897      NaN   -41    16 c    0   1.00 162.10605 -25.15997  8748.00  1165.72 3.77 3.59  79.7 -0.442    19.77 21.78 02a57755o0787c 0x000000  -2.562500
57755.617619 19.631075      NaN   -13    17 c    0   0.89 162.10605 -25.15997  8731.84  1128.63 3.78 3.57  81.5 -0.447    19.76 21.75 02a57755o0814c 0x000000  -0.764706
57755.631886 19.569016      NaN   -34    18 c    0   1.02 162.10605 -25.15997  8803.27  1207.36 3.82 3.61  83.3 -0.440    19.74 21.73 02a57755o0841c 0x000000  -1.888889
57755.645549 19.454622      NaN   -36    20 c    0   0.75 162.10605 -25.15997  8823.55  1090.87 3.77 3.59  80.4 -0.442    19.73 21.69 02a57755o0868c 0x000000  -1.800000
57755.658839 19.569016      NaN    -7    18 c    0   1.05 162.10605 -25.15997  8770.26  1151.48 3.82 3.66  76.2 -0.442    19.64 21.52 02a57755o0894c 0x000000  -0.388889
57779.541874 19.696897      NaN   -20    16 c    0   0.95 162.10605 -25.15997  8232.29  1516.21 3.92 3.71  87.3 -0.408    19.75 21.82 02a57779o0630c 0x000000  -1.250000
57779.557363 19.569016      NaN   -22    18 c    0   1.08 162.10605 -25.15997  8216.59  1479.24 3.93 3.72  88.8 -0.408    19.74 21.81 02a57779o0660c 0x000000  -1.222222
57779.572875 19.631075      NaN   -21    17 c    0   1.13 162.10605 -25.15997  8271.73  1558.81 4.02 3.98  85.8 -0.392    19.70 21.82 02a57779o0690c 0x000000  -1.235294
57779.588310 19.631075      NaN   -55    17 c    0   1.31 162.10605 -25.15997  8291.11  1440.74 3.91 3.71 -86.0 -0.410    19.76 21.83 02a57779o0720c 0x000000  -3.235294
57779.604245 19.510313      NaN   -30    19 c    0   0.92 162.10605 -25.15997  8257.97  1500.53 3.92 3.87 -65.5 -0.404    19.71 21.79 02a57779o0751c 0x000000  -1.578947
57783.527260 19.401649      NaN   -18    21 c    0   0.61 162.10605 -25.15997  1163.77  9352.37 4.09 3.95  18.8 -0.413    19.69 21.81 02a57783o0594c 0x000000  -0.857143
57783.543369 19.510313      NaN   -30    19 c    0   0.96 162.10605 -25.15997  1147.23  9312.15 4.05 3.93  15.7 -0.417    19.69 21.79 02a57783o0625c 0x000000  -1.578947
57783.559600 19.401649      NaN   -42    21 c    0   0.82 162.10605 -25.15997  1203.02  9390.29 4.26 4.18   9.7 -0.399    19.63 21.83 02a57783o0656c 0x000000  -2.000000
57783.575718 19.351140      NaN   -18    22 c    0   0.75 162.10605 -25.15997  1224.45  9270.69 4.01 3.95  22.3 -0.413    19.71 21.85 02a57783o0687c 0x000000  -0.818182
57783.591797 19.226921      NaN     2    24 c    0   0.66 162.10605 -25.15997  1191.58  9328.53 4.17 4.07  21.0 -0.408    19.66 21.85 02a57783o0718c 0x000000   0.083333
57787.502251 19.569016      NaN   -37    18 c    0   0.87 162.10605 -25.15997   327.06  8123.76 4.05 3.75  37.7 -0.406    19.76 21.91 02a57787o0554c 0x000000  -2.055556
57787.512155 19.401649      NaN   -26    21 c    0   0.69 162.10605 -25.15997   311.07  8084.15 4.03 3.74  40.3 -0.408    19.76 21.91 02a57787o0574c 0x000000  -1.238095
57787.512633 19.569016      NaN   -75    18 c    0   1.01 162.10605 -25.15997 10247.28  8130.04 4.04 3.57  86.1 -0.422    19.76 21.88 02a57787o0575c 0x000000  -4.166667
57787.526990 19.472870      NaN     5    18 c    0   0.91 162.10605 -25.15997   364.94  8164.47 4.14 3.83  43.6 -0.398    19.74 21.90 02a57787o0602c 0x000000   0.277778
57787.527466 19.766969      NaN   -50    15 c    0   1.28 162.10605 -25.15997 10231.14  8093.99 4.14 3.68  84.4 -0.412    19.73 21.88 02a57787o0603c 0x000000  -3.333333
57787.537235 19.631075      NaN   -50    17 c    0   0.99 162.10605 -25.15997 10303.36  8174.14 3.96 3.39 -89.8 -0.409    19.76 21.84 02a57787o0623c 0x000000  -2.941176
57787.538664 19.454622      NaN   -44    20 c    0   0.74 162.10605 -25.15997   384.86  8047.64 3.86 3.57  42.0 -0.428    19.77 21.84 02a57787o0626c 0x000000  -2.200000
57787.555365 19.510313      NaN   -52    19 c    0   0.80 162.10605 -25.15997   349.97  8107.80 3.98 3.71  43.4 -0.412    19.76 21.88 02a57787o0659c 0x000000  -2.736842
57787.555842 19.569016      NaN   -22    18 c    0   0.87 162.10605 -25.15997 10320.58  8059.32 4.04 3.49  87.2 -0.423    19.77 21.90 02a57787o0660c 0x000000  -1.222222
57787.570241 19.569016      NaN   -43    18 c    0   0.85 162.10605 -25.15997 10286.79  8118.64 3.99 3.44  89.3 -0.414    19.80 21.94 02a57787o0689c 0x000000  -2.388889
57803.513764 19.169763      NaN    -8    26 c    0   0.78 162.10605 -25.15997  3224.59  9593.31 3.67 3.37  10.4 -0.399    19.33 20.97 02a57803o0573c 0x000000  -0.307692
57803.525435 19.401649      NaN   -56    21 c    0   1.20 162.10605 -25.15997  3209.85  9552.54 3.73 3.43  13.8 -0.398    19.30 20.92 02a57803o0596c 0x000000  -2.666667
57803.549325 19.212347      NaN    -8    25 c    0   1.21 162.10605 -25.15997  3284.37  9511.40 3.81 3.49  15.0 -0.401    19.18 20.75 02a57803o0643c 0x000000  -0.320000
57803.561013 19.089302      NaN   -22    28 c    0   0.90 162.10605 -25.15997  3250.58  9567.27 3.67 3.36   9.2 -0.400    19.16 20.68 02a57803o0666c 0x000000  -0.785714
57807.507265 19.631075      NaN   -31    17 c    0   1.03 162.10605 -25.15997  6623.28  1631.27 3.92 3.89  89.6 -0.399    19.69 21.78 02a57807o0540c 0x000000  -1.823529
57807.522304 19.631075      NaN   -22    17 c    0   1.30 162.10605 -25.15997  6608.04  1592.26 3.77 3.76 -49.9 -0.419    19.72 21.77 02a57807o0569c 0x000000  -1.294118
57807.537440 19.454622      NaN   -28    20 c    0   0.66 162.10605 -25.15997  6663.03  1668.67 3.85 3.80 -17.1 -0.411    19.69 21.76 02a57807o0598c 0x000000  -1.400000
57807.553048 19.631075      NaN   -33    17 c    0   1.22 162.10605 -25.15997  6683.31  1550.10 3.90 3.83 -25.7 -0.412    19.64 21.70 02a57807o0628c 0x000000  -1.941176
57807.568146 19.569016      NaN   -52    18 c    0   1.23 162.10605 -25.15997  6651.08  1606.60 3.85 3.79 -17.1 -0.418    19.61 21.62 02a57807o0657c 0x000000  -2.888889
57835.442785 19.302877      NaN   -23    23 c    0   0.74 162.10605 -25.15997  7648.86   921.12 3.83 3.74  83.4 -0.424    19.00 20.94 02a57835o0348c 0x000000  -1.000000
57835.474195 19.302877      NaN   -50    23 c    0   0.77 162.10605 -25.15997  7704.77   958.72 3.81 3.70 -84.6 -0.429    18.92 20.78 02a57835o0408c 0x000000  -2.173913
57835.480662 16.476460      NaN   203   243 c    0   0.09 162.10605 -25.15997  1560.76 10512.74 3.92 3.42  18.4 -0.485    18.84 20.67 02a57835o0420c 0x100002   0.835391
57835.490066 19.169763      NaN   -38    26 c    0   0.77 162.10605 -25.15997  7725.71   839.33 4.01 3.94 -72.2 -0.413    18.83 20.67 02a57835o0438c 0x000000  -1.461538
57839.418472 18.878500      NaN   -16    34 c    0   0.90 162.10605 -25.15997  1633.77 10124.03 4.08 3.36   9.9 -0.412    18.52 20.25 02a57839o0380c 0x100002  -0.470588
57839.427480 19.128787      NaN   -66    27 c    0   0.82 162.10605 -25.15997  7780.20   447.16 3.89 3.79 -72.4 -0.425    18.85 20.61 02a57839o0397c 0x000000  -2.444444
57839.443404 19.212347      NaN   -40    25 c    0   0.86 162.10605 -25.15997  7763.86   406.95 3.83 3.75 -72.4 -0.427    18.90 20.69 02a57839o0427c 0x000000  -1.600000
57839.449789 19.089302      NaN   -49    28 c    0   0.90 162.10605 -25.15997  1672.46 10158.82 4.07 3.60  20.8 -0.404    18.82 20.63 02a57839o0439c 0x000000  -1.750000
57839.458828 19.256669      NaN    -5    24 c    0   0.88 162.10605 -25.15997  7818.48   483.55 3.92 3.83 -66.1 -0.421    18.89 20.70 02a57839o0456c 0x000000  -0.208333
57839.474755 19.014394      NaN   -34    30 c    0   0.71 162.10605 -25.15997  7840.54   362.52 3.76 3.69 -67.9 -0.442    18.88 20.64 02a57839o0486c 0x000000  -1.133333
57839.481115 19.169763      NaN   -71    26 c    0   0.91 162.10605 -25.15997  1661.46 10095.45 3.66 3.15   8.9 -0.457    18.80 20.53 02a57839o0498c 0x000000  -2.730769
57839.490072 19.128787      NaN   -78    27 c    0   1.02 162.10605 -25.15997  7805.35   421.51 3.95 3.85 -68.6 -0.420    18.81 20.60 02a57839o0515c 0x000000  -2.888889
57843.418965 19.351140      NaN   -28    22 c    0   0.87 162.10605 -25.15997  8685.49  1938.71 3.97 3.82  82.3 -0.402    18.91 20.81 02a57843o0358c 0x000000  -1.272727
57843.434610 19.351140      NaN   -38    22 c    0   0.90 162.10605 -25.15997  8669.69  1898.93 3.94 3.78  87.8 -0.402    18.91 20.76 02a57843o0388c 0x000000  -1.727273
57843.450269 19.401649      NaN   -28    21 c    0   1.14 162.10605 -25.15997  8722.87  1974.62 4.06 3.89  88.5 -0.401    18.84 20.70 02a57843o0418c 0x000000  -1.333333
57843.465963 19.212347      NaN   -49    25 c    0   0.77 162.10605 -25.15997  8762.46  1854.60 4.08 3.90  88.2 -0.401    18.80 20.61 02a57843o0448c 0x000000  -1.960000
57843.481644 19.169763      NaN   -82    26 c    0   0.92 162.10605 -25.15997  8708.48  1915.12 4.43 4.37 -61.0 -0.377    18.61 20.48 02a57843o0478c 0x000000  -3.153846
57847.407637 18.526952      NaN   -60    47 c    0   1.02 162.10605 -25.15997  8504.40   530.68 3.86 3.71 -85.3 -0.420    18.38 19.57 02a57847o0348c 0x100002  -1.276596
57847.423325 18.286218      NaN    29    49 c    0   0.89 162.10605 -25.15997  8488.91   490.28 3.84 3.73 -84.0 -0.431    18.37 19.55 02a57847o0378c 0x100002   0.591837
57847.429650 18.574166      NaN   -24    45 c    0   1.03 162.10605 -25.15997  2434.30 10260.06 3.80 3.26   9.8 -0.422    18.26 19.42 02a57847o0390c 0x100002  -0.533333
57847.439017 18.675237      NaN   -66    41 c    0   1.16 162.10605 -25.15997  8542.31   566.90 3.89 3.75 -87.7 -0.425    18.35 19.54 02a57847o0408c 0x100002  -1.609756
57847.445276 18.757738      NaN   -14    38 c    0   1.57 162.10605 -25.15997  2455.44 10141.05 3.78 3.34  11.0 -0.414    18.23 19.42 02a57847o0420c 0x100002  -0.368421
57847.454662 18.410251      NaN     4    51 c    0   0.99 162.10605 -25.15997  8564.34   446.24 3.79 3.67 -84.4 -0.439    18.36 19.56 02a57847o0438c 0x100002   0.078431
57847.460962 18.649074      NaN   -90    42 c    0   1.09 162.10605 -25.15997  2421.61 10196.26 3.85 3.41  11.7 -0.406    18.22 19.43 02a57847o0450c 0x100002  -2.142857
57847.470389 18.550302      NaN     0    46 c    0   0.99 162.10605 -25.15997  8528.13   507.42 3.88 3.85 -83.1 -0.423    18.38 19.67 02a57847o0468c 0x100002   0.000000
57863.391689 19.454622      NaN   -82    20 c    0   1.11 162.10605 -25.15997  6890.95  1715.82 3.78 3.74  62.4 -0.415    18.76 20.39 02a57863o0300c 0x000000  -4.100000
57863.403221 19.351140      NaN   -35    22 c    0   0.85 162.10605 -25.15997  6875.59  1676.13 3.83 3.78  58.3 -0.419    18.72 20.35 02a57863o0322c 0x000000  -1.590909
57863.415273 19.351140      NaN   -11    22 c    0   1.07 162.10605 -25.15997  6930.60  1752.26 3.77 3.73  69.0 -0.419    18.72 20.36 02a57863o0345c 0x000000  -0.500000
57863.427368 19.256669      NaN    -1    24 c    0   0.80 162.10605 -25.15997  6949.26  1634.29 3.80 3.77  57.1 -0.413    18.68 20.32 02a57863o0368c 0x000000  -0.041667
57863.439404 19.302877      NaN   -14    23 c    0   0.95 162.10605 -25.15997  6913.03  1692.52 3.81 3.78  39.1 -0.415    18.66 20.30 02a57863o0391c 0x000000  -0.608696
57867.366185 14.971602      NaN   514  1071 c    0   0.90 162.10605 -25.15997   423.24   240.45 3.70 2.79  11.6 -0.464    14.95 15.95 02a57867o0281c 0x100002   0.479925
57867.370879 18.317510      NaN   -20    57 c    0   1.08 162.10605 -25.15997  3898.45 10011.64 2.82 2.70  -0.8 -0.516    17.27 18.30 02a57867o0290c 0x100002  -0.350877
57867.379307 17.671596      NaN    64    82 c    0   0.62 162.10605 -25.15997   406.73   198.97 4.57 3.81   5.4 -0.431    17.54 18.97 02a57867o0306c 0x100002   0.780488
57867.382457 16.721068      NaN  -102   248 c    0   1.12 162.10605 -25.15997  9983.87   277.42 5.62 3.27  36.1 -0.486    15.03 16.06 02a57867o0312c 0x100002  -0.411290
57867.383505 17.542936      NaN     7   114 c    0   0.73 162.10605 -25.15997  3883.32  9969.98 2.99 2.80  -0.2 -0.460    16.87 17.97 02a57867o0314c 0x100002   0.061404
57867.391880 17.397568      NaN  -161   133 c    0   1.04 162.10605 -25.15997   463.92   279.12 3.63 2.74   9.2 -0.480    17.09 18.08 02a57867o0330c 0x100002  -1.210526
57867.395035 16.168198      NaN   260   326 c    0   1.41 162.10605 -25.15997  9949.91   239.38 5.04 3.30  28.6 -0.442    17.03 18.24 02a57867o0336c 0x100002   0.797546
57867.396615 14.815067      NaN -3247  1435 c    0   1.23 162.10605 -25.15997  3956.08 10047.30 2.75 2.64  -3.0 -0.511    13.93 14.94 02a57867o0339c 0x100002  -2.262718
57867.404457 16.390272      NaN   166   281 c    0   1.02 162.10605 -25.15997   482.35   159.84 3.44 2.52   8.0 -0.562    16.25 17.15 02a57867o0354c 0x100002   0.590747
57867.407624 17.187887      NaN   106   126 c    0   1.01 162.10605 -25.15997 10022.00   315.65 6.10 3.50  38.4 -0.439    16.89 18.00 02a57867o0360c 0x100002   0.841270
57867.409171 16.076581      NaN  -500   449 c    0   0.82 162.10605 -25.15997  3976.60  9927.82 3.03 2.88 -18.5 -0.460    15.82 16.97 02a57867o0363c 0x100002  -1.113586
57867.417521 17.118376      NaN  -178   172 c    0   0.91 162.10605 -25.15997   447.94   216.44 3.65 2.68   9.4 -0.471    16.78 17.71 02a57867o0379c 0x100002  -1.034884
57867.420144 14.963186      NaN   564  1064 c    0   1.17 162.10605 -25.15997 10043.59   195.58 5.17 2.90  30.2 -0.409    16.02 16.95 02a57867o0384c 0x100002   0.530075
57871.351455 19.696897      NaN   -43    16 c    0   1.23 162.10605 -25.15997  9843.54   576.88 3.58 2.68  32.8 -0.445    19.47 20.77 02a57871o0091c 0x000000  -2.687500
57871.353027 20.103715      NaN   -30    11 c    0   1.01 162.10605 -25.15997   273.99   492.25 2.88 2.53  26.6 -0.489    19.45 20.74 02a57871o0094c 0x000000  -2.727273
57871.357263 20.009244      NaN   -21    12 c    0   0.75 162.10605 -25.15997  3763.48 10264.61 3.17 2.88  22.9 -0.381    19.42 20.68 02a57871o0102c 0x000000  -1.750000
57871.366726 19.696897      NaN   -25    16 c    0   1.09 162.10605 -25.15997  9826.74   538.71 3.85 2.59  31.4 -0.438    19.47 20.72 02a57871o0120c 0x000000  -1.562500
57871.368855 19.922338      NaN   -31    13 c    0   0.87 162.10605 -25.15997   346.24   573.71 2.85 2.48  31.7 -0.486    19.46 20.69 02a57871o0124c 0x000000  -2.384615
57871.373043 19.766969      NaN   -46    15 c    0   0.81 162.10605 -25.15997  3817.26 10343.75 3.12 2.89  18.2 -0.385    19.39 20.64 02a57871o0132c 0x000000  -3.066667
57871.382469 19.631075      NaN   -45    17 c    0   0.82 162.10605 -25.15997  9878.34   615.84 4.28 2.77  32.9 -0.431    19.44 20.74 02a57871o0150c 0x000000  -2.647059
57871.388799 19.922338      NaN   -10    13 c    0   0.98 162.10605 -25.15997  3836.80 10223.69 3.10 2.94  26.4 -0.390    19.36 20.68 02a57871o0162c 0x000000  -0.769231
57871.398276 19.351140      NaN   -27    22 c    0   0.73 162.10605 -25.15997  9899.75   495.98 4.47 2.89  33.5 -0.438    19.40 20.73 02a57871o0180c 0x000000  -1.227273
57871.399864 19.922338      NaN   -18    13 c    0   0.92 162.10605 -25.15997   333.00   512.10 3.06 2.69  25.6 -0.494    19.36 20.64 02a57871o0183c 0x000000  -1.384615
57871.404580 19.841877      NaN   -27    14 c    0   1.29 162.10605 -25.15997  3805.05 10282.10 3.10 2.92   8.1 -0.392    19.27 20.57 02a57871o0192c 0x000000  -1.928571
57871.413700 19.401649      NaN   -21    21 c    0   0.88 162.10605 -25.15997  9864.78   558.41 4.69 3.00  33.9 -0.432    19.28 20.61 02a57871o0208c 0x000000  -1.000000
57895.292894 19.696897      NaN   -32    16 c    0   0.99 162.10605 -25.15997  7194.72  1611.94 4.58 3.13  41.3 -0.442    19.53 21.48 02a57895o0111c 0x000000  -2.000000
57895.308686 19.454622      NaN   -49    20 c    0   0.76 162.10605 -25.15997  7179.13  1572.91 4.22 2.92  38.0 -0.418    19.26 21.12 02a57895o0141c 0x000000  -2.450000
57895.324989 19.766969      NaN   -44    15 c    0   1.14 162.10605 -25.15997  7233.93  1651.84 4.03 2.87  38.5 -0.414    19.54 21.38 02a57895o0172c 0x000000  -2.933333
57895.341881 19.169763      NaN   -61    26 c    0   0.67 162.10605 -25.15997  7272.38  1531.30 4.95 3.82  42.8 -0.409    18.93 20.99 02a57895o0204c 0x000000  -2.346154
57895.358196 19.569016      NaN   -52    18 c    0   0.90 162.10605 -25.15997  7218.47  1589.62 4.33 3.21  39.9 -0.435    19.27 21.16 02a57895o0235c 0x000000  -2.888889
57899.275103 20.009244      NaN   -10    12 c    0   1.10 162.10605 -25.15997   863.26 10079.65 2.83 2.69  35.0 -0.421    19.44 20.95 02a57899o0089c 0x000000  -0.833333
57899.287262 19.569016      NaN   -35    18 c    0   0.72 162.10605 -25.15997  7062.40   400.71 4.17 2.79  38.9 -0.450    19.49 21.10 02a57899o0112c 0x000000  -1.944444
57899.290519 20.009244      NaN   -38    12 c    0   1.09 162.10605 -25.15997   846.06 10038.34 2.75 2.66  15.7 -0.424    19.52 21.11 02a57899o0118c 0x000000  -3.166667
57899.305846 19.922338      NaN   -20    13 c    0   0.79 162.10605 -25.15997   902.22 10116.23 2.69 2.62  42.6 -0.415    19.54 21.23 02a57899o0147c 0x000000  -1.538462
57899.321696 19.631075      NaN   -11    17 c    0   0.50 162.10605 -25.15997   926.23  9994.04 2.80 2.78 -74.0 -0.413    19.49 21.23 02a57899o0177c 0x000000  -0.647059
57899.335405 19.766969      NaN   -48    15 c    0   1.13 162.10605 -25.15997  7121.38   319.44 4.08 2.93  41.2 -0.417    19.50 21.27 02a57899o0203c 0x000000  -3.200000
57899.338026 19.841877      NaN   -49    14 c    0   0.73 162.10605 -25.15997   892.00 10049.64 2.78 2.68 -54.3 -0.428    19.42 21.16 02a57899o0208c 0x000000  -3.500000
57899.351670 19.510313      NaN   -41    19 c    0   0.88 162.10605 -25.15997  7085.21   375.79 4.21 2.90  40.6 -0.431    19.48 21.14 02a57899o0234c 0x000000  -2.157895
57903.267757 19.922338      NaN    -1    13 c    0   1.08 162.10605 -25.15997  2638.39  8995.61 2.54 2.48   2.9 -0.468    19.44 20.73 02a57903o0063c 0x000000  -0.076923
57903.280064 19.922338      NaN   -33    13 c    0   1.07 162.10605 -25.15997  2622.31  8955.34 2.54 2.49  14.8 -0.470    19.38 20.70 02a57903o0087c 0x000000  -2.538462
57903.295448 19.922338      NaN   -48    13 c    0   1.26 162.10605 -25.15997  2676.91  9031.97 2.58 2.54  10.8 -0.478    19.34 20.63 02a57903o0117c 0x000000  -3.692308
57903.311400 19.841877      NaN   -62    14 c    0   1.14 162.10605 -25.15997  2695.85  8912.51 2.56 2.51 -28.2 -0.484    19.29 20.59 02a57903o0148c 0x000000  -4.428571
57903.326217 19.510313      NaN   -41    19 c    0   1.10 162.10605 -25.15997  2662.66  8969.73 2.60 2.53 -17.4 -0.490    19.21 20.47 02a57903o0177c 0x000000  -2.157895
58081.580987 19.841877      NaN   -31    14 c    0   0.99 162.10605 -25.15997  8995.38  5841.97 3.00 2.69  65.1 -0.442    19.36 21.11 02a58081o0676c 0x000000  -2.214286
58081.587904 19.841877      NaN   -46    14 c    0   0.90 162.10605 -25.15997  9012.49  5882.17 3.00 2.70  69.5 -0.443    19.40 21.14 02a58081o0691c 0x000000  -3.285714
58081.599050 19.841877      NaN   -34    14 c    0   1.01 162.10605 -25.15997  8940.03  5785.81 3.21 2.90  59.7 -0.453    19.31 21.16 02a58081o0715c 0x000000  -2.428571
58081.600459 20.009244      NaN   -22    12 c    0   1.27 162.10605 -25.15997  8923.35  5903.19 3.07 2.73  60.4 -0.458    19.42 21.17 02a58081o0718c 0x000000  -1.833333
58109.538821 19.631075      NaN   -47    17 c    0   8.46 162.10605 -25.15997  6128.94  5043.89 5.42 4.78  46.0 -0.343    19.13 21.92 02a58109o0381c 0x000000  -2.764706
58109.545741 19.696897      NaN   -42    16 c    0   7.32 162.10605 -25.15997  6145.12  5083.52 5.31 4.70  47.3 -0.317    19.20 21.94 02a58109o0396c 0x000000  -2.625000
58109.552672 19.696897      NaN   -77    16 c    0   8.93 162.10605 -25.15997  6090.60  5006.51 5.30 4.70  44.5 -0.371    19.00 21.95 02a58109o0411c 0x000000  -4.812500
58109.559602 19.696897      NaN   -32    16 c    0   8.38 162.10605 -25.15997  6070.50  5123.15 5.21 4.62  49.6 -0.363    19.27 21.97 02a58109o0426c 0x000000  -2.000000
58161.503725 20.321591      NaN   -26     9 c    0   0.92 162.10605 -25.15997  1579.31  5690.87 2.55 2.35  42.0 -0.464    19.79 21.84 02a58161o0641c 0x000000  -2.888889
58161.509700 20.207197      NaN   -16    10 c    0   0.96 162.10605 -25.15997  1561.72  5651.44 2.60 2.42  45.9 -0.456    19.74 21.83 02a58161o0654c 0x000000  -1.600000
58161.517015 20.103715      NaN   -18    11 c    0   1.00 162.10605 -25.15997  1614.90  5732.13 2.64 2.46  42.5 -0.442    19.71 21.85 02a58161o0670c 0x000000  -1.636364
58161.530702 20.321591      NaN   -26     9 c    0   1.17 162.10605 -25.15997  1635.72  5614.32 2.57 2.38  32.2 -0.441    19.74 21.84 02a58161o0700c 0x000000  -2.888889
58193.400077 20.321591      NaN   -22     9 c    0   1.37 162.10605 -25.15997  4767.95  6423.76 2.39 2.21  21.9 -0.456    19.75 21.57 02a58193o0367c 0x000000  -2.444444
58193.409227 20.009244      NaN    -8    12 c    0   0.78 162.10605 -25.15997  4733.89  6384.18 2.43 2.28  23.0 -0.461    19.74 21.56 02a58193o0387c 0x000000  -0.666667
58193.410598 19.922338      NaN   -38    13 c    0   0.66 162.10605 -25.15997  4803.39  6462.82 2.36 2.21  22.2 -0.450    19.76 21.55 02a58193o0390c 0x000000  -2.923077
58193.423286 20.207197      NaN   -32    10 c    0   1.02 162.10605 -25.15997  4822.34  6344.82 2.46 2.31  26.1 -0.454    19.75 21.54 02a58193o0417c 0x000000  -3.200000
58221.359468 15.592902 0.008777  2103    17 c    0   5.36 162.10605 -25.15997  4346.68  3189.28 2.53 2.41  66.4 -0.402    19.72 21.59 02a58221o0288c 0x000000 123.705882
58221.368230 15.601714 0.009369  2086    18 c    0   3.24 162.10605 -25.15997  4330.29  3150.68 2.55 2.41  79.2 -0.404    19.72 21.61 02a58221o0307c 0x000000 115.888889
58221.376996 15.599634 0.009351  2090    18 c    0   3.85 162.10605 -25.15997  4384.84  3228.07 2.55 2.41  78.8 -0.403    19.70 21.58 02a58221o0326c 0x000000 116.111111
58221.386279 15.577014 0.009158  2134    18 c    0   3.96 162.10605 -25.15997  4405.05  3111.98 2.54 2.41  75.8 -0.403    19.72 21.54 02a58221o0345c 0x000000 118.555556
58225.343155 15.612700 0.026815  2065    51 c    0   0.87 162.10605 -25.15997  2261.81  6362.47 2.68 2.62 -51.6 -0.392    18.22 19.90 02a58225o0258c 0x100002  40.490196
58225.350942 15.615332 0.015285  2060    29 c    0   2.10 162.10605 -25.15997  2245.08  6324.68 2.68 2.62 -48.4 -0.388    18.76 20.49 02a58225o0275c 0x000000  71.034483
58225.358732 15.591870 0.017537  2105    34 c    0   1.17 162.10605 -25.15997  2316.04  6403.04 2.62 2.58 -36.1 -0.402    18.59 20.28 02a58225o0292c 0x100002  61.911765
58225.366555 15.605364 0.019323  2079    37 c    0   2.33 162.10605 -25.15997  2336.28  6286.10 2.64 2.57 -57.1 -0.393    18.18 19.92 02a58225o0309c 0x100002  56.189189
58250.303509 17.414019 0.038678   393    14 c    0   1.95 162.10605 -25.15997  1316.11  5161.97 2.68 2.60  60.3 -0.409    19.25 20.95 02a58250o0133c 0x000000  28.071429
58250.311407 17.427921 0.047571   388    17 c    0   1.14 162.10605 -25.15997  1300.15  5123.50 2.72 2.66  75.4 -0.414    19.16 20.87 02a58250o0150c 0x000000  22.823529
58250.319247 17.414019 0.046966   393    17 c    0   1.02 162.10605 -25.15997  1372.33  5201.40 2.69 2.65  83.9 -0.399    19.18 20.85 02a58250o0167c 0x000000  23.117647
58250.326612 17.384047 0.053749   404    20 c    0   0.89 162.10605 -25.15997  1392.47  5083.94 2.74 2.65 -88.9 -0.398    19.16 20.85 02a58250o0183c 0x000000  20.200000
58257.291764 17.813578 0.063867   272    16 c    0   0.80 162.10605 -25.15997  1953.38  5540.30 3.05 2.92  68.2 -0.405    19.35 21.18 02a58257o0126c 0x000000  17.000000
58257.299760 17.922662 0.070617   246    16 c    0   1.00 162.10605 -25.15997  1937.45  5500.70 3.23 3.14  68.8 -0.399    19.24 21.17 02a58257o0143c 0x000000  15.375000
58257.307165 17.805624 0.055476   274    14 c    0   0.89 162.10605 -25.15997  1991.38  5578.32 2.78 2.70  71.1 -0.406    19.41 21.14 02a58257o0159c 0x000000  19.571429
58257.315053 17.875167 0.059145   257    14 c    0   1.00 162.10605 -25.15997  2011.47  5462.16 2.76 2.72  60.0 -0.415    19.37 21.11 02a58257o0176c 0x000000  18.357143
58281.262885 18.693037 0.134595   121    15 c    0   1.10 162.10605 -25.15997  3466.05  4663.28 3.36 2.99 -64.4 -0.353    19.22 20.94 02a58281o0005c 0x000000   8.066667
58281.270817 18.720295 0.138017   118    15 c    0   1.05 162.10605 -25.15997  3515.64  4741.66 3.40 3.08 -68.1 -0.365    19.28 21.16 02a58281o0022c 0x000000   7.866667
58281.278241 18.598565 0.106929   132    13 c    0   1.10 162.10605 -25.15997  3533.56  4624.76 2.99 2.74 -68.5 -0.382    19.39 21.24 02a58281o0038c 0x000000  10.153846
58285.255671 18.889197 0.268747   101    25 c    0   0.87 162.10605 -25.15997  4621.17  4285.50 3.36 2.98 -71.5 -0.373    18.64 19.93 02a58285o0031c 0x000000   4.040000
58285.261764 18.816441 0.160850   108    16 c    0   1.26 162.10605 -25.15997  4602.36  4245.71 3.05 2.81 -67.4 -0.392    19.12 20.59 02a58285o0044c 0x000000   6.750000
58285.269747 18.615142 0.125277   130    15 c    0   1.14 162.10605 -25.15997  4654.73  4322.89 3.03 2.80 -70.4 -0.396    19.18 20.77 02a58285o0061c 0x000000   8.666667
58285.277758 18.623526 0.126248   129    15 c    0   1.29 162.10605 -25.15997  4672.21  4206.90 2.96 2.70 -80.9 -0.403    19.19 20.76 02a58285o0078c 0x000000   8.600000
58485.620168 19.922338      NaN   -20    13 c    0   0.80 162.10605 -25.15997  1988.65  4945.18 3.04 2.96 -51.3 -0.400    19.43 21.72 02a58485o0921c 0x000000  -1.538462
58485.626572 20.009244      NaN   -24    12 c    0   1.16 162.10605 -25.15997  1973.34  4904.15 2.80 2.74  62.0 -0.417    19.50 21.68 02a58485o0935c 0x000000  -2.000000
58485.639431 20.009244      NaN   -15    12 c    0   0.99 162.10605 -25.15997  2043.44  4983.68 3.12 3.06  70.0 -0.413    19.38 21.61 02a58485o0963c 0x000000  -1.250000
58485.649501 20.103715      NaN   -32    11 c    0   0.81 162.10605 -25.15997  2059.68  4869.80 2.71 2.62 -68.7 -0.400    19.52 21.56 02a58485o0985c 0x000000  -2.909091
58489.619290 20.009244      NaN   -21    12 c    0   0.87 162.10605 -25.15997  7965.83  6899.51 2.81 2.73 -81.7 -0.375    19.58 21.85 02a58489o0531c 0x000000  -1.750000
58489.628967 20.009244      NaN   -32    12 c    0   0.99 162.10605 -25.15997  7930.51  6864.70 2.89 2.74 -80.2 -0.369    19.58 21.82 02a58489o0552c 0x000000  -2.666667
58489.638664 20.009244      NaN   -31    12 c    0   0.87 162.10605 -25.15997  8001.43  6942.13 2.92 2.75 -75.8 -0.370    19.59 21.76 02a58489o0573c 0x000000  -2.583333
58489.648330 20.321591      NaN   -34     9 c    0   1.37 162.10605 -25.15997  8018.49  6826.87 3.01 2.84 -69.6 -0.363    19.53 21.73 02a58489o0594c 0x000000  -3.777778
58493.559485 20.207197      NaN   -22    10 c    0   1.23 162.10605 -25.15997  6899.64  7520.97 2.57 2.54 -56.1 -0.409    19.62 21.72 02a58493o0784c 0x000000  -2.200000
58493.567720 20.207197      NaN   -32    10 c    0   1.41 162.10605 -25.15997  6864.43  7480.11 2.65 2.58 -55.3 -0.398    19.64 21.75 02a58493o0802c 0x000000  -3.200000
58493.568636 20.103715      NaN   -18    11 c    0   0.80 162.10605 -25.15997  6916.62  7557.95 2.65 2.63 -22.2 -0.408    19.66 21.75 02a58493o0804c 0x000000  -1.636364
58493.573669 20.321591      NaN   -55     9 c    0   1.87 162.10605 -25.15997  6825.94  7595.37 2.71 2.67 -63.2 -0.396    19.62 21.76 02a58493o0815c 0x000000  -6.111111
58573.378869 19.696897      NaN   -33    16 c    0   0.77 162.10605 -25.15997  6184.54  6915.01 2.98 2.33  45.8 -0.383    19.40 21.30 02a58573o0344c 0x000000  -2.062500
58573.386245 19.922338      NaN   -15    13 c    0   1.19 162.10605 -25.15997  6166.10  6877.75 2.81 2.28  45.3 -0.391    19.36 21.22 02a58573o0360c 0x000000  -1.153846
58573.394187 20.009244      NaN   -18    12 c    0   0.86 162.10605 -25.15997  6219.07  6955.40 2.63 2.40  56.2 -0.403    19.52 21.46 02a58573o0377c 0x000000  -1.500000
58573.401519 20.103715      NaN   -23    11 c    0   0.84 162.10605 -25.15997  6236.57  6841.21 2.60 2.37  57.8 -0.406    19.58 21.45 02a58573o0393c 0x000000  -2.090909
58577.383078 20.039830      NaN     2    11 c    0   1.38 162.10605 -25.15997  1865.70  1059.84 2.73 2.40 -57.0 -0.425    19.59 21.52 02a58577o0350c 0x000000   0.181818
58577.391413 20.207197      NaN   -17    10 c    0   1.40 162.10605 -25.15997  1829.87  1020.14 2.67 2.35 -56.7 -0.430    19.58 21.48 02a58577o0368c 0x000000  -1.700000
58577.400165 19.841877      NaN   -19    14 c    0   0.69 162.10605 -25.15997  1902.26  1101.39 2.69 2.46 -61.5 -0.423    19.53 21.54 02a58577o0387c 0x000000  -1.357143
58577.408506 20.009244      NaN   -53    12 c    0   0.93 162.10605 -25.15997  1921.64   983.98 2.92 2.48 -53.7 -0.413    19.53 21.51 02a58577o0405c 0x000000  -4.416667
58581.380593 20.009244      NaN     6    10 c    0   1.24 162.10605 -25.15997   305.38  8806.93 2.47 2.41  18.4 -0.410    19.56 21.43 02a58581o0336c 0x000000   0.600000
58581.389332 20.103715      NaN   -32    11 c    0   1.24 162.10605 -25.15997   288.36  8769.26 2.49 2.38  44.5 -0.418    19.53 21.38 02a58581o0355c 0x000000  -2.909091
58581.394566 19.841877      NaN   -21    14 c    0   0.89 162.10605 -25.15997  9939.86  8837.12 2.91 2.67 -64.2 -0.382    19.55 21.41 02a58581o0366c 0x000000  -1.500000
58581.399937 20.009244      NaN   -17    12 c    0   0.92 162.10605 -25.15997   367.52  8849.01 2.48 2.25 -47.6 -0.406    19.57 21.42 02a58581o0377c 0x000000  -1.416667
58581.404687 20.103715      NaN   -27    11 c    0   1.17 162.10605 -25.15997  9917.80  8799.68 2.94 2.66  51.5 -0.383    19.53 21.45 02a58581o0387c 0x000000  -2.454545
58581.409403 20.009244      NaN    -9    12 c    0   0.85 162.10605 -25.15997   382.73  8729.20 2.57 2.40  53.6 -0.413    19.50 21.35 02a58581o0397c 0x000000  -0.750000
58581.414158 20.009244      NaN   -32    12 c    0   1.31 162.10605 -25.15997  9969.41  8877.86 2.88 2.72 -80.1 -0.377    19.54 21.38 02a58581o0407c 0x000000  -2.666667
58581.422901 19.766969      NaN   -37    15 c    0   0.82 162.10605 -25.15997  9987.55  8760.93 2.96 2.62  53.9 -0.376    19.51 21.35 02a58581o0426c 0x000000  -2.466667
58605.344809 20.321591      NaN   -34     9 c    0   1.64 162.10605 -25.15997  3662.78  4972.39 2.73 2.53  53.7 -0.395    19.44 21.47 02a58605o0227c 0x000000  -3.777778
58605.353743 19.922338      NaN   -36    13 c    0   0.73 162.10605 -25.15997  3645.12  4936.59 2.85 2.52  49.8 -0.382    19.40 21.42 02a58605o0246c 0x000000  -2.769231
58605.362130 20.009244      NaN   -29    12 c    0   1.09 162.10605 -25.15997  3715.37  5014.37 2.91 2.51  50.1 -0.382    19.34 21.42 02a58605o0264c 0x000000  -2.416667
58605.370995 19.696897      NaN   -25    16 c    0   0.74 162.10605 -25.15997  3734.24  4898.53 2.91 2.48  47.6 -0.379    19.36 21.38 02a58605o0283c 0x000000  -1.562500
58609.322694 20.009244      NaN   -21    12 c    0   0.79 162.10605 -25.15997  9417.16  1068.28 2.83 2.27 -54.8 -0.418    19.66 21.58 02a58609o0093c 0x000000  -1.750000
58609.329660 20.207197      NaN   -36    10 c    0   1.39 162.10605 -25.15997  9400.45  1030.00 2.87 2.32 -56.5 -0.411    19.64 21.59 02a58609o0108c 0x000000  -3.600000
58609.336139 20.103715      NaN    -5    11 c    0   1.03 162.10605 -25.15997  9453.76  1108.44 2.76 2.28 -56.9 -0.416    19.68 21.60 02a58609o0122c 0x000000  -0.454545
58609.342583 20.009244      NaN   -12    12 c    0   0.84 162.10605 -25.15997  9474.47   991.12 2.89 2.17 -52.9 -0.426    19.72 21.59 02a58609o0136c 0x000000  -1.000000
58633.253425 20.009244      NaN     0    12 c    0   1.18 162.10605 -25.15997   843.65  3474.99 2.45 2.37  60.7 -0.427    19.30 20.61 02a58633o0053c 0x000000   0.000000
58633.256172 20.009244      NaN   -35    12 c    0   1.24 162.10605 -25.15997   823.72  3438.04 2.54 2.31  44.1 -0.421    19.46 20.92 02a58633o0059c 0x000000  -2.916667
58633.261800 20.103715      NaN   -30    11 c    0   1.10 162.10605 -25.15997   882.13  3515.28 2.46 2.32  55.5 -0.418    19.54 21.17 02a58633o0071c 0x000000  -2.727273
58633.271944 20.207197      NaN   -30    10 c    0   1.02 162.10605 -25.15997   903.22  3399.75 2.51 2.40  60.1 -0.421    19.52 21.21 02a58633o0093c 0x000000  -3.000000
58637.302355 20.321591      NaN   -30     9 c    0   1.44 162.10605 -25.15997   717.72  1519.93 2.53 2.38  76.8 -0.429    19.54 21.33 02a58637o0149c 0x000000  -3.333333
58637.307477 20.009244      NaN   -24    12 c    0   1.02 162.10605 -25.15997   698.40  1482.40 2.51 2.37 -84.4 -0.429    19.55 21.34 02a58637o0160c 0x000000  -2.000000
58637.310221 20.103715      NaN   -32    11 c    0   0.95 162.10605 -25.15997   757.08  1559.65 2.56 2.34 -74.3 -0.430    19.57 21.34 02a58637o0166c 0x000000  -2.909091
58637.325467 20.103715      NaN   -27    11 c    0   1.11 162.10605 -25.15997   779.55  1440.78 2.57 2.39 -77.8 -0.429    19.45 21.22 02a58637o0198c 0x000000  -2.454545
58841.560549 20.009244      NaN   -50    12 c    0   0.83 162.10605 -25.15997  9863.22  9025.81 2.79 2.76 -23.5 -0.373    19.70 21.77 02a58841o0800c 0x000000  -4.166667
58841.564576 19.922338      NaN   -28    13 c    0   0.81 162.10605 -25.15997  9883.96  9064.34 2.82 2.80  61.2 -0.372    19.69 21.77 02a58841o0808c 0x000000  -2.153846
58841.569959 19.922338      NaN   -47    13 c    0   0.79 162.10605 -25.15997  9821.73  8986.06 2.90 2.81 -83.3 -0.380    19.65 21.77 02a58841o0819c 0x000000  -3.615385
58841.583624 20.103715      NaN   -58    11 c    0   1.06 162.10605 -25.15997  9806.71  9102.23 2.77 2.69 -64.8 -0.369    19.73 21.80 02a58841o0847c 0x000000  -5.272727
58869.464065 20.207197      NaN   -23    10 c    0   0.84 162.10605 -25.15997  5871.99  7208.96 2.49 2.35  39.4 -0.408    19.82 21.91 02a58869o0555c 0x000000  -2.300000
58869.468086 20.449472      NaN   -34     8 c    0   1.30 162.10605 -25.15997  5890.36  7246.77 2.55 2.39  38.1 -0.405    19.78 21.92 02a58869o0563c 0x000000  -4.250000
58869.475499 20.207197      NaN   -24    10 c    0   1.00 162.10605 -25.15997  5831.97  7168.47 2.47 2.41 -62.2 -0.413    19.77 21.95 02a58869o0578c 0x000000  -2.400000
58869.494615 20.321591      NaN   -11     9 c    0   1.21 162.10605 -25.15997  5815.42  7286.32 2.64 2.35  34.8 -0.398    19.83 21.98 02a58869o0617c 0x000000  -1.222222
58873.480088 20.321591      NaN   -19     9 c    0   1.38 162.10605 -25.15997  5875.03  7210.74 2.50 2.32  31.7 -0.411    19.76 21.77 02a58873o0588c 0x000000  -2.111111
58873.482833 19.922338      NaN   -37    13 c    0   0.71 162.10605 -25.15997  5894.08  7249.28 2.52 2.33  34.7 -0.406    19.81 21.78 02a58873o0594c 0x000000  -2.846154
58873.489260 20.103715      NaN   -36    11 c    0   0.91 162.10605 -25.15997  5834.14  7171.90 2.79 2.28  34.1 -0.393    19.80 21.81 02a58873o0608c 0x000000  -3.272727
58873.501136 20.321591      NaN   -13     9 c    0   1.55 162.10605 -25.15997  5813.64  7288.57 2.60 2.32  35.4 -0.403    19.81 21.82 02a58873o0633c 0x000000  -1.444444
58877.492944 20.207197      NaN   -37    10 c    0   0.96 162.10605 -25.15997  7161.91   915.14 2.62 2.51 -56.2 -0.400    19.70 21.90 02a58877o0611c 0x000000  -3.700000
58877.495808 20.321591      NaN   -23     9 c    0   1.04 162.10605 -25.15997  7181.50   954.47 2.53 2.41 -55.6 -0.399    19.75 21.90 02a58877o0617c 0x000000  -2.555556
58877.513549 20.207197      NaN   -12    10 c    0   1.07 162.10605 -25.15997  3439.45  9674.47 2.65 2.53 -34.1 -0.402    19.73 21.90 02a58877o0655c 0x000000  -1.200000
58877.518804 20.449472      NaN   -14     8 c    0   1.15 162.10605 -25.15997  7098.11   996.19 2.52 2.44  33.6 -0.392    19.73 21.90 02a58877o0666c 0x000000  -1.750000
58929.363758 20.207197      NaN    -5    10 c    0   0.89 162.10605 -25.15997  7792.45  7138.89 2.53 2.32 -65.2 -0.407    19.73 21.60 02a58929o0305c 0x000000  -0.500000
58929.367052 19.950541      NaN     8    10 c    0   1.18 162.10605 -25.15997  7813.96  7176.70 2.48 2.30 -67.4 -0.408    19.78 21.61 02a58929o0312c 0x000000   0.800000
58929.377202 19.950541      NaN     5    11 c    0   1.06 162.10605 -25.15997  7755.42  7101.44 2.52 2.34 -60.6 -0.404    19.68 21.59 02a58929o0333c 0x000000   0.454545
58929.382600 19.529530      NaN    23    11 c    0   0.68 162.10605 -25.15997  2810.97  3335.40 2.47 2.24 -59.6 -0.406    19.68 21.61 02a58929o0344c 0x000000   2.090909
58957.304278 19.609992      NaN    10    14 c    0   1.08 162.10605 -25.15997  4870.08   520.29 2.53 2.45 -81.3 -0.390    19.24 20.97 02a58957o0147c 0x000000   0.714286
58957.308367 19.334813      NaN    19    16 c    0   0.64 162.10605 -25.15997  4891.10   560.24 2.48 2.41 -87.2 -0.391    19.35 21.04 02a58957o0155c 0x000000   1.187500
58957.314344 19.569016      NaN     6    16 c    0   1.10 162.10605 -25.15997  5716.53 10069.71 2.91 2.68  41.6 -0.383    19.23 21.02 02a58957o0167c 0x000000   0.375000
58957.328289 19.271854      NaN    17    18 c    0   1.16 162.10605 -25.15997  5735.50  9951.93 3.01 2.55  43.7 -0.378    18.97 20.74 02a58957o0194c 0x000000   0.944444
58961.354909 19.841877      NaN     6    12 c    0   1.14 162.10605 -25.15997  5672.69 10039.09 2.85 2.49  53.6 -0.394    19.56 21.39 02a58961o0280c 0x000000   0.500000
58961.358114 19.841877      NaN    -4    14 c    0   0.62 162.10605 -25.15997  5652.46 10005.07 2.82 2.46  53.7 -0.389    19.57 21.39 02a58961o0287c 0x000000  -0.285714
58961.363726 19.696897      NaN     9    13 c    0   0.92 162.10605 -25.15997  5711.87 10081.58 3.08 2.47  49.1 -0.372    19.50 21.38 02a58961o0299c 0x000000   0.692308
58961.374301 19.766969      NaN   -12    15 c    0   0.76 162.10605 -25.15997  5733.93  9962.59 2.78 2.52  57.2 -0.392    19.55 21.32 02a58961o0322c 0x000000  -0.800000
58965.329887 20.009244      NaN   -15    12 c    0   0.97 162.10605 -25.15997  5339.23  5470.05 2.81 2.35  43.3 -0.377    19.52 21.26 02a58965o0222c 0x000000  -1.250000
58965.334502 20.071303      NaN     1    11 c    0   1.33 162.10605 -25.15997  5320.40  5431.38 2.69 2.43  48.0 -0.385    19.49 21.25 02a58965o0232c 0x000000   0.090909
58965.340056 20.103715      NaN    -2    11 c    0   1.24 162.10605 -25.15997  5379.02  5512.65 2.65 2.39  49.9 -0.385    19.54 21.24 02a58965o0244c 0x000000  -0.181818
58965.351272 19.894850      NaN     1    13 c    0   1.00 162.10605 -25.15997  5399.61  5395.29 2.71 2.50  50.2 -0.387    19.49 21.25 02a58965o0268c 0x000000   0.076923
58981.328992 19.674510      NaN    13    12 c    0   0.85 162.10605 -25.15997  9224.20  5254.83 2.63 2.52 -89.4 -0.388    19.61 21.54 02a58981o0212c 0x000000   1.083333
58981.332689 20.362567      NaN     2     8 c    0   1.74 162.10605 -25.15997  9203.20  5217.43 2.66 2.56 -84.6 -0.388    19.61 21.53 02a58981o0220c 0x000000   0.250000
58981.340044 19.652575      NaN     8    14 c    0   0.66 162.10605 -25.15997  9262.31  5294.25 2.61 2.52  60.9 -0.385    19.62 21.52 02a58981o0236c 0x000000   0.571429
58981.350245 20.103715      NaN   -17    11 c    0   1.15 162.10605 -25.15997  9283.13  5178.47 2.60 2.56 -84.4 -0.386    19.60 21.47 02a58981o0258c 0x000000  -1.545455
58985.277224 19.719755      NaN    11    12 c    0   0.95 162.10605 -25.15997  9228.35  5256.53 2.91 2.46  43.8 -0.375    19.58 21.37 02a58985o0098c 0x000000   0.916667
58985.281374 19.979496      NaN     1    12 c    0   1.08 162.10605 -25.15997  9212.74  5217.04 2.91 2.50  42.3 -0.373    19.57 21.40 02a58985o0107c 0x000000   0.083333
58985.286878 20.103715      NaN    -5    11 c    0   0.78 162.10605 -25.15997  9271.47  5294.88 2.79 2.45  45.4 -0.377    19.60 21.39 02a58985o0119c 0x000000  -0.454545
58985.298003 19.696897      NaN     9    13 c    0   0.78 162.10605 -25.15997  9293.75  5177.79 2.64 2.51  86.7 -0.392    19.64 21.33 02a58985o0143c 0x000000   0.692308
58989.284544 19.791368      NaN    11    11 c    0   0.86 162.10605 -25.15997  8690.87  1667.04 2.63 2.33 -67.0 -0.402    19.62 21.48 02a58989o0110c 0x000000   1.000000
58989.287338 20.207197      NaN   -10    10 c    0   1.13 162.10605 -25.15997  8672.28  1632.51 2.62 2.32 -65.7 -0.400    19.63 21.49 02a58989o0116c 0x000000  -1.000000
58989.292880 19.529530      NaN    17    13 c    0   0.80 162.10605 -25.15997  8730.08  1709.21 2.60 2.41 -71.4 -0.395    19.61 21.49 02a58989o0128c 0x000000   1.307692
58989.306717 19.743105      NaN    10    12 c    0   0.87 162.10605 -25.15997  8752.80  1593.36 2.60 2.27 -62.4 -0.406    19.61 21.52 02a58989o0158c 0x000000   0.833333
59016.251021 18.356290      NaN     9    52 c    0   1.15 162.10605 -25.15997  7299.26  5374.68 2.48 2.35 -74.3 -0.404    17.83 18.59 02a59016o0020c 0x100002   0.173077
59016.254249 18.675237      NaN    15    36 c    0   0.73 162.10605 -25.15997  7280.83  5335.08 2.77 2.43  45.9 -0.369    18.45 19.41 02a59016o0027c 0x100002   0.416667
59016.260248 19.766969      NaN    -4    15 c    0   1.04 162.10605 -25.15997  7339.37  5412.29 2.80 2.52  44.2 -0.371    19.27 20.73 02a59016o0040c 0x000000  -0.266667
59016.272226 19.922338      NaN   -19    13 c    0   1.03 162.10605 -25.15997  7357.44  5296.26 2.87 2.47  42.1 -0.369    19.48 21.21 02a59016o0066c 0x000000  -1.461538
59169.623961 19.922338      NaN   -13    13 c    0   0.97 162.10605 -25.15997  5197.31  5084.58 2.98 2.43  33.0 -0.371    19.37 21.02 02a59169o0963c 0x000000  -1.000000
59169.634154 19.529530      NaN    17    13 c    0   0.90 162.10605 -25.15997  5217.54  5122.71 2.80 2.40  34.4 -0.377    19.36 20.94 02a59169o0985c 0x000000   1.307692
59169.644784 15.158714      NaN    59  1026 c    0   0.83 162.10605 -25.15997  5161.66  5046.15 2.81 2.45  33.1 -0.387    15.93 17.54 02a59169o1008c 0x100002   0.057505
59169.653030 15.519544      NaN -1198   750 c    0   1.02 162.10605 -25.15997  5144.82  5160.89 3.32 2.73  35.1 -0.357    15.20 16.64 02a59169o1026c 0x100002  -1.597333
59195.600290 19.609992      NaN    13    13 c    0   0.87 162.10605 -25.15997  1499.32  5647.23 3.73 2.71   2.1 -0.327    19.42 21.77 01a59195o0901c 0x000000   1.000000
59195.603056 20.103715      NaN    -6    11 c    0   1.03 162.10605 -25.15997  1480.29  5608.35 3.13 2.54 -13.3 -0.379    19.54 21.76 01a59195o0907c 0x000000  -0.545455
59195.609505 20.009244      NaN     6    10 c    0   1.04 162.10605 -25.15997  1540.16  5687.99 3.00 2.64   2.5 -0.342    19.57 21.80 01a59195o0921c 0x000000   0.600000
59195.619987 20.039830      NaN     2    11 c    0   1.01 162.10605 -25.15997  1562.85  5572.34 3.34 2.77   9.7 -0.356    19.44 21.72 01a59195o0943c 0x000000   0.181818
59197.601746 19.894850      NaN     7    11 c    0   0.77 162.10605 -25.15997  7037.04  3056.57 2.55 2.35  39.6 -0.389    19.71 21.72 02a59197o0882c 0x000000   0.636364
59197.604490 20.103715      NaN     3    10 c    0   0.75 162.10605 -25.15997  7057.04  3095.36 2.43 2.34  42.8 -0.394    19.75 21.71 02a59197o0888c 0x000000   0.300000
59197.607235 20.009244      NaN    -8    12 c    0   0.71 162.10605 -25.15997  6997.57  3017.37 2.53 2.34  39.4 -0.390    19.73 21.72 02a59197o0894c 0x000000  -0.666667
59197.613181 20.009244      NaN    -9    12 c    0   0.67 162.10605 -25.15997  6978.51  3134.44 2.51 2.37  43.6 -0.392    19.71 21.70 02a59197o0907c 0x000000  -0.750000
59205.597139 20.103715      NaN     0    11 c    0   0.82 162.10605 -25.15997  5087.82  3145.66 2.51 2.38  42.1 -0.399    19.65 21.52 02a59205o0871c 0x000000   0.000000
59205.598969 19.979496      NaN     1    12 c    0   0.79 162.10605 -25.15997  5106.26  3184.11 2.53 2.41  45.1 -0.402    19.67 21.52 02a59205o0875c 0x000000   0.083333
59205.602629 20.103715      NaN     0    11 c    0   1.04 162.10605 -25.15997  5049.60  3107.60 2.52 2.45  58.3 -0.400    19.62 21.55 02a59205o0883c 0x000000   0.000000
59205.610055 20.039830      NaN     2    11 c    0   1.06 162.10605 -25.15997  5027.15  3221.76 2.60 2.38  39.2 -0.401    19.67 21.58 02a59205o0899c 0x000000   0.181818
59207.587642 19.510313      NaN    21    12 c    0   0.74 162.10605 -25.15997  6793.44  1797.48 2.89 2.67 -41.5 -0.365    19.68 21.74 01a59207o0839c 0x000000   1.750000
59207.590865 19.922338      NaN    12     9 c    0   1.28 162.10605 -25.15997  6775.23  1759.17 2.71 2.58 -37.9 -0.396    19.70 21.74 01a59207o0846c 0x000000   1.333333
59207.596395 19.894850      NaN     4    12 c    0   0.82 162.10605 -25.15997  6832.11  1836.12 2.96 2.73 -21.2 -0.373    19.66 21.77 01a59207o0858c 0x000000   0.333333
59207.601463 20.103715      NaN     3    10 c    0   1.19 162.10605 -25.15997  6851.17  1718.74 2.56 2.43  -7.4 -0.385    19.79 21.81 01a59207o0869c 0x000000   0.300000
59223.533790 19.841877      NaN    -1    14 c    0   0.87 162.10605 -25.15997  2787.23  3435.05 2.87 2.75  13.1 -0.359    19.30 21.55 01a59223o0733c 0x000000  -0.071429
59223.537012 19.950541      NaN     2    12 c    0   0.89 162.10605 -25.15997  2768.54  3396.28 2.58 2.46  71.0 -0.383    19.40 21.53 01a59223o0740c 0x000000   0.166667
59223.554907 19.302877      NaN   -24    23 c    0   1.03 162.10605 -25.15997  2829.09  3476.26 3.03 2.65  18.0 -0.337    18.80 21.04 01a59223o0778c 0x000000  -1.043478
59223.563134 17.829663      NaN     7    87 c    0   0.96 162.10605 -25.15997  2847.34  3360.29 2.66 2.38 -23.6 -0.359    17.06 19.09 01a59223o0795c 0x100002   0.080460
59227.542312 20.321591      NaN    -3     9 c    0   0.83 162.10605 -25.15997  7457.44  7303.48 2.35 2.22 -68.1 -0.379    19.87 22.11 01a59227o0695c 0x000000  -0.333333
59227.544160 20.207197      NaN   -20    10 c    0   0.70 162.10605 -25.15997  7438.94  7264.79 2.41 2.39  27.1 -0.373    19.85 22.12 01a59227o0699c 0x000000  -2.000000
59227.551903 20.362567      NaN     2     8 c    0   0.86 162.10605 -25.15997  7498.24  7341.02 2.55 2.37 -85.8 -0.370    19.85 22.12 01a59227o0715c 0x000000   0.250000
59227.560678 20.449472      NaN   -11     8 c    0   1.50 162.10605 -25.15997  7521.23  7225.87 2.56 2.42  17.8 -0.364    19.79 22.13 01a59227o0734c 0x000000  -1.375000
59229.523115 20.207197      NaN    -2    10 c    0   0.80 162.10605 -25.15997  9729.39  7074.34 2.65 2.54  56.3 -0.396    19.80 21.77 02a59229o0709c 0x000000  -0.200000
59229.524944 20.039830      NaN     2    11 c    0   0.71 162.10605 -25.15997  9748.07  7114.71 2.73 2.47  40.3 -0.394    19.77 21.78 02a59229o0713c 0x000000   0.181818
59229.527688 19.816329      NaN    16     9 c    0   1.12 162.10605 -25.15997  9690.20  7035.35 2.82 2.45  34.3 -0.389    19.75 21.80 02a59229o0719c 0x000000   1.777778
59229.533181 19.894850      NaN    10    10 c    0   0.96 162.10605 -25.15997  9670.68  7151.53 2.82 2.44  34.2 -0.388    19.77 21.82 02a59229o0731c 0x000000   1.000000
59231.511737 20.103715      NaN    -3    11 c    0   1.05 162.10605 -25.15997  7454.77  7301.80 3.11 2.92 -33.6 -0.370    19.61 22.02 01a59231o0552c 0x000000  -0.272727
59231.514984 19.950541      NaN     5    11 c    0   0.75 162.10605 -25.15997  7435.98  7263.74 3.05 2.72 -80.6 -0.370    19.67 22.03 01a59231o0559c 0x000000   0.454545
59231.517749 20.207197      NaN     3     9 c    0   1.20 162.10605 -25.15997  7495.30  7340.95 2.92 2.53 -81.6 -0.376    19.72 22.03 01a59231o0565c 0x000000   0.333333
59231.525113 20.009244      NaN     3    11 c    0   0.87 162.10605 -25.15997  7516.29  7224.79 3.04 2.54 -79.7 -0.380    19.69 22.06 01a59231o0581c 0x000000   0.272727
59235.625396 19.631075      NaN    12    13 c    0   0.57 162.10605 -25.15997  1793.21  6962.50 2.96 2.55 -77.5 -0.381    19.65 21.78 01a59235o0099c 0x000000   0.923077
59235.628616 19.436675      NaN    25    12 c    0   0.91 162.10605 -25.15997  1812.36  7000.14 2.99 2.63 -76.8 -0.380    19.61 21.78 01a59235o0106c 0x000000   2.083333
59235.634152 19.472870      NaN    20    13 c    0   0.73 162.10605 -25.15997  1753.65  6925.21 3.11 2.80 -76.5 -0.364    19.63 21.86 01a59235o0118c 0x000000   1.538462
59235.654095 19.922338      NaN    -8    13 c    0   1.04 162.10605 -25.15997  1734.30  7041.58 3.30 2.90 -77.7 -0.357    19.42 21.61 01a59235o0161c 0x000000  -0.615385
59253.529405 20.171596      NaN     1    10 c    0   1.45 162.10605 -25.15997  3401.51  5561.77 2.85 2.61  28.4 -0.366    19.59 21.78 02a59253o0414c 0x000000   0.100000
59253.532617 19.922338      NaN     6    11 c    0   0.93 162.10605 -25.15997  3383.26  5523.14 2.76 2.44  35.1 -0.374    19.65 21.77 02a59253o0421c 0x000000   0.545455
59253.539080 19.791368      NaN     8    12 c    0   1.20 162.10605 -25.15997  3441.83  5601.31 3.00 2.68  26.3 -0.365    19.58 21.77 02a59253o0435c 0x000000   0.666667
59253.549605 19.743105      NaN    10    12 c    0   1.01 162.10605 -25.15997  3461.95  5486.47 2.99 2.77  31.1 -0.362    19.54 21.75 02a59253o0458c 0x000000   0.833333
59255.461476 19.841877      NaN   -20    14 c    0   0.51 162.10605 -25.15997  5713.00 10034.94 2.84 2.79 -19.0 -0.346    19.53 22.07 01a59255o0534c 0x000000  -1.428571
59255.464234 20.071303      NaN     1    11 c    0   0.97 162.10605 -25.15997  5693.94  9996.82 2.72 2.69 -66.4 -0.349    19.60 22.07 01a59255o0540c 0x000000   0.090909
59255.467000 19.894850      NaN     4    12 c    0   0.70 162.10605 -25.15997  5753.60 10074.34 2.70 2.70  62.9 -0.354    19.58 22.04 01a59255o0546c 0x000000   0.333333
59255.472524 19.766969      NaN    15    10 c    0   0.93 162.10605 -25.15997  5774.13  9955.93 2.64 2.59  -7.3 -0.349    19.65 22.05 01a59255o0558c 0x000000   1.500000
59257.421569 20.103715      NaN     3    10 c    0   0.92 162.10605 -25.15997  7146.27  4996.89 2.66 2.30  30.4 -0.391    19.74 21.75 02a59257o0468c 0x000000   0.300000
59257.447642 20.103715      NaN     0    11 c    0   0.95 162.10605 -25.15997  7172.38  5035.69 2.69 2.40  34.6 -0.390    19.73 21.83 02a59257o0524c 0x000000   0.000000
59257.450854 20.171596      NaN     1    10 c    0   1.12 162.10605 -25.15997  7111.53  4958.91 2.66 2.40  35.5 -0.389    19.78 21.84 02a59257o0531c 0x000000   0.100000
59257.454980 20.071303      NaN     4    10 c    0   0.83 162.10605 -25.15997  7093.59  5072.99 2.66 2.33  38.3 -0.388    19.77 21.85 02a59257o0540c 0x000000   0.400000
59259.491034 19.922338      NaN    12     9 c    0   0.88 162.10605 -25.15997  5199.77  5104.83 2.35 2.18 -77.0 -0.363    19.85 22.01 01a59259o0432c 0x000000   1.333333
59259.525945 19.950541      NaN     5    11 c    0   0.73 162.10605 -25.15997  5227.30  5138.48 2.78 2.67 -70.6 -0.337    19.61 21.89 01a59259o0507c 0x000000   0.454545
59259.529170 20.171596      NaN     1    10 c    0   0.66 162.10605 -25.15997  5168.31  5061.30 2.60 2.47 -72.2 -0.354    19.67 21.87 01a59259o0514c 0x000000   0.100000
59259.535617 20.207197      NaN    -8    10 c    0   0.76 162.10605 -25.15997  5150.51  5174.77 2.47 2.41 -33.4 -0.347    19.74 21.82 01a59259o0528c 0x000000  -0.800000
59261.450025 20.039830      NaN     5    10 c    0   1.33 162.10605 -25.15997  2893.41   620.42 2.39 2.27 -81.2 -0.412    19.71 21.62 02a59261o0522c 0x000000   0.500000
59261.455551 19.922338      NaN     6    11 c    0   0.99 162.10605 -25.15997  2917.18   657.29 2.44 2.25 -68.0 -0.420    19.74 21.60 02a59261o0534c 0x000000   0.545455
59261.458762 20.009244      NaN    -2    12 c    0   0.53 162.10605 -25.15997  2855.44   580.31 2.37 2.25 -78.2 -0.413    19.72 21.60 02a59261o0541c 0x000000  -0.166667
59261.465204 19.674510      NaN    10    13 c    0   0.68 162.10605 -25.15997  2836.44   695.54 2.39 2.28 -76.3 -0.416    19.69 21.60 02a59261o0555c 0x000000   0.769231
59263.522163 19.241693      NaN     1    24 c    0   1.74 162.10605 -25.15997  5224.69  5134.54 2.50 2.46 -31.1 -0.335    18.39 20.46 01a59263o0545c 0x000000   0.041667
59263.553950 16.697966      NaN    52   236 c    0   0.92 162.10605 -25.15997  5156.68  5172.15 2.61 2.54 -66.6 -0.352    16.28 18.39 01a59263o0613c 0x100002   0.220339
59265.532948 19.128787      NaN   -21    27 c    0   0.83 162.10605 -25.15997  7649.82  9898.53 3.49 3.22  46.6 -0.363    18.41 20.62 02a59265o0396c 0x000000  -0.777778
59265.538464 18.362890      NaN    26    46 c    0   1.05 162.10605 -25.15997  7709.38  9979.54 3.88 3.61  50.5 -0.315    18.45 20.68 02a59265o0408c 0x100002   0.565217
59265.549935 17.533643      NaN    52   100 c    0   1.07 162.10605 -25.15997  7730.72  9861.05 3.29 3.03  46.5 -0.352    17.03 19.03 02a59265o0433c 0x100002   0.520000
59289.381737 20.207197      NaN   -11    10 c    0   0.86 162.10605 -25.15997  1177.07  3361.60 2.26 2.22 -37.4 -0.418    19.79 21.73 02a59289o0226c 0x000000  -1.100000
59289.383568 20.321591      NaN    -2     9 c    0   1.08 162.10605 -25.15997  1196.12  3399.39 2.26 2.19 -49.6 -0.420    19.78 21.72 02a59289o0230c 0x000000  -0.222222
59289.386317 20.321591      NaN    -6     9 c    0   1.33 162.10605 -25.15997  1138.95  3322.83 2.30 2.15 -52.9 -0.423    19.83 21.73 02a59289o0236c 0x000000  -0.666667
59289.392286 20.321591      NaN    -2     9 c    0   1.39 162.10605 -25.15997  1113.65  3438.64 2.34 2.15  21.8 -0.416    19.75 21.73 02a59289o0249c 0x000000  -0.222222
59307.364354 19.922338      NaN     9    10 c    0   0.84 162.10605 -25.15997  3270.31  5226.89 2.39 2.24 -86.7 -0.391    19.80 21.50 01a59307o0297c 0x000000   0.900000
59307.369899 20.137125      NaN     5     9 c    0   0.84 162.10605 -25.15997  3289.53  5264.69 2.44 2.26 -88.5 -0.394    19.78 21.50 01a59307o0309c 0x000000   0.555556
59307.376356 19.922338      NaN     6    11 c    0   0.73 162.10605 -25.15997  3231.57  5187.46 2.38 2.28 -89.1 -0.381    19.81 21.47 01a59307o0323c 0x000000   0.545455
59307.391879 20.071303      NaN     7     9 c    0   1.14 162.10605 -25.15997  3213.47  5303.26 2.35 2.28 -86.5 -0.384    19.80 21.51 01a59307o0355c 0x000000   0.777778
59311.351768 19.950541      NaN     8    10 c    0   0.85 162.10605 -25.15997  3270.63  5226.12 2.29 2.26 -38.3 -0.374    19.75 21.62 01a59311o0291c 0x000000   0.800000
59311.385884 20.207197      NaN    -8    10 c    0   0.80 162.10605 -25.15997  3291.12  5262.05 2.49 2.38 -12.0 -0.355    19.55 21.43 01a59311o0364c 0x000000  -0.800000
59311.414384 19.351140      NaN    -5    22 c    0   0.67 162.10605 -25.15997  3234.43  5182.11 2.53 2.49 -47.6 -0.371    18.76 20.57 01a59311o0425c 0x000000  -0.227273
59311.417608 19.089302      NaN   -16    28 c    0   0.72 162.10605 -25.15997  3217.04  5297.83 2.45 2.33 -44.4 -0.373    18.58 20.33 01a59311o0432c 0x000000  -0.571429
59315.357427 19.652575      NaN    17    11 c    0   0.90 162.10605 -25.15997  9096.17   831.73 2.62 2.33 -20.0 -0.356    19.95 21.66 01a59315o0301c 0x000000   1.545455
59315.360674 20.039830      NaN     5    10 c    0   0.80 162.10605 -25.15997  9115.03   871.27 2.40 2.28 -26.2 -0.383    19.95 21.63 01a59315o0308c 0x000000   0.500000
59315.366673 19.868040      NaN    11    10 c    0   0.95 162.10605 -25.15997  9056.22   791.71 2.44 2.28 -24.1 -0.371    19.92 21.61 01a59315o0321c 0x000000   1.100000
59315.376819 19.868040      NaN    11    10 c    0   1.12 162.10605 -25.15997  9037.54   906.87 2.53 2.27 -20.5 -0.366    19.92 21.56 01a59315o0343c 0x000000   1.100000
59319.338541 19.589310      NaN    17    12 c    0   0.73 162.10605 -25.15997  9094.47   832.97 2.52 2.35 -28.5 -0.378    19.92 21.70 01a59319o0259c 0x000000   1.416667
59319.342227 20.171596      NaN     1    10 c    0   0.85 162.10605 -25.15997  9114.47   871.46 2.54 2.33 -41.1 -0.378    19.94 21.71 01a59319o0267c 0x000000   0.100000
59319.348222 20.103715      NaN    -4    11 c    0   0.78 162.10605 -25.15997  9055.35   792.24 2.52 2.38 -34.3 -0.373    19.92 21.71 01a59319o0280c 0x000000  -0.363636
59319.359299 20.009244      NaN     6    10 c    0   0.75 162.10605 -25.15997  9036.89   906.28 2.60 2.38 -24.4 -0.366    19.94 21.67 01a59319o0304c 0x000000   0.600000
59337.330796 19.302877      NaN    18    17 c    0   0.85 162.10605 -25.15997  7422.66  7315.27 2.86 2.53  46.3 -0.381    19.23 21.12 02a59337o0226c 0x000000   1.058824
59337.334472 19.894850      NaN     4    12 c    0   1.83 162.10605 -25.15997  7402.88  7276.89 2.77 2.51  49.1 -0.388    19.30 21.18 02a59337o0234c 0x000000   0.333333
59337.340912 16.271154      NaN   253   291 c    0   0.94 162.10605 -25.15997  7461.11  7353.82 2.81 2.47  47.2 -0.389    17.17 18.94 02a59337o0248c 0x100002   0.869416
59337.351923 19.868040      NaN     8    11 c    0   1.32 162.10605 -25.15997  7482.42  7238.57 2.77 2.51  49.0 -0.380    19.48 21.36 02a59337o0272c 0x000000   0.727273
59349.289005 19.696897      NaN    -3    16 c    0   0.83 162.10605 -25.15997  9666.58  9831.03 3.19 3.01 -73.3 -0.352    19.43 21.31 02a59349o0101c 0x000000  -0.187500
59349.294535 19.696897      NaN    -8    16 c    0   0.87 162.10605 -25.15997  9646.38  9792.58 3.47 3.25 -70.0 -0.352    19.35 21.31 02a59349o0113c 0x000000  -0.500000
59349.298226 19.569016      NaN     9    15 c    0   0.69 162.10605 -25.15997  9707.01  9870.24 3.03 2.83 -68.4 -0.366    19.51 21.31 02a59349o0121c 0x000000   0.600000
59349.308797 19.696897      NaN   -13    16 c    0   0.79 162.10605 -25.15997  9729.75  9756.40 3.00 2.78 -70.4 -0.372    19.48 21.31 02a59349o0144c 0x000000  -0.812500
59367.275324 20.103715      NaN    -5    11 c    0   0.96 162.10605 -25.15997  5884.15  7217.70 2.21 2.11 -70.8 -0.394    19.77 21.25 01a59367o0089c 0x000000  -0.454545
59367.278549 20.321591      NaN   -23     9 c    0   0.86 162.10605 -25.15997  5903.44  7256.74 2.24 2.12 -72.1 -0.393    19.73 21.23 01a59367o0096c 0x000000  -2.555556
59367.284087 20.321591      NaN    -4     9 c    0   1.18 162.10605 -25.15997  5843.90  7180.20 2.23 2.04 -82.1 -0.401    19.75 21.21 01a59367o0108c 0x000000  -0.444444
59367.296059 20.207197      NaN    -2    10 c    0   1.07 162.10605 -25.15997  5825.21  7295.92 2.25 2.09 -75.6 -0.389    19.75 21.26 01a59367o0134c 0x000000  -0.200000
59371.252918 19.589310      NaN    17    12 c    0   1.43 162.10605 -25.15997  7103.47   919.07 2.52 2.47 -22.7 -0.378    19.42 20.67 01a59371o0036c 0x000000   1.416667
59371.257073 20.009244      NaN   -15    12 c    0   1.00 162.10605 -25.15997  7123.97   957.81 2.59 2.48 -12.0 -0.363    19.56 20.96 01a59371o0045c 0x000000  -1.250000
59371.263541 19.766969      NaN     9    12 c    0   0.95 162.10605 -25.15997  7064.28   880.41 2.56 2.46 -70.0 -0.380    19.61 21.11 01a59371o0059c 0x000000   0.750000
59371.275520 19.922338      NaN   -14    13 c    0   0.84 162.10605 -25.15997  7044.94   996.81 2.38 2.35 -53.8 -0.389    19.68 21.23 01a59371o0085c 0x000000  -1.076923
59379.249003 18.786693      NaN    39    24 c    0   0.82 162.10605 -25.15997  1149.86  3412.86 2.20 2.08  83.6 -0.386    18.86 19.53 01a59379o0024c 0x000000   1.625000
59379.252226 19.510313      NaN     9    16 c    0   1.10 162.10605 -25.15997  1169.92  3450.55 2.11 1.99  81.3 -0.400    19.26 20.14 01a59379o0031c 0x000000   0.562500
59379.260060 19.791368      NaN     8    12 c    0   1.11 162.10605 -25.15997  1108.98  3373.18 2.13 2.03  77.3 -0.396    19.61 20.90 01a59379o0048c 0x000000   0.666667
59379.273441 19.922338      NaN    -6    13 c    0   0.76 162.10605 -25.15997  1089.29  3488.52 2.18 2.04  85.0 -0.406    19.65 21.03 01a59379o0077c 0x000000  -0.461538
59525.607646 19.384550      NaN    13    17 c    0   0.87 162.10605 -25.15997  7785.64  7132.32 2.82 2.65  40.1 -0.388    19.18 20.67 02a59525o0363c 0x000000   0.764706
59525.612229 19.569016      NaN     3    17 c    0   0.89 162.10605 -25.15997  7804.19  7170.85 2.80 2.61  38.5 -0.385    19.25 20.70 02a59525o0373c 0x000000   0.176471
59525.630929 19.696897      NaN   -12    16 c    0   0.91 162.10605 -25.15997  7746.47  7093.35 2.89 2.72  42.8 -0.380    19.28 20.81 02a59525o0413c 0x000000  -0.750000
59525.641465 19.549093      NaN    10    15 c    0   0.96 162.10605 -25.15997  7728.66  7209.74 2.81 2.60  45.0 -0.380    19.27 20.68 02a59525o0436c 0x000000   0.666667
59529.623683 19.569016      NaN    15    13 c    0   1.11 162.10605 -25.15997  7779.31  7134.95 2.82 2.43  36.3 -0.384    19.40 20.91 02a59529o0954c 0x000000   1.153846
59529.636986 19.226921      NaN    32    14 c    0   1.22 162.10605 -25.15997  7798.17  7173.76 2.92 2.57  37.3 -0.378    19.29 20.84 02a59529o0983c 0x000000   2.285714
59529.642476 19.766969      NaN    -2    15 c    0   1.08 162.10605 -25.15997  7743.74  7095.76 2.84 2.52  35.4 -0.381    19.32 20.71 02a59529o0995c 0x000000  -0.133333
59529.649366 19.212347      NaN   -38    25 c    0   0.85 162.10605 -25.15997  7723.04  7210.76 2.82 2.47  38.9 -0.380    18.87 19.82 02a59529o1010c 0x000000  -1.520000
59585.628665 20.009244      NaN   -26    12 c    0   1.15 162.10605 -25.15997  9227.07  5272.38 2.73 2.64  57.4 -0.395    19.53 21.64 02a59585o0761c 0x000000  -2.166667
59585.632325 20.009244      NaN    -6    12 c    0   1.15 162.10605 -25.15997  9208.30  5233.75 2.82 2.71  51.7 -0.392    19.50 21.64 02a59585o0769c 0x000000  -0.500000
59585.638283 19.922338      NaN     0    13 c    0   0.96 162.10605 -25.15997  9267.63  5310.81 2.74 2.68  68.0 -0.396    19.51 21.65 02a59585o0782c 0x000000   0.000000
59585.648412 20.009244      NaN   -18    12 c    0   0.73 162.10605 -25.15997  9289.30  5191.45 2.73 2.67  73.6 -0.400    19.51 21.64 02a59585o0804c 0x000000  -1.500000
59589.598445 19.743105      NaN    10    12 c    0   1.08 162.10605 -25.15997  8685.84  1681.41 2.54 2.38 -71.4 -0.422    19.51 21.64 02a59589o0681c 0x000000   0.833333
59589.601645 19.841877      NaN    15     9 c    0   1.48 162.10605 -25.15997  8667.24  1643.50 2.50 2.34 -74.2 -0.421    19.54 21.63 02a59589o0688c 0x000000   1.666667
59589.609427 19.950541      NaN     5    11 c    0   1.00 162.10605 -25.15997  8724.45  1721.57 2.86 2.58  52.9 -0.393    19.38 21.59 02a59589o0705c 0x000000   0.454545
59589.620422 19.791368      NaN     8    12 c    0   0.95 162.10605 -25.15997  8746.79  1605.46 2.55 2.41 -85.3 -0.415    19.49 21.55 02a59589o0729c 0x000000   0.666667