         MJD         m       dm   uJy  duJy F  err   chi/N        RA      Dec        x        y  maj  min   phi  apfit  mag5sig   Sky            Obs     Mask    __tmp_SN
57745.629601 19.631075      NaN   -36    17 c    0    1.69 183.11254 29.14935  4290.82  2300.76 4.12 3.95  86.4 -0.372    19.49 21.36 02a57745o0790c 0x000000   -2.117647
57745.644778 19.696897      NaN   -70    16 c    0    2.16 183.11254 29.14935  4316.79  2338.06 4.08 3.91  85.0 -0.378    19.53 21.39 02a57745o0813c 0x000000   -4.375000
57745.660695 19.766969      NaN   -64    15 c    0    2.12 183.11254 29.14935  4265.87  2261.35 3.94 3.75  88.0 -0.387    19.46 21.18 02a57745o0837c 0x000000   -4.266667
57745.675853 17.883650      NaN  -156    85 c    0    1.39 183.11254 29.14935  4247.27  2380.10 4.05 3.86  86.3 -0.396    17.84 18.13 02a57745o0861c 0x100002   -1.835294
57753.611637 17.027593      NaN  -274   187 c    0    0.66 183.11254 29.14935  6611.80  1584.65 3.72 3.66  86.0 -0.448    17.57 19.41 02a57753o0640c 0x100002   -1.465241
57753.627076 17.004613      NaN   -76   191 c    0    1.10 183.11254 29.14935  6635.13  1623.68 3.73 3.67  88.2 -0.414    17.22 19.05 02a57753o0663c 0x100002   -0.397906
57753.644188 18.438271      NaN -1075    51 c    0    3.14 183.11254 29.14935  6566.03  1546.30 3.75 3.65  89.5 -0.414    18.03 19.89 02a57753o0687c 0x100002  -21.078431
57753.661171 18.675237      NaN  -109    41 c    0    1.49 183.11254 29.14935  6547.21  1667.68 3.78 3.68 -87.0 -0.406    18.51 20.32 02a57753o0711c 0x100002   -2.658537
57753.677378 16.062168      NaN  -646   455 c    0    1.00 183.11254 29.14935  3924.23  8841.07 3.73 3.62  -5.3 -0.459    16.81 17.54 02a57753o0734c 0x100002   -1.419780
57757.604416 20.103715      NaN  -324    11 c    0    4.39 183.11254 29.14935  4269.61  1523.04 3.78 3.66 -83.6 -0.404    19.84 21.85 02a57757o0731c 0x000000  -29.454545
57757.619947 20.009244      NaN   -73    12 c    0    3.02 183.11254 29.14935  4294.23  1562.30 3.79 3.67 -82.6 -0.407    19.86 21.89 02a57757o0754c 0x000000   -6.083333
57757.637072 20.103715      NaN  -336    11 c    0    3.62 183.11254 29.14935  4242.48  1484.42 3.80 3.68 -84.6 -0.405    19.88 21.93 02a57757o0778c 0x000000  -30.545455
57757.654036 19.922338      NaN   -57    13 c    0    3.23 183.11254 29.14935  4221.68  1604.74 3.82 3.69 -89.6 -0.403    19.86 21.92 02a57757o0802c 0x000000   -4.384615
57757.670276 19.212347      NaN   -35    25 c    0    3.07 183.11254 29.14935  6253.17  8903.77 3.41 3.21 -36.8 -0.415    19.13 20.44 02a57757o0825c 0x000000   -1.400000
57777.566001 19.922338      NaN  -135    13 c    0    2.85 183.11254 29.14935  6986.56  3029.52 3.90 3.74  79.6 -0.376    19.87 22.05 02a57777o0690c 0x000000  -10.384615
57777.580007 20.009244      NaN   -92    12 c    0    2.23 183.11254 29.14935  7002.28  3067.47 3.82 3.66  81.1 -0.387    19.91 22.08 02a57777o0714c 0x000000   -7.666667
57777.602371 20.009244      NaN  -213    12 c    0    5.22 183.11254 29.14935  3558.54  7461.07 3.74 3.65  53.1 -0.412    19.87 21.99 02a57777o0750c 0x000000  -17.750000
57777.612178 19.367717      NaN    17    16 c    0    3.50 183.11254 29.14935  3575.87  7341.72 3.86 3.78  63.0 -0.399    19.82 21.96 02a57777o0765c 0x000000    1.062500
57777.629933 19.841877      NaN  -131    14 c    0    2.94 183.11254 29.14935  3543.24  7401.32 3.91 3.82  66.9 -0.392    19.77 21.89 02a57777o0791c 0x000000   -9.357143
57781.548914 20.009244      NaN  -271    12 c    0    4.45 183.11254 29.14935  6639.14  2757.11 3.76 3.57 -84.6 -0.398    19.92 22.03 02a57781o0591c 0x000000  -22.583333
57781.579961 19.922338      NaN  -144    13 c    0    4.66 183.11254 29.14935  3851.34  7653.10 3.61 3.49  15.7 -0.456    19.90 22.02 02a57781o0647c 0x000000  -11.076923
57781.583591 20.009244      NaN  -145    12 c    0    4.63 183.11254 29.14935  3900.52  7730.70 3.51 3.39   1.6 -0.451    19.91 22.03 02a57781o0653c 0x000000  -12.083333
57781.594024 20.103715      NaN  -176    11 c    0    3.97 183.11254 29.14935  6585.92  2842.67 3.78 3.56 -85.5 -0.393    19.93 22.05 02a57781o0671c 0x000000  -16.000000
57781.620346 20.009244      NaN  -114    12 c    0    4.23 183.11254 29.14935  3884.35  7671.58 3.53 3.40  -0.4 -0.454    19.89 21.99 02a57781o0712c 0x000000   -9.500000
57809.516395 19.401649      NaN  -247    21 c    0    2.86 183.11254 29.14935  4366.07  7732.93 3.59 3.54  32.7 -0.442    19.17 21.16 02a57809o0538c 0x000000  -11.761905
57809.527798 19.401649      NaN  -221    21 c    0    2.77 183.11254 29.14935  4348.42  7694.50 3.61 3.55  25.3 -0.446    19.27 21.25 02a57809o0558c 0x000000  -10.523810
57809.549488 19.454622      NaN  -129    20 c    0    2.74 183.11254 29.14935  4418.33  7773.33 3.56 3.49  -3.9 -0.460    19.31 21.28 02a57809o0595c 0x000000   -6.450000
57809.554587 19.401649      NaN  -143    21 c    0    2.73 183.11254 29.14935  4436.21  7658.58 3.58 3.53  39.9 -0.438    19.27 21.22 02a57809o0605c 0x000000   -6.809524
57809.569784 18.757738      NaN  -149    38 c    0    2.12 183.11254 29.14935  4400.74  7713.24 3.57 3.50   3.9 -0.447    18.54 20.37 02a57809o0631c 0x100002   -3.921053
57817.434445 19.841877      NaN  -140    14 c    0    2.91 183.11254 29.14935  5561.67  3153.33 3.78 3.73  49.7 -0.385    19.46 21.33 02a57817o0322c 0x000000  -10.000000
57817.454094 19.766969      NaN  -132    15 c    0    2.32 183.11254 29.14935  5584.04  3199.63 3.75 3.65 -83.0 -0.386    19.72 21.79 02a57817o0357c 0x000000   -8.800000
57817.466355 19.922338      NaN  -112    13 c    0    3.74 183.11254 29.14935  5516.82  3121.61 3.75 3.65 -86.6 -0.387    19.76 21.88 02a57817o0379c 0x000000   -8.615385
57817.490636 20.103715      NaN  -288    11 c    0    5.71 183.11254 29.14935  5495.54  3242.20 3.78 3.69  88.9 -0.381    19.60 21.71 02a57817o0423c 0x000000  -26.181818
57817.494762 20.207197      NaN  -413    10 c    0    7.24 183.11254 29.14935  4938.21  7272.89 3.75 3.65  83.6 -0.411    19.75 21.88 02a57817o0429c 0x000000  -41.300000
57833.456160 19.569016      NaN  -252    18 c    0    3.08 183.11254 29.14935  4482.93  6829.97 3.66 3.64   0.6 -0.436    19.06 21.00 02a57833o0420c 0x000000  -14.000000
57833.490711 19.696897      NaN  -102    16 c    0    4.62 183.11254 29.14935  4463.59  6790.60 3.53 3.47 -14.8 -0.452    19.01 20.80 02a57833o0477c 0x000000   -6.375000
57833.493439 19.631075      NaN   -88    17 c    0    4.86 183.11254 29.14935  4514.29  6868.12 3.58 3.53 -23.1 -0.451    18.97 20.75 02a57833o0482c 0x000000   -5.176471
57833.510996 19.401649      NaN  -332    21 c    0    2.88 183.11254 29.14935  4550.64  6754.64 4.31 3.64   3.9 -0.420    18.78 20.54 02a57833o0511c 0x000000  -15.809524
57833.519225 19.401649      NaN  -106    21 c    0    2.93 183.11254 29.14935  4499.25  6810.44 3.59 3.55   8.0 -0.440    18.85 20.47 02a57833o0526c 0x000000   -5.047619
57837.454780 19.454622      NaN  -267    20 c    0    2.56 183.11254 29.14935  3751.55  7912.80 4.24 4.04   9.3 -0.379    18.94 20.97 02a57837o0348c 0x000000  -13.350000
57837.467993 19.454622      NaN  -222    20 c    0    2.96 183.11254 29.14935  3735.18  7873.68 4.50 3.79   1.4 -0.402    18.91 20.96 02a57837o0371c 0x000000  -11.100000
57837.488126 19.454622      NaN  -222    20 c    0    2.51 183.11254 29.14935  3802.27  7953.45 4.05 3.59   5.9 -0.439    19.01 21.00 02a57837o0404c 0x000000  -11.100000
57837.494511 19.569016      NaN  -234    18 c    0    3.88 183.11254 29.14935  3819.37  7835.27 3.65 3.54   6.7 -0.442    19.06 20.99 02a57837o0416c 0x000000  -13.000000
57837.519566 19.510313      NaN  -215    19 c    0    2.84 183.11254 29.14935  3769.86  7893.69 3.89 3.76  53.3 -0.431    19.01 20.96 02a57837o0458c 0x000000  -11.315789
57841.450449 19.401649      NaN  -461    21 c    0    2.61 183.11254 29.14935  3713.67  9259.11 4.72 4.00   0.7 -0.399    18.87 20.95 02a57841o0417c 0x000000  -21.952381
57841.461217 19.401649      NaN  -105    21 c    0    3.06 183.11254 29.14935  3697.78  9218.43 4.33 3.62   4.4 -0.395    18.94 20.92 02a57841o0437c 0x000000   -5.000000
57841.465219 19.510313      NaN  -278    19 c    0    3.57 183.11254 29.14935  3765.72  9296.16 4.00 3.58   8.1 -0.404    18.99 20.92 02a57841o0444c 0x000000  -14.631579
57841.487110 19.454622      NaN   -80    20 c    0    4.16 183.11254 29.14935  3782.90  9180.32 3.84 3.62   8.9 -0.430    18.97 20.86 02a57841o0484c 0x000000   -4.000000
57841.502400 19.454622      NaN  -309    20 c    0    5.65 183.11254 29.14935  3750.97  9236.90 3.61 3.41  -0.5 -0.420    18.97 20.79 02a57841o0510c 0x000000  -15.450000
57869.495223 19.287255      NaN    31    13 c    0    8.48 183.11254 29.14935  3645.54  9510.28 2.82 2.53  -2.1 -0.459    19.34 20.46 02a57869o0304c 0x000000    2.384615
57869.524856 19.922338      NaN  -109    13 c    0    7.20 183.11254 29.14935  3680.03  9551.21 2.93 2.59  -0.6 -0.459    19.16 20.27 02a57869o0360c 0x000000   -8.384615
57869.539743 19.454622      NaN    12    16 c    0    5.27 183.11254 29.14935  3699.34  9433.52 2.94 2.61   1.1 -0.458    19.04 20.10 02a57869o0388c 0x000000    0.750000
57869.554590 19.454622      NaN   -11    20 c    0    2.00 183.11254 29.14935  3663.94  9496.88 3.55 3.20  -0.4 -0.428    18.74 19.95 02a57869o0416c 0x000000   -0.550000
57893.339185 20.207197      NaN   -53    10 c    0   33.52 183.11254 29.14935  3318.88 10184.51 2.68 2.32  -4.1 -0.476    19.77 21.57 02a57893o0181c 0x100001   -5.300000
57893.357540 19.841877      NaN  -161    14 c    0    4.32 183.11254 29.14935  8401.02   488.08 4.71 2.65  42.7 -0.410    19.77 21.69 02a57893o0216c 0x000000  -11.500000
57893.368064 19.652575 0.260577    50    12 c    0   16.90 183.11254 29.14935  3305.38 10143.00 2.66 2.32  -4.8 -0.485    19.81 21.58 02a57893o0236c 0x100001    4.166667
57893.368586 19.841877      NaN  -125    14 c    0    4.80 183.11254 29.14935  8386.31   447.83 4.58 2.70  43.1 -0.424    19.77 21.62 02a57893o0237c 0x000000   -8.928571
57893.371717 20.207197      NaN   -60    10 c    0   17.87 183.11254 29.14935  3373.28 10221.07 2.69 2.37  -3.0 -0.481    19.75 21.55 02a57893o0243c 0x100001   -6.000000
57893.387418 20.009244      NaN   -13    12 c    0   25.91 183.11254 29.14935  3391.78 10103.50 2.63 2.32  -4.0 -0.483    19.77 21.48 02a57893o0271c 0x100001   -1.083333
57893.389498 19.766969      NaN  -128    15 c    0    2.85 183.11254 29.14935  8456.61   527.05 4.58 2.73  44.0 -0.428    19.74 21.53 02a57893o0275c 0x000000   -8.533333
57893.392638 19.696897      NaN  -203    16 c    0    2.72 183.11254 29.14935  8475.64   408.61 4.83 2.77  43.4 -0.405    19.71 21.50 02a57893o0281c 0x000000  -12.687500
57893.408636 19.529530 0.252046    56    13 c    0   23.97 183.11254 29.14935  3341.22 10162.27 2.74 2.41  -0.7 -0.478    19.62 21.39 02a57893o0310c 0x100001    4.307692
57893.410203 19.841877      NaN  -199    14 c    0    3.30 183.11254 29.14935  8424.42   466.95 5.02 2.80  44.1 -0.407    19.68 21.46 02a57893o0313c 0x000000  -14.214286
57901.329086 20.761819      NaN -1528     6 c    0  287.07 183.11254 29.14935  4388.46  8661.91 2.58 2.35  12.6 -0.491    19.84 21.68 02a57901o0098c 0x100001 -254.666667
57901.351066 20.207197      NaN   -87    10 c    0   23.27 183.11254 29.14935  4368.72  8622.31 2.64 2.37   6.7 -0.491    19.80 21.63 02a57901o0141c 0x100001   -8.700000
57901.355125 20.449472      NaN  -194     8 c    0   11.94 183.11254 29.14935  4418.83  8700.80 2.57 2.31   8.4 -0.505    19.83 21.61 02a57901o0149c 0x100001  -24.250000
57901.376248 20.449472      NaN  -225     8 c    0   32.30 183.11254 29.14935  4439.18  8581.50 2.61 2.38   9.4 -0.504    19.77 21.51 02a57901o0190c 0x100001  -28.125000
57901.390281 20.321591      NaN  -263     9 c    0    7.79 183.11254 29.14935  4406.32  8640.95 2.58 2.36   8.2 -0.487    19.74 21.47 02a57901o0216c 0x000000  -29.222222
58135.655833 17.821591 0.048255   270    12 c    0    9.65 183.11254 29.14935  9531.67  4167.06 3.98 2.91   2.0 -0.403    19.56 21.84 02a58135o0944c 0x000000   22.500000
58163.590531 20.321591      NaN -3937     9 c    0  330.65 183.11254 29.14935    92.65  5003.59 2.48 2.41  22.0 -0.355    17.37 19.26 02a58163o0690c 0x100001 -437.444444
58163.599084 18.317510      NaN  -518    57 c    0    2.24 183.11254 29.14935  9675.86  5023.84 2.66 2.59  77.6 -0.413    17.94 19.81 02a58163o0707c 0x100002   -9.087719
58163.607160 14.904940 0.032602  3963   119 c    0   10.03 183.11254 29.14935   145.15  5079.16 2.64 2.49  25.4 -0.374    16.85 18.73 02a58163o0722c 0x100003   33.302521
58163.608541 15.701403 0.043932  1903    77 c    0   10.61 183.11254 29.14935  9659.92  4982.37 2.69 2.63  69.9 -0.434    17.63 19.49 02a58163o0725c 0x100003   24.714286
58163.612537 20.009244      NaN  -190    12 c    0   13.19 183.11254 29.14935  9711.48  5061.54 2.64 2.57  65.7 -0.441    19.13 21.15 02a58163o0733c 0x100001  -15.833333
58163.612992 19.026525      NaN    14    25 c    0    3.89 183.11254 29.14935   179.54  4958.96 2.53 2.37  22.4 -0.441    18.42 20.32 02a58163o0734c 0x000000    0.560000
58163.627490 19.652575      NaN    23     9 c    0   11.27 183.11254 29.14935  9727.85  4948.05 2.78 2.65  64.7 -0.433    19.77 21.93 02a58163o0763c 0x100001    2.555556
58167.575029 19.142275 0.122145    80     9 c    0   21.47 183.11254 29.14935   701.75  2404.59 2.76 2.46  54.3 -0.470    19.82 21.88 02a58167o0760c 0x100001    8.888889
58167.584353 17.281543      NaN  -374   148 c    0    1.07 183.11254 29.14935 10284.93  2414.58 2.91 2.69  56.1 -0.481    17.45 19.31 02a58167o0779c 0x100002   -2.527027
58167.592686 20.761819      NaN -1159     6 c    0  242.22 183.11254 29.14935   686.24  2363.15 2.76 2.41  44.0 -0.458    19.80 21.88 02a58167o0796c 0x100001 -193.166667
58167.595116 20.594452      NaN   -68     7 c    0   10.62 183.11254 29.14935 10269.48  2373.95 2.97 2.61  54.8 -0.454    19.83 21.93 02a58167o0801c 0x100001   -9.714286
58167.596589 18.203116 0.057144   190    10 c    0   10.86 183.11254 29.14935   738.28  2441.23 2.81 2.45  43.8 -0.462    19.76 21.85 02a58167o0804c 0x100001   19.000000
58167.611575 16.497635 0.180560   914   152 c    0    3.62 183.11254 29.14935   771.48  2324.95 2.72 2.35  40.8 -0.477    16.99 18.59 02a58167o0834c 0x100002    6.013158
58167.612032 18.356290      NaN  -556    55 c    0    2.67 183.11254 29.14935 10321.35  2452.99 2.87 2.60  57.3 -0.444    17.69 19.40 02a58167o0835c 0x100002  -10.109091
58167.615462 18.910912      NaN  -363    33 c    0    2.90 183.11254 29.14935 10339.78  2335.20 2.92 2.60  51.4 -0.457    18.17 19.92 02a58167o0842c 0x100002  -11.000000
58171.552477 18.878500 0.319334   102    30 c    0    2.18 183.11254 29.14935  8951.87  2585.20 2.63 2.48  62.8 -0.438    18.49 20.24 02a58171o0491c 0x100002    3.400000
58171.563367 15.768474 0.095283  1789   157 c    0    2.91 183.11254 29.14935  8933.98  2543.48 2.81 2.64  58.8 -0.436    16.82 18.51 02a58171o0513c 0x100002   11.394904
58171.581186 17.829663      NaN    34    78 c    0    1.15 183.11254 29.14935  8984.07  2623.36 2.85 2.63  57.5 -0.435    17.48 19.23 02a58171o0547c 0x100002    0.435897
58171.584776 18.376212      NaN  -341    54 c    0    2.16 183.11254 29.14935  9019.72  2505.92 2.76 2.56  56.2 -0.434    17.78 19.48 02a58171o0554c 0x100002   -6.314815
58194.449462 20.449472      NaN  -116     8 c    0   10.58 183.11254 29.14935  4290.46  8716.67 2.61 2.53 -18.8 -0.436    19.79 21.71 02a58194o0505c 0x100001  -14.500000
58194.464198 20.321591      NaN  -166     9 c    0   38.67 183.11254 29.14935  4269.00  8680.18 2.46 2.38  -9.2 -0.442    19.82 21.70 02a58194o0537c 0x100001  -18.444444
58194.470432 20.321591      NaN   -18     9 c    0   10.46 183.11254 29.14935  4313.53  8753.14 2.82 2.67 -12.6 -0.414    19.73 21.68 02a58194o0548c 0x100001   -2.000000
58194.480605 21.202047      NaN  -779     4 c    0  249.84 183.11254 29.14935  4333.46  8640.95 2.46 2.34  -8.4 -0.444    19.81 21.67 02a58194o0570c 0x100001 -194.750000
58227.435819 18.590371 0.106125   133    13 c    0   10.78 183.11254 29.14935   923.11  2339.10 2.57 2.33  42.8 -0.452    19.24 20.99 02a58227o0265c 0x100001   10.230769
58227.449470 18.336727 0.122792   168    19 c    0    9.66 183.11254 29.14935   906.69  2296.99 2.67 2.41  41.1 -0.443    18.90 20.68 02a58227o0292c 0x000000    8.842105
58227.450853 19.256669      NaN  -600    24 c    0   13.17 183.11254 29.14935 10509.12  2352.73 2.82 2.60  49.1 -0.461    18.80 20.52 02a58227o0295c 0x100001  -25.000000
58227.452221 18.816441      NaN  -260    36 c    0    7.61 183.11254 29.14935 10492.95  2315.60 2.88 2.60  53.6 -0.441    18.51 20.22 02a58227o0298c 0x100002   -7.222222
58227.453591 18.481707      NaN  -145    49 c    0    2.49 183.11254 29.14935   958.72  2375.32 2.61 2.34  40.4 -0.440    17.55 19.18 02a58227o0301c 0x100002   -2.959184
58227.468004 18.356290 0.210567   165    32 c    0    2.17 183.11254 29.14935   973.79  2258.08 2.70 2.42  41.0 -0.446    18.49 20.15 02a58227o0331c 0x100002    5.156250
58251.405185 20.449472      NaN   -97     8 c    0   24.39 183.11254 29.14935  7607.94  4408.48 2.63 2.59 -50.6 -0.412    19.74 21.75 02a58251o0386c 0x100001  -12.125000
58251.506011 20.103715      NaN  -178    11 c    0    6.49 183.11254 29.14935  9499.29  3634.77 2.68 2.53 -45.5 -0.417    19.48 21.15 02a58251o0590c 0x000000  -16.181818
58251.514583 20.009244      NaN   -10    12 c    0    8.44 183.11254 29.14935  9497.59  3637.52 2.69 2.52 -43.3 -0.419    19.40 21.07 02a58251o0608c 0x000000   -0.833333
58251.521446 18.847027 0.144765   105    14 c    0    6.05 183.11254 29.14935  9495.35  3641.19 2.83 2.64 -38.2 -0.407    19.33 21.01 02a58251o0621c 0x000000    7.500000
58252.464791 20.009244      NaN    -7    12 c    0    5.92 183.11254 29.14935  9508.30  3627.53 2.59 2.55 -35.5 -0.428    19.63 21.31 02a58252o0480c 0x000000   -0.583333
58252.480381 19.384550      NaN    25    13 c    0    6.64 183.11254 29.14935  9505.27  3631.29 2.63 2.51 -36.0 -0.418    19.56 21.19 02a58252o0510c 0x000000    1.923077
58252.492831 19.318728      NaN    32    12 c    0    9.43 183.11254 29.14935  9502.97  3633.14 2.64 2.59 -42.8 -0.424    19.52 21.15 02a58252o0534c 0x000000    2.666667
58252.506544 19.922338      NaN  -102    13 c    0    7.26 183.11254 29.14935  9499.58  3654.14 2.71 2.63 -31.9 -0.427    19.40 21.01 02a58252o0560c 0x000000   -7.846154
58255.396319 19.766969      NaN    15    10 c    0    9.49 183.11254 29.14935  8254.83  3388.18 2.57 2.49  39.5 -0.422    19.61 21.58 02a58255o0103c 0x000000    1.500000
58255.407429 19.569016      NaN  -184    18 c    0    3.25 183.11254 29.14935  8238.27  3348.78 2.63 2.57  39.0 -0.424    18.76 20.58 02a58255o0126c 0x000000  -10.222222
58259.349276 19.922338      NaN     3    12 c    0   10.71 183.11254 29.14935  1596.05  3266.42 2.45 2.43 -79.6 -0.403    19.42 20.72 02a58259o0019c 0x100001    0.250000
58259.361201 19.510313 0.228576    57    12 c    0    7.78 183.11254 29.14935  1576.79  3227.62 2.51 2.44  40.0 -0.418    19.35 20.70 02a58259o0041c 0x000000    4.750000
58259.372269 20.009244      NaN  -186    12 c    0   10.66 183.11254 29.14935  1627.87  3306.04 2.58 2.51  36.5 -0.414    19.33 20.72 02a58259o0062c 0x100001  -15.500000
58259.383944 20.009244      NaN   -17    12 c    0   11.84 183.11254 29.14935  1645.01  3188.27 2.68 2.52  32.5 -0.413    19.32 20.71 02a58259o0085c 0x100001   -1.416667
58279.352671 20.009244 0.301593    36    10 c    0   10.39 183.11254 29.14935  1504.12  3126.33 2.48 2.43  32.9 -0.414    19.50 21.24 02a58279o0234c 0x100001    3.600000
58279.364106 19.367717 0.200444    65    12 c    0    6.73 183.11254 29.14935  1487.19  3088.41 2.48 2.46  48.8 -0.411    19.44 21.19 02a58279o0257c 0x000000    5.416667
58279.375259 19.384550      NaN    25    13 c    0    6.91 183.11254 29.14935  1555.30  3165.25 2.51 2.48  38.5 -0.411    19.36 21.10 02a58279o0280c 0x000000    1.923077
58279.386685 19.922338      NaN   -71    13 c    0   10.06 183.11254 29.14935  1572.45  3048.61 2.50 2.42  36.9 -0.413    19.33 21.05 02a58279o0303c 0x100001   -5.461538
58287.321530 19.569016      NaN   -90    18 c    0    3.81 183.11254 29.14935  8301.62  3302.69 2.64 2.60 -63.0 -0.418    19.26 20.67 02a58287o0163c 0x000000   -5.000000
58287.332259 20.009244      NaN  -175    12 c    0    4.93 183.11254 29.14935  8283.60  3265.65 2.55 2.49 -46.5 -0.404    19.36 20.72 02a58287o0185c 0x000000  -14.583333
58287.342699 20.009244      NaN  -171    12 c    0   10.25 183.11254 29.14935  8333.41  3343.90 2.58 2.50 -42.9 -0.417    19.42 20.84 02a58287o0206c 0x100001  -14.250000
58287.353214 19.589310 0.286798    53    14 c    0    5.56 183.11254 29.14935  8367.51  3228.27 2.58 2.54 -10.2 -0.420    19.44 20.92 02a58287o0228c 0x000000    3.785714
58307.312856 20.207197      NaN   -18    10 c    0    6.39 183.11254 29.14935  8954.14  3170.99 2.87 2.66 -37.6 -0.409    19.55 21.39 02a58307o0130c 0x000000   -1.800000
58307.323415 20.207197      NaN  -119    10 c    0    5.39 183.11254 29.14935  8937.83  3129.01 2.70 2.66 -16.7 -0.416    19.54 21.35 02a58307o0152c 0x000000  -11.900000
58307.334681 20.207197      NaN   -17    10 c    0    3.06 183.11254 29.14935  8988.34  3206.84 2.69 2.63  -7.5 -0.421    19.51 21.30 02a58307o0175c 0x000000   -1.700000
58311.308730 20.449472      NaN  -112     8 c    0   14.49 183.11254 29.14935  7879.06  5514.06 2.83 2.54 -36.3 -0.396    19.48 21.17 02a58311o0140c 0x100001  -14.000000
58311.319678 20.103715      NaN  -155    11 c    0    5.64 183.11254 29.14935  7862.66  5475.88 2.89 2.59 -45.4 -0.376    19.47 21.14 02a58311o0163c 0x000000  -14.090909
58311.330671 20.009244      NaN   -52    12 c    0    3.73 183.11254 29.14935  7930.30  5555.34 2.99 2.66 -37.3 -0.387    19.36 21.05 02a58311o0186c 0x000000   -4.333333
58311.341764 19.766969      NaN   -39    15 c    0    6.04 183.11254 29.14935  7951.76  5435.43 2.76 2.61 -39.2 -0.404    19.34 20.97 02a58311o0209c 0x000000   -2.600000
58315.280209 18.967180 0.242558    94    21 c    0    3.94 183.11254 29.14935   326.94  2522.99 2.39 2.38  -2.3 -0.441    19.01 20.41 02a58315o0083c 0x000000    4.476190
58315.290746 19.922338      NaN   -20    13 c    0    5.27 183.11254 29.14935   293.63  2483.71 2.40 2.36  55.9 -0.439    19.26 20.75 02a58315o0105c 0x000000   -1.538462
58315.291667 20.009244      NaN   -83    12 c    0    5.70 183.11254 29.14935  9885.20  2524.83 2.67 2.53 -18.2 -0.443    19.37 20.93 02a58315o0107c 0x000000   -6.916667
58315.301736 19.816329 0.328246    43    13 c    0    9.91 183.11254 29.14935   365.15  2558.07 2.44 2.36  36.3 -0.443    19.22 20.71 02a58315o0128c 0x000000    3.307692
58315.302192 19.922338      NaN   -84    13 c    0    7.18 183.11254 29.14935  9869.88  2484.63 2.66 2.54 -29.2 -0.437    19.34 20.90 02a58315o0129c 0x000000   -6.461538
58315.312373 18.910912      NaN    27    24 c    0    3.47 183.11254 29.14935   384.04  2439.79 2.68 2.56  57.0 -0.441    18.42 19.90 02a58315o0150c 0x000000    1.125000
58315.313482 19.155932      NaN    19    20 c    0    3.97 183.11254 29.14935  9939.47  2563.80 2.72 2.63   9.9 -0.459    18.81 20.38 02a58315o0152c 0x000000    0.950000
58315.324072 19.922338      NaN  -128    13 c    0    4.46 183.11254 29.14935  9957.75  2447.99 2.74 2.64 -19.0 -0.442    19.32 21.02 02a58315o0174c 0x000000   -9.846154
58331.280356 16.515601 0.248789   899   206 c    0    2.13 183.11254 29.14935  9494.09  2769.46 3.08 3.00 -34.9 -0.402    16.59 17.97 02a58331o0093c 0x100002    4.364078
58331.291122 17.785989      NaN  -322    93 c    0    0.96 183.11254 29.14935  9477.92  2733.49 3.04 2.93 -40.1 -0.369    17.40 18.64 02a58331o0115c 0x100002   -3.462366
58331.301435 15.712298      NaN   837   349 c    0    1.55 183.11254 29.14935  9528.33  2819.14 2.83 2.63 -31.8 -0.422    16.46 17.66 02a58331o0136c 0x100002    2.398281
58335.245607 14.832610      NaN -1222  1412 c    0    1.50 183.11254 29.14935  1087.59  5305.25 2.75 2.59 -87.1 -0.462    14.02 14.99 02a58335o0030c 0x100002   -0.865439
58335.251312 15.510892      NaN  -240   756 c    0    1.65 183.11254 29.14935  1070.80  5265.49 2.52 2.47 -58.2 -0.415    14.57 15.74 02a58335o0042c 0x100002   -0.317460
58335.259304 18.574166      NaN     3    44 c    0    1.50 183.11254 29.14935  1122.66  5342.43 2.56 2.52   7.6 -0.430    17.93 19.21 02a58335o0059c 0x100002    0.068182
58335.269234 18.142010      NaN  -181    67 c    0    1.80 183.11254 29.14935  1142.07  5227.33 2.56 2.45 -15.6 -0.440    17.97 19.31 02a58335o0080c 0x100002   -2.701493
58339.242449 16.322489      NaN  -356   358 c    0    1.11 183.11254 29.14935   488.40  5043.45 2.47 2.38 -55.8 -0.453    16.04 16.90 02a58339o0028c 0x100002   -0.994413
58339.247295 17.536732      NaN    27   108 c    0    1.73 183.11254 29.14935   456.18  5003.67 2.73 2.64 -61.9 -0.302    16.16 17.16 02a58339o0038c 0x100002    0.250000
58339.250142 17.976960      NaN -1468    78 c    0    2.15 183.11254 29.14935 10030.90  5050.84 2.77 2.58 -30.7 -0.396    16.26 17.26 02a58339o0044c 0x100002  -18.820513
58339.255122 18.847027      NaN  -366    35 c    0    3.19 183.11254 29.14935   527.32  5079.82 2.46 2.37   2.1 -0.410    18.07 19.26 02a58339o0054c 0x100002  -10.457143
58339.258883 18.944322      NaN -2248    32 c    0    4.76 183.11254 29.14935 10014.14  5012.79 2.75 2.57 -16.9 -0.430    16.63 17.84 02a58339o0062c 0x100002  -70.250000
58339.265340 15.684982 0.087668  1932   156 c    0    3.00 183.11254 29.14935   547.60  4964.82 2.62 2.52 -26.1 -0.375    17.42 18.70 02a58339o0075c 0x100002   12.384615
58339.269988 15.738546 0.052545  1839    89 c    0    8.71 183.11254 29.14935 10083.49  5090.98 2.86 2.64 -19.3 -0.404    16.09 17.43 02a58339o0085c 0x100002   20.662921
58339.280411 15.811810      NaN -1719   573 c    0    1.12 183.11254 29.14935 10101.21  4977.75 2.87 2.63 -24.7 -0.397    14.61 15.84 02a58339o0107c 0x100002   -3.000000
58459.660556 18.631975 0.152682   128    18 c    0    3.59 183.11254 29.14935  9515.74  2992.69 2.68 2.60  63.3 -0.442    19.27 20.58 02a58459o0955c 0x000000    7.111111
58459.670629 17.122592      NaN   250    88 c    0    1.31 183.11254 29.14935  9531.67  3033.25 2.66 2.57  77.3 -0.460    17.30 18.04 02a58459o0972c 0x100002    2.840909
58487.619461 20.321591      NaN   -42     9 c    0    9.33 183.11254 29.14935  1064.88  4928.96 2.64 2.62  17.5 -0.419    19.59 21.79 02a58487o0855c 0x000000   -4.666667
58487.628393 20.761819      NaN  -857     6 c    0  125.32 183.11254 29.14935  1081.50  4969.96 2.59 2.58 -66.4 -0.423    19.62 21.80 02a58487o0872c 0x100001 -142.833333
58487.637747 20.449472      NaN  -150     8 c    0   16.64 183.11254 29.14935  1012.88  4891.07 2.55 2.53 -83.5 -0.424    19.67 21.78 02a58487o0889c 0x100001  -18.750000
58487.647911 20.594452      NaN  -287     7 c    0   26.22 183.11254 29.14935   996.27  5008.53 2.49 2.47  -4.4 -0.426    19.68 21.76 02a58487o0906c 0x100001  -41.000000
58491.601658 20.959772      NaN  -553     5 c    0  151.71 183.11254 29.14935  5730.31  8857.58 2.49 2.35   3.2 -0.454    19.81 21.98 02a58491o0826c 0x100001 -110.600000
58491.620313 20.321591      NaN   -25     9 c    0   20.64 183.11254 29.14935  5769.17  8895.77 2.50 2.39   3.0 -0.455    19.79 21.97 02a58491o0863c 0x100001   -2.777778
58491.628916 20.449472      NaN  -283     8 c    0   46.43 183.11254 29.14935  5699.91  8819.43 2.53 2.41   5.2 -0.453    19.76 21.97 02a58491o0880c 0x100001  -35.375000
58491.638619 20.449472      NaN  -164     8 c    0   24.56 183.11254 29.14935  5682.59  8939.84 2.52 2.35  -0.5 -0.457    19.79 21.95 02a58491o0898c 0x100001  -20.500000
58519.548703 20.594452      NaN  -137     7 c    0   23.17 183.11254 29.14935  7601.56  3034.51 2.58 2.49  62.4 -0.415    19.86 22.03 02a58519o0698c 0x100001  -19.571429
58519.559514 20.594452      NaN   -76     7 c    0   15.20 183.11254 29.14935  2997.02  7499.75 2.47 2.36   2.2 -0.447    19.88 22.04 02a58519o0720c 0x100001  -10.857143
58519.575923 19.922338      NaN    12     9 c    0   18.59 183.11254 29.14935  3040.37  7577.23 2.45 2.34 -21.2 -0.444    19.91 22.04 02a58519o0753c 0x100001    1.333333
58519.580869 20.761819      NaN  -168     6 c    0   17.03 183.11254 29.14935  3052.96  7454.84 2.50 2.33  -9.5 -0.449    19.87 22.04 02a58519o0762c 0x100001  -28.000000
58523.582480 20.207197      NaN   -12    10 c    0    8.20 183.11254 29.14935  8588.09  7601.96 2.58 2.57  29.3 -0.448    19.80 22.01 02a58523o0627c 0x000000   -1.200000
58575.449539 20.449472      NaN  -384     8 c    0   27.89 183.11254 29.14935  7608.44  9501.01 2.90 2.57 -57.8 -0.404    19.71 21.70 02a58575o0257c 0x100001  -48.000000
58575.459669 21.954622      NaN  -494     2 c    0   27.93 183.11254 29.14935  7587.71  9459.68 2.80 2.50 -51.7 -0.410    19.77 21.74 02a58575o0277c 0x100001 -247.000000
58575.461040 20.449472      NaN  -156     8 c    0   17.48 183.11254 29.14935  7638.94  9539.02 2.84 2.51 -48.2 -0.411    19.73 21.74 02a58575o0280c 0x100001  -19.500000
58575.476956 19.696897 0.248815    48    11 c    0   10.47 183.11254 29.14935  7653.94  9425.07 2.78 2.53 -50.9 -0.409    19.72 21.70 02a58575o0310c 0x100001    4.363636
58579.454974 19.169763 0.153117    78    11 c    0    8.12 183.11254 29.14935  6600.75  7542.21 2.70 2.44  46.1 -0.403    19.68 21.69 02a58579o0497c 0x000000    7.090909
58579.463778 20.321591      NaN   -80     9 c    0   15.74 183.11254 29.14935  6634.10  7582.09 2.67 2.45  43.5 -0.386    19.74 21.68 02a58579o0514c 0x100001   -8.888889
58579.465164 19.454622 0.217147    60    12 c    0    5.96 183.11254 29.14935  6582.75  7502.26 2.63 2.37  43.2 -0.404    19.73 21.68 02a58579o0517c 0x000000    5.000000
58579.468600 20.321591      NaN   -81     9 c    0    6.79 183.11254 29.14935  6650.86  7463.91 2.59 2.41  44.2 -0.405    19.75 21.67 02a58579o0524c 0x000000   -9.000000
58583.405518 20.207197      NaN   -59    10 c    0    4.83 183.11254 29.14935  7837.96  3681.68 2.97 2.81 -46.6 -0.376    19.48 21.65 02a58583o0295c 0x000000   -5.900000
58583.415007 20.321591      NaN  -112     9 c    0    4.50 183.11254 29.14935  7817.03  3641.92 3.01 2.84 -51.6 -0.375    19.48 21.60 02a58583o0315c 0x000000  -12.444444
58583.431212 20.207197      NaN  -133    10 c    0    4.73 183.11254 29.14935  7860.83  3720.91 3.34 3.09 -56.6 -0.364    19.33 21.56 02a58583o0349c 0x000000  -13.300000
58583.435973 19.510313 0.228576    57    12 c    0    8.79 183.11254 29.14935  7878.37  3605.26 3.06 2.83 -51.2 -0.376    19.43 21.56 02a58583o0359c 0x000000    4.750000
58603.406123 20.103715      NaN  -114    11 c    0   18.94 183.11254 29.14935  9521.55  3715.18 2.61 2.31 -56.9 -0.404    19.60 21.52 02a58603o0380c 0x100001  -10.363636
58603.415256 20.321591      NaN  -116     9 c    0   15.73 183.11254 29.14935  9502.74  3675.67 2.58 2.31 -56.8 -0.401    19.69 21.50 02a58603o0399c 0x100001  -12.888889
58603.431162 17.240748      NaN   227    78 c    0    0.85 183.11254 29.14935    32.57  3638.00 2.54 2.15 -53.6 -0.381    19.58 21.41 02a58603o0432c 0x100002    2.910256
58603.431620 20.594452      NaN -1148     7 c    0  191.47 183.11254 29.14935  9568.49  3757.24 2.62 2.34 -53.2 -0.409    19.56 21.47 02a58603o0433c 0x100001 -164.000000
58603.436360 20.103715      NaN   -17    11 c    0   14.03 183.11254 29.14935  9586.70  3639.29 2.71 2.39 -55.9 -0.409    19.55 21.44 02a58603o0443c 0x100001   -1.545455
58607.394163 19.318728 0.175634    68    11 c    0   19.27 183.11254 29.14935  5697.85  9486.17 2.81 2.38 -41.0 -0.431    19.71 21.65 02a58607o0354c 0x100001    6.181818
58607.412393 20.207197      NaN   -11    10 c    0   15.85 183.11254 29.14935  5662.42  9446.42 2.95 2.48 -41.2 -0.414    19.64 21.68 02a58607o0391c 0x100001   -1.100000
58607.415643 20.039830 0.341231    35    11 c    0    9.98 183.11254 29.14935  5729.68  9524.16 3.03 2.58 -40.2 -0.414    19.64 21.67 02a58607o0398c 0x000000    3.181818
58607.431731 19.868040      NaN     5    12 c    0    5.93 183.11254 29.14935  5745.11  9411.56 3.20 2.67 -41.4 -0.400    19.58 21.60 02a58607o0429c 0x000000    0.416667
58611.404516 18.598565      NaN   -12    44 c    0    0.11 183.11254 29.14935    41.88   907.44 2.50 2.22 -55.3 -0.428    19.80 21.58 02a58611o0349c 0x100002   -0.272727
58611.411385 20.103715      NaN    -2    11 c    0   25.08 183.11254 29.14935 10207.82  1001.15 2.69 2.15 -49.1 -0.438    19.79 21.64 02a58611o0362c 0x100001   -0.181818
58611.413247 19.922338      NaN     3    12 c    0    9.93 183.11254 29.14935 10187.66   961.01 2.65 2.15 -50.0 -0.423    19.81 21.62 02a58611o0366c 0x000000    0.250000
58611.422136 20.009244      NaN   -33    12 c    0   26.25 183.11254 29.14935 10245.88  1041.04 2.60 2.12 -49.2 -0.439    19.83 21.63 02a58611o0381c 0x100001   -2.750000
58611.439329 19.743105 0.283236    46    12 c    0   14.65 183.11254 29.14935 10267.63   921.30 2.63 2.15 -47.9 -0.441    19.76 21.54 02a58611o0410c 0x100001    3.833333
58635.318090 20.959772      NaN  -926     5 c    0  187.65 183.11254 29.14935  8587.72  5162.79 2.52 2.33  40.7 -0.396    19.81 21.76 02a58635o0189c 0x100001 -185.200000
58635.320846 20.761819      NaN  -995     6 c    0  226.66 183.11254 29.14935  8570.48  5125.03 2.47 2.41  69.2 -0.404    19.81 21.77 02a58635o0195c 0x100001 -165.833333
58635.326855 20.761819      NaN  -595     6 c    0   39.52 183.11254 29.14935  8628.67  5202.59 2.57 2.49  38.1 -0.385    19.85 21.77 02a58635o0206c 0x100001  -99.166667
58635.336533 20.959772      NaN  -708     5 c    0  188.13 183.11254 29.14935  8647.55  5084.18 2.44 2.36  44.7 -0.410    19.85 21.78 02a58635o0227c 0x100001 -141.600000
58639.305533 20.207197      NaN   -11    10 c    0    7.70 183.11254 29.14935  8590.15  5160.09 2.56 2.49 -49.2 -0.399    19.71 21.46 02a58639o0128c 0x000000   -1.100000
58639.310068 20.594452      NaN  -758     7 c    0  164.98 183.11254 29.14935  8569.38  5121.27 2.47 2.41  44.2 -0.399    19.76 21.48 02a58639o0137c 0x100001 -108.285714
58639.317535 20.761819      NaN  -915     6 c    0  196.63 183.11254 29.14935  8627.26  5198.00 2.49 2.40 -59.4 -0.403    19.73 21.50 02a58639o0150c 0x100001 -152.500000
58639.338147 20.103715      NaN  -157    11 c    0    9.61 183.11254 29.14935  8640.51  5082.05 2.45 2.41 -54.0 -0.399    19.32 21.06 02a58639o0191c 0x000000  -14.272727
58663.252184 18.657725      NaN    59    22 c    0    3.36 183.11254 29.14935  6572.88  3295.74 2.36 2.29  51.0 -0.422    18.71 19.60 02a58663o0038c 0x000000    2.681818
58663.255144 18.232071 0.099770   185    17 c    0    5.36 183.11254 29.14935  6555.81  3256.31 2.31 2.27  71.6 -0.386    19.11 20.14 02a58663o0044c 0x000000   10.882353
58663.260343 20.009244      NaN   -59    12 c    0   19.23 183.11254 29.14935  6612.72  3333.57 2.49 2.44  39.3 -0.359    19.53 20.88 02a58663o0055c 0x100001   -4.916667
58663.271019 21.514394      NaN  -752     3 c    0   57.06 183.11254 29.14935  6625.50  3216.86 2.65 2.56  41.1 -0.349    19.64 21.28 02a58663o0076c 0x100001 -250.666667
58667.277412 20.071303 0.287401    34     9 c    0   10.43 183.11254 29.14935  7490.57  6891.37 2.93 2.41  39.7 -0.387    19.69 21.50 02a58667o0090c 0x100001    3.777778
58667.280239 20.321591      NaN   -31     9 c    0   12.23 183.11254 29.14935  7471.21  6851.93 2.85 2.38  40.9 -0.386    19.74 21.51 02a58667o0096c 0x100001   -3.444444
58667.287260 20.321591      NaN  -106     9 c    0    6.14 183.11254 29.14935  7530.00  6928.90 2.83 2.41  38.0 -0.391    19.69 21.49 02a58667o0111c 0x000000  -11.777778
58815.635937 18.729535 0.129917   117    14 c    0    7.17 183.11254 29.14935  4953.80  1680.73 2.57 2.34  44.6 -0.392    19.36 21.20 02a58815o0905c 0x000000    8.357143
58815.639167 20.761819      NaN  -690     6 c    0  157.53 183.11254 29.14935  4972.60  1719.84 2.40 2.32  61.4 -0.402    19.52 21.33 02a58815o0912c 0x100001 -115.000000
58815.646580 20.207197      NaN  -129    10 c    0    8.51 183.11254 29.14935  4917.34  1643.05 2.40 2.38 -83.8 -0.395    19.52 21.27 02a58815o0928c 0x000000  -12.900000
58815.656847 19.384550 0.305363    64    18 c    0    4.66 183.11254 29.14935  4899.29  1759.90 2.54 2.37  46.7 -0.395    18.84 20.02 02a58815o0949c 0x000000    3.555556
58871.586890 20.959772      NaN -1292     5 c    0  404.12 183.11254 29.14935  3099.37  3698.05 2.37 2.32 -78.3 -0.409    19.83 21.74 02a58871o0785c 0x100001 -258.400000
58871.598465 19.950541 0.257148    38     9 c    0   16.15 183.11254 29.14935  3123.00  3739.89 2.35 2.31  75.5 -0.405    19.79 21.72 02a58871o0808c 0x100001    4.222222
58871.609098 19.419021 0.175119    62    10 c    0   11.89 183.11254 29.14935  7522.84  6913.08 2.45 2.41  76.7 -0.404    19.81 21.69 02a58871o0830c 0x100001    6.200000
58871.612142 20.321591      NaN    -3     9 c    0   16.94 183.11254 29.14935  3047.46  3776.54 2.34 2.32  76.2 -0.410    19.81 21.68 02a58871o0836c 0x100001   -0.333333
58875.597963 20.449472      NaN    -8     8 c    0   28.33 183.11254 29.14935  2445.00  2999.20 2.50 2.26 -60.2 -0.405    19.91 22.06 02a58875o0822c 0x100001   -1.000000
58875.601672 20.594452      NaN   -28     7 c    0   14.78 183.11254 29.14935  2429.69  2960.80 2.52 2.32 -61.6 -0.403    19.87 22.06 02a58875o0829c 0x100001   -4.000000
58875.609296 19.287255 0.170616    70    11 c    0   12.63 183.11254 29.14935  2486.96  3037.44 2.56 2.32 -59.6 -0.406    19.83 22.05 02a58875o0843c 0x100001    6.363636
58875.622161 20.959772      NaN -1127     5 c    0  394.84 183.11254 29.14935  2505.49  2921.07 2.51 2.35 -60.8 -0.407    19.86 22.03 02a58875o0868c 0x100001 -225.400000
58879.474123 19.589310      NaN    20    11 c    0   15.69 183.11254 29.14935  8117.01  7563.65 2.59 2.52  44.5 -0.397    19.65 21.62 02a58879o0548c 0x100001    1.818182
58879.477624 20.207197      NaN  -412    10 c    0   23.42 183.11254 29.14935  8138.46  7602.39 2.51 2.47 -67.7 -0.403    19.48 21.43 02a58879o0555c 0x100001  -41.200000
58879.482976 19.401649      NaN  -104    21 c    0    5.06 183.11254 29.14935  8080.89  7525.04 2.55 2.54  63.7 -0.403    18.57 20.40 02a58879o0566c 0x000000   -4.952381
58879.499427 18.978793      NaN  -264    31 c    0    3.51 183.11254 29.14935  8062.34  7644.17 2.51 2.47 -76.5 -0.399    18.20 19.94 02a58879o0600c 0x100002   -8.516129
58903.430463 21.954622      NaN  -459     2 c    0   53.83 183.11254 29.14935   817.91  1309.03 3.06 2.55 -57.1 -0.406    19.67 21.82 02a58903o0444c 0x100001 -229.500000
58903.433975 21.514394      NaN  -754     3 c    0   95.47 183.11254 29.14935   843.43  1347.27 3.06 2.42 -55.5 -0.415    19.72 21.83 02a58903o0451c 0x100001 -251.333333
58903.439837 21.202047      NaN  -912     4 c    0  104.68 183.11254 29.14935   779.61  1268.89 3.01 2.45 -51.7 -0.412    19.73 21.85 02a58903o0463c 0x100001 -228.000000
58903.453267 21.954622      NaN  -572     2 c    0  103.45 183.11254 29.14935   764.42  1385.05 3.00 2.45 -53.4 -0.411    19.76 21.85 02a58903o0491c 0x100001 -286.000000
58931.507964 20.594452      NaN  -101     7 c    0   15.22 183.11254 29.14935  5945.99   662.37 2.68 2.35 -56.6 -0.417    19.72 21.82 02a58931o0565c 0x100001  -14.428571
58931.512330 20.321591      NaN   -91     9 c    0    6.37 183.11254 29.14935  5927.90   623.01 2.71 2.40 -55.0 -0.412    19.70 21.81 02a58931o0574c 0x000000  -10.111111
58931.517888 19.922338      NaN    12     9 c    0    5.09 183.11254 29.14935  5991.90   701.74 3.38 3.13 -56.2 -0.380    19.45 21.80 02a58931o0585c 0x000000    1.333333
58931.535711 20.594452      NaN  -187     7 c    0   13.90 183.11254 29.14935  6007.69   583.59 2.68 2.40 -59.0 -0.412    19.71 21.75 02a58931o0619c 0x100001  -26.714286
58959.356960 20.449472      NaN   -62     8 c    0   10.89 183.11254 29.14935  4593.12  3386.34 2.46 2.28  38.4 -0.405    19.73 21.51 02a58959o0267c 0x100001   -7.750000
58959.359824 20.207197      NaN   -37    10 c    0    8.81 183.11254 29.14935  4574.39  3348.49 2.45 2.27  41.8 -0.404    19.74 21.52 02a58959o0273c 0x000000   -3.700000
58959.366653 20.449472      NaN   -44     8 c    0   16.65 183.11254 29.14935  4633.36  3422.38 2.56 2.27  38.0 -0.400    19.69 21.53 02a58959o0285c 0x100001   -5.500000
58959.377752 20.449472      NaN  -207     8 c    0   13.25 183.11254 29.14935  4655.16  3314.65 2.54 2.33  42.6 -0.401    19.69 21.52 02a58959o0307c 0x100001  -25.875000
58963.396124 15.638235      NaN   757   420 c    0    1.19 183.11254 29.14935  3684.56  9005.22 2.55 2.53  47.2 -0.393    16.39 17.80 02a58963o0369c 0x100002    1.802381
58963.399790 17.740268      NaN  -964    97 c    0    2.40 183.11254 29.14935  3668.29  8968.79 2.52 2.49 -39.1 -0.390    17.43 18.87 02a58963o0377c 0x100002   -9.938144
58963.437519 16.836435      NaN -1623   223 c    0    1.37 183.11254 29.14935  3749.07  8928.72 2.45 2.40  49.6 -0.393    15.90 17.20 02a58963o0454c 0x100002   -7.278027
58983.324155 20.959772      NaN  -778     5 c    0   82.68 183.11254 29.14935  7502.93  8828.91 2.73 2.35 -56.4 -0.419    19.79 21.74 02a58983o0178c 0x100001 -155.600000
58983.327429 20.449472      NaN  -213     8 c    0   17.05 183.11254 29.14935  7484.30  8788.67 2.82 2.44 -56.5 -0.405    19.73 21.75 02a58983o0185c 0x100001  -26.625000
58983.335714 20.321591      NaN  -175     9 c    0   32.03 183.11254 29.14935  7542.22  8868.33 2.71 2.39 -53.9 -0.413    19.80 21.74 02a58983o0202c 0x100001  -19.444444
58983.346360 19.589310      NaN    26     9 c    0   20.63 183.11254 29.14935  7560.82  8752.32 2.75 2.40 -56.8 -0.414    19.78 21.69 02a58983o0225c 0x100001    2.888889
58987.401815 20.321591      NaN  -145     9 c    0    6.38 183.11254 29.14935  6626.67  5227.31 2.78 2.77  14.6 -0.388    19.55 21.53 02a58987o0365c 0x000000  -16.111111
58987.406931 20.207197      NaN  -141    10 c    0    7.52 183.11254 29.14935  6607.45  5188.36 2.76 2.73  84.6 -0.389    19.51 21.50 02a58987o0376c 0x000000  -14.100000
58987.409735 19.287255      NaN    34    12 c    0   11.20 183.11254 29.14935  6666.13  5266.19 2.85 2.84 -50.2 -0.386    19.51 21.49 02a58987o0382c 0x100001    2.833333
58987.424037 20.449472      NaN  -310     8 c    0   12.84 183.11254 29.14935  6686.20  5148.00 2.86 2.73  36.8 -0.382    19.53 21.43 02a58987o0413c 0x100001  -38.750000
58991.321470 20.207197      NaN   -58    10 c    0    3.58 183.11254 29.14935  6627.03  5230.15 2.77 2.66  42.2 -0.403    19.62 21.72 02a58991o0138c 0x000000   -5.800000
58991.324246 19.922338      NaN  -176    13 c    0    3.57 183.11254 29.14935  6607.70  5192.16 2.86 2.73  46.9 -0.399    19.20 21.26 02a58991o0143c 0x000000  -13.538462
58995.359569 20.207197      NaN   -33    10 c    0   14.72 183.11254 29.14935  1966.02   865.26 2.56 2.31 -64.5 -0.423    19.75 21.53 02a58995o0262c 0x100001   -3.300000
58995.362794 20.449472      NaN  -223     8 c    0   24.10 183.11254 29.14935  1945.87   825.48 2.61 2.35 -59.0 -0.424    19.71 21.52 02a58995o0269c 0x100001  -27.875000
58995.378378 21.202047      NaN  -780     4 c    0  123.85 183.11254 29.14935  2009.15   901.66 2.47 2.28 -71.3 -0.428    19.65 21.49 02a58995o0303c 0x100001 -195.000000
58995.386195 20.761819      NaN  -301     6 c    0   19.16 183.11254 29.14935  2030.32   782.76 2.50 2.27 -64.3 -0.426    19.67 21.46 02a58995o0320c 0x100001  -50.166667
59008.266391 19.454622      NaN  -166    20 c    0    4.65 183.11254 29.14935  3972.46   762.52 2.61 2.51 -71.3 -0.413    18.73 20.42 02a59008o0058c 0x000000   -8.300000
59008.270089 19.652575 0.282291    50    13 c    0    6.44 183.11254 29.14935  3952.00   722.26 2.49 2.41 -79.5 -0.419    19.39 21.14 02a59008o0066c 0x000000    3.846154
59008.278436 21.202047      NaN -1144     4 c    0   56.16 183.11254 29.14935  4007.53   799.62 2.55 2.44 -87.5 -0.417    19.36 21.17 02a59008o0084c 0x100001 -286.000000
59008.290822 20.009244      NaN   -89    12 c    0    6.36 183.11254 29.14935  4026.82   680.29 2.66 2.37 -66.3 -0.421    19.38 21.16 02a59008o0110c 0x000000   -7.416667
59011.382497 20.103715      NaN  -202    11 c    0    5.97 183.11254 29.14935  5593.57  8901.22 3.20 3.08  41.1 -0.373    19.45 21.54 02a59011o0302c 0x000000  -18.363636
59011.395322 19.922338      NaN    -8    13 c    0    7.32 183.11254 29.14935  5574.69  8860.52 3.12 3.03 -37.5 -0.411    19.44 21.46 02a59011o0328c 0x000000   -0.615385
59011.399654 20.009244      NaN   -99    12 c    0   12.14 183.11254 29.14935  5631.16  8941.08 3.10 2.98  40.0 -0.364    19.32 21.38 02a59011o0337c 0x100001   -8.250000
59019.308173 18.757738      NaN     6    36 c    0    1.57 183.11254 29.14935   472.79  3128.19 2.95 2.83 -59.0 -0.380    18.25 20.02 02a59019o0143c 0x100002    0.166667
59019.309544 18.481707      NaN  -634    49 c    0    2.32 183.11254 29.14935 10494.04  3161.13 3.22 3.05 -41.1 -0.374    18.25 20.05 02a59019o0146c 0x100002  -12.938776
59019.311373 18.550302 0.220294   138    28 c    0    2.76 183.11254 29.14935   453.96  3088.46 2.74 2.63 -57.8 -0.394    18.23 19.94 02a59019o0150c 0x100002    4.928571
59019.315529 18.280067      NaN -1004    59 c    0    2.51 183.11254 29.14935 10475.51  3121.24 3.03 2.81 -48.2 -0.379    17.82 19.50 02a59019o0159c 0x100002  -17.016949
59019.316924 18.226218      NaN -1289    62 c    0    7.48 183.11254 29.14935   513.76  3164.80 2.97 2.79 -57.8 -0.364    17.46 19.05 02a59019o0162c 0x100002  -20.790323
59023.254493 19.631075      NaN  -127    17 c    0    4.13 183.11254 29.14935   477.17  3133.70 2.65 2.23 -56.9 -0.406    18.98 20.01 02a59023o0024c 0x000000   -7.470588
59023.255866 19.014394      NaN  -375    30 c    0    5.73 183.11254 29.14935 10502.63  3162.38 2.97 2.40 -60.5 -0.408    19.19 20.37 02a59023o0027c 0x100002  -12.500000
59023.258659 20.207197      NaN  -200    10 c    0    9.85 183.11254 29.14935   458.58  3094.19 2.70 2.29 -53.7 -0.398    19.36 20.73 02a59023o0033c 0x000000  -20.000000
59023.260031 19.419021 0.280190    62    16 c    0    6.82 183.11254 29.14935 10483.06  3122.51 3.11 2.65 -58.9 -0.394    19.44 21.01 02a59023o0036c 0x000000    3.875000
59023.274728 20.594452      NaN  -157     7 c    0   51.37 183.11254 29.14935   518.03  3167.98 2.47 2.25 -55.9 -0.407    19.72 21.52 02a59023o0068c 0x100001  -22.428571
59023.285377 20.594452      NaN  -241     7 c    0    9.46 183.11254 29.14935   538.08  3049.83 3.17 2.86 -61.6 -0.375    19.53 21.52 02a59023o0091c 0x000000  -34.428571
59043.287946 19.696897 0.226195    48    10 c    0   10.83 183.11254 29.14935   515.66  5074.19 2.77 2.60  53.5 -0.361    19.39 21.24 02a59043o0037c 0x100001    4.800000
59043.291607 20.761819      NaN  -289     6 c    0   13.82 183.11254 29.14935   495.32  5037.72 2.82 2.45  44.0 -0.366    19.37 21.24 02a59043o0045c 0x100001  -48.166667
59043.297575 20.009244      NaN  -122    12 c    0    9.05 183.11254 29.14935   554.69  5111.59 2.53 2.43  56.1 -0.385    19.45 21.18 02a59043o0058c 0x000000  -10.166667
59043.308159 20.321591      NaN  -284     9 c    0   13.99 183.11254 29.14935   573.62  4994.76 2.48 2.41  52.4 -0.382    19.40 21.02 02a59043o0081c 0x100001  -31.555556
59043.308616 19.401649      NaN -1102    21 c    0   33.32 183.11254 29.14935 10522.47  5115.83 2.83 2.52   8.8 -0.418    19.39 21.17 02a59043o0082c 0x100001  -52.476190
59043.311389 19.841877      NaN  -531    14 c    0   49.81 183.11254 29.14935 10503.01  5075.44 2.73 2.52   7.3 -0.418    19.51 21.23 02a59043o0088c 0x100001  -37.928571
59051.252479 18.566153 0.295384   136    37 c    0    3.23 183.11254 29.14935  1779.18  9135.33 2.36 2.15 -50.7 -0.460    18.45 19.49 02a59051o0023c 0x100002    3.675676
59051.255680 19.401649      NaN   -48    21 c    0   11.97 183.11254 29.14935  1760.21  9095.55 2.38 2.17 -53.9 -0.441    18.94 20.09 02a59051o0030c 0x100001   -2.285714
59051.263469 20.103715      NaN  -448    11 c    0   24.81 183.11254 29.14935  1817.66  9170.74 2.41 2.18 -50.2 -0.429    19.43 20.91 02a59051o0047c 0x100001  -40.727273
59051.276841 19.922338      NaN   -38    13 c    0   12.02 183.11254 29.14935  1838.74  9049.46 2.36 2.20 -51.6 -0.423    19.45 21.00 02a59051o0076c 0x100001   -2.923077
59195.625111 20.594452      NaN  -538     7 c    0   31.64 183.11254 29.14935  8608.43  9709.98 2.88 2.83  13.9 -0.379    19.74 21.80 02a59195o0926c 0x100001  -76.857143
59195.640526 20.207197      NaN  -110    10 c    0    6.52 183.11254 29.14935  8630.52  9750.50 2.90 2.81   6.2 -0.382    19.68 21.70 02a59195o0958c 0x000000  -11.000000
59195.646790 20.321591      NaN   -72     9 c    0   11.19 183.11254 29.14935  8571.21  9673.21 2.87 2.79  16.7 -0.380    19.70 21.67 02a59195o0970c 0x100001   -8.000000
59195.655658 20.207197      NaN  -141    10 c    0    7.43 183.11254 29.14935  8548.23  9791.82 2.84 2.77 -28.2 -0.383    19.66 21.48 02a59195o0987c 0x000000  -14.100000
59197.593643 20.449472      NaN  -551     8 c    0   31.20 183.11254 29.14935  9755.61  9250.80 3.07 2.45  21.9 -0.332    19.72 21.91 01a59197o0684c 0x100001  -68.875000
59197.596423 20.959772      NaN  -415     5 c    0   14.52 183.11254 29.14935  9733.51  9203.78 2.52 2.34  75.7 -0.354    19.87 21.93 01a59197o0690c 0x100001  -83.000000
59197.603841 21.202047      NaN  -684     4 c    0  104.39 183.11254 29.14935  9796.91  9288.92 3.11 2.54  19.0 -0.319    19.72 21.93 01a59197o0706c 0x100001 -171.000000
59197.618764 20.959772      NaN  -997     5 c    0  187.34 183.11254 29.14935  9815.53  9165.96 2.84 2.62  31.4 -0.343    19.73 21.94 01a59197o0737c 0x100001 -199.400000
59205.571246 21.514394      NaN  -663     3 c    0   60.55 183.11254 29.14935  4714.25  5309.82 2.87 2.34  11.3 -0.343    19.77 21.71 01a59205o0744c 0x100001 -221.000000
59205.574510 20.449472      NaN    -4     8 c    0   12.15 183.11254 29.14935  4694.25  5271.55 2.88 2.36   8.8 -0.337    19.73 21.68 01a59205o0751c 0x100001   -0.500000
59205.584682 20.959772      NaN  -319     5 c    0   49.82 183.11254 29.14935  4747.16  5342.48 2.46 2.37 -73.3 -0.370    19.83 21.71 01a59205o0773c 0x100001  -63.800000
59205.589928 20.362567 0.334073    26     8 c    0   20.86 183.11254 29.14935  4770.04  5232.28 3.05 2.52  17.7 -0.336    19.70 21.81 01a59205o0783c 0x100001    3.250000
59207.592873 20.449472      NaN   -52     8 c    0   12.61 183.11254 29.14935  6612.21  9821.23 2.62 2.56 -50.5 -0.410    19.80 21.76 02a59207o0807c 0x100001   -6.500000
59207.602075 20.207197      NaN   -36    10 c    0    8.94 183.11254 29.14935  6630.43  9861.33 2.61 2.50 -57.4 -0.410    19.81 21.79 02a59207o0827c 0x000000   -3.600000
59207.608318 21.202047      NaN  -741     4 c    0   54.73 183.11254 29.14935  6572.42  9783.14 2.66 2.51 -45.6 -0.417    19.78 21.78 02a59207o0839c 0x100001 -185.250000
59207.620360 21.202047      NaN  -892     4 c    0  136.82 183.11254 29.14935  6548.76  9903.14 2.59 2.50 -51.1 -0.411    19.76 21.77 02a59207o0863c 0x100001 -223.000000
59229.623671 22.707197      NaN  -318     1 c    0  190.46 183.11254 29.14935  4613.86  9920.22 2.37 2.21 -45.9 -0.383    19.98 22.14 01a59229o0602c 0x100001 -318.000000
59229.626526 20.761819      NaN -1025     6 c    0  446.26 183.11254 29.14935  4635.53  9958.68 2.36 2.20 -47.4 -0.383    19.99 22.14 01a59229o0608c 0x100001 -170.833333
59229.662014 20.594452      NaN  -171     7 c    0   27.47 183.11254 29.14935  4588.02  9877.21 2.32 2.17 -61.8 -0.389    19.93 21.80 01a59229o0674c 0x100001  -24.428571
59229.668293 20.207197      NaN   -41    10 c    0    8.93 183.11254 29.14935  4569.68  9994.52 2.29 2.19 -56.0 -0.389    19.53 20.74 01a59229o0686c 0x000000   -4.100000
59231.532996 21.514394      NaN  -560     3 c    0   52.84 183.11254 29.14935  6935.33  3515.38 2.47 2.45 -73.1 -0.392    19.78 21.92 02a59231o0695c 0x100001 -186.666667
59231.535292 21.202047      NaN  -928     4 c    0  126.76 183.11254 29.14935  6954.54  3554.68 2.45 2.43  74.4 -0.393    19.79 21.93 02a59231o0700c 0x100001 -232.000000
59231.538255 20.449472      NaN  -110     8 c    0   80.06 183.11254 29.14935  6897.78  3478.73 2.48 2.42  71.1 -0.391    19.79 21.93 02a59231o0706c 0x100001  -13.750000
59231.544275 21.514394      NaN -1218     3 c    0  194.83 183.11254 29.14935  6877.61  3595.18 2.42 2.37  71.5 -0.396    19.80 21.95 02a59231o0719c 0x100001 -406.000000
59233.505215 16.447720      NaN  -451   319 c    0    1.46 183.11254 29.14935  1725.98  7168.29 3.26 2.74 -86.7 -0.367    15.63 17.89 01a59233o0177c 0x100002   -1.413793
59233.515683 16.118487      NaN  -136   432 c    0    1.15 183.11254 29.14935  1764.23  7208.96 3.25 2.68 -85.8 -0.364    15.46 17.75 01a59233o0197c 0x100002   -0.314815
59233.521212 16.489351      NaN -3230   307 c    0    4.78 183.11254 29.14935  1784.43  7094.66 3.00 2.78 -83.7 -0.371    15.78 17.98 01a59233o0209c 0x100002  -10.521173
59235.561512 19.401649      NaN  -277    21 c    0    4.06 183.11254 29.14935  2010.25  5426.13 2.40 2.38  48.8 -0.411    18.48 20.33 02a59235o0744c 0x000000  -13.190476
59235.564418 17.057018 0.290325   546   146 c    0    3.36 183.11254 29.14935  2031.82  5464.72 2.46 2.45  46.9 -0.404    17.06 18.87 02a59235o0750c 0x100002    3.739726
59237.617826 18.729535      NaN -2228    39 c    0   24.78 183.11254 29.14935  8798.86  3356.39 2.46 2.36 -73.9 -0.387    16.98 18.96 01a59237o0022c 0x100003  -57.128205
59237.621504 18.623526      NaN -2795    43 c    0   58.66 183.11254 29.14935  8819.78  3395.34 2.55 2.41 -63.5 -0.377    16.24 18.31 01a59237o0030c 0x100003  -65.000000
59237.626636 15.747438      NaN  -299   608 c    0    1.11 183.11254 29.14935  8762.91  3319.35 2.57 2.41 -32.2 -0.375    15.33 17.38 01a59237o0041c 0x100002   -0.491776
59253.505748 20.959772      NaN  -801     5 c    0  278.66 183.11254 29.14935  4589.82  3377.09 2.38 2.18 -87.8 -0.400    19.90 22.13 01a59253o0588c 0x100001 -160.200000
59253.507591 21.954622      NaN  -326     2 c    0  295.14 183.11254 29.14935  4570.14  3338.58 2.46 2.22  88.9 -0.395    19.83 22.11 01a59253o0592c 0x100001 -163.000000
59253.529375 20.761819      NaN -1060     6 c    0  345.55 183.11254 29.14935  4627.83  3419.17 2.42 2.22  88.2 -0.395    19.84 22.08 01a59253o0636c 0x100001 -176.666667
59253.544162 17.918258 0.039561   247     9 c    0    9.40 183.11254 29.14935  4644.93  3303.57 2.43 2.21 -86.2 -0.392    19.81 22.03 01a59253o0667c 0x000000   27.444444
59255.484156 20.761819      NaN  -479     6 c    0   89.03 183.11254 29.14935  8795.22  1444.18 2.43 2.28 -57.8 -0.403    19.81 21.93 02a59255o0574c 0x100001  -79.833333
59255.485987 19.351140 0.164505    66    10 c    0   18.65 183.11254 29.14935  8814.02  1482.85 2.44 2.28 -60.4 -0.403    19.76 21.93 02a59255o0578c 0x100001    6.600000
59255.488730 20.321591      NaN   -35     9 c    0   13.50 183.11254 29.14935  8757.06  1406.33 2.49 2.33 -60.9 -0.404    19.77 21.93 02a59255o0584c 0x100001   -3.888889
59255.497662 20.449472      NaN   -62     8 c    0   30.38 183.11254 29.14935  8744.73  1523.55 2.47 2.38 -67.7 -0.397    19.78 21.99 02a59255o0602c 0x100001   -7.750000
59257.546324 18.910912 0.098703    99     9 c    0   13.84 183.11254 29.14935  6804.77  1582.76 2.65 2.58 -28.9 -0.382    19.84 22.19 01a59257o0721c 0x100001   11.000000
59257.576241 21.514394      NaN  -336     3 c    0   50.74 183.11254 29.14935  6831.11  1613.17 2.46 2.35 -30.9 -0.392    19.88 22.15 01a59257o0781c 0x100001 -112.000000
59257.579698 21.202047      NaN  -927     4 c    0  221.00 183.11254 29.14935  6774.60  1535.48 2.53 2.38 -45.5 -0.389    19.86 22.15 01a59257o0788c 0x100001 -231.750000
59257.586770 20.449472      NaN  -100     8 c    0   14.49 183.11254 29.14935  6755.58  1651.54 2.56 2.45 -13.5 -0.388    19.84 22.15 01a59257o0802c 0x100001  -12.500000
59261.470296 17.879400 0.042412   256    10 c    0   50.20 183.11254 29.14935  3703.86  8987.46 2.25 2.08 -70.5 -0.402    19.89 21.93 01a59261o0544c 0x100001   25.600000
59261.472178 21.514394      NaN  -687     3 c    0 1035.45 183.11254 29.14935  3684.43  8947.17 2.25 2.08 -67.9 -0.392    19.91 21.94 01a59261o0548c 0x100001 -229.000000
59261.474958 21.514394      NaN  -431     3 c    0  622.51 183.11254 29.14935  3742.34  9025.08 2.27 2.10 -73.1 -0.391    19.90 21.94 01a59261o0554c 0x100001 -143.666667
59261.488729 20.594452      NaN  -126     7 c    0   29.76 183.11254 29.14935  3764.33  8909.36 2.18 2.03 -68.2 -0.394    19.93 21.97 01a59261o0581c 0x100001  -18.000000
59263.534053 17.664614      NaN -4568   104 c    0   21.86 183.11254 29.14935  6559.51  3285.73 2.52 2.32  43.7 -0.397    16.67 18.30 02a59263o0400c 0x100003  -43.923077
59263.573101 17.296315      NaN  -935   146 c    0    1.73 183.11254 29.14935  6595.77  3324.67 2.51 2.32  46.6 -0.398    16.56 18.19 02a59263o0478c 0x100002   -6.404110
59267.542770 20.103715      NaN   -21    11 c    0    6.32 183.11254 29.14935  7486.03  6875.28 2.81 2.54  39.0 -0.384    19.53 21.15 02a59267o0665c 0x000000   -1.909091
59267.546138 21.202047      NaN  -704     4 c    0   56.76 183.11254 29.14935  7467.40  6836.01 2.75 2.48  39.1 -0.384    19.60 21.27 02a59267o0672c 0x100001 -176.000000
59267.581351 21.514394      NaN  -732     3 c    0   73.12 183.11254 29.14935  7518.47  6914.96 2.69 2.49  40.1 -0.392    19.83 21.90 02a59267o0745c 0x100001 -244.000000
59267.587007 20.449472      NaN  -132     8 c    0   17.30 183.11254 29.14935  7538.10  6799.98 2.73 2.53  44.2 -0.390    19.77 21.89 02a59267o0756c 0x100001  -16.500000
59287.364672 20.207197      NaN  -362    10 c    0    5.91 183.11254 29.14935  2625.25 10003.08 2.59 2.39 -51.5 -0.414    19.60 21.65 02a59287o0294c 0x000000  -36.200000
59291.462545 21.202047      NaN  -745     4 c    0   63.36 183.11254 29.14935  9634.57  7306.61 2.66 2.53  33.6 -0.406    19.78 21.84 02a59291o0289c 0x100001 -186.250000
59291.465895 20.449472      NaN  -128     8 c    0   11.97 183.11254 29.14935  9618.10  7271.82 2.62 2.52  38.3 -0.404    19.78 21.84 02a59291o0295c 0x100001  -16.000000
59291.501708 20.761819      NaN  -296     6 c    0   18.36 183.11254 29.14935  9671.53  7351.78 2.69 2.56  32.3 -0.399    19.80 21.83 02a59291o0368c 0x100001  -49.333333
59291.507864 20.449472      NaN  -136     8 c    0   11.18 183.11254 29.14935  9694.57  7238.15 2.69 2.55  41.8 -0.399    19.78 21.83 02a59291o0380c 0x100001  -17.000000
59309.452182 21.514394      NaN -1072     3 c    0  315.40 183.11254 29.14935  4911.51  1689.97 2.26 2.23 -68.0 -0.396    19.99 21.95 01a59309o0309c 0x100001 -357.333333
59309.455887 20.594452      NaN  -274     7 c    0   51.33 183.11254 29.14935  4931.40  1727.78 2.29 2.26  67.9 -0.393    20.02 21.95 01a59309o0317c 0x100001  -39.142857
59309.462446 20.207197      NaN  -225    10 c    0   35.01 183.11254 29.14935  4875.25  1648.78 2.42 2.24 -64.8 -0.396    19.84 22.08 01a59309o0330c 0x100001  -22.500000
59309.497256 21.202047      NaN  -538     4 c    0  137.19 183.11254 29.14935  4865.29  1761.55 2.26 2.18 -78.9 -0.393    20.03 21.91 01a59309o0400c 0x100001 -134.500000
59313.427098 20.761819      NaN  -137     6 c    0   13.26 183.11254 29.14935 10090.34  7405.41 2.70 2.50  72.4 -0.368    19.98 21.85 01a59313o0440c 0x100001  -22.833333
59313.428480 20.207197      NaN  -426    10 c    0   10.82 183.11254 29.14935    71.39  7482.37 2.36 2.15 -76.6 -0.413    20.00 21.87 01a59313o0443c 0x100001  -42.600000
59313.430328 20.449472      NaN     0     8 c    0   11.72 183.11254 29.14935 10111.81  7443.76 2.67 2.39  79.2 -0.363    20.03 21.84 01a59313o0447c 0x100001    0.000000
59313.441854 21.954622      NaN  -271     2 c    0   19.87 183.11254 29.14935 10053.62  7367.33 2.68 2.47  82.5 -0.358    19.96 21.81 01a59313o0470c 0x100001 -135.500000
59313.443722 20.594452      NaN  -143     7 c    0   14.16 183.11254 29.14935    95.18  7519.56 2.31 2.10 -69.6 -0.411    19.98 21.84 01a59313o0474c 0x100001  -20.428571
59313.456049 20.449472      NaN  -120     8 c    0   14.54 183.11254 29.14935 10037.70  7483.51 2.73 2.51  84.3 -0.362    19.95 21.81 01a59313o0500c 0x100001  -15.000000
59313.457014 20.207197      NaN    -1    10 c    0    1.14 183.11254 29.14935    37.94  7439.26 2.34 2.10 -73.7 -0.414    20.05 21.85 01a59313o0502c 0x000000   -0.100000
59317.462236 20.449472      NaN   -49     8 c    0   10.51 183.11254 29.14935 10098.98  7399.78 2.90 2.39 -86.0 -0.376    19.83 21.74 01a59317o0135c 0x100001   -6.125000
59317.475055 21.954622      NaN  -388     2 c    0  400.35 183.11254 29.14935    81.84  7471.04 2.57 2.19 -83.4 -0.394    19.92 21.75 01a59317o0162c 0x100001 -194.000000
59317.475590 20.594452      NaN  -161     7 c    0   11.25 183.11254 29.14935 10119.01  7439.01 2.83 2.31 -85.2 -0.372    19.86 21.68 01a59317o0163c 0x100001  -23.000000
59317.493156 20.594452      NaN  -183     7 c    0   17.75 183.11254 29.14935 10060.87  7364.12 2.80 2.30 -86.7 -0.365    19.87 21.63 01a59317o0196c 0x100001  -26.142857
59317.494139 20.449472      NaN  -169     8 c    0   12.71 183.11254 29.14935   106.74  7508.32 2.55 2.24 -84.0 -0.394    19.85 21.69 01a59317o0198c 0x100001  -21.125000
59317.496044 20.449472      NaN  -155     8 c    0   14.14 183.11254 29.14935 10043.14  7480.16 2.81 2.29 -87.2 -0.364    19.84 21.62 01a59317o0202c 0x100001  -19.375000
59317.502917 19.950541      NaN     2    12 c    0    0.94 183.11254 29.14935    45.89  7425.98 2.71 2.43 -80.8 -0.398    19.80 21.64 01a59317o0216c 0x000000    0.166667
59321.420752 20.449472      NaN   -23     8 c    0   12.46 183.11254 29.14935  6888.40  3512.44 2.65 2.51 -60.3 -0.369    19.88 21.79 01a59321o0386c 0x100001   -2.875000
59321.423518 20.449472      NaN  -105     8 c    0   17.51 183.11254 29.14935  6908.35  3550.98 2.63 2.53 -30.2 -0.369    19.84 21.78 01a59321o0392c 0x100001  -13.125000
59321.431096 19.401649 0.137871    63     8 c    0   16.27 183.11254 29.14935  6852.77  3472.74 2.55 2.41 -66.5 -0.379    19.91 21.75 01a59321o0407c 0x100001    7.875000
59321.458926 20.594452      NaN  -119     7 c    0   13.53 183.11254 29.14935  6838.59  3586.70 2.69 2.54 -68.4 -0.373    19.83 21.75 01a59321o0462c 0x100001  -17.000000
59339.477125 19.351140      NaN   -30    22 c    0    5.55 183.11254 29.14935  1710.60  7180.42 2.36 2.29  32.9 -0.398    18.74 20.30 02a59339o0209c 0x000000   -1.363636
59339.480356 19.491430 0.205915    58    11 c    0    8.03 183.11254 29.14935  1692.12  7140.26 2.38 2.37  -5.6 -0.404    19.41 21.12 02a59339o0216c 0x000000    5.272727
59339.487284 18.000411 0.246543   229    52 c    0    2.35 183.11254 29.14935  1752.27  7216.25 2.34 2.29 -30.7 -0.427    17.96 19.29 02a59339o0230c 0x100002    4.403846
59339.510751 19.089302      NaN    -1    28 c    0    2.74 183.11254 29.14935  1771.04  7100.38 2.35 2.20 -42.7 -0.426    18.82 20.40 02a59339o0276c 0x100002   -0.035714
59343.334785 20.321591      NaN  -155     9 c    0   19.51 183.11254 29.14935  1722.23  7197.88 2.27 2.24  29.0 -0.422    19.79 21.65 02a59343o0206c 0x100001  -17.222222
59343.337992 20.321591      NaN  -180     9 c    0   21.29 183.11254 29.14935  1703.90  7157.68 2.28 2.25   3.3 -0.423    19.79 21.63 02a59343o0213c 0x100001  -20.000000
59343.343486 20.207197      NaN   -39    10 c    0   29.83 183.11254 29.14935  1763.01  7234.02 2.25 2.22  -7.5 -0.422    19.77 21.61 02a59343o0225c 0x100001   -3.900000
59343.356467 19.609992 0.187916    52     9 c    0   13.25 183.11254 29.14935  1783.07  7117.56 2.28 2.22  15.5 -0.421    19.78 21.60 02a59343o0251c 0x100001    5.777778
59347.377421 20.207197      NaN   -47    10 c    0    9.08 183.11254 29.14935  8519.31  3225.47 2.41 2.36 -79.9 -0.392    19.72 21.56 02a59347o0315c 0x000000   -4.700000
59347.406898 20.321591      NaN  -214     9 c    0   14.79 183.11254 29.14935  8500.76  3184.76 2.45 2.40 -71.7 -0.389    19.67 21.53 02a59347o0375c 0x100001  -23.777778
59347.410105 20.321591      NaN  -102     9 c    0    7.69 183.11254 29.14935  8560.18  3263.73 2.44 2.40 -74.5 -0.389    19.69 21.52 02a59347o0382c 0x000000  -11.333333
59347.428241 20.594452      NaN  -300     7 c    0   22.31 183.11254 29.14935  8582.84  3149.05 2.50 2.41 -52.3 -0.389    19.65 21.50 02a59347o0419c 0x100001  -42.857143
59369.349868 20.594452      NaN  -209     7 c    0   20.72 183.11254 29.14935  8130.56  7537.96 2.38 2.18 -80.3 -0.383    19.90 21.64 01a59369o0248c 0x100001  -29.857143
59369.354670 18.356290 0.059222   165     9 c    0   22.03 183.11254 29.14935  8150.13  7576.55 2.35 2.11 -81.9 -0.387    19.91 21.64 01a59369o0258c 0x100001   18.333333
59369.360275 20.039830 0.248168    35     8 c    0   13.58 183.11254 29.14935  8087.81  7501.27 2.37 2.12 -83.1 -0.387    19.93 21.64 01a59369o0270c 0x100001    4.375000
59369.375616 20.959772      NaN  -945     5 c    0  208.25 183.11254 29.14935  8068.45  7620.03 2.42 2.21 -83.6 -0.371    19.80 21.58 01a59369o0302c 0x100001 -189.000000
59373.318093 21.202047      NaN  -805     4 c    0  211.88 183.11254 29.14935  8130.61  7534.40 2.43 2.08 -82.2 -0.391    19.97 21.72 01a59373o0176c 0x100001 -201.250000
59373.321334 20.282105      NaN     1     9 c    0   11.61 183.11254 29.14935  8150.17  7573.42 2.39 2.02 -82.6 -0.397    20.02 21.72 01a59373o0183c 0x100001    0.111111
59373.331502 19.569016 0.160850    54     8 c    0   14.08 183.11254 29.14935  8091.01  7498.88 2.40 2.05 -82.1 -0.393    19.99 21.73 01a59373o0205c 0x100001    6.750000
59373.338113 19.719755      NaN    23     8 c    0   14.63 183.11254 29.14935  8071.94  7616.11 2.42 2.07 -82.1 -0.390    19.96 21.73 01a59373o0219c 0x100001    2.875000
59377.299251 20.449472      NaN   -13     8 c    0   24.58 183.11254 29.14935  2651.27 10018.59 2.13 1.88 -62.3 -0.410    20.06 21.84 01a59377o0133c 0x100001   -1.625000
59377.311970 21.514394      NaN  -850     3 c    0  136.25 183.11254 29.14935  2673.35 10058.16 2.17 1.90 -66.5 -0.411    20.02 21.87 01a59377o0159c 0x100001 -283.333333
59377.325637 20.761819      NaN  -853     6 c    0  492.92 183.11254 29.14935  2614.31  9979.63 2.22 1.97 -67.7 -0.413    20.00 21.91 01a59377o0187c 0x100001 -142.166667
59377.328883 21.202047      NaN  -326     4 c    0   49.11 183.11254 29.14935  2592.21 10097.07 2.29 2.01 -70.0 -0.407    19.99 21.91 01a59377o0194c 0x100001  -81.500000
59403.280994 20.321591      NaN  -139     9 c    0   20.52 183.11254 29.14935  3971.03   757.45 2.50 2.19 -55.5 -0.433    19.57 21.14 02a59403o0082c 0x100001  -15.444444
59403.283768 20.207197      NaN  -142    10 c    0   22.89 183.11254 29.14935  3952.39   717.34 2.57 2.19 -53.2 -0.437    19.61 21.16 02a59403o0088c 0x100001  -14.200000
59403.289298 20.103715      NaN   -87    11 c    0   16.76 183.11254 29.14935  4012.42   795.27 2.61 2.23 -52.0 -0.432    19.58 21.19 02a59403o0100c 0x100001   -7.909091
59403.302640 21.514394      NaN -1129     3 c    0   81.40 183.11254 29.14935  4035.62   674.93 2.76 2.26 -51.0 -0.421    19.52 21.16 02a59403o0129c 0x100001 -376.333333
59425.260326 20.321591      NaN   -68     9 c    0   31.80 183.11254 29.14935  4634.09  9905.72 2.18 1.95 -68.7 -0.402    19.72 21.09 01a59425o0054c 0x100001   -7.555556
59425.263550 19.256669 0.165876    72    11 c    0   11.54 183.11254 29.14935  4652.30  9945.39 2.20 1.94 -68.6 -0.402    19.68 21.12 01a59425o0061c 0x100001    6.545455
59425.269555 21.202047      NaN  -980     4 c    0  111.25 183.11254 29.14935  4591.55  9868.16 2.19 1.94 -68.7 -0.401    19.70 21.10 01a59425o0074c 0x100001 -245.000000
59425.281536 20.103715      NaN     0    11 c    0    6.26 183.11254 29.14935  4569.82  9986.25 2.23 2.01 -65.0 -0.390    19.53 20.98 01a59425o0100c 0x000000    0.000000
59429.251857 19.922338      NaN  -123    13 c    0   15.91 183.11254 29.14935  4638.38  9909.06 2.20 1.95 -71.5 -0.393    19.25 20.20 01a59429o0041c 0x100001   -9.461538
59429.255550 19.841877      NaN   -90    14 c    0   19.78 183.11254 29.14935  4657.28  9947.97 2.26 1.96 -71.6 -0.402    19.42 20.54 01a59429o0049c 0x100001   -6.428571
59429.262002 20.103715      NaN  -102    11 c    0   12.05 183.11254 29.14935  4595.29  9870.74 2.25 1.97 -73.3 -0.400    19.55 20.76 01a59429o0063c 0x100001   -9.272727
59429.272142 20.207197      NaN  -274    10 c    0   14.77 183.11254 29.14935  4573.63  9988.13 2.27 2.03 -65.4 -0.389    19.47 20.83 01a59429o0085c 0x100001  -27.400000
59587.582857 20.071303      NaN     4    10 c    0    9.39 183.11254 29.14935  3946.10  5349.48 2.58 2.36  41.1 -0.408    19.64 21.82 02a59587o0834c 0x000000    0.400000
59587.584695 20.321591      NaN  -186     9 c    0   10.96 183.11254 29.14935  3965.40  5388.28 2.59 2.39  44.9 -0.405    19.64 21.82 02a59587o0838c 0x100001  -20.666667
59587.587439 20.449472      NaN  -222     8 c    0    7.97 183.11254 29.14935  3907.34  5310.59 2.57 2.37  43.5 -0.412    19.65 21.82 02a59587o0844c 0x000000  -27.750000
59587.593064 20.321591      NaN   -44     9 c    0    6.65 183.11254 29.14935  3890.16  5423.47 2.71 2.41  41.5 -0.402    19.63 21.84 02a59587o0855c 0x000000   -4.888889