         MJD         m       dm   uJy  duJy F  err  chi/N        RA       Dec        x        y  maj  min   phi  apfit  mag5sig   Sky            Obs     Mask   __tmp_SN
57903.615295 19.841877      NaN   -38    14 c    0   2.05 300.93717 -27.98842  5865.35  3581.08 2.61 2.57  57.6 -0.457    19.05 20.05 02a57903o0742c 0x000000  -2.714286
57981.395004 20.449472      NaN   -57     8 c    0   2.21 300.93717 -27.98842  4247.22  3342.25 2.65 2.55 -60.3 -0.390    19.66 21.39 02a57981o0315c 0x000000  -7.125000
57981.403314 20.594452      NaN   -76     7 c    0   2.75 300.93717 -27.98842  4217.20  3300.57 2.62 2.51 -71.5 -0.389    19.67 21.40 02a57981o0332c 0x000000 -10.857143
57981.411630 20.449472      NaN   -91     8 c    0   1.43 300.93717 -27.98842  4285.97  3378.71 2.71 2.56 -67.8 -0.387    19.63 21.38 02a57981o0349c 0x000000 -11.375000
57981.419911 20.449472      NaN   -90     8 c    0   1.95 300.93717 -27.98842  4304.41  3262.02 2.71 2.54 -71.8 -0.387    19.62 21.42 02a57981o0366c 0x000000 -11.250000
57985.393542 20.321591      NaN   -17     9 c    0   2.31 300.93717 -27.98842  4652.40  5897.20 2.65 2.50  45.0 -0.427    19.62 21.37 02a57985o0331c 0x000000  -1.888889
57985.401838 20.207197      NaN   -58    10 c    0   1.80 300.93717 -27.98842  4638.53  5854.65 2.70 2.58  56.8 -0.428    19.56 21.36 02a57985o0348c 0x000000  -5.800000
57985.410164 20.321591      NaN   -41     9 c    0   1.40 300.93717 -27.98842  4690.97  5932.09 2.64 2.53  48.5 -0.435    19.57 21.36 02a57985o0365c 0x000000  -4.555556
57985.418485 20.009244      NaN   -42    12 c    0   1.77 300.93717 -27.98842  4709.63  5815.64 2.79 2.62  59.8 -0.424    19.18 20.98 02a57985o0382c 0x000000  -3.500000
57989.386870 18.009935 0.047830   227    10 c    0   2.38 300.93717 -27.98842  4212.38  4598.22 2.56 2.46  58.4 -0.403    19.64 21.32 02a57989o0311c 0x000000  22.700000
57989.395321 18.079051 0.056071   213    11 c    0   2.11 300.93717 -27.98842  4199.08  4555.16 2.52 2.44  70.1 -0.405    19.62 21.29 02a57989o0328c 0x000000  19.363636
57989.403763 18.094452 0.062042   210    12 c    0   1.56 300.93717 -27.98842  4252.14  4632.78 2.49 2.39  78.5 -0.410    19.43 20.98 02a57989o0345c 0x000000  17.500000
57989.412163 18.005163 0.085716   228    18 c    0   1.18 300.93717 -27.98842  4288.64  4515.75 2.52 2.43  79.8 -0.406    19.09 20.68 02a57989o0362c 0x000000  12.666667
58013.329812 16.562492 0.017654   861    14 c    0   3.53 300.93717 -27.98842  1827.93  8135.06 2.67 2.53  17.8 -0.421    19.54 21.25 02a58013o0250c 0x000000  61.500000
58013.338127 16.563754 0.020200   860    16 c    0   1.52 300.93717 -27.98842  1814.00  8094.43 2.66 2.56  27.4 -0.424    19.50 21.22 02a58013o0268c 0x000000  53.750000
58013.345494 16.552451 0.018741   869    15 c    0   3.09 300.93717 -27.98842  1869.01  8171.18 2.61 2.51  23.5 -0.421    19.56 21.20 02a58013o0284c 0x000000  57.933333
58013.354001 16.547464 0.017412   873    14 c    0   2.06 300.93717 -27.98842  1906.67  8054.80 2.65 2.61  13.1 -0.417    19.47 21.13 02a58013o0302c 0x000000  62.357143
58017.322041 16.829962 0.025812   673    16 c    0   1.50 300.93717 -27.98842  2214.86  9347.67 2.98 2.45  20.3 -0.459    19.50 21.20 02a58017o0094c 0x000000  42.062500
58017.329883 16.893066 0.025647   635    15 c    0   2.19 300.93717 -27.98842  2184.20  9307.72 3.06 2.57  19.2 -0.452    19.45 21.22 02a58017o0111c 0x000000  42.333333
58017.338191 16.881162 0.023676   642    14 c    0   2.93 300.93717 -27.98842  2254.67  9386.21 2.98 2.52  18.5 -0.459    19.48 21.22 02a58017o0129c 0x000000  45.857143
58017.346001 16.856087 0.026441   657    16 c    0   1.68 300.93717 -27.98842  2275.10  9268.14 3.01 2.52  22.9 -0.459    19.44 21.21 02a58017o0146c 0x000000  41.062500
58018.334171 16.995180 0.026298   578    14 c    0   2.51 300.93717 -27.98842  2839.32  8923.65 3.30 3.21  45.2 -0.394    19.26 21.09 02a58018o0021c 0x000000  41.285714
58018.344551 17.002720 0.028373   574    15 c    0   1.36 300.93717 -27.98842  2806.12  8882.61 3.12 2.97 -81.6 -0.377    19.34 21.06 02a58018o0038c 0x000000  38.266667
58021.304932 17.075064 0.028306   537    14 c    0   1.89 300.93717 -27.98842  3830.64  9457.33 2.62 2.32  22.1 -0.444    19.58 21.07 02a58021o0198c 0x000000  38.357143
58021.312727 17.120482 0.029515   515    14 c    0   2.73 300.93717 -27.98842  3815.83  9418.67 2.53 2.33  15.3 -0.446    19.59 21.12 02a58021o0215c 0x000000  36.785714
58021.324607 17.215145 0.029904   472    13 c    0   4.21 300.93717 -27.98842   214.07   857.81 2.65 2.28  51.6 -0.543    19.59 21.16 02a58021o0235c 0x000000  36.307692
58021.331514 17.159109 0.032769   497    15 c    0   1.69 300.93717 -27.98842   199.23   816.15 2.65 2.28  48.9 -0.532    19.59 21.17 02a58021o0250c 0x000000  33.133333
58021.335657 17.122592 0.027460   514    13 c    0   1.93 300.93717 -27.98842  9651.88   904.73 2.71 2.61  55.7 -0.435    19.63 21.26 02a58021o0259c 0x000000  39.538462
58021.339322 17.133206 0.029863   509    14 c    0   2.82 300.93717 -27.98842   270.95   896.55 2.62 2.26  51.2 -0.506    19.63 21.18 02a58021o0267c 0x000000  36.357143
58021.343476 17.201430 0.029528   478    13 c    0   2.36 300.93717 -27.98842  9636.07   867.64 2.67 2.59  59.2 -0.431    19.65 21.25 02a58021o0276c 0x000000  36.769231
58021.347635 17.109992 0.027143   520    13 c    0   3.27 300.93717 -27.98842   288.33   778.04 2.65 2.26  50.7 -0.542    19.58 21.14 02a58021o0285c 0x000000  40.000000
58021.351298 17.192382 0.033788   482    15 c    0   1.43 300.93717 -27.98842  9690.81   942.35 2.74 2.62  40.4 -0.446    19.59 21.23 02a58021o0293c 0x000000  32.133333
58021.359207 17.103746 0.033216   523    16 c    0   1.50 300.93717 -27.98842  9710.63   823.60 2.78 2.66  37.1 -0.435    19.58 21.19 02a58021o0310c 0x000000  32.687500
58049.281288 14.879755      NaN -1534  1352 c    0   1.45 300.93717 -27.98842  6963.22   286.62 2.66 2.45  69.9 -0.430    14.28 15.56 02a58049o0009c 0x100002  -1.134615
58049.289176 17.405762      NaN  -250   132 c    0   0.96 300.93717 -27.98842  6980.77   167.66 2.75 2.51  54.5 -0.437    16.76 18.01 02a58049o0026c 0x100002  -1.893939
58081.195650 17.389435      NaN    -9   134 c    0   1.09 300.93717 -27.98842  2046.79  8739.89 4.59 4.35  29.7 -0.425    17.36 18.77 02a58081o0031c 0x100002  -0.067164
58193.649306 18.857417      NaN     8    32 c    0   1.04 300.93717 -27.98842  9797.94  9550.90 2.96 2.61  47.3 -0.413    18.72 19.79 02a58193o0899c 0x100002   0.250000
58193.654833 17.408507      NaN    56   113 c    0   1.33 300.93717 -27.98842  9763.26  9511.93 3.14 2.64  46.2 -0.469    17.55 18.51 02a58193o0911c 0x100002   0.495575
58193.657114 16.696538      NaN   272   163 c    0   1.94 300.93717 -27.98842  9815.69  9591.78 3.27 2.91  46.1 -0.471    16.97 17.87 02a58193o0916c 0x100002   1.668712
58225.608050 17.303777      NaN  -160   145 c    0   1.36 300.93717 -27.98842  2843.04  9547.89 2.69 2.62  38.2 -0.429    17.05 18.54 02a58225o0832c 0x100002  -1.103448
58225.610790 17.316329      NaN    40   130 c    0   0.96 300.93717 -27.98842  2858.90  9587.96 2.63 2.57  32.1 -0.429    17.08 18.56 02a58225o0838c 0x100002   0.307692
58225.622585 15.679936      NaN  -535   647 c    0   1.39 300.93717 -27.98842  2789.04  9629.80 2.60 2.54 -26.7 -0.447    15.39 16.87 02a58225o0863c 0x100002  -0.826893
58225.623497 14.938324      NaN -1052  1281 c    0   1.14 300.93717 -27.98842  2806.92  9512.29 2.57 2.44  19.9 -0.451    14.79 16.25 02a58225o0865c 0x100002  -0.821233
58250.558038 20.449472      NaN   -31     8 c    0   2.59 300.93717 -27.98842  8580.45  1070.63 2.92 2.79  76.7 -0.388    19.52 21.19 02a58250o0685c 0x000000  -3.875000
58250.564440 20.321591      NaN   -88     9 c    0   1.53 300.93717 -27.98842  8597.08  1112.87 3.00 2.86  79.8 -0.384    19.49 21.22 02a58250o0699c 0x000000  -9.777778
58250.572245 20.207197      NaN   -87    10 c    0   1.52 300.93717 -27.98842  8546.33  1034.01 3.15 2.83  62.7 -0.383    19.48 21.27 02a58250o0716c 0x000000  -8.700000
58250.585533 20.321591      NaN   -57     9 c    0   1.93 300.93717 -27.98842  8506.19  1153.66 2.94 2.78 -84.8 -0.386    19.53 21.31 02a58250o0745c 0x000000  -6.333333
58257.545694 19.922338      NaN   -76    13 c    0   1.14 300.93717 -27.98842  7949.07   695.78 2.98 2.80  65.0 -0.389    19.46 21.22 02a58257o0676c 0x000000  -5.846154
58257.546150 20.103715      NaN   -58    11 c    0   1.50 300.93717 -27.98842  3171.68 10370.38 2.80 2.64  30.4 -0.414    19.48 21.24 02a58257o0677c 0x000000  -5.272727
58257.554366 20.207197      NaN   -68    10 c    0   1.64 300.93717 -27.98842  3187.61 10409.50 2.83 2.65  30.1 -0.419    19.52 21.30 02a58257o0695c 0x000000  -6.800000
58257.555278 20.103715      NaN   -77    11 c    0   1.15 300.93717 -27.98842  7964.26   736.05 2.84 2.70  67.8 -0.392    19.55 21.30 02a58257o0697c 0x000000  -7.000000
58257.566725 20.321591      NaN   -65     9 c    0   2.11 300.93717 -27.98842  7875.62   775.90 2.84 2.70  81.6 -0.389    19.57 21.32 02a58257o0722c 0x000000  -7.222222
58257.568550 20.207197      NaN   -41    10 c    0   1.59 300.93717 -27.98842  7910.58   659.22 2.84 2.71 -86.5 -0.392    19.54 21.33 02a58257o0726c 0x000000  -4.100000
58257.570831 20.321591      NaN   -74     9 c    0   2.16 300.93717 -27.98842  3115.20 10334.50 2.78 2.66  25.8 -0.427    19.56 21.34 02a58257o0731c 0x000000  -8.222222
58257.572656 20.207197      NaN  -163    10 c    0   2.39 300.93717 -27.98842  3096.95 10453.47 2.83 2.67  28.2 -0.422    19.53 21.35 02a58257o0735c 0x000000 -16.300000
58281.508286 20.207197      NaN   -95    10 c    0   1.42 300.93717 -27.98842  6395.76  1556.18 2.72 2.56 -67.5 -0.392    19.62 21.40 02a58281o0533c 0x000000  -9.500000
58281.515146 20.594452      NaN   -52     7 c    0   3.20 300.93717 -27.98842  6344.70  1518.60 2.61 2.47  62.5 -0.406    19.67 21.44 02a58281o0548c 0x000000  -7.428571
58281.517434 20.449472      NaN   -21     8 c    0   2.76 300.93717 -27.98842  6411.32  1597.73 2.69 2.54  57.7 -0.408    19.64 21.45 02a58281o0553c 0x000000  -2.625000
58281.524295 20.321591      NaN   -77     9 c    0   1.78 300.93717 -27.98842  6325.08  1636.02 2.66 2.48  60.2 -0.408    19.68 21.48 02a58281o0568c 0x000000  -8.555556
58285.504314 20.449472      NaN   -78     8 c    0   2.30 300.93717 -27.98842  5230.93  1984.00 2.53 2.45  75.5 -0.400    19.65 21.30 02a58285o0566c 0x000000  -9.750000
58285.515748 20.449472      NaN  -104     8 c    0   1.59 300.93717 -27.98842  5243.08  2023.10 2.65 2.44 -59.7 -0.389    19.63 21.31 02a58285o0591c 0x000000 -13.000000
58285.518034 20.321591      NaN   -84     9 c    0   1.54 300.93717 -27.98842  5192.50  1946.15 2.59 2.46 -70.2 -0.393    19.67 21.31 02a58285o0596c 0x000000  -9.333333
58285.527201 20.449472      NaN   -84     8 c    0   2.41 300.93717 -27.98842  5171.94  2062.88 2.65 2.43 -56.5 -0.388    19.59 21.31 02a58285o0616c 0x000000 -10.500000
58309.462351 20.207197      NaN  -101    10 c    0   1.43 300.93717 -27.98842  3485.22  7404.63 2.69 2.53 -22.2 -0.395    19.53 21.26 02a58309o0476c 0x000000 -10.100000
58309.472329 20.207197      NaN   -69    10 c    0   1.24 300.93717 -27.98842  3470.43  7361.85 2.53 2.35   6.7 -0.438    19.61 21.31 02a58309o0497c 0x000000  -6.900000
58309.474615 20.321591      NaN   -36     9 c    0   2.04 300.93717 -27.98842  3539.56  7441.91 2.47 2.31   8.2 -0.440    19.64 21.32 02a58309o0502c 0x000000  -4.000000
58309.488260 20.207197      NaN   -69    10 c    0   1.72 300.93717 -27.98842  3555.37  7324.78 2.62 2.48 -19.5 -0.400    19.58 21.31 02a58309o0531c 0x000000  -6.900000
58313.448019 20.594452      NaN  -112     7 c    0   3.18 300.93717 -27.98842  4238.94  7597.37 2.69 2.56  12.5 -0.428    19.46 21.20 02a58313o0091c 0x000000 -16.000000
58313.464332 20.321591      NaN   -67     9 c    0   2.20 300.93717 -27.98842  4288.77  7677.76 2.66 2.58  -3.8 -0.420    19.54 21.27 02a58313o0125c 0x000000  -7.444444
58313.469820 20.103715      NaN   -45    11 c    0   1.32 300.93717 -27.98842  4306.34  7565.85 2.59 2.50  15.4 -0.427    19.56 21.31 02a58313o0137c 0x000000  -4.090909
58333.477518 18.598565      NaN  -100    44 c    0   1.27 300.93717 -27.98842  4893.41  7525.08 2.84 2.75 -80.0 -0.421    18.52 19.85 02a58333o0513c 0x100002  -2.272727
58333.485415 19.510313      NaN   -61    19 c    0   1.44 300.93717 -27.98842  4860.01  7487.12 2.71 2.67  71.8 -0.440    18.94 20.23 02a58333o0530c 0x000000  -3.210526
58333.493861 19.351140      NaN  -103    22 c    0   1.05 300.93717 -27.98842  4930.07  7565.05 3.14 3.04  64.2 -0.427    18.71 20.20 02a58333o0548c 0x000000  -4.681818
58333.501927 19.454622      NaN   -55    20 c    0   1.35 300.93717 -27.98842  4947.61  7449.61 2.62 2.54 -60.8 -0.449    18.89 20.13 02a58333o0565c 0x000000  -2.750000
58337.402530 19.841877      NaN   -99    14 c    0   0.87 300.93717 -27.98842  4660.37  9092.85 2.77 2.69 -27.9 -0.402    19.51 21.20 02a58337o0363c 0x000000  -7.071429
58337.411267 19.841877      NaN   -94    14 c    0   1.28 300.93717 -27.98842  4644.13  9056.83 2.79 2.70 -27.0 -0.408    19.50 21.18 02a58337o0382c 0x000000  -6.714286
58337.413554 19.696897      NaN   -48    16 c    0   1.25 300.93717 -27.98842  4711.06  9136.15 3.03 2.86 -56.3 -0.368    19.39 21.18 02a58337o0387c 0x000000  -3.000000
58337.422259 19.922338      NaN   -53    13 c    0   1.57 300.93717 -27.98842  4728.55  9022.41 2.88 2.76 -59.7 -0.374    19.48 21.18 02a58337o0406c 0x000000  -4.076923
58341.387426 19.631075      NaN   -88    17 c    0   0.91 300.93717 -27.98842  1924.25  9680.25 2.75 2.50   3.4 -0.448    19.53 21.33 02a58341o0336c 0x000000  -5.176471
58341.401601 19.922338      NaN   -81    13 c    0   1.54 300.93717 -27.98842  1906.43  9643.15 2.74 2.62 -16.8 -0.413    19.52 21.33 02a58341o0367c 0x000000  -6.230769
58341.403429 19.436675      NaN     4    19 c    0   1.02 300.93717 -27.98842  6737.22    45.66 2.74 2.49 -86.7 -0.420    19.54 21.34 02a58341o0371c 0x000000   0.210526
58341.410292 19.841877      NaN   -84    14 c    0   1.19 300.93717 -27.98842  1959.89  9722.55 2.67 2.45  12.3 -0.455    19.57 21.34 02a58341o0386c 0x000000  -6.000000
58341.415321 19.841877      NaN  -103    14 c    0   1.89 300.93717 -27.98842  1976.20  9606.86 2.92 2.80 -51.9 -0.395    19.47 21.33 02a58341o0397c 0x000000  -7.357143
58341.416236 20.207197      NaN   -93    10 c    0   1.98 300.93717 -27.98842  6772.10    85.21 2.77 2.57  78.4 -0.423    19.53 21.33 02a58341o0399c 0x000000  -9.300000
58345.387372 18.944322      NaN   -55    32 c    0   1.37 300.93717 -27.98842  1865.10  8234.89 2.63 2.51 -18.0 -0.405    18.55 20.16 02a58345o0338c 0x100002  -1.718750
58345.395224 18.417189      NaN    -6    52 c    0   1.10 300.93717 -27.98842  1848.42  8197.22 2.60 2.49 -20.8 -0.407    18.13 19.71 02a58345o0355c 0x100002  -0.115385
58345.403055 17.112082      NaN  -202   173 c    0   0.76 300.93717 -27.98842  1900.73  8276.67 2.57 2.45 -13.1 -0.405    16.50 18.08 02a58345o0372c 0x100002  -1.167630
58345.412681 17.574501      NaN  -368   113 c    0   1.43 300.93717 -27.98842  1918.45  8160.90 2.60 2.51 -28.8 -0.421    17.10 18.62 02a58345o0393c 0x100002  -3.256637
58401.276018 20.103715      NaN   -82    11 c    0   1.59 300.93717 -27.98842  4250.02  8829.36 2.82 2.75 -76.2 -0.393    19.45 21.06 02a58401o0173c 0x000000  -7.454545
58401.283420 19.841877      NaN   -98    14 c    0   1.11 300.93717 -27.98842  4233.06  8791.41 2.92 2.82 -87.5 -0.384    19.39 21.05 02a58401o0189c 0x000000  -7.000000
58401.291258 20.009244      NaN   -67    12 c    0   1.40 300.93717 -27.98842  4284.67  8869.66 2.91 2.78  86.2 -0.395    19.37 21.04 02a58401o0206c 0x000000  -5.583333
58401.299078 20.009244      NaN   -49    12 c    0   1.50 300.93717 -27.98842  4319.79  8753.29 2.94 2.77 -71.7 -0.386    19.38 21.03 02a58401o0223c 0x000000  -4.083333
58405.275201 19.212347      NaN   -22    25 c    0   2.38 300.93717 -27.98842  5077.99  8640.79 2.61 2.55  87.5 -0.421    18.48 19.55 02a58405o0112c 0x000000  -0.880000
58405.285436 20.009244      NaN   -48    12 c    0   1.66 300.93717 -27.98842  5060.59  8602.27 2.61 2.51 -78.6 -0.459    19.38 20.69 02a58405o0134c 0x000000  -4.000000
58405.294815 20.103715      NaN   -44    11 c    0   2.28 300.93717 -27.98842  5129.50  8680.50 2.63 2.54 -75.3 -0.426    19.36 20.70 02a58405o0154c 0x000000  -4.000000
58405.304666 20.009244      NaN   -92    12 c    0   1.38 300.93717 -27.98842  5146.27  8563.69 2.77 2.56 -69.6 -0.391    19.31 20.69 02a58405o0175c 0x000000  -7.666667
58425.250624 20.009244      NaN   -77    12 c    0   1.46 300.93717 -27.98842  1890.96  7640.32 2.83 2.62 -76.3 -0.373    19.29 20.82 02a58425o0118c 0x000000  -6.416667
58425.260075 19.922338      NaN   -32    13 c    0   1.23 300.93717 -27.98842  1874.89  7601.01 2.68 2.57 -71.3 -0.416    19.29 20.79 02a58425o0138c 0x000000  -2.461538
58425.270005 19.922338      NaN   -34    13 c    0   1.63 300.93717 -27.98842  1946.20  7678.18 2.67 2.46 -68.3 -0.407    19.27 20.71 02a58425o0159c 0x000000  -2.615385
58425.279423 19.841877      NaN   -24    14 c    0   1.39 300.93717 -27.98842  1965.82  7561.59 2.76 2.61 -61.2 -0.408    19.17 20.60 02a58425o0179c 0x000000  -1.714286
58429.241526 20.207197      NaN   -95    10 c    0   1.76 300.93717 -27.98842  2398.02 10221.93 2.65 2.56 -53.9 -0.392    19.37 20.84 02a58429o0122c 0x000000  -9.500000
58429.248180 20.103715      NaN   -78    11 c    0   1.41 300.93717 -27.98842  7193.54   575.87 2.67 2.56  78.0 -0.434    19.43 20.90 02a58429o0136c 0x000000  -7.090909
58429.250998 20.321591      NaN   -30     9 c    0   3.05 300.93717 -27.98842  2381.84 10182.46 2.72 2.53   2.0 -0.432    19.34 20.79 02a58429o0142c 0x000000  -3.333333
58429.258116 20.009244      NaN   -74    12 c    0   1.50 300.93717 -27.98842  7176.28   537.48 2.71 2.61  74.8 -0.438    19.38 20.84 02a58429o0157c 0x000000  -6.166667
58429.261407 19.922338      NaN   -76    13 c    0   1.41 300.93717 -27.98842  2452.66 10261.05 2.70 2.50 -13.6 -0.429    19.24 20.69 02a58429o0164c 0x000000  -5.846154
58429.267579 19.841877      NaN   -72    14 c    0   1.45 300.93717 -27.98842  7245.37   616.18 2.76 2.66 -84.3 -0.423    19.28 20.78 02a58429o0177c 0x000000  -5.142857
58429.270375 20.009244      NaN   -83    12 c    0   1.85 300.93717 -27.98842  2472.16 10162.25 2.79 2.52  -5.4 -0.435    19.18 20.64 02a58429o0183c 0x000000  -6.916667
58429.276913 19.766969      NaN   -80    15 c    0   1.25 300.93717 -27.98842  7263.36   498.65 2.85 2.80  68.3 -0.420    19.24 20.72 02a58429o0197c 0x000000  -5.333333
58433.241334 16.427488      NaN  -696   325 c    0   0.97 300.93717 -27.98842  4548.83  8652.65 2.82 2.68 -76.3 -0.428    16.24 17.55 02a58433o0101c 0x100002  -2.141538
58433.251790 16.761202      NaN -1033   239 c    0   1.04 300.93717 -27.98842  4567.16  8536.33 2.84 2.71 -77.9 -0.406    16.07 17.50 02a58433o0123c 0x100002  -4.322176
58609.582986 20.207197      NaN   -80    10 c    0   1.69 300.93717 -27.98842  2691.50  5247.94 2.61 2.44  29.8 -0.390    19.52 21.31 02a58609o0643c 0x000000  -8.000000
58609.594476 20.321591      NaN   -55     9 c    0   2.19 300.93717 -27.98842  2638.68  5208.62 2.46 2.34  33.0 -0.395    19.59 21.33 02a58609o0668c 0x000000  -6.111111
58609.595860 20.321591      NaN   -37     9 c    0   2.05 300.93717 -27.98842  2706.48  5285.46 2.46 2.39  28.0 -0.400    19.58 21.33 02a58609o0671c 0x000000  -4.111111
58609.602276 20.449472      NaN   -79     8 c    0   2.30 300.93717 -27.98842  2617.85  5324.31 2.52 2.35  33.8 -0.396    19.58 21.34 02a58609o0685c 0x000000  -9.875000
58633.536394 20.321591      NaN   -54     9 c    0   1.41 300.93717 -27.98842  1483.27  2349.34 2.41 2.38 -79.6 -0.407    19.61 21.47 02a58633o0662c 0x000000  -6.000000
58633.539137 20.449472      NaN   -57     8 c    0   1.51 300.93717 -27.98842  1503.27  2387.12 2.41 2.31 -59.5 -0.414    19.64 21.48 02a58633o0668c 0x000000  -7.125000
58633.545878 20.207197      NaN   -46    10 c    0   1.37 300.93717 -27.98842  1442.36  2313.02 2.61 2.39  38.4 -0.401    19.48 21.36 02a58633o0682c 0x000000  -4.600000
58633.560107 20.449472      NaN   -75     8 c    0   1.91 300.93717 -27.98842  1418.02  2430.25 2.59 2.32  37.0 -0.401    19.58 21.46 02a58633o0712c 0x000000  -9.375000
58637.540534 20.207197      NaN   -85    10 c    0   2.27 300.93717 -27.98842  9939.54  4311.72 2.76 2.54 -73.0 -0.403    19.54 21.35 02a58637o0652c 0x000000  -8.500000
58637.543364 20.321591      NaN  -100     9 c    0   1.92 300.93717 -27.98842  9958.99  4351.02 2.71 2.51 -72.9 -0.412    19.59 21.34 02a58637o0658c 0x000000 -11.111111
58637.550113 20.321591      NaN   -90     9 c    0   1.75 300.93717 -27.98842  9899.31  4273.05 2.65 2.55 -76.2 -0.400    19.50 21.29 02a58637o0672c 0x000000 -10.000000
58637.561339 20.321591      NaN   -74     9 c    0   2.96 300.93717 -27.98842   680.70  6163.08 2.49 2.39 -37.6 -0.420    19.56 21.38 02a58637o0696c 0x000000  -8.222222
58665.491885 20.449472      NaN   -70     8 c    0   1.87 300.93717 -27.98842  2055.21  6130.33 2.29 2.23 -30.1 -0.412    19.75 21.57 02a58665o0412c 0x000000  -8.750000
58665.494632 20.207197      NaN   -25    10 c    0   1.42 300.93717 -27.98842  2070.05  6166.60 2.48 2.22  28.4 -0.392    19.70 21.56 02a58665o0418c 0x000000  -2.500000
58665.499725 20.321591      NaN   -41     9 c    0   3.09 300.93717 -27.98842  2010.90  6089.70 2.37 2.22  25.1 -0.402    19.75 21.55 02a58665o0429c 0x000000  -4.555556
58669.470886 20.321591      NaN   -65     9 c    0   1.21 300.93717 -27.98842  7654.40  2537.14 2.54 2.41  39.2 -0.387    19.57 21.33 02a58669o0455c 0x000000  -7.222222
58669.474558 20.594452      NaN   -62     7 c    0   2.14 300.93717 -27.98842  7673.23  2575.84 2.54 2.35  37.4 -0.384    19.60 21.37 02a58669o0463c 0x000000  -8.857143
58669.481906 20.761819      NaN   -99     6 c    0   2.58 300.93717 -27.98842  7613.76  2496.62 2.80 2.49  32.5 -0.375    19.54 21.40 02a58669o0478c 0x000000 -16.500000
58669.491752 20.321591      NaN   -60     9 c    0   2.39 300.93717 -27.98842  2963.73  7943.29 2.85 2.50  39.8 -0.377    19.51 21.41 02a58669o0499c 0x000000  -6.666667
58670.489256 20.449472      NaN   -86     8 c    0   2.07 300.93717 -27.98842  2901.06  8017.66 2.87 2.33  37.4 -0.373    19.55 21.45 02a58670o0516c 0x000000 -10.750000
58670.493471 20.207197      NaN   -42    10 c    0   2.06 300.93717 -27.98842  2881.21  7978.16 2.67 2.35  38.3 -0.386    19.59 21.45 02a58670o0524c 0x000000  -4.200000
58670.501823 20.207197      NaN   -45    10 c    0   1.51 300.93717 -27.98842  2941.69  8061.09 2.67 2.34  42.7 -0.382    19.62 21.44 02a58670o0541c 0x000000  -4.500000
58670.511787 20.449472      NaN   -56     8 c    0   3.00 300.93717 -27.98842  2964.25  7948.42 2.59 2.33  45.0 -0.395    19.61 21.48 02a58670o0561c 0x000000  -7.000000
58671.473290 20.449472      NaN   -97     8 c    0   3.28 300.93717 -27.98842  7652.78  2537.85 2.76 2.49  35.5 -0.381    19.55 21.49 02a58671o0509c 0x000000 -12.125000
58671.477125 20.321591      NaN   -35     9 c    0   1.97 300.93717 -27.98842  2886.74  7977.55 2.74 2.47  35.6 -0.378    19.59 21.49 02a58671o0517c 0x000000  -3.888889
58671.484680 20.594452      NaN   -81     7 c    0   2.72 300.93717 -27.98842  7612.02  2497.13 2.76 2.44  32.7 -0.377    19.61 21.49 02a58671o0533c 0x000000 -11.571429
58671.497210 20.449472      NaN   -87     8 c    0   1.63 300.93717 -27.98842  2965.64  7945.66 2.88 2.71  49.3 -0.372    19.51 21.51 02a58671o0559c 0x000000 -10.875000
58693.412760 20.321591      NaN   -58     9 c    0   1.74 300.93717 -27.98842  5144.42  8415.62 2.62 2.48  23.2 -0.403    19.56 21.45 02a58693o0361c 0x000000  -6.444444
58693.414453 20.321591      NaN   -41     9 c    0   2.50 300.93717 -27.98842  5443.32  2183.75 2.52 2.36  39.1 -0.393    19.59 21.45 02a58693o0364c 0x000000  -4.555556
58693.416098 20.594452      NaN   -47     7 c    0   2.15 300.93717 -27.98842  5385.54  2105.99 2.38 2.27  39.7 -0.393    19.64 21.44 02a58693o0367c 0x000000  -6.714286
58693.424267 20.449472      NaN   -87     8 c    0   2.65 300.93717 -27.98842  5200.23  8338.92 2.58 2.44  34.1 -0.410    19.63 21.45 02a58693o0378c 0x000000 -10.875000
58705.342550 17.063000      NaN   174   123 c    0   1.21 300.93717 -27.98842  5335.05   183.77 2.47 2.40  37.5 -0.465    16.99 17.74 02a58705o0240c 0x100002   1.414634
58705.345294 16.510781      NaN  -288   301 c    0   1.09 300.93717 -27.98842  2107.48 10417.41 2.46 2.14 -60.6 -0.471    16.68 17.43 02a58705o0246c 0x100002  -0.956811
58705.345752 16.741693      NaN   109   207 c    0   0.79 300.93717 -27.98842  5355.25   223.34 2.38 2.24  88.1 -0.404    16.66 17.53 02a58705o0247c 0x100002   0.526570
58705.348498 18.526952      NaN  -117    47 c    0   0.97 300.93717 -27.98842  2124.49 10456.92 2.46 2.16 -58.4 -0.421    18.18 18.98 02a58705o0253c 0x100002  -2.489362
58705.351698 18.191747      NaN  -147    64 c    0   1.14 300.93717 -27.98842  5294.39   144.88 2.48 2.29  68.9 -0.401    17.71 18.56 02a58705o0260c 0x100002  -2.296875
58705.353986 17.909502      NaN  -168    83 c    0   1.39 300.93717 -27.98842  2065.85 10377.86 2.38 2.26  58.0 -0.461    17.24 18.21 02a58705o0265c 0x100002  -2.024096
58705.363202 18.978793      NaN  -126    31 c    0   1.22 300.93717 -27.98842  5271.98   262.20 2.35 2.19 -83.4 -0.404    18.50 19.33 02a58705o0285c 0x100002  -4.064516
58705.366862 17.922662      NaN  -106    82 c    0   1.13 300.93717 -27.98842  2045.04 10498.29 2.38 2.20 -73.0 -0.454    18.19 19.09 02a58705o0293c 0x100002  -1.292683
58721.348659 20.009244      NaN   -37    12 c    0   2.26 300.93717 -27.98842  2017.18  8461.44 2.63 2.57 -32.0 -0.385    19.22 21.11 02a58721o0269c 0x000000  -3.083333
58721.351628 20.207197      NaN   -92    10 c    0   1.69 300.93717 -27.98842  8531.76  2059.11 3.05 2.94 -76.4 -0.377    19.22 21.26 02a58721o0275c 0x000000  -9.200000
58721.357066 20.207197      NaN   -75    10 c    0   1.20 300.93717 -27.98842  8588.70  2135.03 2.85 2.76  80.5 -0.376    19.45 21.42 02a58721o0286c 0x000000  -7.500000
58721.368101 20.103715      NaN   -60    11 c    0   1.24 300.93717 -27.98842  8608.86  2017.18 2.74 2.64  89.1 -0.381    19.47 21.43 02a58721o0309c 0x000000  -5.454545
58729.344162 20.207197      NaN   -57    10 c    0   1.67 300.93717 -27.98842   917.29  8097.66 2.45 2.41 -42.4 -0.426    19.57 21.38 02a58729o0284c 0x000000  -5.700000
58729.347363 20.207197      NaN   -70    10 c    0   1.44 300.93717 -27.98842   897.85  8058.76 2.52 2.41 -32.8 -0.421    19.56 21.38 02a58729o0291c 0x000000  -7.000000
58729.353804 20.207197      NaN   -78    10 c    0   1.78 300.93717 -27.98842   956.42  8137.51 2.52 2.41 -48.7 -0.424    19.59 21.35 02a58729o0305c 0x000000  -7.800000
58729.364341 19.922338      NaN   -70    13 c    0   1.03 300.93717 -27.98842   977.62  8021.31 2.64 2.49 -64.1 -0.422    19.53 21.28 02a58729o0328c 0x000000  -5.384615
58749.303732 20.321591      NaN   -50     9 c    0   1.76 300.93717 -27.98842 10451.08  4285.07 2.54 2.47 -81.0 -0.413    19.57 21.21 02a58749o0201c 0x000000  -5.555556
58749.313642 20.449472      NaN   -79     8 c    0   2.78 300.93717 -27.98842 10434.86  4246.74 2.63 2.46  40.7 -0.408    19.49 21.20 02a58749o0220c 0x000000  -9.875000
58749.316833 20.103715      NaN  -128    11 c    0   2.12 300.93717 -27.98842 10488.63  4327.63 2.66 2.50  37.4 -0.405    19.52 21.19 02a58749o0226c 0x000000 -11.636364
58749.322251 19.631075      NaN  -199    17 c    0   1.20 300.93717 -27.98842 10512.40  4209.02 2.60 2.49  44.4 -0.407    19.54 21.17 02a58749o0236c 0x000000 -11.705882
58749.357409 20.207197      NaN   -36    10 c    0   1.24 300.93717 -27.98842   490.56  4296.74 2.60 2.35  40.4 -0.381    19.41 21.13 02a58749o0304c 0x000000  -3.600000
58749.360294 20.321591      NaN   -40     9 c    0   1.81 300.93717 -27.98842   471.36  4254.65 2.57 2.36  41.5 -0.390    19.46 21.13 02a58749o0310c 0x000000  -4.444444
58749.366786 20.207197      NaN   -68    10 c    0   1.76 300.93717 -27.98842   530.30  4336.78 2.54 2.42  59.2 -0.392    19.42 21.12 02a58749o0323c 0x000000  -6.800000
58749.376725 20.207197      NaN   -29    10 c    0   2.26 300.93717 -27.98842   553.65  4220.36 2.63 2.37  45.1 -0.382    19.35 21.08 02a58749o0342c 0x000000  -2.900000
58753.318842 20.449472      NaN   -49     8 c    0   2.41 300.93717 -27.98842   486.66  4295.26 2.63 2.48  49.2 -0.386    19.45 21.27 02a58753o0198c 0x000000  -6.125000
58753.322100 20.321591      NaN   -84     9 c    0   2.15 300.93717 -27.98842   467.43  4255.66 2.62 2.49  51.9 -0.379    19.47 21.25 02a58753o0205c 0x000000  -9.333333
58753.327654 20.321591      NaN   -70     9 c    0   2.81 300.93717 -27.98842   526.16  4334.66 2.53 2.38  49.8 -0.390    19.48 21.27 02a58753o0217c 0x000000  -7.777778
58753.332302 20.321591      NaN   -86     9 c    0   1.78 300.93717 -27.98842 10448.30  4290.85 2.62 2.49 -67.8 -0.403    19.58 21.36 02a58753o0227c 0x000000  -9.555556
58753.335536 20.449472      NaN   -80     8 c    0   1.84 300.93717 -27.98842 10429.42  4253.00 2.65 2.43 -63.9 -0.416    19.54 21.36 02a58753o0234c 0x000000 -10.000000
58753.338743 20.207197      NaN   -62    10 c    0   1.48 300.93717 -27.98842   546.39  4218.68 2.49 2.37  66.7 -0.393    19.49 21.25 02a58753o0241c 0x000000  -6.200000
58753.341523 20.009244      NaN  -140    12 c    0   1.27 300.93717 -27.98842 10489.44  4329.27 2.66 2.49 -61.1 -0.408    19.53 21.33 02a58753o0247c 0x000000 -11.666667
58753.351409 19.696897      NaN  -173    16 c    0   1.75 300.93717 -27.98842 10511.68  4212.89 2.62 2.43 -59.4 -0.415    19.53 21.30 02a58753o0268c 0x000000 -10.812500
58757.311811 20.103715      NaN  -108    11 c    0   1.36 300.93717 -27.98842  6568.59  4543.62 2.94 2.86  70.9 -0.369    19.31 21.17 02a58757o0117c 0x000000  -9.818182
58757.315172 20.207197      NaN   -84    10 c    0   1.41 300.93717 -27.98842  6549.37  4506.35 2.85 2.69  49.5 -0.367    19.38 21.18 02a58757o0124c 0x000000  -8.400000
58773.230828 20.009244      NaN   -99    12 c    0   1.62 300.93717 -27.98842  4520.34  6090.68 2.58 2.30  44.3 -0.379    19.37 20.83 02a58773o0078c 0x000000  -8.250000
58773.234097 19.841877      NaN  -105    14 c    0   1.39 300.93717 -27.98842  4502.14  6049.85 2.69 2.23  42.5 -0.373    19.23 20.65 02a58773o0085c 0x000000  -7.500000
58773.239652 20.009244      NaN   -66    12 c    0   1.48 300.93717 -27.98842  4560.76  6127.67 2.62 2.34  45.1 -0.378    19.36 20.81 02a58773o0097c 0x000000  -5.500000
58773.250308 20.009244      NaN  -102    12 c    0   1.32 300.93717 -27.98842  4581.10  6011.87 2.56 2.39  53.8 -0.379    19.20 20.68 02a58773o0120c 0x000000  -8.500000
58773.261235 20.009244      NaN   -54    12 c    0   1.79 300.93717 -27.98842  4543.06  6069.34 2.62 2.32  46.9 -0.378    19.27 20.62 02a58773o0141c 0x000000  -4.500000
58777.193413 18.298627      NaN  -234    58 c    0   1.67 300.93717 -27.98842  6034.45  4472.95 2.78 2.42  31.2 -0.391    17.44 18.42 02a58777o0006c 0x100002  -4.034483
58777.200961 19.631075      NaN   -42    17 c    0   1.73 300.93717 -27.98842  4510.56  6044.61 2.95 2.47  38.5 -0.360    18.90 20.13 02a58777o0022c 0x000000  -2.470588
58777.204648 20.009244      NaN   -62    12 c    0   1.60 300.93717 -27.98842  4568.31  6126.27 2.90 2.45  42.7 -0.363    19.19 20.60 02a58777o0030c 0x000000  -5.166667
58777.214518 20.103715      NaN   -91    11 c    0   1.68 300.93717 -27.98842  4585.86  6007.70 2.76 2.39  43.8 -0.374    19.39 20.91 02a58777o0051c 0x000000  -8.272727
58781.245781 19.841877      NaN   -42    14 c    0   1.87 300.93717 -27.98842  3068.02  9969.20 2.60 2.42  61.0 -0.392    19.30 20.69 02a58781o0139c 0x000000  -3.000000
58781.248625 19.766969      NaN   -92    15 c    0   1.24 300.93717 -27.98842  3050.10  9930.42 2.58 2.41  65.1 -0.392    19.32 20.68 02a58781o0145c 0x000000  -6.133333
58781.254305 20.103715      NaN   -33    11 c    0   1.74 300.93717 -27.98842  3109.64 10008.73 2.61 2.42  65.5 -0.384    19.28 20.69 02a58781o0157c 0x000000  -3.000000
58781.264365 20.009244      NaN   -50    12 c    0   2.11 300.93717 -27.98842  3130.23  9891.35 2.57 2.39  61.7 -0.391    19.29 20.71 02a58781o0178c 0x000000  -4.166667
58785.238003 20.009244      NaN   -93    12 c    0   2.35 300.93717 -27.98842  3070.34  9972.88 2.60 2.46  73.2 -0.391    19.36 20.80 02a58785o0095c 0x000000  -7.750000
58785.241261 20.009244      NaN   -74    12 c    0   1.86 300.93717 -27.98842  3051.31  9933.58 2.58 2.46  72.2 -0.393    19.34 20.79 02a58785o0102c 0x000000  -6.166667
58785.248648 20.103715      NaN   -64    11 c    0   1.30 300.93717 -27.98842  3111.53 10011.94 2.59 2.45  74.8 -0.388    19.34 20.78 02a58785o0118c 0x000000  -5.818182
58785.259722 19.569016      NaN   -83    18 c    0   1.02 300.93717 -27.98842  3135.08  9892.01 2.98 2.79 -58.7 -0.375    19.19 20.74 02a58785o0142c 0x000000  -4.611111
58961.590649 20.009244      NaN   -14    12 c    0   1.39 300.93717 -27.98842  3980.78  6007.07 2.75 2.38  33.6 -0.378    19.41 20.98 02a58961o0770c 0x000000  -1.166667
58961.593789 19.894850 0.298577    40    11 c    0   1.58 300.93717 -27.98842  3998.07  6046.64 2.73 2.41  31.5 -0.381    19.38 21.00 02a58961o0776c 0x000000   3.636364
58961.599972 20.103715      NaN   -10    11 c    0   1.32 300.93717 -27.98842  3943.82  5968.59 2.63 2.34  31.9 -0.385    19.45 21.01 02a58961o0789c 0x000000  -0.909091
58961.609794 19.922338      NaN   -31    13 c    0   1.16 300.93717 -27.98842  3924.99  6084.37 2.59 2.33  30.3 -0.385    19.39 21.01 02a58961o0810c 0x000000  -2.384615
58965.601200 19.367717      NaN    26    13 c    0   1.32 300.93717 -27.98842  1332.22   399.32 2.51 2.31 -75.2 -0.404    18.97 20.45 02a58965o0803c 0x000000   2.000000
58965.611314 19.549093      NaN    16    13 c    0   1.34 300.93717 -27.98842  1354.45   437.51 2.63 2.40 -69.2 -0.396    19.16 20.62 02a58965o0825c 0x000000   1.230769
58965.621767 19.696897      NaN   -54    16 c    0   1.70 300.93717 -27.98842  1294.37   358.32 2.80 2.45 -65.4 -0.395    18.96 20.37 02a58965o0847c 0x000000  -3.375000
58965.628675 18.757738      NaN    18    32 c    0   1.15 300.93717 -27.98842  1275.89   475.60 2.64 2.40 -66.9 -0.408    18.04 19.15 02a58965o0862c 0x100002   0.562500
58969.594101 20.009244      NaN    -4    12 c    0   0.92 300.93717 -27.98842  1327.55   400.72 2.88 2.60 -62.4 -0.383    19.29 20.90 02a58969o0783c 0x000000  -0.333333
58969.599615 19.922338      NaN    -6    13 c    0   0.98 300.93717 -27.98842  1347.66   439.08 2.94 2.73 -70.4 -0.378    19.31 20.94 02a58969o0795c 0x000000  -0.461538
58969.618529 19.841877 0.310210    42    12 c    0   1.79 300.93717 -27.98842  1289.15   358.50 2.82 2.65 -80.7 -0.377    19.22 20.76 02a58969o0835c 0x000000   3.500000
58969.625438 19.510313      NaN   -10    19 c    0   1.21 300.93717 -27.98842  1270.11   476.11 2.86 2.65 -69.3 -0.398    18.60 19.79 02a58969o0850c 0x000000  -0.526316
58989.567752 20.321591      NaN   -28     9 c    0   1.60 300.93717 -27.98842  1947.87  4195.01 2.51 2.38  31.7 -0.397    19.58 21.28 02a58989o0723c 0x000000  -3.111111
58989.570046 20.321591      NaN   -24     9 c    0   1.42 300.93717 -27.98842  1966.91  4233.49 2.61 2.45  27.9 -0.393    19.58 21.29 02a58989o0728c 0x000000  -2.666667
58989.576378 20.207197      NaN   -38    10 c    0   1.25 300.93717 -27.98842  1907.79  4158.31 2.57 2.44  34.5 -0.395    19.56 21.33 02a58989o0741c 0x000000  -3.800000
58989.596143 20.449472      NaN   -50     8 c    0   2.59 300.93717 -27.98842  1892.77  4271.30 2.48 2.36 -59.0 -0.406    19.60 21.41 02a58989o0784c 0x000000  -6.250000
58997.525107 20.207197      NaN     0    10 c    0   1.25 300.93717 -27.98842  9915.35  8591.15 2.74 2.45  40.6 -0.387    19.56 21.32 02a58997o0617c 0x000000   0.000000
58997.527392 19.631075      NaN    18    11 c    0   1.17 300.93717 -27.98842  9936.50  8630.78 2.73 2.55 -72.5 -0.387    19.63 21.33 02a58997o0622c 0x000000   1.636364
58997.530137 20.321591      NaN   -37     9 c    0   1.85 300.93717 -27.98842  9876.50  8550.21 2.66 2.56  63.9 -0.389    19.67 21.33 02a58997o0628c 0x000000  -4.111111
58997.534250 20.449472      NaN   -63     8 c    0   3.57 300.93717 -27.98842    88.26  8610.66 2.52 2.03 -52.3 -0.431    19.59 21.36 02a58997o0637c 0x000000  -7.875000
58997.549111 20.449472      NaN   -45     8 c    0   2.39 300.93717 -27.98842  9852.13  8670.92 2.69 2.48  42.2 -0.387    19.60 21.40 02a58997o0668c 0x000000  -5.625000
58997.551399 19.841877      NaN    15     9 c    0   2.10 300.93717 -27.98842   102.76  8649.52 2.43 2.00 -50.0 -0.433    19.66 21.43 02a58997o0673c 0x000000   1.666667
58997.554641 19.510313      NaN    -4    19 c    0   2.45 300.93717 -27.98842    44.04  8574.22 2.47 2.13 -46.7 -0.419    19.61 21.45 02a58997o0680c 0x000000  -0.210526
59001.532069 20.207197      NaN    -5    10 c    0   1.88 300.93717 -27.98842  9917.17  8592.81 2.81 2.70  74.7 -0.377    19.54 21.29 02a59001o0553c 0x000000  -0.500000
59001.533899 19.950541      NaN    11     9 c    0   1.75 300.93717 -27.98842  9936.11  8631.27 2.76 2.62  61.4 -0.381    19.59 21.35 02a59001o0557c 0x000000   1.222222
59001.536643 19.569016      NaN    24    10 c    0   1.63 300.93717 -27.98842  9878.38  8551.88 2.77 2.65  60.7 -0.380    19.62 21.40 02a59001o0563c 0x000000   2.400000
59001.542143 20.207197      NaN    -2    10 c    0   1.52 300.93717 -27.98842  9859.57  8667.58 2.72 2.60  71.4 -0.381    19.60 21.45 02a59001o0575c 0x000000  -0.200000
59001.543972 20.449472      NaN   -19     8 c    0   3.62 300.93717 -27.98842    86.64  8609.62 2.39 2.16 -37.4 -0.421    19.60 21.48 02a59001o0579c 0x000000  -2.375000
59001.545815 20.405150      NaN     1     8 c    0   2.77 300.93717 -27.98842   106.77  8648.35 2.45 2.07 -48.8 -0.426    19.63 21.49 02a59001o0583c 0x000000   0.125000
59001.549016 19.766969      NaN   -10    15 c    0   1.29 300.93717 -27.98842    48.47  8570.72 2.51 2.15 -48.9 -0.420    19.57 21.50 02a59001o0590c 0x000000  -0.666667
59016.493268 20.103715      NaN    -4    11 c    0   1.23 300.93717 -27.98842  9502.19   503.46 2.67 2.27 -61.3 -0.417    19.48 21.30 02a59016o0540c 0x000000  -0.363636
59016.515904 19.922338      NaN    -8    13 c    0   1.39 300.93717 -27.98842  9518.92   546.76 2.59 2.27 -62.0 -0.414    19.42 21.20 02a59016o0587c 0x000000  -0.615385
59016.517735 19.922338      NaN   -29    13 c    0   1.48 300.93717 -27.98842  9460.86   465.96 2.75 2.26 -59.6 -0.406    19.44 21.20 02a59016o0591c 0x000000  -2.230769
59016.520479 20.009244      NaN   -52    12 c    0   1.32 300.93717 -27.98842  9439.91   582.88 2.79 2.33 -57.1 -0.408    19.38 21.15 02a59016o0597c 0x000000  -4.333333
59017.494827 20.321591      NaN   -21     9 c    0   2.66 300.93717 -27.98842  9493.07   508.97 2.56 2.17 -62.3 -0.424    19.59 21.32 02a59017o0545c 0x000000  -2.333333
59017.496655 20.103715      NaN   -28    11 c    0   2.46 300.93717 -27.98842  9511.90   548.37 2.62 2.20 -60.9 -0.419    19.57 21.32 02a59017o0549c 0x000000  -2.545455
59017.499400 20.009244      NaN   -11    12 c    0   1.46 300.93717 -27.98842  9451.87   469.47 2.57 2.17 -61.3 -0.416    19.58 21.36 02a59017o0555c 0x000000  -0.916667
59017.512644 20.321591      NaN   -27     9 c    0   2.17 300.93717 -27.98842  9431.31   587.05 2.56 2.27 -58.9 -0.414    19.56 21.40 02a59017o0583c 0x000000  -3.000000
59021.468475 20.207197      NaN    -2    10 c    0   1.61 300.93717 -27.98842  8135.99  6322.92 2.71 2.44  41.6 -0.384    19.56 21.27 02a59021o0487c 0x000000  -0.200000
59021.471674 20.321591      NaN    -3     9 c    0   1.59 300.93717 -27.98842  8154.75  6361.41 2.79 2.43  40.0 -0.378    19.55 21.29 02a59021o0494c 0x000000  -0.333333
59021.474418 19.950541      NaN    11     9 c    0   1.47 300.93717 -27.98842  8095.79  6284.56 2.90 2.45  38.3 -0.369    19.50 21.30 02a59021o0500c 0x000000   1.222222
59021.502096 20.009244      NaN   -19    12 c    0   1.36 300.93717 -27.98842  8075.00  6402.33 2.92 2.47  35.3 -0.375    19.45 21.21 02a59021o0559c 0x000000  -1.583333
59029.477774 20.449472      NaN   -37     8 c    0   2.10 300.93717 -27.98842  1485.93  2360.99 2.46 2.31 -40.0 -0.401    19.61 21.30 02a59029o0503c 0x000000  -4.625000
59029.479609 20.321591      NaN    -3     9 c    0   1.29 300.93717 -27.98842  1506.05  2400.81 2.34 2.23 -52.2 -0.411    19.64 21.31 02a59029o0507c 0x000000  -0.333333
59029.482865 20.321591      NaN    -6     9 c    0   1.49 300.93717 -27.98842  1445.25  2321.74 2.47 2.20  29.8 -0.403    19.62 21.33 02a59029o0514c 0x000000  -0.666667
59029.494829 20.039830      NaN     8     9 c    0   1.82 300.93717 -27.98842  1427.35  2438.00 2.34 2.29 -21.2 -0.408    19.62 21.29 02a59029o0540c 0x000000   0.888889
59049.397653 20.321591      NaN   -16     9 c    0   1.86 300.93717 -27.98842  7995.99  4382.14 2.60 2.38  36.8 -0.381    19.54 21.25 02a59049o0161c 0x000000  -1.777778
59049.399940 20.071303      NaN     7     9 c    0   1.52 300.93717 -27.98842  8015.26  4420.55 2.61 2.37  37.3 -0.382    19.57 21.25 02a59049o0166c 0x000000   0.777778
59049.435315 20.207197      NaN    -7    10 c    0   1.56 300.93717 -27.98842  2597.79  6201.06 2.88 2.57  39.6 -0.367    19.42 21.25 02a59049o0242c 0x000000  -0.700000
59049.440841 19.419021      NaN    29    11 c    0   1.40 300.93717 -27.98842  2617.82  6090.28 2.72 2.58  40.7 -0.373    19.45 21.25 02a59049o0254c 0x000000   2.636364
59053.454495 19.922338      NaN   -18    13 c    0   0.99 300.93717 -27.98842  7203.15 10263.80 2.90 2.62  46.8 -0.388    19.46 21.34 02a59053o0464c 0x000000  -1.384615
59053.457713 19.719755      NaN    14    11 c    0   1.17 300.93717 -27.98842  7185.36 10225.33 2.88 2.56  45.2 -0.393    19.48 21.32 02a59053o0471c 0x000000   1.272727
59053.491067 19.719755      NaN     8    13 c    0   1.22 300.93717 -27.98842  7244.61 10308.41 3.04 2.54  53.5 -0.383    19.40 21.24 02a59053o0543c 0x000000   0.615385
59053.491982 16.680957      NaN   280   164 c    0   0.22 300.93717 -27.98842   537.48    35.17 2.39 2.18 -78.4 -0.438    19.42 21.20 02a59053o0545c 0x100002   1.707317
59053.496204 20.103715      NaN   -42    11 c    0   1.65 300.93717 -27.98842  7267.21 10192.99 2.85 2.70  70.6 -0.385    19.42 21.23 02a59053o0554c 0x000000  -3.818182
59073.376197 20.103715      NaN   -14    11 c    0   1.08 300.93717 -27.98842  2890.05  8017.94 2.55 2.41  31.6 -0.388    19.55 21.41 02a59073o0312c 0x000000  -1.272727
59073.379397 19.816329      NaN    13    10 c    0   1.68 300.93717 -27.98842  2871.14  7979.46 2.59 2.37  36.5 -0.384    19.53 21.40 02a59073o0319c 0x000000   1.300000
59073.389525 19.652575      NaN    20    10 c    0   2.21 300.93717 -27.98842  2930.67  8059.70 2.41 2.38  10.4 -0.406    19.57 21.39 02a59073o0341c 0x000000   2.000000
59073.395929 19.491430      NaN    25    11 c    0   1.32 300.93717 -27.98842  2951.92  7945.32 2.42 2.39  38.9 -0.401    19.56 21.38 02a59073o0355c 0x000000   2.272727
59077.371827 20.171596      NaN     1    10 c    0   1.28 300.93717 -27.98842  4339.31  4157.70 2.64 2.36  44.3 -0.392    19.58 21.45 02a59077o0308c 0x000000   0.100000
59077.375958 19.816329      NaN    16     9 c    0   1.10 300.93717 -27.98842  4321.62  4119.89 2.57 2.33  46.3 -0.393    19.57 21.43 02a59077o0317c 0x000000   1.777778
59077.381445 20.321591      NaN   -17     9 c    0   1.71 300.93717 -27.98842  4380.03  4198.03 2.56 2.31  45.2 -0.395    19.58 21.42 02a59077o0329c 0x000000  -1.888889
59077.392916 20.207197      NaN   -10    10 c    0   1.76 300.93717 -27.98842  4400.02  4085.32 2.53 2.30  47.3 -0.394    19.57 21.45 02a59077o0354c 0x000000  -1.000000
59085.369426 20.207197      NaN   -19    10 c    0   1.64 300.93717 -27.98842  6386.60  1733.97 2.52 2.34 -67.2 -0.394    19.40 21.26 02a59085o0306c 0x000000  -1.900000
59085.372639 20.207197      NaN    -8    10 c    0   2.31 300.93717 -27.98842  6367.32  1695.47 2.49 2.32  65.5 -0.390    19.38 21.27 02a59085o0313c 0x000000  -0.800000
59101.321860 20.009244      NaN   -56    12 c    0   1.86 300.93717 -27.98842  5219.42 10367.65 2.90 2.69  53.7 -0.379    19.48 21.41 02a59101o0230c 0x000000  -4.666667
59101.322775 19.367717      NaN    32    11 c    0   2.11 300.93717 -27.98842  8450.92   132.51 2.72 2.24 -61.1 -0.397    19.58 21.45 02a59101o0232c 0x000000   2.909091
59101.325070 19.922338      NaN     0    13 c    0   1.30 300.93717 -27.98842  5199.92 10330.37 2.88 2.76  68.4 -0.365    19.51 21.41 02a59101o0237c 0x000000   0.000000
59101.325984 19.979496      NaN     1    12 c    0   1.28 300.93717 -27.98842  8432.47    95.34 2.75 2.25 -61.8 -0.391    19.60 21.46 02a59101o0239c 0x000000   0.083333
59101.331547 19.816329      NaN     1    14 c    0   1.22 300.93717 -27.98842  5260.77 10409.45 2.70 2.64 -41.8 -0.403    19.57 21.40 02a59101o0251c 0x000000   0.071429
59101.332918 19.791368      NaN    11    11 c    0   1.98 300.93717 -27.98842  8490.54   173.02 2.84 2.29 -59.9 -0.379    19.53 21.46 02a59101o0254c 0x000000   1.000000
59101.349490 19.696897      NaN     6    14 c    0   1.73 300.93717 -27.98842  5285.99 10292.42 2.83 2.68 -57.0 -0.403    19.53 21.40 02a59101o0290c 0x000000   0.428571
59101.352235 19.894850      NaN    10    10 c    0   4.09 300.93717 -27.98842  8516.24    57.88 2.88 2.33 -59.9 -0.379    19.53 21.46 02a59101o0296c 0x000000   1.000000
59102.374810 19.510313      NaN    18    13 c    0   1.36 300.93717 -27.98842  8465.87   146.86 2.67 2.18 -59.7 -0.393    19.53 21.44 02a59102o0349c 0x000000   1.384615
59102.393150 20.071303 0.351268    34    11 c    0   1.94 300.93717 -27.98842  8449.76   101.78 2.90 2.20 -53.7 -0.398    19.52 21.39 02a59102o0387c 0x000000   3.090909
59102.397308 19.256669      NaN    30    14 c    0   1.89 300.93717 -27.98842  8505.85   181.90 2.75 2.20 -56.0 -0.394    19.49 21.34 02a59102o0396c 0x000000   2.142857
59102.402176 19.841877      NaN   -23    14 c    0   2.14 300.93717 -27.98842  8523.25    59.84 2.82 2.19 -53.7 -0.390    19.44 21.23 02a59102o0406c 0x000000  -1.642857
59105.306110 19.631075      NaN    18    11 c    0   2.45 300.93717 -27.98842  5223.56 10364.28 2.65 2.60  38.2 -0.402    19.54 21.36 02a59105o0205c 0x000000   1.636364
59105.306568 20.321591      NaN   -31     9 c    0   3.51 300.93717 -27.98842  8454.86   128.64 2.68 2.14 -60.7 -0.398    19.58 21.43 02a59105o0206c 0x000000  -3.444444
59105.309313 20.009244      NaN     0    12 c    0   1.84 300.93717 -27.98842  5204.28 10326.95 2.60 2.59 -58.6 -0.414    19.55 21.36 02a59105o0212c 0x000000   0.000000
59105.309770 20.009244      NaN   -13    12 c    0   1.67 300.93717 -27.98842  8436.89    90.22 2.73 2.15 -59.6 -0.398    19.61 21.42 02a59105o0213c 0x000000  -1.083333
59105.315314 19.766969      NaN     3    14 c    0   1.53 300.93717 -27.98842  5263.76 10406.13 2.66 2.60  61.9 -0.405    19.52 21.35 02a59105o0225c 0x000000   0.214286
59105.315771 19.922338      NaN    -6    13 c    0   1.33 300.93717 -27.98842  8493.39   168.99 2.68 2.17 -62.1 -0.396    19.55 21.41 02a59105o0226c 0x000000  -0.461538
59105.349056 19.922338      NaN   -40    13 c    0   1.60 300.93717 -27.98842  5284.99 10288.98 2.79 2.60  60.2 -0.398    19.52 21.36 02a59105o0297c 0x000000  -3.076923
59105.349513 19.419021      NaN    26    12 c    0   2.55 300.93717 -27.98842  8514.62    53.58 2.76 2.19 -59.9 -0.393    19.53 21.43 02a59105o0298c 0x000000   2.166667
59109.309911 20.009244      NaN    -1    12 c    0   0.91 300.93717 -27.98842  6651.69  6472.43 2.87 2.49  43.3 -0.389    19.50 21.38 02a59109o0221c 0x000000  -0.083333
59109.313138 20.103715      NaN    -3    11 c    0   1.57 300.93717 -27.98842  6632.37  6434.13 2.86 2.46  45.1 -0.390    19.21 21.03 02a59109o0228c 0x000000  -0.272727
59109.320048 19.696897      NaN   -58    16 c    0   1.01 300.93717 -27.98842  6691.71  6510.75 2.86 2.51  46.2 -0.388    19.09 20.87 02a59109o0243c 0x000000  -3.625000
59109.333404 20.009244      NaN   -19    12 c    0   1.55 300.93717 -27.98842  6712.96  6398.11 2.97 2.50  44.9 -0.380    19.32 21.19 02a59109o0272c 0x000000  -1.583333
59113.299105 18.757738      NaN  -160    38 c    0   1.18 300.93717 -27.98842  6662.97  6469.14 2.92 2.75  50.5 -0.388    18.09 19.83 02a59113o0203c 0x100002  -4.210526
59113.302307 18.481707      NaN   -64    49 c    0   0.90 300.93717 -27.98842  6644.21  6431.16 2.70 2.49  50.2 -0.399    17.90 19.54 02a59113o0210c 0x100002  -1.306122
59113.307825 18.438271      NaN   -32    51 c    0   1.03 300.93717 -27.98842  6702.80  6507.89 2.91 2.74  51.1 -0.396    17.85 19.61 02a59113o0222c 0x100002  -0.627451
59113.320299 18.526952      NaN  -102    47 c    0   0.94 300.93717 -27.98842  6722.79  6393.82 2.93 2.70  50.6 -0.388    18.01 19.82 02a59113o0249c 0x100002  -2.170213
59133.252726 19.609992      NaN    22    10 c    0   1.45 300.93717 -27.98842  4479.23  1831.38 2.59 2.45 -88.2 -0.389    19.42 20.99 02a59133o0127c 0x000000   2.200000
59133.256849 20.103715      NaN   -14    11 c    0   1.60 300.93717 -27.98842  4460.41  1793.03 2.56 2.41  86.9 -0.392    19.41 20.99 02a59133o0136c 0x000000  -1.272727
59133.262815 19.922338      NaN    -5    13 c    0   1.14 300.93717 -27.98842  4518.14  1869.85 2.76 2.60 -79.0 -0.382    19.33 20.98 02a59133o0149c 0x000000  -0.384615
59133.299230 19.334813      NaN    31    12 c    0   1.45 300.93717 -27.98842  4538.29  1754.18 2.58 2.47  86.3 -0.385    19.34 20.98 02a59133o0168c 0x000000   2.583333
59137.235722 20.321591      NaN   -24     9 c    0   1.88 300.93717 -27.98842  4477.26  1828.77 2.45 2.32 -70.3 -0.398    19.48 20.98 02a59137o0095c 0x000000  -2.666667
59137.238925 20.207197      NaN    -4    10 c    0   1.49 300.93717 -27.98842  4457.15  1793.26 2.45 2.33  77.6 -0.394    19.48 20.98 02a59137o0102c 0x000000  -0.400000
59137.245807 20.103715      NaN    -1    11 c    0   1.19 300.93717 -27.98842  4515.50  1870.11 2.41 2.29 -72.5 -0.400    19.45 20.98 02a59137o0117c 0x000000  -0.090909
59137.256802 20.103715      NaN   -15    11 c    0   1.36 300.93717 -27.98842  4537.47  1753.78 2.46 2.25 -67.2 -0.403    19.46 20.95 02a59137o0141c 0x000000  -1.363636
59141.309194 16.162077      NaN  -271   415 c    0   0.96 300.93717 -27.98842  7159.59  8241.41 2.84 2.52  39.3 -0.384    16.59 18.12 02a59141o0128c 0x100002  -0.653012
59161.223387 20.009244      NaN   -15    12 c    0   1.94 300.93717 -27.98842  6571.79  4539.36 2.61 2.35  50.3 -0.389    19.26 20.59 02a59161o0087c 0x000000  -1.250000
59161.226587 19.719755      NaN     8    13 c    0   1.33 300.93717 -27.98842  6552.42  4501.56 2.67 2.39  48.5 -0.380    19.22 20.58 02a59161o0094c 0x000000   0.615385
59161.232564 20.009244      NaN    -3    12 c    0   1.72 300.93717 -27.98842  6609.76  4578.04 2.53 2.34  50.4 -0.390    19.24 20.58 02a59161o0107c 0x000000  -0.250000
59161.242657 19.609992      NaN    13    13 c    0   1.07 300.93717 -27.98842  6630.51  4463.42 2.66 2.47  48.8 -0.376    19.23 20.60 02a59161o0129c 0x000000   1.000000
59169.197796 17.696393      NaN  -106   101 c    0   1.18 300.93717 -27.98842  9234.10 10154.00 2.82 2.68  66.8 -0.371    16.90 18.01 02a59169o0040c 0x100002  -1.049505
59169.201914 19.631075 0.319334    51    15 c    0   2.15 300.93717 -27.98842  9211.75 10115.57 2.85 2.72  68.8 -0.368    19.16 20.54 02a59169o0049c 0x000000   3.400000
59169.207430 19.922338      NaN    -4    13 c    0   1.39 300.93717 -27.98842  9272.60 10195.03 2.81 2.68  73.5 -0.368    19.32 20.78 02a59169o0061c 0x000000  -0.307692
59169.219380 19.841877      NaN    -2    14 c    0   1.48 300.93717 -27.98842  9290.84 10079.12 2.85 2.66  56.9 -0.369    19.28 20.75 02a59169o0087c 0x000000  -0.142857
59315.607264 19.652575      NaN    17    11 c    0   1.48 300.93717 -27.98842  2435.33  4247.49 2.37 2.25  76.6 -0.397    19.46 20.84 01a59315o0837c 0x000000   1.545455
59315.612787 19.472870      NaN    29    10 c    0   1.28 300.93717 -27.98842  2417.10  4209.46 2.37 2.30  39.6 -0.390    19.51 20.88 01a59315o0849c 0x000000   2.900000
59315.629872 19.318728      NaN    11    19 c    0   1.22 300.93717 -27.98842  2476.82  4290.24 2.21 2.16  80.0 -0.401    18.85 19.94 01a59315o0886c 0x000000   0.578947
59315.637711 16.735760      NaN    86   216 c    0   1.63 300.93717 -27.98842  2496.18  4174.32 2.22 2.21 -88.4 -0.394    16.19 16.86 01a59315o0903c 0x100002   0.398148
59319.601252 20.449472      NaN     0     8 c    0   1.79 300.93717 -27.98842  2436.18  4250.35 2.58 2.48  57.6 -0.383    19.56 21.11 01a59319o0824c 0x000000   0.000000
59319.606780 19.979496      NaN    10     9 c    0   1.59 300.93717 -27.98842  2420.02  4213.19 2.61 2.51  33.6 -0.394    19.57 21.12 01a59319o0836c 0x000000   1.111111
59319.623828 19.696897      NaN    21     9 c    0   1.98 300.93717 -27.98842  2478.07  4291.52 2.43 2.35  72.3 -0.393    19.55 20.95 01a59319o0873c 0x000000   2.333333
59319.631664 19.549093      NaN     4    17 c    0   1.54 300.93717 -27.98842  2498.54  4176.74 2.51 2.47  54.8 -0.379    19.00 19.95 01a59319o0890c 0x000000   0.235294
59323.594501 20.207197      NaN   -30    10 c    0   1.49 300.93717 -27.98842  9077.18  8193.35 2.83 2.63 -82.7 -0.339    19.42 20.94 01a59323o0798c 0x000000  -3.000000
59323.598724 20.321591      NaN    -5     9 c    0   1.64 300.93717 -27.98842  9059.70  8155.28 2.62 2.53 -74.3 -0.328    19.54 20.96 01a59323o0807c 0x000000  -0.555556
59323.617116 19.950541      NaN    11     9 c    0   1.56 300.93717 -27.98842  9123.63  8229.64 2.81 2.80 -62.1 -0.315    19.43 20.98 01a59323o0846c 0x000000   1.222222
59323.625735 20.009244      NaN   -26    12 c    0   1.53 300.93717 -27.98842  9141.87  8109.33 2.94 2.65  80.6 -0.339    19.27 20.53 01a59323o0864c 0x000000  -2.166667
59349.559998 19.922338 0.334073    39    12 c    0   1.18 300.93717 -27.98842   119.25  6269.60 2.87 2.70 -38.4 -0.353    19.30 21.10 02a59349o0573c 0x000000   3.250000
59349.577329 19.384550      NaN    25    13 c    0   1.24 300.93717 -27.98842   135.52  6306.16 3.03 2.89 -25.0 -0.328    19.26 21.14 02a59349o0610c 0x000000   1.923077
59349.580537 20.009244      NaN   -48    12 c    0   2.00 300.93717 -27.98842    80.20  6228.87 2.86 2.67 -45.3 -0.341    19.34 21.16 02a59349o0617c 0x000000  -4.000000
59349.586976 20.103715      NaN   -37    11 c    0   1.73 300.93717 -27.98842 10085.46  6254.19 2.99 2.84  44.4 -0.376    19.39 21.18 02a59349o0631c 0x000000  -3.363636
59349.592038 20.207197      NaN   -28    10 c    0   1.91 300.93717 -27.98842 10103.06  6292.68 3.02 2.78  30.3 -0.373    19.42 21.18 02a59349o0642c 0x000000  -2.800000
59349.592495 19.841877      NaN   -44    14 c    0   1.92 300.93717 -27.98842    59.83  6343.29 2.85 2.57 -48.4 -0.344    19.36 21.17 02a59349o0643c 0x000000  -3.142857
59349.596153 20.207197      NaN    -9    10 c    0   1.95 300.93717 -27.98842 10044.44  6213.86 3.01 2.91  36.0 -0.380    19.37 21.17 02a59349o0651c 0x000000  -0.900000
59349.610147 19.950541      NaN     2    12 c    0   1.58 300.93717 -27.98842   536.62  4218.29 3.06 2.94 -59.0 -0.376    19.20 21.00 02a59349o0681c 0x000000   0.166667
59353.555677 19.367717 0.167036    65    10 c    0   2.32 300.93717 -27.98842   117.08  6268.47 2.64 2.43 -43.3 -0.358    19.42 21.18 02a59353o0686c 0x000000   6.500000
59353.557964 20.103715      NaN   -36    11 c    0   1.46 300.93717 -27.98842 10084.00  6254.51 2.66 2.61  40.5 -0.402    19.49 21.20 02a59353o0691c 0x000000  -3.272727
59353.558879 19.791368 0.246758    44    10 c    0   2.62 300.93717 -27.98842   138.16  6306.06 2.63 2.39 -47.5 -0.370    19.44 21.19 02a59353o0693c 0x000000   4.400000
59353.562116 20.103715      NaN    -1    11 c    0   1.65 300.93717 -27.98842 10103.69  6293.72 2.81 2.69  30.8 -0.397    19.43 21.22 02a59353o0700c 0x000000  -0.090909
59353.564897 20.449472      NaN   -22     8 c    0   5.58 300.93717 -27.98842    78.61  6230.39 2.46 2.30 -28.5 -0.359    19.51 21.24 02a59353o0706c 0x000000  -2.750000
59353.565812 20.009244      NaN   -22    12 c    0   1.43 300.93717 -27.98842 10045.50  6214.52 2.77 2.72  40.4 -0.398    19.46 21.24 02a59353o0708c 0x000000  -1.833333
59353.580417 20.207197      NaN   -16    10 c    0   2.21 300.93717 -27.98842 10029.33  6329.89 2.57 2.53  77.9 -0.401    19.60 21.25 02a59353o0739c 0x000000  -1.600000
59353.580875 19.841877      NaN   -72    14 c    0   2.11 300.93717 -27.98842    63.44  6343.49 2.46 2.26 -40.9 -0.367    19.52 21.26 02a59353o0740c 0x000000  -5.142857
59371.530228 20.449472      NaN   -24     8 c    0   1.92 300.93717 -27.98842  4356.65  4165.77 2.30 2.26 -81.7 -0.374    19.78 21.45 01a59371o0634c 0x000000  -3.000000
59371.532991 20.594452      NaN   -24     7 c    0   2.04 300.93717 -27.98842  4337.71  4127.01 2.34 2.30 -41.3 -0.368    19.77 21.45 01a59371o0640c 0x000000  -3.428571
59371.535760 20.761819      NaN   -14     6 c    0   2.01 300.93717 -27.98842  4396.28  4204.81 2.27 2.22 -75.5 -0.375    19.79 21.46 01a59371o0646c 0x000000  -2.333333
59371.545794 20.449472      NaN   -35     8 c    0   2.50 300.93717 -27.98842  4416.30  4087.42 2.34 2.28 -47.7 -0.370    19.78 21.49 01a59371o0667c 0x000000  -4.375000
59375.556218 20.321591      NaN   -30     9 c    0   1.26 300.93717 -27.98842  6210.73  6407.85 2.51 2.42 -45.2 -0.365    19.72 21.44 01a59375o0310c 0x000000  -3.333333
59375.591644 20.137125      NaN     2    10 c    0   1.43 300.93717 -27.98842  6236.80  6441.75 2.67 2.53 -40.1 -0.351    19.62 21.44 01a59375o0386c 0x000000   0.200000
59375.615537 19.569016      NaN   -10    18 c    0   1.23 300.93717 -27.98842  6178.94  6361.53 2.71 2.39 -74.7 -0.352    18.82 19.64 01a59375o0437c 0x000000  -0.555556
59375.617762 19.169763      NaN   -25    26 c    0   1.74 300.93717 -27.98842  6161.84  6477.00 2.68 2.40 -73.4 -0.353    18.45 19.07 01a59375o0441c 0x000000  -0.961538
59379.514788 19.743105      NaN    19     9 c    0   2.05 300.93717 -27.98842  6381.64  1731.16 2.33 2.26 -56.3 -0.403    19.80 21.40 01a59379o0597c 0x000000   2.111111
59379.516628 20.449472      NaN   -50     8 c    0   2.02 300.93717 -27.98842  6360.69  1691.75 2.38 2.34 -62.4 -0.400    19.77 21.40 01a59379o0601c 0x000000  -6.250000
59379.520793 20.321591      NaN     0     9 c    0   1.69 300.93717 -27.98842  6418.85  1770.16 2.40 2.34 -50.9 -0.390    19.74 21.40 01a59379o0610c 0x000000   0.000000
59379.527248 20.449472      NaN    -6     8 c    0   1.23 300.93717 -27.98842  6438.37  1653.43 2.45 2.33 -82.9 -0.405    19.75 21.41 01a59379o0624c 0x000000  -0.750000
59383.500552 20.321591      NaN   -23     9 c    0   1.44 300.93717 -27.98842  6380.68  1732.96 2.40 2.32 -10.8 -0.381    19.64 21.32 01a59383o0348c 0x000000  -2.555556
59383.502391 18.174913      NaN  -228    65 c    0   1.53 300.93717 -27.98842  6361.03  1694.66 2.43 2.36 -85.9 -0.381    17.87 19.51 01a59383o0352c 0x100002  -3.507692
59383.505613 20.321591      NaN   -34     9 c    0   2.04 300.93717 -27.98842  6417.53  1771.78 2.34 2.27 -72.8 -0.400    19.23 20.87 01a59383o0359c 0x000000  -3.777778
59383.511670 19.510313      NaN   -21    19 c    0   1.42 300.93717 -27.98842  6436.76  1655.13 2.38 2.31 -18.5 -0.385    18.63 20.27 01a59383o0372c 0x000000  -1.105263
59405.499909 20.207197      NaN   -33    10 c    0   2.34 300.93717 -27.98842  2559.12  1908.90 2.34 2.25 -87.3 -0.420    19.52 21.11 02a59405o0456c 0x000000  -3.300000
59405.503682 19.922338      NaN   -10    13 c    0   1.41 300.93717 -27.98842  2540.95  1869.18 2.34 2.24  87.3 -0.418    19.36 20.98 02a59405o0464c 0x000000  -0.769231
59405.511022 19.529530      NaN    26    10 c    0   1.25 300.93717 -27.98842  2599.02  1947.29 2.35 2.23 -80.3 -0.416    19.53 21.16 02a59405o0480c 0x000000   2.600000
59405.523937 19.979496      NaN     7    10 c    0   1.58 300.93717 -27.98842  2618.84  1836.38 2.36 2.22 -78.5 -0.421    19.55 21.15 02a59405o0508c 0x000000   0.700000
59409.474203 17.963129      NaN  -227    79 c    0   1.01 300.93717 -27.98842  2565.70  1898.63 2.99 2.43 -32.4 -0.419    17.35 19.88 02a59409o0501c 0x100002  -2.873418
59409.477405 18.174913      NaN  -254    65 c    0   1.21 300.93717 -27.98842  2546.68  1860.32 3.03 2.54 -31.1 -0.417    17.31 19.96 02a59409o0508c 0x100002  -3.907692
59427.396601 20.594452      NaN    -3     7 c    0   2.12 300.93717 -27.98842  4471.73  1837.13 2.31 2.17  73.4 -0.402    19.82 21.58 01a59427o0352c 0x000000  -0.428571
59427.408530 20.594452      NaN   -38     7 c    0   2.59 300.93717 -27.98842  4452.99  1798.67 2.24 2.12  78.8 -0.401    19.82 21.58 01a59427o0377c 0x000000  -5.428571
59427.421293 20.103715      NaN     9     8 c    0   2.20 300.93717 -27.98842  6070.41  8691.37 2.47 2.20 -75.5 -0.375    19.76 21.54 01a59427o0404c 0x000000   1.125000
59427.431027 20.594452      NaN   -30     7 c    0   3.13 300.93717 -27.98842  6055.41  8805.25 2.31 2.19 -61.6 -0.371    19.78 21.49 01a59427o0425c 0x000000  -4.285714
59431.422305 19.894850      NaN    16     8 c    0   1.88 300.93717 -27.98842  6114.24  8731.62 2.51 2.32 -70.3 -0.381    19.70 21.41 01a59431o0411c 0x000000   2.000000
59431.425530 20.171596      NaN     7     8 c    0   1.70 300.93717 -27.98842  6135.07  8770.31 2.48 2.23 -73.3 -0.387    19.71 21.41 01a59431o0418c 0x000000   0.875000
59431.432910 20.449472      NaN   -42     8 c    0   2.00 300.93717 -27.98842  6078.57  8690.93 2.42 2.21 -69.4 -0.384    19.73 21.42 01a59431o0434c 0x000000  -5.250000
59431.465253 19.766969      NaN    21     8 c    0   1.80 300.93717 -27.98842  6060.42  8803.45 2.46 2.28 -71.8 -0.377    19.71 21.40 01a59431o0503c 0x000000   2.625000
59435.408510 19.894850      NaN    16     8 c    0   1.87 300.93717 -27.98842  3436.98  2278.63 2.45 2.41  -4.8 -0.383    19.66 21.53 01a59435o0344c 0x000000   2.000000
59435.411731 20.449472      NaN    -2     8 c    0   2.12 300.93717 -27.98842  3456.08  2316.64 2.42 2.36  89.3 -0.391    19.68 21.51 01a59435o0351c 0x000000  -0.250000
59435.418636 19.510313      NaN    27    10 c    0   1.10 300.93717 -27.98842  3396.39  2238.67 2.36 2.31  82.7 -0.392    19.70 21.51 01a59435o0366c 0x000000   2.700000
59435.428811 20.103715      NaN     9     8 c    0   1.79 300.93717 -27.98842  3378.86  2353.52 2.29 2.21  74.8 -0.401    19.71 21.50 01a59435o0388c 0x000000   1.125000
59439.378960 20.449472      NaN   -52     8 c    0   1.47 300.93717 -27.98842  3422.98  2276.18 2.87 2.78  86.2 -0.365    19.52 21.53 01a59439o0321c 0x000000  -6.500000
59439.410747 20.207197      NaN   -12    10 c    0   1.13 300.93717 -27.98842  3447.45  2310.20 2.70 2.60 -45.0 -0.380    19.65 21.51 01a59439o0389c 0x000000  -1.200000
59439.414437 20.321591      NaN     0     9 c    0   1.44 300.93717 -27.98842  3388.44  2233.31 2.87 2.78 -26.5 -0.376    19.56 21.51 01a59439o0397c 0x000000   0.000000
59439.419962 20.321591      NaN   -24     9 c    0   1.37 300.93717 -27.98842  3370.21  2349.18 2.92 2.76 -39.9 -0.380    19.51 21.49 01a59439o0409c 0x000000  -2.666667
59457.351166 20.103715      NaN    -3    11 c    0   1.69 300.93717 -27.98842  7210.07 10259.17 2.66 2.61  65.7 -0.406    19.58 21.25 02a59457o0284c 0x000000  -0.272727
59457.354370 20.009244      NaN   -10    12 c    0   1.24 300.93717 -27.98842  7190.54 10220.56 2.72 2.59  54.9 -0.403    19.59 21.26 02a59457o0291c 0x000000  -0.833333
59457.360776 20.103715      NaN   -12    11 c    0   1.51 300.93717 -27.98842  7251.35 10299.25 2.71 2.59  55.4 -0.398    19.59 21.26 02a59457o0305c 0x000000  -1.090909
59457.371751 20.009244      NaN   -11    12 c    0   1.46 300.93717 -27.98842  7273.00 10184.35 2.82 2.51  46.4 -0.391    19.58 21.25 02a59457o0329c 0x000000  -0.916667
59461.322222 20.103715      NaN    -4    11 c    0   1.44 300.93717 -27.98842  8496.99  4404.06 2.84 2.74 -78.6 -0.365    19.40 21.21 02a59461o0226c 0x000000  -0.363636
59461.325421 20.103715      NaN   -12    11 c    0   1.53 300.93717 -27.98842  8477.88  4368.22 2.91 2.83  73.9 -0.365    19.37 21.21 02a59461o0233c 0x000000  -1.090909
59461.332404 20.009244      NaN   -33    12 c    0   1.15 300.93717 -27.98842  8537.39  4446.94 3.02 2.90 -67.9 -0.370    19.31 21.19 02a59461o0248c 0x000000  -2.750000
59461.342491 19.841877      NaN   -12    14 c    0   1.19 300.93717 -27.98842  8558.92  4332.67 3.32 3.20 -69.2 -0.352    19.23 21.18 02a59461o0270c 0x000000  -0.857143
59465.335796 20.207197      NaN   -19    10 c    0   1.51 300.93717 -27.98842  8492.35  4414.32 2.56 2.41  59.4 -0.381    19.57 21.27 02a59465o0261c 0x000000  -1.900000
59465.339001 20.103715      NaN    -2    11 c    0   1.15 300.93717 -27.98842  8473.57  4377.20 2.58 2.45  59.0 -0.380    19.53 21.26 02a59465o0268c 0x000000  -0.181818
59465.344945 19.791368      NaN    14    10 c    0   2.31 300.93717 -27.98842  8532.61  4453.57 2.56 2.43  73.4 -0.384    19.57 21.25 02a59465o0281c 0x000000   1.400000
59465.355469 20.103715      NaN   -15    11 c    0   1.35 300.93717 -27.98842  8554.50  4339.16 2.54 2.42  77.8 -0.385    19.55 21.20 02a59465o0304c 0x000000  -1.363636
59469.341174 19.979496 0.293442    37    10 c    0   2.13 300.93717 -27.98842  2889.79  8012.22 2.58 2.50  64.4 -0.377    19.33 21.03 02a59469o0277c 0x000000   3.700000
59469.344376 19.868040      NaN     5    12 c    0   1.48 300.93717 -27.98842  2870.84  7975.38 2.60 2.50  57.2 -0.379    19.41 21.09 02a59469o0284c 0x000000   0.416667
59469.349870 19.922338      NaN   -37    13 c    0   2.16 300.93717 -27.98842  2930.71  8052.36 2.74 2.64  78.4 -0.378    19.41 21.18 02a59469o0296c 0x000000  -2.846154
59513.233063 20.207197      NaN   -48    10 c    0   2.07 300.93717 -27.98842  6664.03  6473.92 2.52 2.38  71.7 -0.397    19.43 20.87 02a59513o0110c 0x000000  -4.800000
59513.236289 20.009244      NaN    -5    12 c    0   1.36 300.93717 -27.98842  6644.98  6435.48 2.54 2.41  68.0 -0.397    19.37 20.87 02a59513o0117c 0x000000  -0.416667
59513.242237 20.009244      NaN   -29    12 c    0   1.71 300.93717 -27.98842  6703.80  6513.12 2.63 2.49  64.7 -0.392    19.32 20.86 02a59513o0130c 0x000000  -2.416667
59513.252836 20.103715      NaN   -33    11 c    0   1.80 300.93717 -27.98842  6724.82  6398.08 2.71 2.40  49.8 -0.385    19.32 20.85 02a59513o0153c 0x000000  -3.000000