         MJD         m       dm  uJy  duJy F  err  chi/N       RA     Dec        x       y  maj  min   phi  apfit  mag5sig   Sky            Obs     Mask   __tmp_SN
57780.681543 15.809287      NaN  400   441 c    0   1.01 204.3724 4.10471  2823.38 9102.03 3.62 3.33   7.7 -0.505    17.71 17.66 02a57780o0879c 0x100002   0.907029
57784.658264 19.766969      NaN  -19    15 c    0   2.14 204.3724 4.10471  4532.75 7270.11 3.85 3.74  62.7 -0.400    19.67 21.69 02a57784o0655c 0x000000  -1.266667
57804.623710 19.510313      NaN  -19    19 c    0   1.79 204.3724 4.10471  1599.03 9622.23 3.91 3.55  20.1 -0.413    19.40 21.12 02a57804o0785c 0x000000  -1.000000
57804.644840 19.454622      NaN  -44    20 c    0   1.44 204.3724 4.10471  1585.10 9584.08 3.71 3.33  13.5 -0.434    19.39 21.04 02a57804o0827c 0x000000  -2.200000
57804.658641 18.526952      NaN  -88    47 c    0   1.67 204.3724 4.10471  1643.99 9660.19 3.67 3.25   8.4 -0.451    18.83 20.38 02a57804o0852c 0x100002  -1.872340
57804.673198 16.906831      NaN -397   209 c    0   1.57 204.3724 4.10471  1664.35 9539.61 3.66 3.41  12.1 -0.449    17.73 17.97 02a57804o0880c 0x100002  -1.899522
57808.609662 19.696897      NaN -132    16 c    0   1.58 204.3724 4.10471  1689.45 8350.13 3.74 3.54  32.3 -0.436    19.65 21.54 02a57808o0745c 0x000000  -8.250000
57808.621236 19.631075      NaN  -50    17 c    0   1.62 204.3724 4.10471  1673.07 8313.24 3.69 3.50  31.0 -0.437    19.65 21.52 02a57808o0765c 0x000000  -2.941176
57808.664356 18.675237      NaN -151    41 c    0   1.24 204.3724 4.10471  1757.44 8268.11 3.74 3.55  29.2 -0.437    18.67 19.83 02a57808o0846c 0x100002  -3.682927
57816.538578 20.009244      NaN  -51    12 c    0   1.51 204.3724 4.10471  5785.17 3617.11 3.81 3.63  84.3 -0.380    19.77 21.90 02a57816o0558c 0x000000  -4.250000
57816.553945 19.841877      NaN  -31    14 c    0   1.89 204.3724 4.10471  4679.91 6793.29 3.57 3.52  61.3 -0.426    19.78 21.88 02a57816o0586c 0x000000  -2.214286
57816.562322 19.922338      NaN  -66    13 c    0   1.86 204.3724 4.10471  4738.42 6872.10 3.80 3.67  65.2 -0.404    19.74 21.88 02a57816o0601c 0x000000  -5.076923
57816.585295 19.351140      NaN   24    14 c    0   2.00 204.3724 4.10471  4760.21 6756.35 3.91 3.80  49.6 -0.390    19.69 21.85 02a57816o0643c 0x000000   1.714286
57816.591924 19.841877      NaN  -24    14 c    0   1.74 204.3724 4.10471  4717.09 6814.94 3.88 3.75  69.2 -0.393    19.70 21.86 02a57816o0654c 0x000000  -1.714286
57836.545288 19.212347      NaN -113    25 c    0   1.75 204.3724 4.10471  2088.23 8681.39 4.37 4.17  52.2 -0.389    18.62 20.52 02a57836o0595c 0x100002  -4.520000
57836.561754 19.351140      NaN -162    22 c    0   1.64 204.3724 4.10471  2070.09 8641.10 3.95 3.77  43.0 -0.417    18.89 20.68 02a57836o0625c 0x000000  -7.363636
57836.580128 19.128787      NaN -199    27 c    0   1.37 204.3724 4.10471  2130.17 8717.27 4.58 4.36  51.9 -0.360    18.55 20.49 02a57836o0658c 0x100002  -7.370370
57840.532292 19.510313      NaN  -94    19 c    0   2.10 204.3724 4.10471  2313.29 8250.58 3.70 3.51  23.4 -0.447    18.97 20.77 02a57840o0574c 0x000000  -4.947368
57844.505997 19.454622      NaN  -24    20 c    0   1.90 204.3724 4.10471  4402.06 8361.74 3.85 3.47   7.3 -0.427    19.55 21.57 02a57844o0521c 0x000000  -1.200000
57844.518721 19.334813      NaN    4    21 c    0   2.21 204.3724 4.10471  4386.34 8324.91 3.47 3.33  -7.2 -0.428    19.60 21.54 02a57844o0544c 0x000000   0.190476
57844.539989 19.351140      NaN  -49    22 c    0   1.57 204.3724 4.10471  4447.53 8401.09 3.59 3.47   1.4 -0.443    19.55 21.48 02a57844o0585c 0x000000  -2.227273
57844.562751 19.491430      NaN    1    19 c    0   2.16 204.3724 4.10471  4466.42 8282.83 3.64 3.55  10.4 -0.457    19.50 21.43 02a57844o0627c 0x000000   0.052632
57868.519104 19.287255      NaN   34    12 c    0   2.44 204.3724 4.10471  3072.27 6496.93 2.73 2.57   2.2 -0.469    19.16 20.19 02a57868o0340c 0x000000   2.833333
57868.532253 19.549093      NaN   10    15 c    0   1.58 204.3724 4.10471  3054.09 6458.14 2.99 2.85  19.2 -0.451    19.06 20.21 02a57868o0365c 0x000000   0.666667
57868.545361 19.922338      NaN  -10    13 c    0   2.09 204.3724 4.10471  3111.72 6535.65 2.67 2.48  10.3 -0.468    19.12 20.12 02a57868o0390c 0x000000  -0.769231
57868.558518 19.922338      NaN  -20    13 c    0   2.80 204.3724 4.10471  3130.52 6421.17 2.96 2.73  12.1 -0.456    18.98 20.07 02a57868o0415c 0x000000  -1.538462
57868.571623 19.674510      NaN    4    15 c    0   1.92 204.3724 4.10471  3093.25 6478.39 2.76 2.55  12.2 -0.472    18.95 19.93 02a57868o0440c 0x000000   0.266667
57900.397633 20.103715      NaN -172    11 c    0   7.14 204.3724 4.10471  3349.50 7302.46 2.41 2.19   6.6 -0.518    19.73 21.43 02a57900o0285c 0x000000 -15.636364
57900.415030 20.321591      NaN  -73     9 c    0   5.05 204.3724 4.10471  3332.04 7262.33 2.42 2.17   5.5 -0.517    19.68 21.35 02a57900o0318c 0x000000  -8.111111
57900.432043 20.039830 0.310210   35    10 c    0   2.99 204.3724 4.10471  3390.16 7339.95 2.48 2.20   3.5 -0.503    19.66 21.30 02a57900o0350c 0x000000   3.500000
57900.449705 20.103715      NaN  -66    11 c    0   5.55 204.3724 4.10471  3414.71 7221.61 2.42 2.18   3.7 -0.518    19.64 21.24 02a57900o0383c 0x000000  -6.000000
57904.384498 19.454622      NaN   24    12 c    0   2.15 204.3724 4.10471  2177.92 7665.93 2.93 2.77 -50.9 -0.388    19.51 21.05 02a57904o0102c 0x000000   2.000000
58082.659609 18.131260      NaN    8    65 c    0   1.31 204.3724 4.10471 10049.84 5253.13 3.04 2.78  62.7 -0.447    17.78 18.76 02a58082o0977c 0x100002   0.123077
58138.677825 19.169763      NaN  -39    26 c    0   1.84 204.3724 4.10471  2907.02 4957.52 2.44 2.39  14.9 -0.415    18.46 19.21 02a58138o0020c 0x100002  -1.500000
58162.633065 20.449472      NaN -123     8 c    0  11.12 204.3724 4.10471   307.00 3136.34 2.54 2.25  38.2 -0.459    19.88 21.85 02a58162o0405c 0x100001 -15.375000
58162.643728 20.449472      NaN   -8     8 c    0   3.63 204.3724 4.10471   288.92 3095.78 2.59 2.29  38.5 -0.449    19.86 21.85 02a58162o0427c 0x000000  -1.000000
58162.644642 20.449472      NaN  -18     8 c    0   6.75 204.3724 4.10471 10023.41 3147.48 2.58 2.44  55.1 -0.461    19.87 21.87 02a58162o0429c 0x000000  -2.250000
58162.653934 20.594452      NaN  -82     7 c    0   7.82 204.3724 4.10471   350.64 3171.72 2.53 2.27  41.4 -0.458    19.85 21.79 02a58162o0448c 0x000000 -11.714286
58162.655413 20.761819      NaN -138     6 c    0   6.65 204.3724 4.10471 10005.79 3108.21 2.56 2.45  59.7 -0.457    19.85 21.77 02a58162o0451c 0x000000 -23.000000
58162.664865 19.241693 0.267716   73    18 c    0   3.22 204.3724 4.10471   372.13 3054.93 2.52 2.29  40.2 -0.458    19.24 20.64 02a58162o0470c 0x000000   4.055556
58162.665846 19.922338      NaN  -53    13 c    0   3.63 204.3724 4.10471 10066.85 3184.94 2.56 2.48  72.6 -0.466    19.50 20.88 02a58162o0472c 0x000000  -4.076923
58162.676778 17.087264      NaN  153   126 c    0   1.44 204.3724 4.10471 10089.51 3068.20 2.72 2.62  72.8 -0.535    17.02 17.89 02a58162o0494c 0x100002   1.214286
58194.541207 20.449472      NaN  -79     8 c    0   4.85 204.3724 4.10471  3059.56 8570.35 2.55 2.43  -9.7 -0.437    19.74 21.49 02a58194o0687c 0x000000  -9.875000
58194.552904 20.207197      NaN  -85    10 c    0   3.66 204.3724 4.10471  3040.82 8530.33 2.58 2.45 -14.0 -0.438    19.70 21.47 02a58194o0705c 0x000000  -8.500000
58194.564577 19.419021      NaN   29    11 c    0   3.57 204.3724 4.10471  3095.34 8603.92 2.58 2.51 -22.1 -0.443    19.73 21.47 02a58194o0724c 0x000000   2.636364
58194.576536 19.472870      NaN   26    11 c    0   3.25 204.3724 4.10471  3116.07 8484.98 2.56 2.43  -9.8 -0.444    19.71 21.45 02a58194o0742c 0x000000   2.363636
58226.499470 19.256669      NaN  -78    24 c    0   1.75 204.3724 4.10471  2051.24 2172.40 2.62 2.50  73.5 -0.392    18.55 20.16 02a58226o0378c 0x000000  -3.250000
58226.510011 18.459772      NaN -140    50 c    0   1.54 204.3724 4.10471  2033.11 2131.55 2.61 2.45  50.8 -0.421    17.73 19.26 02a58226o0400c 0x100002  -2.800000
58226.521042 17.163487      NaN -258   165 c    0   1.16 204.3724 4.10471  2091.38 2209.32 2.64 2.51  52.0 -0.408    16.58 18.05 02a58226o0423c 0x100002  -1.563636
58251.548440 20.071303      NaN    4    10 c    0   5.57 204.3724 4.10471  1675.38 3399.09 2.58 2.48 -75.3 -0.384    19.38 21.06 02a58251o0674c 0x000000   0.400000
58252.534271 20.449472      NaN -152     8 c    0   2.98 204.3724 4.10471  1676.66 3395.37 2.49 2.39  78.3 -0.404    19.43 20.97 02a58252o0612c 0x000000 -19.000000
58252.545497 20.009244      NaN -114    12 c    0   3.97 204.3724 4.10471  1695.78 3396.53 2.47 2.43  78.8 -0.403    19.29 20.81 02a58252o0633c 0x000000  -9.500000
58253.311994 20.321591      NaN  -96     9 c    0   2.90 204.3724 4.10471  8754.30 6984.40 2.75 2.68  42.3 -0.417    19.71 21.68 02a58253o0045c 0x000000 -10.666667
58253.319069 19.743105      NaN   13    11 c    0   3.13 204.3724 4.10471  8849.05 6966.05 2.69 2.56  53.3 -0.420    19.76 21.68 02a58253o0060c 0x000000   1.181818
58253.326925 20.321591      NaN  -26     9 c    0   4.42 204.3724 4.10471  8729.20 7082.21 2.73 2.58  45.6 -0.414    19.76 21.68 02a58253o0076c 0x000000  -2.888889
58254.433509 20.207197      NaN -117    10 c    0   2.64 204.3724 4.10471  2763.63 4096.36 2.67 2.64  75.7 -0.413    19.57 21.52 02a58254o0197c 0x000000 -11.700000
58254.444530 20.321591      NaN  -36     9 c    0   7.48 204.3724 4.10471  2746.41 4057.08 2.60 2.55  73.1 -0.417    19.60 21.49 02a58254o0220c 0x000000  -4.000000
58254.455253 20.449472      NaN  -80     8 c    0   5.15 204.3724 4.10471  2806.02 4133.15 2.56 2.52  80.9 -0.414    19.56 21.45 02a58254o0243c 0x000000 -10.000000
58254.465992 20.103715      NaN  -19    11 c    0   2.49 204.3724 4.10471  2826.47 4015.97 2.59 2.54  56.0 -0.412    19.42 21.24 02a58254o0266c 0x000000  -1.727273
58286.367842 20.321591      NaN -126     9 c    0   6.30 204.3724 4.10471  1740.48 2985.43 2.49 2.41  57.8 -0.409    19.69 21.57 02a58286o0271c 0x000000 -14.000000
58286.378568 20.244005      NaN    2     9 c    0   5.76 204.3724 4.10471  1722.06 2945.75 2.49 2.38  61.5 -0.417    19.69 21.55 02a58286o0294c 0x000000   0.222222
58286.389438 20.321591      NaN  -76     9 c    0   5.07 204.3724 4.10471  1800.43 3022.44 2.58 2.41 -77.7 -0.376    19.63 21.53 02a58286o0317c 0x000000  -8.444444
58286.400319 20.103715      NaN   -7    11 c    0   4.58 204.3724 4.10471  1821.52 2905.79 2.47 2.37  60.7 -0.418    19.65 21.43 02a58286o0340c 0x000000  -0.636364
58310.319685 20.449472      NaN  -41     8 c    0   4.81 204.3724 4.10471  1457.35 3285.38 2.58 2.48 -88.9 -0.398    19.60 21.42 02a58310o0165c 0x000000  -5.125000
58310.330640 20.321591      NaN  -27     9 c    0   5.30 204.3724 4.10471  1438.01 3245.61 2.63 2.50 -80.4 -0.386    19.55 21.39 02a58310o0188c 0x000000  -3.000000
58310.341525 19.529530 0.213270   56    11 c    0   2.57 204.3724 4.10471  1499.09 3322.01 2.58 2.48 -82.5 -0.397    19.50 21.31 02a58310o0211c 0x000000   5.090909
58310.352369 20.449472      NaN -132     8 c    0   6.38 204.3724 4.10471  1521.65 3203.76 2.68 2.62  45.7 -0.404    19.41 21.23 02a58310o0234c 0x000000 -16.500000
58331.268627 19.051202      NaN  -22    29 c    0   1.33 204.3724 4.10471  1657.87 2541.35 2.49 2.37  73.5 -0.402    18.36 19.79 02a58331o0069c 0x100002  -0.758621
58331.279815 18.878500      NaN  -34    34 c    0   1.96 204.3724 4.10471  1639.63 2501.75 2.57 2.48  81.1 -0.383    17.99 19.43 02a58331o0092c 0x100002  -1.000000
58331.290581 18.598565      NaN -199    44 c    0   1.36 204.3724 4.10471  1700.09 2578.59 2.51 2.41  82.9 -0.391    17.94 19.27 02a58331o0114c 0x100002  -4.522727
58331.300908 18.034118      NaN  -98    74 c    0   1.23 204.3724 4.10471  1721.79 2461.20 3.34 3.24  76.1 -0.330    17.21 18.74 02a58331o0135c 0x100002  -1.324324
58338.265758 18.921935 0.099710   98     9 c    0   3.56 204.3724 4.10471   183.09 4910.44 2.66 2.53 -52.5 -0.356    19.37 21.05 02a58338o0071c 0x000000  10.888889
58338.274641 20.009244      NaN    3    11 c    0   3.08 204.3724 4.10471  9885.71 4928.12 2.90 2.63 -43.3 -0.401    19.45 21.17 02a58338o0090c 0x000000   0.272727
58338.276013 18.796518 0.098703  110    10 c    0   7.00 204.3724 4.10471   165.09 4870.25 2.59 2.46 -53.5 -0.342    19.38 21.01 02a58338o0093c 0x000000  11.000000
58338.285413 19.868040 0.344258   41    13 c    0   2.54 204.3724 4.10471  9866.92 4888.96 2.82 2.58 -46.8 -0.401    19.43 21.11 02a58338o0113c 0x000000   3.153846
58338.286784 19.589310      NaN   20    11 c    0   2.23 204.3724 4.10471   225.66 4946.57 2.69 2.53 -65.0 -0.335    19.30 20.94 02a58338o0116c 0x000000   1.818182
58338.296212 19.609992      NaN   10    14 c    0   1.84 204.3724 4.10471  9926.53 4966.79 2.97 2.78 -34.4 -0.404    19.34 21.09 02a58338o0136c 0x000000   0.714286
58338.297704 19.419021 0.192631   62    11 c    0   2.62 204.3724 4.10471   248.67 4828.27 2.55 2.42 -59.5 -0.344    19.32 20.89 02a58338o0139c 0x000000   5.636364
58338.307335 19.841877      NaN  -84    14 c    0   2.10 204.3724 4.10471  9946.88 4850.70 2.85 2.62 -46.2 -0.414    19.33 20.99 02a58338o0159c 0x000000  -6.000000
58342.255930 20.103715      NaN  -24    11 c    0   1.92 204.3724 4.10471   120.75 2111.71 2.91 2.70  84.4 -0.416    19.28 21.00 02a58342o0055c 0x000000  -2.181818
58342.266689 20.207197      NaN  -42    10 c    0   5.49 204.3724 4.10471   100.63 2069.30 2.75 2.57  70.1 -0.416    19.28 21.06 02a58342o0078c 0x000000  -4.200000
58342.267147 19.719755 0.300310   47    13 c    0   2.32 204.3724 4.10471  9842.08 2130.81 2.96 2.58 -42.6 -0.403    19.45 21.24 02a58342o0079c 0x000000   3.615385
58342.277348 19.436675 0.213587   61    12 c    0   2.81 204.3724 4.10471   161.50 2144.84 2.53 2.38  74.0 -0.432    19.35 21.02 02a58342o0101c 0x000000   5.083333
58342.277805 19.743105      NaN   10    12 c    0   2.31 204.3724 4.10471  9823.01 2089.89 2.93 2.53 -43.6 -0.408    19.43 21.20 02a58342o0102c 0x000000   0.833333
58342.288190 19.922338      NaN  -17    13 c    0   2.01 204.3724 4.10471   182.89 2025.34 2.71 2.52  55.4 -0.442    19.28 20.92 02a58342o0124c 0x000000  -1.307692
58342.288647 19.922338      NaN  -61    13 c    0   2.05 204.3724 4.10471  9881.41 2166.90 2.98 2.66 -45.9 -0.408    19.37 21.11 02a58342o0125c 0x000000  -4.692308
58342.299614 19.922338      NaN -131    13 c    0   2.09 204.3724 4.10471  9902.63 2048.46 2.80 2.59 -36.5 -0.417    19.40 21.06 02a58342o0148c 0x000000 -10.076923
58486.659155 19.922338      NaN    9    10 c    0   2.76 204.3724 4.10471  4108.12 5058.10 2.55 2.45 -50.9 -0.408    19.58 21.34 02a58486o0980c 0x000000   0.900000
58486.668151 20.009244      NaN  -79    12 c    0   2.59 204.3724 4.10471  4127.66 5097.51 2.59 2.47 -49.2 -0.405    19.20 20.50 02a58486o0998c 0x000000  -6.583333
58486.676379 18.550302      NaN  -29    46 c    0   1.14 204.3724 4.10471  4069.00 5021.13 2.64 2.45 -45.5 -0.413    17.72 18.51 02a58486o1015c 0x100002  -0.630435
58494.621271 20.449472      NaN -111     8 c    0   5.98 204.3724 4.10471  4104.60 1179.55 2.59 2.50  75.6 -0.401    19.62 21.53 02a58494o0881c 0x000000 -13.875000
58494.629424 20.449472      NaN  -37     8 c    0   5.60 204.3724 4.10471  4121.50 1219.06 2.57 2.46  73.0 -0.414    19.63 21.52 02a58494o0898c 0x000000  -4.625000
58494.637614 20.321591      NaN  -46     9 c    0   4.10 204.3724 4.10471  4064.26 1142.12 2.55 2.47  67.2 -0.411    19.62 21.50 02a58494o0915c 0x000000  -5.111111
58494.645693 20.207197      NaN -102    10 c    0   4.70 204.3724 4.10471  4045.27 1260.35 2.60 2.51  65.3 -0.418    19.61 21.50 02a58494o0932c 0x000000 -10.200000
58518.603678 20.761819      NaN  -40     6 c    0   5.57 204.3724 4.10471  6010.92 3126.59 2.55 2.36  38.7 -0.406    19.81 21.82 02a58518o0799c 0x000000  -6.666667
58518.614307 20.449472      NaN  -90     8 c    0   4.05 204.3724 4.10471  4574.32 7391.57 2.44 2.30  -4.2 -0.452    19.84 21.81 02a58518o0817c 0x000000 -11.250000
58518.622868 20.449472      NaN  -81     8 c    0   4.43 204.3724 4.10471  5978.21 3088.56 2.52 2.36  46.9 -0.408    19.82 21.83 02a58518o0834c 0x000000 -10.125000
58518.631698 20.449472      NaN  -71     8 c    0   4.78 204.3724 4.10471  5958.44 3205.85 2.49 2.37  54.1 -0.413    19.82 21.83 02a58518o0852c 0x000000  -8.875000
58578.490389 19.334813 0.162050   67    10 c    0   3.16 204.3724 4.10471  8416.34 7449.70 2.81 2.62  57.1 -0.387    19.68 21.71 02a58578o0572c 0x000000   6.700000
58578.499827 20.449472      NaN -206     8 c    0   5.04 204.3724 4.10471  8394.64 7412.49 2.73 2.48  55.1 -0.398    19.71 21.69 02a58578o0591c 0x000000 -25.750000
58578.509180 20.207197      NaN  -43    10 c    0   3.71 204.3724 4.10471  8451.57 7492.67 2.75 2.62  62.1 -0.394    19.68 21.70 02a58578o0610c 0x000000  -4.300000
58578.518517 20.321591      NaN  -46     9 c    0   3.90 204.3724 4.10471  8469.96 7377.55 2.65 2.51  59.1 -0.397    19.70 21.66 02a58578o0629c 0x000000  -5.111111
58582.478990 20.321591      NaN  -14     9 c    0   4.14 204.3724 4.10471  4588.03 3568.13 2.45 2.32 -57.1 -0.406    19.67 21.58 02a58582o0544c 0x000000  -1.555556
58582.488394 20.449472      NaN  -44     8 c    0   4.14 204.3724 4.10471  4567.07 3530.63 2.53 2.32 -54.3 -0.399    19.63 21.56 02a58582o0563c 0x000000  -5.500000
58582.498673 20.449472      NaN -102     8 c    0   4.40 204.3724 4.10471  4622.47 3609.77 2.49 2.33 -56.1 -0.401    19.65 21.56 02a58582o0582c 0x000000 -12.750000
58582.508208 19.652575      NaN   14    12 c    0   1.79 204.3724 4.10471  4642.32 3494.79 2.54 2.36 -55.4 -0.394    19.57 21.53 02a58582o0601c 0x000000   1.166667
58610.434022 20.761819      NaN -164     6 c    0  14.16 204.3724 4.10471   683.60 3574.63 2.40 2.32  89.5 -0.426    19.82 21.60 02a58610o0403c 0x100001 -27.333333
58610.443072 20.321591      NaN  -62     9 c    0   4.39 204.3724 4.10471   665.35 3535.57 2.42 2.34 -70.8 -0.419    19.78 21.59 02a58610o0422c 0x000000  -6.888889
58610.443541 20.207197      NaN  -78    10 c    0   3.16 204.3724 4.10471 10377.65 3586.18 2.58 2.37 -57.0 -0.439    19.78 21.62 02a58610o0423c 0x000000  -7.800000
58610.452142 20.321591      NaN  -20     9 c    0   3.38 204.3724 4.10471   725.31 3613.21 2.49 2.42 -81.1 -0.417    19.71 21.58 02a58610o0441c 0x000000  -2.222222
58610.452600 20.321591      NaN  -81     9 c    0   4.31 204.3724 4.10471 10359.35 3547.53 2.60 2.36 -55.0 -0.443    19.76 21.62 02a58610o0442c 0x000000  -9.000000
58610.461195 20.449472      NaN  -47     8 c    0   5.87 204.3724 4.10471   745.87 3496.23 2.39 2.28 -63.3 -0.429    19.72 21.55 02a58610o0460c 0x000000  -5.875000
58610.461653 20.449472      NaN  -50     8 c    0   5.65 204.3724 4.10471 10419.41 3626.01 2.57 2.34 -52.5 -0.436    19.76 21.58 02a58610o0461c 0x000000  -6.250000
58610.470775 20.321591      NaN -206     9 c    0   3.65 204.3724 4.10471 10440.78 3509.47 2.68 2.38 -52.5 -0.451    19.70 21.56 02a58610o0480c 0x000000 -22.888889
58634.357571 20.594452      NaN  -46     7 c    0   5.98 204.3724 4.10471  7117.61 7453.04 2.68 2.40  51.3 -0.397    19.76 21.67 02a58634o0273c 0x000000  -6.571429
58634.360326 20.321591      NaN  -11     9 c    0   3.67 204.3724 4.10471  7098.42 7415.98 2.64 2.45  53.8 -0.401    19.75 21.67 02a58634o0279c 0x000000  -1.222222
58634.365818 20.321591      NaN  -47     9 c    0   2.21 204.3724 4.10471  7156.10 7493.23 2.66 2.44  52.8 -0.397    19.76 21.67 02a58634o0291c 0x000000  -5.222222
58634.379249 20.449472      NaN -102     8 c    0   4.14 204.3724 4.10471  7174.47 7379.51 2.70 2.52  51.1 -0.393    19.73 21.64 02a58634o0320c 0x000000 -12.750000
58642.343653 20.207197      NaN  -19    10 c    0   2.47 204.3724 4.10471  9060.07 7365.08 2.69 2.55 -76.0 -0.409    19.62 21.28 02a58642o0240c 0x000000  -1.900000
58642.346425 20.103715      NaN  -98    11 c    0   2.13 204.3724 4.10471  9040.63 7329.28 2.68 2.57 -80.1 -0.406    19.62 21.29 02a58642o0246c 0x000000  -8.909091
58642.351560 20.321591      NaN  -79     9 c    0   3.15 204.3724 4.10471  9099.04 7405.35 2.67 2.54 -71.0 -0.408    19.60 21.30 02a58642o0257c 0x000000  -8.777778
58642.362766 20.103715      NaN  -68    11 c    0   2.39 204.3724 4.10471  9118.81 7291.67 2.66 2.57 -68.9 -0.401    19.63 21.33 02a58642o0280c 0x000000  -6.181818
58666.293809 20.321591      NaN  -72     9 c    0   4.20 204.3724 4.10471   973.37 9216.23 2.49 2.33 -61.2 -0.445    19.66 21.32 02a58666o0123c 0x000000  -8.000000
58666.297026 20.207197      NaN -122    10 c    0   5.77 204.3724 4.10471   953.55 9178.64 2.55 2.31 -60.0 -0.466    19.63 21.33 02a58666o0130c 0x000000 -12.200000
58666.302200 20.207197      NaN  -16    10 c    0   3.38 204.3724 4.10471  1010.75 9255.84 2.70 2.41 -56.1 -0.450    19.59 21.36 02a58666o0141c 0x000000  -1.600000
58666.312023 20.449472      NaN -108     8 c    0   5.73 204.3724 4.10471  1030.14 9137.21 2.60 2.31 -54.8 -0.451    19.65 21.43 02a58666o0162c 0x000000 -13.500000
58694.244062 17.506232      NaN   82    93 c    0   1.26 204.3724 4.10471  3338.54 9596.77 3.08 2.81 -62.9 -0.411    17.59 18.53 02a58694o0029c 0x100002   0.881720
58694.251514 19.351140      NaN  -18    22 c    0   1.32 204.3724 4.10471  3318.62 9554.61 3.01 2.71 -57.7 -0.386    18.98 20.20 02a58694o0044c 0x000000  -0.818182
58694.255506 19.841877      NaN   -9    14 c    0   2.91 204.3724 4.10471  3376.29 9630.99 2.88 2.62 -57.9 -0.391    19.34 20.80 02a58694o0052c 0x000000  -0.642857
58706.258116 15.470023      NaN  234   707 c    0   0.91 204.3724 4.10471  3251.17 7651.93 3.45 2.62  44.8 -0.421    15.07 15.80 02a58706o0071c 0x100002   0.330976
58706.261351 14.372068      NaN 2274  1400 c    0   4.99 204.3724 4.10471  3231.65 7612.65 3.32 2.51  46.1 -0.381    14.63 15.37 02a58706o0078c 0x100002   1.624286
58706.266871 15.093563      NaN  748   861 c    0   1.01 204.3724 4.10471  3290.19 7689.54 3.14 2.55  46.6 -0.413    14.87 15.61 02a58706o0090c 0x100002   0.868757
58706.277016 14.714455      NaN  940  1261 c    0   1.37 204.3724 4.10471  3311.08 7572.20 2.98 2.53  49.6 -0.359    14.19 14.95 02a58706o0112c 0x100002   0.745440
58846.638541 20.321591      NaN  -14     9 c    0   2.58 204.3724 4.10471  1510.49 3201.12 3.11 2.80 -51.6 -0.384    19.48 21.49 02a58846o0945c 0x000000  -1.555556
58846.641652 20.009244      NaN  -17    12 c    0   1.82 204.3724 4.10471  1528.76 3240.74 3.64 3.33 -46.3 -0.376    19.29 21.50 02a58846o0951c 0x000000  -1.416667
58846.647068 20.207197      NaN  -56    10 c    0   2.32 204.3724 4.10471  1471.92 3161.25 3.08 2.78 -37.6 -0.372    19.52 21.51 02a58846o0962c 0x000000  -5.600000
58846.656484 20.009244      NaN  -59    12 c    0   2.19 204.3724 4.10471  1453.51 3277.94 3.41 3.06 -44.4 -0.383    19.38 21.46 02a58846o0981c 0x000000  -4.916667
58878.546597 19.226921      NaN   11    21 c    0   2.27 204.3724 4.10471  9758.62 5238.99 2.91 2.40  27.7 -0.384    18.53 20.38 02a58878o0738c 0x000000   0.523810
58878.549562 19.212347      NaN  -35    25 c    0   1.56 204.3724 4.10471  9778.68 5278.37 2.97 2.43  27.4 -0.371    18.71 20.58 02a58878o0744c 0x100002  -1.400000
58878.555116 19.922338      NaN  -15    13 c    0   2.25 204.3724 4.10471  9719.98 5200.86 2.99 2.44  28.6 -0.374    19.20 21.12 02a58878o0755c 0x000000  -1.153846
58878.566362 19.609992      NaN   22    10 c    0   4.18 204.3724 4.10471  9702.28 5318.94 2.91 2.45  29.5 -0.373    19.44 21.36 02a58878o0778c 0x000000   2.200000
58882.602306 20.321591      NaN   -5     9 c    0   5.14 204.3724 4.10471  3728.15 7667.16 2.44 2.18 -48.9 -0.428    19.73 21.67 02a58882o0786c 0x000000  -0.555556
58882.605116 20.449472      NaN -146     8 c    0   5.96 204.3724 4.10471  3747.15 7707.57 2.55 2.27 -49.3 -0.411    19.68 21.67 02a58882o0792c 0x000000 -18.250000
58882.612118 16.998944 0.084823  576    45 c    0   9.11 204.3724 4.10471  3690.57 7629.24 2.65 2.43 -51.5 -0.402    19.67 21.67 02a58882o0807c 0x100002  12.800000
58882.622243 19.719755 0.254108   47    11 c    0   2.87 204.3724 4.10471  3673.76 7745.28 2.47 2.25 -47.6 -0.426    19.68 21.69 02a58882o0828c 0x000000   4.272727
58902.557437 20.207197      NaN  -62    10 c    0   5.86 204.3724 4.10471  1340.34 9224.38 2.75 2.24 -50.0 -0.445    19.69 21.65 02a58902o0732c 0x000000  -6.200000
58902.561234 20.321591      NaN  -30     9 c    0   4.49 204.3724 4.10471  1358.41 9267.57 2.73 2.26 -47.0 -0.445    19.69 21.65 02a58902o0739c 0x000000  -3.333333
58902.566921 19.696897      NaN   15    11 c    0   4.34 204.3724 4.10471  1300.07 9190.35 2.75 2.20 -50.6 -0.454    19.73 21.65 02a58902o0750c 0x000000   1.363636
58902.577101 20.321591      NaN  -35     9 c    0   5.09 204.3724 4.10471  1280.39 9307.66 2.74 2.25 -51.7 -0.445    19.68 21.65 02a58902o0770c 0x000000  -3.888889
58930.539108 19.051202 0.287034   87    23 c    0   1.47 204.3724 4.10471  4893.02 2994.95 2.37 2.26 -70.2 -0.401    18.82 20.52 02a58930o0626c 0x000000   3.782609
58930.542052 19.791368 0.296110   44    12 c    0   4.41 204.3724 4.10471  4875.81 2959.73 2.33 2.26 -74.1 -0.403    19.39 21.14 02a58930o0632c 0x000000   3.666667
58930.549101 18.550302 0.078677  138    10 c    0   4.75 204.3724 4.10471  4933.24 3037.03 2.46 2.34 -63.1 -0.397    19.57 21.43 02a58930o0647c 0x000000  13.800000
58930.567355 19.302877 0.173088   69    11 c    0   3.61 204.3724 4.10471  4955.93 2921.23 2.41 2.23 -59.0 -0.399    19.55 21.37 02a58930o0684c 0x000000   6.272727
58934.486603 18.878500      NaN  -58    34 c    0   1.32 204.3724 4.10471  5675.34 7565.80 2.64 2.53 -43.4 -0.402    18.14 19.95 02a58934o0562c 0x100002  -1.705882
58934.489845 18.582238 0.145845  134    18 c    0   2.58 204.3724 4.10471  5696.70 7604.32 2.68 2.58 -48.0 -0.393    18.97 20.87 02a58934o0569c 0x000000   7.444444
58934.498278 18.336727 0.239120  168    37 c    0   1.76 204.3724 4.10471  4937.27 3033.05 2.83 2.67 -60.0 -0.375    18.11 19.93 02a58934o0587c 0x100002   4.540541
58934.510019 19.014394      NaN -191    30 c    0   1.37 204.3724 4.10471  4955.44 2916.65 2.73 2.58  43.8 -0.378    18.21 20.05 02a58934o0610c 0x100002  -6.366667
58958.412177 20.207197      NaN    6     8 c    0   3.78 204.3724 4.10471  3138.85 5701.80 2.53 2.30  40.7 -0.392    19.66 21.46 02a58958o0403c 0x000000   0.750000
58958.416079 20.207197      NaN  -69    10 c    0   4.40 204.3724 4.10471  7462.32 4894.39 2.50 2.29  35.3 -0.389    19.72 21.46 02a58958o0410c 0x000000  -6.900000
58958.423347 19.026525 0.121993   89    10 c    0   2.60 204.3724 4.10471  3176.29 5742.31 2.57 2.26  38.8 -0.392    19.72 21.48 02a58958o0425c 0x000000   8.900000
58958.438710 19.841877      NaN   15     9 c    0   3.04 204.3724 4.10471  3194.78 5627.12 3.09 2.40  38.2 -0.357    19.61 21.46 02a58958o0455c 0x000000   1.666667
58962.442375 17.139624      NaN  146   120 c    0   0.73 204.3724 4.10471  2862.32 1146.23 2.43 2.32 -89.0 -0.412    16.94 18.47 02a58962o0449c 0x100002   1.216667
58962.445607 18.376212      NaN  -15    54 c    0   0.95 204.3724 4.10471  2843.04 1108.48 2.45 2.33 -87.9 -0.428    17.78 19.35 02a58962o0456c 0x100002  -0.277778
58962.451255 18.220396 0.162570  187    28 c    0   1.81 204.3724 4.10471  2901.20 1185.44 2.44 2.31 -83.5 -0.428    18.34 19.91 02a58962o0468c 0x100002   6.678571
58962.462902 18.729535 0.278394  117    30 c    0   1.76 204.3724 4.10471  2915.06 1068.72 2.47 2.30 -76.7 -0.426    18.29 19.93 02a58962o0493c 0x100002   3.900000
58966.408469 20.449472      NaN    0     8 c    0   5.14 204.3724 4.10471  2863.55 1145.83 2.48 2.31 -70.5 -0.439    19.72 21.58 02a58966o0391c 0x000000   0.000000
58966.411693 20.449472      NaN  -23     8 c    0   3.92 204.3724 4.10471  2843.77 1105.49 2.45 2.31 -76.6 -0.438    19.73 21.56 02a58966o0398c 0x000000  -2.875000
58966.418154 20.207197      NaN  -52    10 c    0   3.77 204.3724 4.10471  2902.10 1183.46 2.56 2.37 -65.2 -0.428    19.67 21.55 02a58966o0412c 0x000000  -5.200000
58966.453122 20.449472      NaN  -89     8 c    0   6.12 204.3724 4.10471  2917.87 1068.42 2.41 2.27 -83.7 -0.432    19.71 21.53 02a58966o0487c 0x000000 -11.125000
58982.326503 20.207197      NaN  -18    10 c    0   3.31 204.3724 4.10471  3806.62 9615.30 2.85 2.19 -51.5 -0.403    19.70 21.68 02a58982o0186c 0x000000  -1.800000
58982.328348 19.491430      NaN   22    12 c    0   4.43 204.3724 4.10471  3826.37 9654.15 2.89 2.14 -49.3 -0.405    19.71 21.70 02a58982o0190c 0x000000   1.833333
58982.332017 20.103715      NaN  -20    11 c    0   3.56 204.3724 4.10471  3767.90 9576.39 2.71 2.15 -50.1 -0.408    19.77 21.73 02a58982o0198c 0x000000  -1.818182
58982.337545 20.321591      NaN  -88     9 c    0   4.31 204.3724 4.10471  3747.58 9693.65 2.71 2.14 -49.2 -0.403    19.78 21.76 02a58982o0210c 0x000000  -9.777778
58983.431783 19.142275 0.135717   80    10 c    0   3.66 204.3724 4.10471  6763.92  951.89 2.63 2.15 -53.2 -0.415    19.74 21.63 02a58983o0400c 0x000000   8.000000
58983.447891 20.321591 0.361912   27     9 c    0   5.54 204.3724 4.10471  6743.74  914.14 2.57 2.17 -52.3 -0.417    19.76 21.56 02a58983o0432c 0x000000   3.000000
58983.454479 19.719755 0.231008   47    10 c    0   4.95 204.3724 4.10471  6804.96  994.30 2.63 2.20 -51.3 -0.417    19.67 21.51 02a58983o0444c 0x000000   4.700000
58983.457657 18.693037 0.107676  121    12 c    0   2.48 204.3724 4.10471  6825.15  874.81 2.67 2.19 -53.3 -0.416    19.72 21.50 02a58983o0450c 0x000000  10.083333
58986.445156 20.449472      NaN  -98     8 c    0   4.56 204.3724 4.10471  5162.73 7540.73 2.55 2.41 -58.3 -0.410    19.72 21.64 02a58986o0461c 0x000000 -12.250000
58986.448398 20.321591      NaN  -87     9 c    0   6.24 204.3724 4.10471  5144.25 7501.44 2.60 2.54 -76.4 -0.405    19.63 21.64 02a58986o0468c 0x000000  -9.666667
58986.457929 20.207197      NaN   -3    10 c    0   3.11 204.3724 4.10471  5203.55 7580.97 2.52 2.47  86.5 -0.405    19.68 21.60 02a58986o0488c 0x000000  -0.300000
58986.468921 20.449472      NaN  -88     8 c    0   4.14 204.3724 4.10471  5224.41 7464.36 2.53 2.50  72.0 -0.400    19.63 21.56 02a58986o0511c 0x000000 -11.000000
58990.359908 20.449472      NaN  -89     8 c    0   2.64 204.3724 4.10471  5166.79 7537.17 2.56 2.41  51.2 -0.406    19.74 21.65 02a58990o0273c 0x000000 -11.125000
58990.363128 20.321591      NaN  -20     9 c    0   2.52 204.3724 4.10471  5148.31 7501.29 2.50 2.36  53.7 -0.413    19.75 21.66 02a58990o0280c 0x000000  -2.222222
58990.370045 20.103715      NaN  -17    11 c    0   2.61 204.3724 4.10471  5205.96 7577.01 2.57 2.36  49.9 -0.401    19.75 21.66 02a58990o0295c 0x000000  -1.545455
58990.382234 20.207197      NaN  -39    10 c    0   2.85 204.3724 4.10471  5226.26 7465.68 2.57 2.38  48.3 -0.402    19.74 21.64 02a58990o0321c 0x000000  -3.900000
58994.368994 19.169763 0.139197   78    10 c    0   3.28 204.3724 4.10471  1006.24 3181.94 2.56 2.40 -69.5 -0.415    19.66 21.51 02a58994o0286c 0x000000   7.800000
58994.374539 19.922338      NaN  -14    13 c    0   1.59 204.3724 4.10471   986.85 3137.04 3.21 3.08 -85.4 -0.386    19.50 21.51 02a58994o0298c 0x000000  -1.076923
58994.380027 20.171596 0.315214   31     9 c    0   3.35 204.3724 4.10471  1047.23 3216.88 2.80 2.62 -69.0 -0.389    19.54 21.49 02a58994o0310c 0x000000   3.444444
58994.403645 20.449472      NaN   -8     8 c    0   5.29 204.3724 4.10471  1072.80 3103.12 2.57 2.46 -79.8 -0.408    19.61 21.47 02a58994o0361c 0x000000  -1.000000
59022.311110 20.207197 0.325721   30     9 c    0   5.10 204.3724 4.10471  8955.99 5417.94 2.58 2.51  72.6 -0.394    19.73 21.69 02a59022o0147c 0x000000   3.333333
59022.314311 20.207197      NaN  -38    10 c    0   4.20 204.3724 4.10471  8937.74 5379.19 2.60 2.54  85.0 -0.393    19.73 21.68 02a59022o0154c 0x000000  -3.800000
59022.322122 20.362567 0.334073   26     8 c    0   3.93 204.3724 4.10471  8995.59 5457.95 2.50 2.44 -86.9 -0.396    19.79 21.68 02a59022o0171c 0x000000   3.250000
59022.333223 20.449472      NaN  -58     8 c    0   3.39 204.3724 4.10471  9015.81 5343.53 2.57 2.49  46.9 -0.390    19.74 21.67 02a59022o0195c 0x000000  -7.250000
59042.312941 20.103715      NaN  -65    11 c    0   2.90 204.3724 4.10471  9042.61 7372.85 2.68 2.52  43.5 -0.392    19.58 21.38 02a59042o0151c 0x000000  -5.909091
59042.316608 20.009244      NaN  -22    12 c    0   1.88 204.3724 4.10471  9023.12 7334.04 2.69 2.49  41.3 -0.391    19.59 21.36 02a59042o0159c 0x000000  -1.833333
59042.323032 19.631075      NaN   18    11 c    0   3.42 204.3724 4.10471  9080.52 7413.02 2.74 2.54  42.1 -0.389    19.59 21.37 02a59042o0173c 0x000000   1.636364
59042.335463 19.454622      NaN   27    11 c    0   3.67 204.3724 4.10471  9101.23 7296.11 2.70 2.56  38.6 -0.390    19.57 21.36 02a59042o0200c 0x000000   2.454545
59050.280815 20.449472      NaN  -94     8 c    0   6.20 204.3724 4.10471   917.58 1236.48 2.68 2.51 -66.8 -0.418    19.50 21.39 02a59050o0085c 0x000000 -11.750000
59050.284049 19.743105      NaN   16    10 c    0   4.48 204.3724 4.10471   897.80 1196.97 2.55 2.37 -69.6 -0.424    19.59 21.37 02a59050o0092c 0x000000   1.600000
59050.289564 20.207197      NaN  -56    10 c    0   5.32 204.3724 4.10471   957.26 1275.42 2.68 2.53 -69.5 -0.411    19.52 21.35 02a59050o0104c 0x000000  -5.600000
59050.302425 20.103715      NaN  -18    11 c    0   3.05 204.3724 4.10471   976.31 1156.94 2.59 2.45 -68.1 -0.424    19.50 21.28 02a59050o0132c 0x000000  -1.636364
59054.250672 18.786693      NaN   45    22 c    0   1.94 204.3724 4.10471   911.13 1237.67 2.89 2.50 -58.6 -0.417    18.47 19.61 02a59054o0023c 0x000000   2.045455
59054.253883 19.401649      NaN   12    17 c    0   2.86 204.3724 4.10471   893.97 1197.87 2.76 2.42 -56.7 -0.435    18.93 20.21 02a59054o0030c 0x000000   0.705882
59054.260332 19.841877      NaN  -68    14 c    0   2.31 204.3724 4.10471   955.77 1276.72 2.73 2.42 -58.4 -0.426    19.37 20.90 02a59054o0044c 0x000000  -4.857143
59054.273655 19.674510 0.243737   49    11 c    0   3.33 204.3724 4.10471   975.96 1159.03 2.53 2.28 -59.1 -0.447    19.49 21.06 02a59054o0073c 0x000000   4.454545
59074.248295 19.631075      NaN  -76    17 c    0   2.63 204.3724 4.10471   809.11 5327.64 2.44 2.38  54.7 -0.392    18.96 20.30 02a59074o0037c 0x000000  -4.470588
59074.251976 19.922338      NaN -107    13 c    0   3.89 204.3724 4.10471   788.99 5288.39 2.41 2.35  68.9 -0.394    19.22 20.65 02a59074o0045c 0x000000  -8.230769
59074.257498 20.207197      NaN -125    10 c    0   4.08 204.3724 4.10471   846.83 5365.12 2.46 2.36  52.0 -0.395    19.31 20.82 02a59074o0057c 0x000000 -12.500000
59074.267617 20.009244      NaN   -2    12 c    0   3.28 204.3724 4.10471   865.34 5246.06 2.51 2.38  51.8 -0.388    19.27 20.82 02a59074o0079c 0x000000  -0.166667
59197.633986 20.009244      NaN  -42    12 c    0   2.82 204.3724 4.10471  9247.90 1340.07 3.27 2.70  -6.5 -0.355    19.40 21.28 01a59197o0770c 0x000000  -3.500000
59197.647445 20.009244      NaN  -32    12 c    0   3.68 204.3724 4.10471  9227.42 1298.33 2.77 2.56 -14.7 -0.360    19.56 21.26 01a59197o0799c 0x000000  -2.666667
59197.653899 19.766969      NaN  -76    15 c    0   1.83 204.3724 4.10471  9285.54 1374.85 3.03 2.68 -15.5 -0.350    19.41 21.01 01a59197o0813c 0x000000  -5.066667
59197.661835 19.569016      NaN  -43    18 c    0   2.33 204.3724 4.10471  9305.68 1257.35 2.82 2.60 -49.4 -0.344    18.89 19.86 01a59197o0830c 0x000000  -2.388889
59204.622339 20.207197      NaN  -31    10 c    0   3.54 204.3724 4.10471  3258.42 7641.35 2.43 2.27 -73.3 -0.374    19.59 21.28 01a59204o0866c 0x000000  -3.100000
59204.630183 20.207197      NaN  -18    10 c    0   4.19 204.3724 4.10471  3240.45 7603.55 2.35 2.17 -72.6 -0.382    19.66 21.26 01a59204o0883c 0x000000  -1.800000
59204.651883 19.038793 0.135717   88    11 c    0   4.08 204.3724 4.10471  3302.01 7681.80 2.39 2.20 -72.6 -0.377    19.59 21.24 01a59204o0929c 0x000000   8.000000
59204.658837 20.207197      NaN -172    10 c    0   8.34 204.3724 4.10471  3321.52 7564.44 2.31 2.13 -70.9 -0.385    19.49 20.83 01a59204o0944c 0x000000 -17.200000
59206.614502 20.207197      NaN  -70    10 c    0   3.46 204.3724 4.10471  7603.65 7471.70 2.70 2.49  39.4 -0.396    19.58 21.23 02a59206o0906c 0x000000  -7.000000
59206.617912 20.137125      NaN    2    10 c    0   3.21 204.3724 4.10471  7623.28 7510.27 2.67 2.49  38.0 -0.391    19.57 21.24 02a59206o0913c 0x000000   0.200000
59206.624794 20.207197      NaN  -64    10 c    0   3.78 204.3724 4.10471  7565.41 7432.77 2.73 2.48  39.4 -0.395    19.61 21.27 02a59206o0928c 0x000000  -6.400000
59206.644992 20.321591      NaN  -28     9 c    0   4.57 204.3724 4.10471  7545.46 7550.27 2.69 2.45  38.2 -0.396    19.64 21.35 02a59206o0971c 0x000000  -3.111111
59224.616291 20.321591      NaN  -25     9 c    0   3.41 204.3724 4.10471  4914.65 2994.03 2.85 2.35  -2.9 -0.356    19.66 21.63 01a59224o0846c 0x000000  -2.777778
59224.622290 20.594452      NaN  -43     7 c    0  10.18 204.3724 4.10471  4894.53 2956.16 2.36 2.31 -46.9 -0.374    19.76 21.63 01a59224o0859c 0x100001  -6.142857
59224.643853 19.922338      NaN   12     9 c    0   2.97 204.3724 4.10471  4953.22 3033.67 2.99 2.46   2.0 -0.343    19.60 21.64 01a59224o0905c 0x000000   1.333333
59224.655097 20.071303      NaN    7     9 c    0   5.31 204.3724 4.10471  4971.48 2918.75 2.92 2.35  -4.0 -0.363    19.65 21.60 01a59224o0929c 0x000000   0.777778
59226.616693 20.321591      NaN  -25     9 c    0   4.80 204.3724 4.10471  3363.18 1171.83 2.65 2.45 -61.4 -0.420    19.68 21.61 02a59226o0912c 0x000000  -2.777778
59226.619916 20.321591      NaN -101     9 c    0   6.92 204.3724 4.10471  3383.39 1211.30 2.49 2.27 -62.4 -0.426    19.74 21.61 02a59226o0919c 0x000000 -11.222222
59226.628625 20.321591      NaN  -36     9 c    0   5.00 204.3724 4.10471  3325.03 1133.32 2.48 2.33 -66.3 -0.422    19.74 21.62 02a59226o0938c 0x000000  -4.000000
59226.640022 20.207197      NaN    3     9 c    0   6.32 204.3724 4.10471  3307.75 1250.30 2.38 2.22 -62.4 -0.426    19.77 21.62 02a59226o0962c 0x000000   0.333333
59228.591615 20.449472      NaN  -17     8 c    0   7.20 204.3724 4.10471  4916.47 2994.79 2.59 2.55 -26.2 -0.361    19.68 21.76 01a59228o0573c 0x000000  -2.125000
59228.594846 19.169763 0.125277   78     9 c    0   4.84 204.3724 4.10471  4894.00 2955.97 2.57 2.49 -67.8 -0.370    19.74 21.78 01a59228o0580c 0x000000   8.666667
59228.601328 19.766969      NaN   18     9 c    0   3.80 204.3724 4.10471  4952.34 3033.23 2.71 2.56 -19.8 -0.362    19.63 21.77 01a59228o0594c 0x000000   2.000000
59228.611940 19.063754 0.126248   86    10 c    0   3.88 204.3724 4.10471  4974.10 2917.98 3.03 2.43  -3.3 -0.354    19.64 21.79 01a59228o0617c 0x000000   8.600000
59230.575577 20.449472      NaN  -54     8 c    0   5.48 204.3724 4.10471  3363.46 1173.66 2.51 2.41  88.7 -0.412    19.70 21.61 02a59230o0816c 0x000000  -6.750000
59230.578782 20.449472      NaN  -35     8 c    0   4.39 204.3724 4.10471  3383.18 1212.93 2.54 2.44 -81.7 -0.411    19.64 21.62 02a59230o0823c 0x000000  -4.375000
59230.585238 20.321591      NaN -110     9 c    0   4.81 204.3724 4.10471  3324.49 1134.43 2.54 2.44  89.4 -0.410    19.68 21.64 02a59230o0837c 0x000000 -12.222222
59230.595769 20.321591      NaN  -42     9 c    0   2.75 204.3724 4.10471  3305.51 1252.03 2.46 2.37  69.5 -0.415    19.75 21.70 02a59230o0860c 0x000000  -4.666667
59232.567367 20.207197      NaN  -33    10 c    0   5.06 204.3724 4.10471  5282.10 9480.57 2.86 2.39 -78.1 -0.410    19.60 21.55 01a59232o0669c 0x000000  -3.300000
59232.595977 20.449472      NaN  -85     8 c    0  10.55 204.3724 4.10471  5267.01 9438.68 2.52 2.06 -73.4 -0.419    19.73 21.61 01a59232o0688c 0x100001 -10.625000
59232.601167 20.321591      NaN  -32     9 c    0   5.05 204.3724 4.10471  5325.01 9520.42 2.52 2.07 -77.8 -0.409    19.75 21.62 01a59232o0698c 0x000000  -3.555556
59232.604850 20.761819      NaN -149     6 c    0   5.47 204.3724 4.10471  5343.77 9404.20 2.54 2.20 -75.0 -0.401    19.72 21.65 01a59232o0706c 0x000000 -24.833333
59234.596209 19.256669      NaN -110    24 c    0   2.74 204.3724 4.10471  3460.32 3119.57 2.31 2.21  45.0 -0.410    18.39 20.10 02a59234o0618c 0x000000  -4.583333
59234.601721 20.207197      NaN -109    10 c    0   4.75 204.3724 4.10471  3483.36 3156.51 2.29 2.23  37.9 -0.402    19.67 21.55 02a59234o0630c 0x000000 -10.900000
59234.604486 20.449472      NaN  -42     8 c    0   5.44 204.3724 4.10471  3424.27 3079.89 2.33 2.23  47.1 -0.404    19.73 21.61 02a59234o0636c 0x000000  -5.250000
59234.616903 19.183773 0.183306   77    13 c    0   2.74 204.3724 4.10471  3406.92 3196.15 2.30 2.23  39.1 -0.407    19.52 21.34 02a59234o0663c 0x000000   5.923077
59256.481099 20.207197      NaN  -75    10 c    0   2.68 204.3724 4.10471  2866.79 1139.51 2.64 2.45  44.0 -0.382    19.71 21.87 01a59256o0594c 0x000000  -7.500000
59256.491254 19.950541 0.285720   38    10 c    0   2.59 204.3724 4.10471  2842.95 1105.04 2.56 2.44  41.6 -0.390    19.73 21.89 01a59256o0616c 0x000000   3.800000
59256.505181 20.449472      NaN  -17     8 c    0   5.43 204.3724 4.10471  2902.33 1184.61 2.50 2.44  68.0 -0.387    19.75 21.90 01a59256o0646c 0x000000  -2.125000
59256.528798 20.594452      NaN  -85     7 c    0   4.01 204.3724 4.10471  2917.77 1063.42 2.47 2.39  41.5 -0.392    19.81 21.97 01a59256o0696c 0x000000 -12.142857
59258.522463 20.449472      NaN  -17     8 c    0   3.88 204.3724 4.10471  5494.05 4955.32 2.91 2.67  43.5 -0.382    19.59 21.62 02a59258o0661c 0x000000  -2.125000
59258.524293 20.009244 0.331753   36    11 c    0   2.18 204.3724 4.10471  5512.79 4994.03 3.09 2.81  42.1 -0.376    19.53 21.62 02a59258o0665c 0x000000   3.272727
59258.527969 20.207197      NaN   -6    10 c    0   2.69 204.3724 4.10471  5455.07 4916.42 3.07 2.79  38.4 -0.378    19.53 21.62 02a59258o0673c 0x000000  -0.600000
59258.533355 19.454622 0.162860   60     9 c    0   3.23 204.3724 4.10471  5433.69 5034.01 2.89 2.67  42.6 -0.380    19.62 21.63 02a59258o0684c 0x000000   6.666667
59260.524630 20.207197      NaN  -31    10 c    0   2.77 204.3724 4.10471  2864.23 1145.67 3.15 3.05  42.0 -0.345    19.53 21.91 01a59260o0579c 0x000000  -3.100000
59260.527856 20.009244      NaN  -32    12 c    0   1.80 204.3724 4.10471  2844.53 1106.31 4.20 4.04  72.0 -0.299    19.26 21.88 01a59260o0586c 0x000000  -2.666667
59260.533412 20.449472      NaN  -13     8 c    0   5.32 204.3724 4.10471  2903.84 1185.00 2.58 2.49  10.2 -0.387    19.70 21.92 01a59260o0598c 0x000000  -1.625000
59260.548973 19.529530 0.155105   56     8 c    0   5.62 204.3724 4.10471  2924.13 1068.91 2.59 2.53  30.2 -0.388    19.71 21.96 01a59260o0631c 0x000000   7.000000
59262.496151 20.321591      NaN  -50     9 c    0   6.24 204.3724 4.10471  5493.07 4956.40 2.61 2.31  39.6 -0.391    19.73 21.51 02a59262o0615c 0x000000  -5.555556
59262.497980 20.594452      NaN  -99     7 c    0   6.17 204.3724 4.10471  5514.16 4995.70 2.56 2.27  42.7 -0.393    19.69 21.51 02a59262o0619c 0x000000 -14.142857
59262.522728 19.472870      NaN   26    11 c    0   2.78 204.3724 4.10471  5461.02 4916.35 2.58 2.28  38.2 -0.391    19.44 21.21 02a59262o0671c 0x000000   2.363636
59262.529180 20.103715 0.329011   33    10 c    0   3.95 204.3724 4.10471  5442.94 5031.26 2.58 2.30  35.3 -0.390    19.52 21.29 02a59262o0685c 0x000000   3.300000
59308.449028 20.449472      NaN -102     8 c    0   4.15 204.3724 4.10471  4806.68 1048.18 2.39 2.35  11.7 -0.405    19.90 21.70 01a59308o0288c 0x000000 -12.750000
59308.455069 20.594452      NaN  -86     7 c    0   6.04 204.3724 4.10471  4786.70 1009.31 2.34 2.29  -4.3 -0.401    19.92 21.70 01a59308o0301c 0x000000 -12.285714
59308.459264 20.449472      NaN  -14     8 c    0   4.00 204.3724 4.10471  4844.84 1087.50 2.27 2.25  22.7 -0.405    19.97 21.69 01a59308o0310c 0x000000  -1.750000
59308.468766 20.594452      NaN  -46     7 c    0   6.40 204.3724 4.10471  5702.41 9618.09 2.47 2.31 -69.6 -0.370    19.81 21.62 01a59308o0329c 0x000000  -6.571429
59312.492277 20.594452      NaN  -12     7 c    0  11.98 204.3724 4.10471  1597.92 5196.74 2.18 2.09 -78.4 -0.407    19.98 21.70 01a59312o0591c 0x100001  -1.714286
59312.495503 19.894850 0.244291   40     9 c    0   5.74 204.3724 4.10471  1617.91 5235.10 2.18 2.14 -81.3 -0.405    20.01 21.68 01a59312o0598c 0x000000   4.444444
59312.529308 19.302877 0.141618   69     9 c    0   4.26 204.3724 4.10471  1566.97 5152.84 2.21 2.12 -80.9 -0.407    19.93 21.60 01a59312o0670c 0x000000   7.666667
59312.536330 20.244005      NaN    5     8 c    0   3.13 204.3724 4.10471  1546.09 5268.83 2.37 2.28 -72.2 -0.402    19.88 21.59 01a59312o0685c 0x000000   0.625000
59338.441887 19.766969 0.289530   45    12 c    0   2.68 204.3724 4.10471  5266.01 9494.83 2.54 2.47 -87.6 -0.406    19.56 21.30 02a59338o0386c 0x000000   3.750000
59338.445601 19.401649 0.206807   63    12 c    0   3.16 204.3724 4.10471  5241.35 9450.11 2.59 2.43  61.6 -0.394    19.52 21.24 02a59338o0394c 0x000000   5.250000
59338.451133 20.009244      NaN  -14    12 c    0   4.66 204.3724 4.10471  5299.61 9528.85 2.52 2.44  79.6 -0.405    19.58 21.31 02a59338o0406c 0x000000  -1.166667
59338.461047 19.922338      NaN  -39    13 c    0   2.51 204.3724 4.10471  5322.64 9417.88 2.52 2.47  83.3 -0.398    19.50 21.18 02a59338o0427c 0x000000  -3.000000
59342.414828 19.719755      NaN   17    10 c    0   4.57 204.3724 4.10471  5265.96 9492.11 2.68 2.50  49.5 -0.392    19.68 21.59 02a59342o0387c 0x000000   1.700000
59342.418505 20.207197      NaN  -40    10 c    0   2.89 204.3724 4.10471  5246.44 9453.48 2.67 2.48  49.3 -0.391    19.71 21.60 02a59342o0395c 0x000000  -4.000000
59342.429147 20.009244      NaN  -54    12 c    0   2.30 204.3724 4.10471  5301.57 9530.58 2.63 2.50  54.2 -0.397    19.70 21.59 02a59342o0418c 0x000000  -4.500000
59342.436414 19.816329 0.302996   43    12 c    0   2.40 204.3724 4.10471  5324.25 9417.01 2.67 2.50  50.0 -0.390    19.66 21.58 02a59342o0433c 0x000000   3.583333
59346.420429 19.979496 0.293442   37    10 c    0   2.84 204.3724 4.10471  7010.85 5518.68 2.62 2.36  42.8 -0.396    19.71 21.61 02a59346o0413c 0x000000   3.700000
59346.425951 20.321591      NaN  -46     9 c    0   4.10 204.3724 4.10471  6991.71 5479.23 2.55 2.33  46.9 -0.398    19.70 21.60 02a59346o0425c 0x000000  -5.111111
59346.429167 20.321591      NaN  -65     9 c    0   3.79 204.3724 4.10471  7049.48 5558.34 2.59 2.33  43.7 -0.396    19.75 21.60 02a59346o0432c 0x000000  -7.222222
59346.446176 20.321591      NaN  -52     9 c    0   3.23 204.3724 4.10471  7070.39 5442.04 2.62 2.38  46.5 -0.390    19.72 21.57 02a59346o0468c 0x000000  -5.777778
59368.377485 19.419021 0.157607   62     9 c    0   3.05 204.3724 4.10471  9756.80 5217.91 2.44 2.17  87.1 -0.424    19.99 21.77 01a59368o0309c 0x000000   6.888889
59368.412858 20.321591      NaN  -45     9 c    0   6.97 204.3724 4.10471  9782.71 5257.51 2.47 2.22  89.3 -0.404    19.93 21.68 01a59368o0385c 0x000000  -5.000000
59368.418385 20.449472 0.361912   24     8 c    0   5.74 204.3724 4.10471  9721.95 5179.85 2.45 2.22 -87.0 -0.397    19.93 21.67 01a59368o0397c 0x000000   3.000000
59368.423453 20.594452      NaN -124     7 c    0   5.58 204.3724 4.10471  9700.37 5296.66 2.46 2.21 -89.5 -0.399    19.88 21.65 01a59368o0408c 0x000000 -17.714286
59372.332838 20.449472      NaN   -5     8 c    0   7.75 204.3724 4.10471  9750.91 5219.42 2.48 2.22 -89.4 -0.428    20.00 21.85 01a59372o0209c 0x000000  -0.625000
59372.336084 20.321591      NaN  -53     9 c    0   2.84 204.3724 4.10471  9770.43 5258.21 2.63 2.19 -88.5 -0.417    20.01 21.84 01a59372o0216c 0x000000  -5.888889
59372.343494 20.321591      NaN  -15     9 c    0   3.88 204.3724 4.10471  9712.11 5180.75 2.54 2.17 -88.8 -0.422    20.00 21.81 01a59372o0232c 0x000000  -1.666667
59372.357861 20.449472      NaN  -38     8 c    0   7.36 204.3724 4.10471  9695.36 5297.11 2.50 2.18 -89.3 -0.427    19.99 21.74 01a59372o0263c 0x000000  -4.750000
59376.339305 20.761819      NaN  -55     6 c    0  12.63 204.3724 4.10471  3737.33 7690.02 2.27 2.08 -72.0 -0.395    19.92 21.70 01a59376o0221c 0x100001  -9.166667
59376.342531 20.449472      NaN  -56     8 c    0   9.46 204.3724 4.10471  3757.39 7728.43 2.31 2.13 -78.3 -0.390    19.90 21.66 01a59376o0228c 0x000000  -7.000000
59376.349484 19.631075      NaN   24     9 c    0   6.88 204.3724 4.10471  3699.09 7650.25 2.29 2.11 -77.5 -0.394    19.90 21.65 01a59376o0243c 0x000000   2.666667
59376.361961 20.449472      NaN   -2     8 c    0  10.06 204.3724 4.10471  3680.06 7765.81 2.26 2.04 -74.0 -0.403    19.93 21.67 01a59376o0270c 0x100001  -0.250000
59380.301848 20.449472      NaN   -4     8 c    0   7.67 204.3724 4.10471  3728.53 7691.76 2.42 2.30 -66.9 -0.383    19.73 21.43 01a59380o0137c 0x000000  -0.500000
59380.305077 20.321591 0.361912   27     9 c    0   4.51 204.3724 4.10471  3748.84 7730.97 2.39 2.24 -74.6 -0.386    19.73 21.46 01a59380o0144c 0x000000   3.000000
59380.311117 20.207197      NaN  -62    10 c    0   3.46 204.3724 4.10471  3690.74 7652.48 2.41 2.33 -26.9 -0.394    19.65 21.33 01a59380o0157c 0x000000  -6.200000
59380.328244 19.256669      NaN  -32    24 c    0   2.05 204.3724 4.10471  3673.23 7766.98 2.34 2.11 -78.4 -0.393    18.35 19.67 01a59380o0194c 0x000000  -1.333333
59394.349183 20.207197      NaN -117    10 c    0   5.86 204.3724 4.10471  1023.31 3184.49 2.44 2.22 -55.6 -0.441    19.63 21.39 02a59394o0229c 0x000000 -11.700000
59394.353341 20.321591      NaN   -9     9 c    0   4.18 204.3724 4.10471  1002.07 3143.35 2.37 2.28 -67.2 -0.423    19.62 21.38 02a59394o0238c 0x000000  -1.000000
59394.360766 20.207197      NaN  -52    10 c    0   3.79 204.3724 4.10471  1061.37 3221.26 2.46 2.22 -54.5 -0.436    19.65 21.33 02a59394o0254c 0x000000  -5.200000
59394.377857 20.009244      NaN  -46    12 c    0   2.64 204.3724 4.10471  1077.46 3106.39 2.38 2.29 -73.7 -0.425    19.39 20.85 02a59394o0291c 0x000000  -3.833333
59402.307788 19.401649      NaN   30    11 c    0   3.31 204.3724 4.10471  2967.09 3091.72 2.34 2.21 -70.4 -0.412    19.62 21.31 02a59402o0142c 0x000000   2.727273
59402.311464 20.207197      NaN  -30    10 c    0   4.61 204.3724 4.10471  2947.88 3052.87 2.36 2.23 -67.6 -0.411    19.62 21.32 02a59402o0150c 0x000000  -3.000000
59402.316964 19.922338 0.278394   39    10 c    0   4.48 204.3724 4.10471  3007.35 3130.74 2.36 2.26 -74.5 -0.406    19.66 21.32 02a59402o0162c 0x000000   3.900000
59402.331185 19.696897      NaN   15    11 c    0   2.06 204.3724 4.10471  3028.18 3014.12 2.41 2.29 -61.5 -0.403    19.60 21.29 02a59402o0193c 0x000000   1.363636
59406.260571 19.894850 0.298577   40    11 c    0   3.65 204.3724 4.10471  2974.38 3093.04 2.58 2.33 -59.9 -0.403    19.39 20.93 02a59406o0038c 0x000000   3.636364
59406.264240 20.103715      NaN  -32    11 c    0   2.91 204.3724 4.10471  2954.57 3053.77 2.76 2.54 -55.9 -0.402    19.37 21.15 02a59406o0046c 0x000000  -2.909091
59406.271582 19.256669      NaN  -54    24 c    0   2.53 204.3724 4.10471  3013.59 3130.98 2.59 2.31 -59.6 -0.398    18.51 20.22 02a59406o0062c 0x000000  -2.250000
59406.281771 19.816329      NaN    7    12 c    0   1.74 204.3724 4.10471  3034.05 3013.37 2.39 2.22 -63.9 -0.403    19.60 21.30 02a59406o0084c 0x000000   0.583333
59424.281090 20.321591      NaN  -58     9 c    0   4.53 204.3724 4.10471  5664.52 7564.60 2.70 2.38 -80.9 -0.367    19.67 21.49 01a59424o0098c 0x000000  -6.444444
59424.284775 19.674510 0.221579   49    10 c    0   3.20 204.3724 4.10471  5686.76 7601.91 2.41 2.21 -78.9 -0.381    19.75 21.48 01a59424o0106c 0x000000   4.900000
59424.290308 20.594452      NaN  -54     7 c    0   6.84 204.3724 4.10471  5627.93 7527.22 2.57 2.36 -80.0 -0.373    19.67 21.45 01a59424o0118c 0x000000  -7.714286
59424.300901 20.321591      NaN  -56     9 c    0   4.59 204.3724 4.10471  5606.26 7644.36 2.64 2.48 -72.2 -0.357    19.64 21.41 01a59424o0141c 0x000000  -6.222222
59428.259618 20.321591      NaN  -48     9 c    0   3.52 204.3724 4.10471  5674.41 7565.91 2.67 2.41 -80.6 -0.381    19.61 21.19 01a59428o0057c 0x000000  -5.333333
59428.262840 19.950541 0.285720   38    10 c    0   3.29 204.3724 4.10471  5693.94 7603.94 2.57 2.38 -76.9 -0.375    19.60 21.20 01a59428o0064c 0x000000   3.800000
59428.268381 19.979496      NaN    7    10 c    0   5.71 204.3724 4.10471  5634.89 7527.23 2.52 2.25 -77.6 -0.390    19.63 21.17 01a59428o0076c 0x000000   0.700000
59428.278522 20.321591      NaN   -6     9 c    0   6.01 204.3724 4.10471  5614.51 7643.42 2.61 2.23 -78.7 -0.392    19.55 21.05 01a59428o0098c 0x000000  -0.666667
59432.247756 19.791368 0.345462   44    14 c    0   6.12 204.3724 4.10471  5262.63 1079.45 2.33 2.21 -77.2 -0.396    19.33 20.36 01a59432o0034c 0x000000   3.142857
59432.250983 20.009244      NaN  -36    12 c    0   4.46 204.3724 4.10471  5282.17 1118.06 2.29 2.21 -76.8 -0.397    19.51 20.74 01a59432o0041c 0x000000  -3.000000
59432.256511 20.207197      NaN -100    10 c    0   3.38 204.3724 4.10471  5223.34 1039.42 2.35 2.22 -85.0 -0.393    19.59 21.02 01a59432o0053c 0x000000 -10.000000
59432.267577 20.071303 0.287401   34     9 c    0   7.33 204.3724 4.10471  5203.34 1158.18 2.23 2.17 -78.1 -0.400    19.64 21.11 01a59432o0077c 0x000000   3.777778
59586.593314 19.271854 0.137629   71     9 c    0   4.85 204.3724 4.10471  5390.17 3018.16 2.37 2.23  49.3 -0.421    19.61 21.48 02a59586o0824c 0x000000   7.888889
59586.596531 20.594452      NaN  -98     7 c    0   6.86 204.3724 4.10471  5409.61 3056.73 2.39 2.22  44.1 -0.418    19.61 21.48 02a59586o0831c 0x000000 -14.000000
59586.602020 20.449472      NaN  -56     8 c    0   6.24 204.3724 4.10471  5352.51 2979.07 2.39 2.24  48.8 -0.419    19.61 21.49 02a59586o0843c 0x000000  -7.000000
59586.615359 19.226921 0.132049   74     9 c    0   3.87 204.3724 4.10471  5333.62 3095.17 2.38 2.22  46.2 -0.416    19.61 21.49 02a59586o0872c 0x000000   8.222222