         MJD         m       dm   uJy  duJy F  err  chi/N        RA       Dec        x        y  maj  min   phi  apfit  mag5sig   Sky            Obs     Mask    __tmp_SN
57751.642685 19.922338      NaN  -843    13 c    0   0.84 177.75754 -28.74408  6088.56  1517.00 3.98 3.92  13.6 -0.403    19.59 21.60 02a57751o0431c 0x000000  -64.846154
57751.661746 19.766969      NaN  -777    15 c    0   0.99 177.75754 -28.74408  6072.81  1480.69 3.87 3.81   5.6 -0.421    19.41 21.20 02a57751o0469c 0x000000  -51.800000
57751.675872 17.518329      NaN  -822   119 c    0   1.13 177.75754 -28.74408  6126.21  1560.52 3.87 3.84 -19.1 -0.432    17.71 18.10 02a57751o0497c 0x100002   -6.907563
57755.642976 20.449472      NaN  -786     8 c    0   1.22 177.75754 -28.74408  4911.45  3880.52 3.73 3.58  80.9 -0.387    19.68 21.62 02a57755o0863c 0x000000  -98.250000
57755.651646 20.009244      NaN  -730    12 c    0   1.05 177.75754 -28.74408  4877.79  3844.38 3.75 3.63  79.7 -0.383    19.64 21.56 02a57755o0880c 0x000000  -60.833333
57755.666184 19.696897      NaN  -754    16 c    0   1.27 177.75754 -28.74408  4948.32  3922.95 3.72 3.59  83.2 -0.387    19.24 20.76 02a57755o0907c 0x000000  -47.125000
57779.574986 20.103715      NaN  -804    11 c    0   1.06 177.75754 -28.74408  4384.23  4218.10 3.93 3.76  75.0 -0.373    19.72 21.78 02a57779o0694c 0x000000  -73.090909
57779.590421 20.207197      NaN  -772    10 c    0   1.12 177.75754 -28.74408  4369.13  4180.48 3.91 3.76  76.9 -0.375    19.73 21.81 02a57779o0724c 0x000000  -77.200000
57779.606345 20.207197      NaN  -823    10 c    0   1.27 177.75754 -28.74408  4422.51  4260.72 4.08 4.02  37.0 -0.360    19.64 21.78 02a57779o0755c 0x000000  -82.300000
57779.621783 19.841877      NaN  -765    14 c    0   0.88 177.75754 -28.74408  4441.63  4144.14 3.92 3.80  80.7 -0.375    19.69 21.74 02a57779o0785c 0x000000  -54.642857
57779.637591 19.922338      NaN  -770    13 c    0   0.89 177.75754 -28.74408  4408.74  4203.94 3.92 3.89  80.7 -0.375    19.65 21.70 02a57779o0816c 0x000000  -59.230769
57783.570971 20.009244      NaN  -780    12 c    0   1.00 177.75754 -28.74408  3467.99  2385.23 4.15 4.03 -25.4 -0.379    19.67 21.86 02a57783o0678c 0x000000  -65.000000
57783.587093 20.449472      NaN  -794     8 c    0   1.30 177.75754 -28.74408  3453.56  2346.74 3.97 3.83 -22.1 -0.390    19.73 21.88 02a57783o0709c 0x000000  -99.250000
57783.603136 20.103715      NaN  -799    11 c    0   1.05 177.75754 -28.74408  3506.76  2427.75 3.94 3.83 -22.2 -0.385    19.73 21.88 02a57783o0740c 0x000000  -72.636364
57783.619176 20.321591      NaN  -758     9 c    0   1.47 177.75754 -28.74408  3525.89  2310.09 3.97 3.83 -21.0 -0.387    19.72 21.85 02a57783o0771c 0x000000  -84.222222
57783.635187 20.449472      NaN  -849     8 c    0   1.49 177.75754 -28.74408  3493.38  2369.27 4.20 4.06 -25.0 -0.374    19.65 21.85 02a57783o0802c 0x000000 -106.125000
57787.542535 20.009244      NaN  -786    12 c    0   0.99 177.75754 -28.74408  2652.29  1145.09 3.94 3.88 -21.7 -0.410    19.74 21.80 02a57787o0634c 0x000000  -65.500000
57787.556794 20.207197      NaN  -752    10 c    0   1.46 177.75754 -28.74408  2635.93  1108.05 3.95 3.88 -25.0 -0.411    19.77 21.88 02a57787o0662c 0x000000  -75.200000
57787.571194 20.321591      NaN  -780     9 c    0   1.45 177.75754 -28.74408  2688.25  1188.09 3.90 3.85 -33.5 -0.412    19.81 21.92 02a57787o0691c 0x000000  -86.666667
57787.586226 19.922338      NaN  -838    13 c    0   1.01 177.75754 -28.74408  2722.37  1068.24 4.02 3.97 -24.4 -0.401    19.77 21.92 02a57787o0721c 0x000000  -64.461538
57787.600675 20.959772      NaN  -769     5 c    0   1.57 177.75754 -28.74408  2675.76  1129.64 3.92 3.87 -61.1 -0.412    19.79 21.91 02a57787o0749c 0x000000 -153.800000
57803.554917 19.696897      NaN  -771    16 c    0   1.10 177.75754 -28.74408  5448.69  2620.67 3.74 3.64  82.7 -0.395    19.23 20.76 02a57803o0654c 0x000000  -48.187500
57803.566645 19.401649      NaN  -762    21 c    0   1.04 177.75754 -28.74408  5434.90  2579.66 3.75 3.65 -89.9 -0.391    19.21 20.74 02a57803o0677c 0x000000  -36.285714
57803.578313 19.569016      NaN  -789    18 c    0   1.20 177.75754 -28.74408  5487.41  2656.85 3.80 3.71 -87.7 -0.389    19.15 20.67 02a57803o0700c 0x000000  -43.833333
57803.590451 19.569016      NaN  -732    18 c    0   1.48 177.75754 -28.74408  5506.69  2538.84 3.87 3.84 -73.6 -0.377    19.08 20.62 02a57803o0724c 0x000000  -40.666667
57803.602188 19.510313      NaN  -765    19 c    0   1.14 177.75754 -28.74408  5474.05  2595.58 3.73 3.67 -82.4 -0.395    19.09 20.56 02a57803o0747c 0x000000  -40.263158
57807.539586 20.321591      NaN  -799     9 c    0   1.10 177.75754 -28.74408  2762.00  4279.79 3.79 3.75  87.0 -0.388    19.72 21.78 02a57807o0602c 0x000000  -88.777778
57807.554583 20.207197      NaN  -799    10 c    0   1.10 177.75754 -28.74408  2746.92  4239.28 3.86 3.82 -75.6 -0.382    19.67 21.74 02a57807o0631c 0x000000  -79.900000
57807.585328 20.103715      NaN  -794    11 c    0   1.08 177.75754 -28.74408  2822.14  4198.86 3.89 3.81 -78.8 -0.380    19.59 21.62 02a57807o0690c 0x000000  -72.181818
57807.600452 20.207197      NaN  -812    10 c    0   1.03 177.75754 -28.74408  2789.51  4255.48 3.86 3.79 -77.1 -0.380    19.53 21.51 02a57807o0719c 0x000000  -81.200000
57835.475320 19.766969      NaN  -765    15 c    0   0.98 177.75754 -28.74408  3799.56  3616.19 3.94 3.73  76.6 -0.380    18.93 20.82 02a57835o0410c 0x000000  -51.000000
57835.491070 19.922338      NaN  -798    13 c    0   1.20 177.75754 -28.74408  3785.83  3576.17 3.99 3.80  79.0 -0.378    18.88 20.75 02a57835o0440c 0x000000  -61.384615
57835.506628 19.766969      NaN  -776    15 c    0   1.26 177.75754 -28.74408  3839.01  3652.46 3.84 3.66  76.4 -0.386    18.82 20.60 02a57835o0470c 0x000000  -51.733333
57835.522882 19.128787      NaN  -836    27 c    0   1.18 177.75754 -28.74408  3857.33  3534.90 3.88 3.80  76.7 -0.380    18.31 20.06 02a57835o0501c 0x100002  -30.962963
57835.538107 19.401649      NaN  -787    21 c    0   1.12 177.75754 -28.74408  3824.04  3590.41 4.10 3.91   6.9 -0.369    18.48 20.28 02a57835o0530c 0x000000  -37.476190
57839.459876 19.922338      NaN  -788    13 c    0   1.15 177.75754 -28.74408  3923.74  3150.66 3.94 3.81  67.5 -0.376    18.88 20.69 02a57839o0458c 0x000000  -60.615385
57839.475799 19.922338      NaN  -807    13 c    0   1.08 177.75754 -28.74408  3908.77  3109.70 3.85 3.68  77.2 -0.387    18.90 20.68 02a57839o0488c 0x000000  -62.076923
57839.491124 19.922338      NaN  -805    13 c    0   1.12 177.75754 -28.74408  3960.79  3186.68 3.83 3.66  76.1 -0.390    18.90 20.66 02a57839o0517c 0x000000  -61.923077
57839.522555 19.696897      NaN  -795    16 c    0   1.31 177.75754 -28.74408  3948.02  3125.88 3.98 3.80  82.9 -0.374    18.79 20.57 02a57839o0576c 0x000000  -49.687500
57843.451316 20.009244      NaN  -825    12 c    0   1.00 177.75754 -28.74408  4833.62  4645.69 3.82 3.72  59.6 -0.379    18.89 20.72 02a57843o0420c 0x000000  -68.750000
57843.466997 19.841877      NaN  -789    14 c    0   1.20 177.75754 -28.74408  4821.98  4604.13 3.94 3.78  79.4 -0.379    18.83 20.66 02a57843o0450c 0x000000  -56.357143
57843.482686 19.696897      NaN  -772    16 c    0   0.99 177.75754 -28.74408  4889.19  4680.14 3.99 3.83  81.3 -0.373    18.78 20.58 02a57843o0480c 0x000000  -48.250000
57843.498397 19.631075      NaN  -801    17 c    0   1.01 177.75754 -28.74408  4906.91  4562.38 4.31 4.18  89.4 -0.350    18.64 20.53 02a57843o0510c 0x000000  -47.117647
57843.514073 18.944322      NaN  -762    32 c    0   1.20 177.75754 -28.74408  4857.40  4619.70 4.34 4.17  86.0 -0.352    18.10 19.67 02a57843o0540c 0x100002  -23.812500
57847.455716 19.256669      NaN  -822    24 c    0   1.34 177.75754 -28.74408  4638.51  3207.78 3.86 3.70  79.3 -0.383    18.43 19.69 02a57847o0440c 0x000000  -34.250000
57847.471416 19.302877      NaN  -742    23 c    0   1.16 177.75754 -28.74408  4690.29  3284.82 3.95 3.82  87.8 -0.372    18.47 19.85 02a57847o0470c 0x000000  -32.260870
57847.487101 19.569016      NaN  -800    18 c    0   1.11 177.75754 -28.74408  4709.15  3166.62 3.92 3.80  83.4 -0.377    18.66 20.27 02a57847o0500c 0x000000  -44.444444
57847.502811 19.569016      NaN  -837    18 c    0   1.05 177.75754 -28.74408  4676.38  3224.90 3.97 3.83  87.0 -0.372    18.71 20.43 02a57847o0530c 0x000000  -46.500000
57863.423688 19.102305      NaN    26    19 c    0   0.97 177.75754 -28.74408  3037.22  4385.77 3.81 3.65  74.6 -0.382    18.74 20.40 02a57863o0361c 0x000000    1.368421
57863.435770 19.436675      NaN    10    17 c    0   1.36 177.75754 -28.74408  3005.64  4344.62 3.77 3.62  75.1 -0.385    18.76 20.41 02a57863o0384c 0x000000    0.588235
57863.448244 19.510313      NaN    -2    19 c    0   0.88 177.75754 -28.74408  3076.63  4421.71 3.76 3.59  79.6 -0.382    18.74 20.40 02a57863o0408c 0x000000   -0.105263
57863.460794 19.510313      NaN   -44    19 c    0   0.93 177.75754 -28.74408  3095.05  4304.67 3.75 3.58  81.1 -0.387    18.72 20.38 02a57863o0432c 0x000000   -2.315789
57863.473347 19.334813      NaN    13    18 c    0   1.47 177.75754 -28.74408  3062.14  4360.78 3.75 3.61  83.9 -0.383    18.67 20.31 02a57863o0456c 0x000000    0.722222
57867.416472 18.174913      NaN  -839    65 c    0   1.33 177.75754 -28.74408  6113.21  3010.10 3.20 2.63  23.8 -0.437    17.44 18.42 02a57867o0377c 0x100002  -12.907692
57867.428507 15.082215      NaN  -737  1122 c    0   0.93 177.75754 -28.74408  6081.15  2970.13 3.18 2.58  22.8 -0.418    14.67 15.61 02a57867o0400c 0x100002   -0.656863
57871.383505 21.954622      NaN  -693     2 c    0   2.55 177.75754 -28.74408  5980.18  3305.17 2.86 2.70  47.7 -0.428    19.44 20.76 02a57871o0152c 0x000000 -346.500000
57871.414740 21.954622      NaN  -771     2 c    0   1.78 177.75754 -28.74408  6017.54  3340.58 2.97 2.84  33.0 -0.430    19.37 20.71 02a57871o0210c 0x000000 -385.500000
57871.430484 21.514394      NaN  -720     3 c    0   1.49 177.75754 -28.74408  6037.25  3222.35 3.08 2.87  29.3 -0.439    19.31 20.61 02a57871o0240c 0x000000 -240.000000
57871.445732 20.761819      NaN  -743     6 c    0   1.29 177.75754 -28.74408  6005.73  3279.75 3.01 2.83  26.3 -0.438    19.22 20.42 02a57871o0269c 0x000000 -123.833333
57895.324460 20.959772      NaN  -735     5 c    0   1.46 177.75754 -28.74408  3337.95  4295.85 3.07 2.56  13.9 -0.462    19.56 21.44 02a57895o0171c 0x000000 -147.000000
57895.340828 20.321591      NaN  -781     9 c    0   1.12 177.75754 -28.74408  3323.74  4255.55 3.33 2.94  15.0 -0.433    18.96 20.88 02a57895o0202c 0x000000  -86.777778
57895.357680 21.202047      NaN  -792     4 c    0   1.27 177.75754 -28.74408  3378.32  4332.72 3.35 3.00  16.2 -0.433    19.39 21.33 02a57895o0234c 0x000000 -198.000000
57895.373999 21.514394      NaN  -789     3 c    0   1.33 177.75754 -28.74408  3398.09  4214.94 3.42 3.09  13.0 -0.445    19.33 21.27 02a57895o0265c 0x000000 -263.000000
57895.390833 20.207197      NaN  -787    10 c    0   1.11 177.75754 -28.74408  3365.17  4268.69 3.64 3.33  14.1 -0.427    19.16 21.10 02a57895o0297c 0x000000  -78.700000
57899.315351 21.954622      NaN  -786     2 c    0   1.82 177.75754 -28.74408  3187.33  3093.65 2.95 2.48  19.3 -0.478    19.61 21.39 02a57899o0165c 0x000000 -393.000000
57899.332267 20.959772      NaN  -724     5 c    0   1.60 177.75754 -28.74408  3172.63  3052.83 2.83 2.53  14.2 -0.469    19.59 21.38 02a57899o0197c 0x000000 -144.800000
57899.348518 21.514394      NaN  -695     3 c    0   1.55 177.75754 -28.74408  3225.81  3130.49 2.86 2.57  15.6 -0.485    19.59 21.32 02a57899o0228c 0x000000 -231.666667
57899.365332 21.954622      NaN  -671     2 c    0   2.07 177.75754 -28.74408  3245.02  3011.46 2.86 2.52  15.9 -0.475    19.51 21.24 02a57899o0260c 0x000000 -335.500000
57903.304791 21.954622      NaN  -749     2 c    0   2.22 177.75754 -28.74408  4878.36  2017.40 2.64 2.55  51.8 -0.466    19.47 20.83 02a57903o0135c 0x000000 -374.500000
57903.320108 20.594452      NaN  -709     7 c    0   1.82 177.75754 -28.74408  4864.85  1978.37 2.75 2.67  61.5 -0.458    19.46 20.84 02a57903o0165c 0x000000 -101.285714
57903.336425 20.761819      NaN  -715     6 c    0   1.76 177.75754 -28.74408  4919.02  2053.99 2.66 2.60  69.6 -0.466    19.44 20.78 02a57903o0197c 0x000000 -119.166667
57903.353288 20.959772      NaN  -758     5 c    0   1.81 177.75754 -28.74408  4954.56  1935.06 2.74 2.67  67.9 -0.465    19.41 20.75 02a57903o0230c 0x000000 -151.600000
57903.369627 20.321591      NaN  -726     9 c    0   1.37 177.75754 -28.74408  4903.08  1990.87 2.74 2.69  56.2 -0.469    19.38 20.76 02a57903o0262c 0x000000  -80.666667
58081.612084 20.103715      NaN  -732    11 c    0   1.21 177.75754 -28.74408  2842.17  3156.05 3.40 2.94  49.5 -0.379    19.00 21.18 02a58081o0743c 0x000000  -66.545455
58081.628717 19.922338      NaN  -751    13 c    0   1.11 177.75754 -28.74408  2804.80  3117.66 3.28 2.85  46.9 -0.387    19.04 20.73 02a58081o0771c 0x000000  -57.769231
58081.629173 19.841877      NaN  -752    14 c    0   1.12 177.75754 -28.74408  2855.88  3194.68 3.30 2.85  47.1 -0.389    19.03 20.73 02a58081o0772c 0x000000  -53.714286
58081.633735 20.321591      NaN  -733     9 c    0   1.38 177.75754 -28.74408  2770.35  3234.94 3.37 3.00  45.5 -0.388    19.01 20.74 02a58081o0782c 0x000000  -81.444444
58109.564167 19.841877      NaN   -76    14 c    0   1.50 177.75754 -28.74408  9541.28  2416.48 5.92 5.59  58.2 -0.238    19.01 21.80 02a58109o0436c 0x000000   -5.428571
58109.570631 19.841877      NaN   -68    14 c    0   1.60 177.75754 -28.74408  9557.35  2457.18 5.62 5.06  23.8 -0.316    19.14 21.83 02a58109o0450c 0x000000   -4.857143
58109.577134 19.841877      NaN   -53    14 c    0   1.22 177.75754 -28.74408  9504.05  2379.51 5.52 5.07  31.4 -0.292    19.14 21.85 02a58109o0464c 0x000000   -3.785714
58109.586603 19.922338      NaN   -58    13 c    0   1.63 177.75754 -28.74408  9465.65  2497.97 5.55 5.11  31.4 -0.303    18.85 21.87 02a58109o0477c 0x000000   -4.461538
58161.541197 21.954622      NaN  -702     2 c    0   7.14 177.75754 -28.74408  7716.38  8372.06 2.64 2.56  25.1 -0.462    19.73 21.81 02a58161o0723c 0x000000 -351.000000
58161.553525 21.954622      NaN  -726     2 c    0   3.50 177.75754 -28.74408  7701.24  8330.66 2.61 2.49  25.0 -0.462    19.77 21.80 02a58161o0750c 0x000000 -363.000000
58161.565389 21.954622      NaN  -649     2 c    0   8.69 177.75754 -28.74408  7769.98  8410.11 2.59 2.51  19.2 -0.459    19.79 21.79 02a58161o0776c 0x000000 -324.500000
58161.569535 21.954622      NaN  -718     2 c    0   8.12 177.75754 -28.74408  7789.50  8293.88 2.61 2.58  19.3 -0.456    19.75 21.79 02a58161o0785c 0x000000 -359.000000
58193.435169 21.954622      NaN  -684     2 c    0   3.62 177.75754 -28.74408  1355.42  9063.01 2.63 2.10   7.7 -0.469    19.70 21.47 02a58193o0443c 0x000000 -342.000000
58193.443759 21.954622      NaN  -667     2 c    0   4.27 177.75754 -28.74408  1407.30  9099.28 2.60 2.10  10.3 -0.465    19.70 21.47 02a58193o0461c 0x000000 -333.500000
58193.445583 21.954622      NaN  -664     2 c    0   4.42 177.75754 -28.74408  1340.10  9020.74 2.59 2.09   9.8 -0.470    19.72 21.47 02a58193o0465c 0x000000 -332.000000
58193.449691 20.594452      NaN  -670     7 c    0   2.75 177.75754 -28.74408  1425.14  8985.39 2.54 2.08  10.0 -0.468    19.73 21.47 02a58193o0474c 0x000000  -95.714286
58197.444250 21.954622      NaN  -724     2 c    0   1.49 177.75754 -28.74408  8005.27  9010.61 2.83 2.65  43.1 -0.412    19.59 21.62 02a58197o0058c 0x000000 -362.000000
58197.449439 20.761819      NaN  -690     6 c    0   1.63 177.75754 -28.74408  2392.11  1355.55 2.64 2.38  41.4 -0.436    19.70 21.65 02a58197o0069c 0x000000 -115.000000
58197.457763 21.954622      NaN  -707     2 c    0  11.04 177.75754 -28.74408  8074.53  8968.18 2.66 2.49  16.7 -0.450    19.68 21.65 02a58197o0086c 0x100001 -353.500000
58221.393168 12.866038 0.002011 25917    48 c    0 567.23 177.75754 -28.74408   938.15  5803.58 2.52 2.43  12.0 -0.419    19.64 21.52 02a58221o0360c 0x100003  539.937500
58225.378892 12.918609 0.004793 24692   109 c    0  21.43 177.75754 -28.74408  8431.92  9028.46 3.11 2.89  46.5 -0.396    17.87 19.59 02a58225o0336c 0x100003  226.532110
58225.392120 12.914046 0.006086 24796   139 c    0   4.46 177.75754 -28.74408  8414.30  8990.88 3.24 3.06  53.0 -0.355    17.63 19.38 02a58225o0365c 0x100002  178.388489
58225.402616 12.929214 0.006705 24452   151 c    0   5.16 177.75754 -28.74408  8467.39  9067.53 3.07 2.91  59.2 -0.362    17.37 19.08 02a58225o0388c 0x100002  161.933775
58225.404895 12.930058 0.009776 24433   220 c    0   2.56 177.75754 -28.74408  8501.98  8948.25 3.01 2.85  55.5 -0.402    17.11 18.80 02a58225o0393c 0x100002  111.059091
58250.341338 14.815319 0.006307  4304    25 c    0   4.85 177.75754 -28.74408  7475.68  7863.36 2.98 2.82  70.8 -0.376    19.31 21.02 02a58250o0215c 0x100002  172.160000
58250.349153 14.810286 0.006026  4324    24 c    0   3.21 177.75754 -28.74408  7460.83  7824.10 2.95 2.83  68.4 -0.396    19.40 21.14 02a58250o0232c 0x000000  180.166667
58250.356942 14.788904 0.006155  4410    25 c    0   5.30 177.75754 -28.74408  7512.95  7903.15 2.83 2.71  68.6 -0.406    19.45 21.08 02a58250o0249c 0x100002  176.400000
58250.364793 14.773988 0.005828  4471    24 c    0   8.66 177.75754 -28.74408  7531.80  7785.13 2.66 2.55  76.4 -0.420    19.47 21.08 02a58250o0266c 0x000000  186.291667
58257.328155 15.272838 0.008458  2824    22 c    0   4.44 177.75754 -28.74408  8108.31  8207.96 3.11 2.73  79.7 -0.406    19.40 21.21 02a58257o0204c 0x000000  128.363636
58257.335484 15.259465 0.007975  2859    21 c    0   3.34 177.75754 -28.74408  8074.64  8171.59 2.93 2.80  66.2 -0.396    19.46 21.21 02a58257o0220c 0x000000  136.142857
58257.343293 15.257947 0.007964  2863    21 c    0   6.27 177.75754 -28.74408  8144.24  8247.56 3.02 2.88  69.6 -0.390    19.45 21.25 02a58257o0237c 0x000000  136.333333
58257.351103 15.274377 0.008085  2820    21 c    0   4.93 177.75754 -28.74408  8163.02  8130.47 2.96 2.83  73.8 -0.389    19.48 21.25 02a58257o0254c 0x000000  134.285714
58281.275467 19.569016      NaN     6    16 c    0   0.90 177.75754 -28.74408    44.61  7305.24 2.80 2.73  66.3 -0.332    19.44 21.35 02a58281o0032c 0x000000    0.375000
58281.283900 16.978405      NaN   122   155 c    0   0.25 177.75754 -28.74408    30.68  7265.53 2.80 2.66  58.9 -0.350    19.49 21.41 02a58281o0048c 0x100002    0.787097
58281.286651 16.300474 0.014860  1096    15 c    0   2.03 177.75754 -28.74408  9657.64  7328.24 3.09 2.91  68.8 -0.381    19.51 21.47 02a58281o0054c 0x000000   73.066667
58281.291274 16.300474 0.014860  1096    15 c    0   6.69 177.75754 -28.74408    84.61  7342.91 2.80 2.74  39.1 -0.367    19.38 21.44 02a58281o0064c 0x000000   73.066667
58281.294540 16.291594 0.016704  1105    17 c    0   1.73 177.75754 -28.74408  9642.24  7290.14 3.96 3.81  59.4 -0.350    19.21 21.49 02a58281o0071c 0x000000   65.000000
58281.298689 16.262510 0.017219  1135    18 c    0   1.88 177.75754 -28.74408   104.74  7226.56 3.32 3.19  52.9 -0.355    19.29 21.43 02a58281o0080c 0x000000   63.055556
58281.301903 16.279867 0.015552  1117    16 c    0   1.53 177.75754 -28.74408  9695.93  7366.66 3.29 3.17  74.6 -0.378    19.42 21.48 02a58281o0087c 0x000000   69.812500
58281.309309 16.278895 0.016509  1118    17 c    0   1.61 177.75754 -28.74408  9714.17  7249.40 3.19 3.09  70.5 -0.374    19.44 21.46 02a58281o0103c 0x000000   65.764706
58285.268832 16.486996 0.018821   923    16 c    0   1.89 177.75754 -28.74408  1214.44  6901.14 2.90 2.79  52.6 -0.396    19.24 20.93 02a58285o0059c 0x000000   57.687500
58285.276844 16.483473 0.018760   926    16 c    0   2.14 177.75754 -28.74408  1199.38  6863.09 2.73 2.68  57.2 -0.411    19.28 20.93 02a58285o0076c 0x000000   57.875000
58285.284900 16.451129 0.018209   954    16 c    0   2.02 177.75754 -28.74408  1252.84  6939.11 2.71 2.61  77.9 -0.409    19.34 20.99 02a58285o0093c 0x000000   59.625000
58285.292867 16.451129 0.018209   954    16 c    0   1.96 177.75754 -28.74408  1272.37  6822.18 2.73 2.66  87.7 -0.407    19.30 21.01 02a58285o0110c 0x000000   59.625000
58309.251931 18.158337 0.361912   198    66 c    0   1.42 177.75754 -28.74408  9090.05  5881.75 2.76 2.60 -65.3 -0.394    17.70 18.70 02a58309o0021c 0x100002    3.000000
58309.254743 18.158337 0.202890   198    37 c    0   1.21 177.75754 -28.74408  9073.35  5842.92 2.75 2.55 -60.3 -0.386    18.28 19.29 02a58309o0027c 0x100002    5.351351
58309.259512 18.169360 0.121868   196    22 c    0   1.31 177.75754 -28.74408  9120.81  5918.78 2.78 2.54 -62.7 -0.384    18.87 20.10 02a58309o0037c 0x000000    8.909091
58309.266052 18.147425 0.081430   200    15 c    0   1.92 177.75754 -28.74408  9137.16  5802.63 2.74 2.51 -54.7 -0.379    19.22 20.68 02a58309o0051c 0x000000   13.333333
58485.660478 20.594452      NaN  -705     7 c    0   1.03 177.75754 -28.74408  7368.51  7708.47 2.81 2.77  85.5 -0.406    19.43 21.24 02a58485o1009c 0x000000 -100.714286
58485.674658 18.317510      NaN  -688    57 c    0   1.37 177.75754 -28.74408  7350.91  7670.43 2.92 2.79 -71.2 -0.421    17.67 18.58 02a58485o1040c 0x100002  -12.070175
58489.654338 20.959772      NaN  -677     5 c    0   1.35 177.75754 -28.74408  4218.89  9656.72 2.91 2.85 -56.1 -0.373    19.51 21.65 02a58489o0607c 0x000000 -135.400000
58489.664058 20.207197      NaN  -643    10 c    0   1.37 177.75754 -28.74408  4206.66  9616.12 2.77 2.65   8.0 -0.419    19.42 21.12 02a58489o0628c 0x000000  -64.300000
58489.673753 18.438271      NaN  -689    51 c    0   1.14 177.75754 -28.74408  4257.63  9695.86 2.76 2.63   9.6 -0.446    18.10 18.96 02a58489o0649c 0x100002  -13.509804
58493.595655 20.761819      NaN  -633     6 c    0   1.30 177.75754 -28.74408  1493.11  4798.75 2.84 2.80   4.1 -0.407    19.46 21.69 02a58493o0863c 0x000000 -105.500000
58493.604806 21.954622      NaN  -617     2 c    0   1.93 177.75754 -28.74408  1509.17  4836.93 2.91 2.75  28.8 -0.406    19.48 21.69 02a58493o0883c 0x000000 -308.500000
58493.608921 21.954622      NaN  -623     2 c    0   2.36 177.75754 -28.74408  1455.77  4762.03 2.66 2.61 -15.9 -0.400    19.50 21.71 02a58493o0892c 0x000000 -311.500000
58493.618069 21.954622      NaN  -674     2 c    0   1.17 177.75754 -28.74408  1434.56  4876.31 2.88 2.82 -19.0 -0.404    19.47 21.74 02a58493o0912c 0x000000 -337.000000
58573.406184 21.514394      NaN  -677     3 c    0   2.06 177.75754 -28.74408  2417.46  9647.43 2.57 2.45   3.2 -0.421    19.52 21.39 02a58573o0403c 0x000000 -225.666667
58573.413601 20.009244      NaN  -717    12 c    0   1.37 177.75754 -28.74408  2399.21  9610.41 2.55 2.46  17.3 -0.407    19.50 21.38 02a58573o0419c 0x000000  -59.750000
58573.421438 20.009244      NaN  -702    12 c    0   1.64 177.75754 -28.74408  2467.04  9689.98 2.42 2.38  -0.5 -0.426    19.23 21.01 02a58573o0436c 0x000000  -58.500000
58573.429252 19.169763      NaN  -746    26 c    0   1.13 177.75754 -28.74408  2485.01  9572.31 2.45 2.39  31.7 -0.424    18.38 20.13 02a58573o0453c 0x100002  -28.692308
58577.417278 21.954622      NaN  -698     2 c    0   1.45 177.75754 -28.74408  2654.46  3824.21 2.56 2.46 -73.1 -0.407    19.52 21.48 02a58577o0424c 0x000000 -349.000000
58577.425585 21.954622      NaN  -695     2 c    0   2.10 177.75754 -28.74408  2637.31  3785.53 2.57 2.48  62.8 -0.402    19.55 21.47 02a58577o0442c 0x000000 -347.500000
58577.434378 21.954622      NaN  -601     2 c    0   8.38 177.75754 -28.74408  2688.00  3865.36 2.52 2.40  83.8 -0.409    19.57 21.49 02a58577o0461c 0x000000 -300.500000
58577.443082 21.954622      NaN  -628     2 c    0   3.58 177.75754 -28.74408  2722.82  3754.26 2.57 2.41  60.7 -0.403    19.57 21.47 02a58577o0480c 0x000000 -314.000000
58581.420150 21.954622      NaN  -666     2 c    0   3.06 177.75754 -28.74408  1711.44  1864.28 2.49 2.40  74.1 -0.413    19.56 21.41 02a58581o0420c 0x000000 -333.000000
58581.428929 21.954622      NaN  -707     2 c    0   3.09 177.75754 -28.74408  1694.37  1825.82 2.52 2.35 -70.0 -0.421    19.58 21.38 02a58581o0439c 0x000000 -353.500000
58581.437661 21.954622      NaN  -631     2 c    0   2.24 177.75754 -28.74408  1747.03  1906.16 2.54 2.39 -75.1 -0.419    19.58 21.39 02a58581o0458c 0x000000 -315.500000
58581.446419 21.954622      NaN  -638     2 c    0   2.61 177.75754 -28.74408  1766.11  1789.37 2.53 2.35 -75.2 -0.422    19.55 21.36 02a58581o0477c 0x000000 -319.000000
58605.385507 20.959772      NaN  -729     5 c    0   1.47 177.75754 -28.74408  9074.98  7698.52 3.16 3.01  68.7 -0.388    19.31 21.40 02a58605o0314c 0x000000 -145.800000
58605.394350 21.954622      NaN  -700     2 c    0   1.88 177.75754 -28.74408  9058.49  7662.22 3.08 2.70  50.7 -0.383    19.34 21.38 02a58605o0333c 0x000000 -350.000000
58605.403690 21.514394      NaN  -685     3 c    0   1.51 177.75754 -28.74408  9111.97  7739.53 2.90 2.77  81.2 -0.388    19.34 21.35 02a58605o0353c 0x000000 -228.333333
58605.413013 21.954622      NaN  -714     2 c    0   1.23 177.75754 -28.74408  9128.54  7622.76 2.83 2.69  75.7 -0.392    19.35 21.29 02a58605o0373c 0x000000 -357.000000
58609.339349 21.954622      NaN  -659     2 c    0   3.29 177.75754 -28.74408   733.83  3787.84 2.56 2.51  71.7 -0.402    19.61 21.61 02a58609o0129c 0x000000 -329.500000
58609.345829 21.954622      NaN  -592     2 c    0  13.10 177.75754 -28.74408   717.08  3749.29 2.50 2.39 -72.5 -0.403    19.67 21.60 02a58609o0143c 0x100001 -296.000000
58609.349506 21.954622      NaN  -695     2 c    0   1.92 177.75754 -28.74408 10171.12  3797.96 2.92 2.48 -61.2 -0.411    19.63 21.61 02a58609o0151c 0x000000 -347.500000
58609.352757 21.954622      NaN  -741     2 c    0   1.52 177.75754 -28.74408   768.19  3829.73 2.73 2.66 -87.4 -0.395    19.55 21.59 02a58609o0158c 0x000000 -370.500000
58609.356471 20.449472      NaN  -740     8 c    0   1.01 177.75754 -28.74408 10153.27  3759.86 3.06 2.70 -61.2 -0.404    19.54 21.60 02a58609o0166c 0x000000  -92.500000
58609.359684 21.954622      NaN  -679     2 c    0   2.85 177.75754 -28.74408   787.54  3712.93 2.70 2.49 -67.2 -0.403    19.62 21.59 02a58609o0173c 0x000000 -339.500000
58609.363384 21.954622      NaN  -711     2 c    0   3.93 177.75754 -28.74408 10204.35  3836.35 2.81 2.37 -60.0 -0.408    19.67 21.64 02a58609o0181c 0x000000 -355.500000
58609.370286 21.954622      NaN  -764     2 c    0   2.68 177.75754 -28.74408 10222.38  3723.55 2.77 2.42 -60.1 -0.407    19.65 21.63 02a58609o0196c 0x000000 -382.000000
58633.293274 21.954622      NaN  -690     2 c    0   2.53 177.75754 -28.74408  7767.25  6744.74 2.78 2.43  52.1 -0.389    19.60 21.35 02a58633o0139c 0x000000 -345.000000
58633.296538 21.954622      NaN  -699     2 c    0   1.81 177.75754 -28.74408  7747.69  6707.06 2.76 2.43  53.2 -0.391    19.58 21.35 02a58633o0146c 0x000000 -349.500000
58633.301611 21.954622      NaN  -650     2 c    0   2.01 177.75754 -28.74408  7806.32  6784.17 2.78 2.42  51.8 -0.387    19.58 21.36 02a58633o0157c 0x000000 -325.000000
58633.313575 21.954622      NaN  -694     2 c    0   7.65 177.75754 -28.74408  7826.75  6669.61 2.71 2.43  56.2 -0.393    19.59 21.34 02a58633o0183c 0x000000 -347.000000
58637.340513 21.954622      NaN  -729     2 c    0   2.43 177.75754 -28.74408  2797.44  4801.74 2.57 2.43  82.8 -0.399    19.50 21.32 02a58637o0229c 0x000000 -364.500000
58637.343821 21.514394      NaN  -720     3 c    0   1.50 177.75754 -28.74408  2778.07  4760.84 2.70 2.36  51.1 -0.396    19.50 21.29 02a58637o0236c 0x000000 -240.000000
58637.358564 21.954622      NaN  -663     2 c    0   2.30 177.75754 -28.74408  2837.67  4837.95 2.78 2.45  52.5 -0.380    19.38 21.15 02a58637o0267c 0x000000 -331.500000
58637.364685 21.954622      NaN  -636     2 c    0   7.03 177.75754 -28.74408  2859.08  4720.40 2.58 2.37  63.7 -0.395    19.42 21.10 02a58637o0280c 0x000000 -318.000000
58641.281596 21.954622      NaN  -653     2 c    0   3.62 177.75754 -28.74408  2791.78  4798.00 2.84 2.26  44.4 -0.385    19.41 21.00 02a58641o0104c 0x000000 -326.500000
58641.284850 21.954622      NaN  -670     2 c    0   2.46 177.75754 -28.74408  2772.66  4760.94 2.76 2.29  46.2 -0.381    19.42 21.02 02a58641o0111c 0x000000 -335.000000
58641.300916 21.202047      NaN  -637     4 c    0   2.36 177.75754 -28.74408  2835.88  4834.83 2.78 2.32  45.4 -0.386    19.42 21.08 02a58641o0145c 0x000000 -159.250000
58641.306069 21.954622      NaN  -697     2 c    0   2.97 177.75754 -28.74408  2856.36  4722.22 2.70 2.30  47.7 -0.386    19.44 21.06 02a58641o0156c 0x000000 -348.500000
58841.571330 20.959772      NaN  -691     5 c    0   1.45 177.75754 -28.74408  7770.61  5748.91 3.12 2.69  31.1 -0.381    19.49 21.58 02a58841o0822c 0x000000 -138.200000
58841.573631 21.954622      NaN  -739     2 c    0   2.28 177.75754 -28.74408  7790.39  5788.32 2.95 2.50  23.6 -0.375    19.59 21.59 02a58841o0827c 0x000000 -369.500000
58841.580001 21.954622      NaN  -697     2 c    0   2.09 177.75754 -28.74408  7731.70  5709.49 2.86 2.41  27.8 -0.375    19.61 21.60 02a58841o0840c 0x000000 -348.500000
58841.590577 21.954622      NaN  -703     2 c    0   1.83 177.75754 -28.74408  7713.66  5824.60 2.97 2.66  32.5 -0.376    19.56 21.60 02a58841o0862c 0x000000 -351.500000
58869.503022 21.954622      NaN  -702     2 c    0   1.89 177.75754 -28.74408  8916.44  4023.04 2.68 2.60  33.0 -0.383    19.65 21.82 02a58869o0634c 0x000000 -351.000000
58869.507411 21.954622      NaN  -645     2 c    0  13.69 177.75754 -28.74408  8935.17  4061.21 2.67 2.53  27.1 -0.385    19.67 21.82 02a58869o0642c 0x100001 -322.500000
58869.517453 21.954622      NaN  -632     2 c    0   3.81 177.75754 -28.74408  8879.20  3982.16 2.65 2.49  31.3 -0.384    19.68 21.84 02a58869o0661c 0x000000 -316.000000
58869.522418 22.707197      NaN  -664     1 c    0   9.89 177.75754 -28.74408  8858.40  4098.42 2.47 2.35  32.1 -0.391    19.77 21.84 02a58869o0671c 0x000000 -664.000000
58873.486036 21.954622      NaN  -654     2 c    0   3.36 177.75754 -28.74408  8922.00  4022.98 2.65 2.38  33.9 -0.382    19.65 21.61 02a58873o0601c 0x000000 -327.000000
58873.489719 21.954622      NaN  -695     2 c    0   6.78 177.75754 -28.74408  8943.40  4061.27 2.46 2.35  46.7 -0.394    19.70 21.62 02a58873o0609c 0x000000 -347.500000
58873.495233 21.954622      NaN  -653     2 c    0   7.90 177.75754 -28.74408  8885.23  3982.48 2.59 2.35  32.1 -0.385    19.69 21.65 02a58873o0621c 0x000000 -326.500000
58873.509737 21.954622      NaN  -661     2 c    0   5.08 177.75754 -28.74408  8863.20  4099.47 2.60 2.32  31.0 -0.385    19.69 21.70 02a58873o0651c 0x000000 -330.500000
58877.528860 21.954622      NaN  -665     2 c    0   1.80 177.75754 -28.74408  4077.16  7856.50 2.61 2.49  26.8 -0.390    19.68 21.82 02a58877o0687c 0x000000 -332.500000
58877.531617 21.954622      NaN  -631     2 c    0  18.23 177.75754 -28.74408  4094.35  7897.04 2.58 2.47  31.6 -0.391    19.71 21.83 02a58877o0693c 0x100001 -315.500000
58877.540297 21.954622      NaN  -661     2 c    0   2.35 177.75754 -28.74408  4033.57  7820.15 2.80 2.50  33.0 -0.374    19.67 21.84 02a58877o0711c 0x000000 -330.500000
58877.549615 21.954622      NaN  -645     2 c    0  10.16 177.75754 -28.74408  4014.50  7936.12 2.64 2.43  33.4 -0.387    19.71 21.83 02a58877o0731c 0x100001 -322.500000
58929.441681 20.321591      NaN    -3     9 c    0   1.28 177.75754 -28.74408  9710.55  6625.85 2.86 2.49 -63.1 -0.408    19.64 21.55 02a58929o0466c 0x000000   -0.333333
58929.445248 20.103715      NaN     0    11 c    0   1.24 177.75754 -28.74408  9691.46  6587.93 2.96 2.53 -63.1 -0.402    19.65 21.55 02a58929o0473c 0x000000    0.000000
58929.451016 20.207197      NaN    -1    10 c    0   1.30 177.75754 -28.74408  9750.67  6661.07 2.73 2.58  56.5 -0.397    19.66 21.54 02a58929o0485c 0x000000   -0.100000
58929.463143 20.321591      NaN   -30     9 c    0   1.09 177.75754 -28.74408  9771.75  6551.06 2.94 2.57 -65.7 -0.400    19.61 21.57 02a58929o0510c 0x000000   -3.333333
58957.465149 20.207197      NaN   -21    10 c    0   1.43 177.75754 -28.74408  8678.11  3064.75 2.65 2.58  41.5 -0.371    19.41 21.21 02a58957o0471c 0x000000   -2.100000
58957.469323 20.009244      NaN    -5    12 c    0   1.07 177.75754 -28.74408  8659.34  3026.87 2.57 2.54  86.5 -0.373    19.41 21.16 02a58957o0479c 0x000000   -0.416667
58957.474531 20.103715      NaN   -16    11 c    0   1.47 177.75754 -28.74408  8715.69  3104.24 2.65 2.63 -85.9 -0.378    19.34 21.14 02a58957o0489c 0x000000   -1.454545
58957.486212 19.766969      NaN    -2    15 c    0   0.83 177.75754 -28.74408  8743.18  2987.57 2.81 2.49 -53.8 -0.378    19.22 20.93 02a58957o0512c 0x000000   -0.133333
58961.384077 20.207197      NaN   -18    10 c    0   1.20 177.75754 -28.74408  8675.38  3058.46 2.55 2.43  64.7 -0.379    19.58 21.34 02a58961o0341c 0x000000   -1.800000
58961.386970 19.894850      NaN    13     9 c    0   1.09 177.75754 -28.74408  8657.65  3018.55 2.56 2.44  66.5 -0.377    19.57 21.33 02a58961o0347c 0x000000    1.444444
58961.392124 20.449472      NaN   -21     8 c    0   1.42 177.75754 -28.74408  8715.45  3095.82 2.54 2.43  80.3 -0.382    19.58 21.32 02a58961o0358c 0x000000   -2.625000
58961.402521 19.922338      NaN     6    11 c    0   0.96 177.75754 -28.74408  8740.70  2981.17 2.58 2.44 -80.5 -0.383    19.60 21.34 02a58961o0379c 0x000000    0.545455
58965.352646 20.009244      NaN   -15    12 c    0   0.90 177.75754 -28.74408  7886.34  8686.12 2.92 2.66  45.5 -0.381    19.47 21.23 02a58965o0271c 0x000000   -1.250000
58965.355891 20.039830      NaN     2    11 c    0   1.37 177.75754 -28.74408  7867.16  8649.08 2.77 2.72  65.0 -0.391    19.48 21.21 02a58965o0278c 0x000000    0.181818
58965.362821 20.009244      NaN   -12    12 c    0   0.92 177.75754 -28.74408  7927.66  8728.36 2.92 2.65  48.6 -0.382    19.49 21.20 02a58965o0293c 0x000000   -1.000000
58965.372971 19.367717      NaN    26    13 c    0   4.05 177.75754 -28.74408  7948.03  8614.85 2.92 2.73  52.2 -0.381    19.45 21.18 02a58965o0315c 0x000000    2.000000
58981.347016 20.449472      NaN   -16     8 c    0   1.60 177.75754 -28.74408  1791.62  8472.09 2.54 2.41  47.7 -0.394    19.57 21.51 02a58981o0251c 0x000000   -2.000000
58981.350721 20.207197      NaN     0    10 c    0   1.10 177.75754 -28.74408  1773.46  8427.87 2.55 2.46  63.6 -0.403    19.59 21.50 02a58981o0259c 0x000000    0.000000
58981.356315 20.207197      NaN    -5    10 c    0   0.87 177.75754 -28.74408  1831.95  8511.90 2.54 2.46  70.1 -0.401    19.58 21.49 02a58981o0271c 0x000000   -0.500000
58981.375147 20.103715      NaN   -12    11 c    0   0.86 177.75754 -28.74408  1857.99  8391.30 2.55 2.44  73.7 -0.393    19.54 21.44 02a58981o0312c 0x000000   -1.090909
58985.295707 20.207197      NaN   -12    10 c    0   0.97 177.75754 -28.74408  1801.18  8469.45 2.46 2.41 -18.1 -0.414    19.59 21.31 02a58985o0138c 0x000000   -1.200000
58985.299376 20.039830      NaN     2    11 c    0   0.80 177.75754 -28.74408  1781.38  8429.97 2.45 2.43  -4.6 -0.409    19.57 21.30 02a58985o0146c 0x000000    0.181818
58985.304875 20.009244      NaN   -11    12 c    0   1.22 177.75754 -28.74408  1841.73  8509.33 2.51 2.43 -54.2 -0.415    19.57 21.26 02a58985o0158c 0x000000   -0.916667
58985.316039 20.207197      NaN     0    10 c    0   1.28 177.75754 -28.74408  1863.87  8394.60 2.54 2.41  41.5 -0.395    19.57 21.28 02a58985o0182c 0x000000    0.000000
58989.285927 20.594452      NaN    -2     7 c    0   1.93 177.75754 -28.74408   836.30  4855.01 2.46 2.37  39.7 -0.408    19.64 21.47 02a58989o0113c 0x000000   -0.285714
58989.290101 19.894850      NaN    13     9 c    0   1.72 177.75754 -28.74408   816.98  4814.87 2.61 2.56 -50.8 -0.404    19.56 21.48 02a58989o0122c 0x000000    1.444444
58989.297053 20.207197      NaN    -3    10 c    0   0.76 177.75754 -28.74408   876.44  4894.35 2.53 2.42  41.9 -0.405    19.59 21.52 02a58989o0137c 0x000000   -0.300000
58989.308100 20.449472      NaN   -17     8 c    0   1.13 177.75754 -28.74408   898.39  4780.99 2.52 2.34  45.3 -0.410    19.62 21.53 02a58989o0161c 0x000000   -2.125000
59016.258847 19.696897      NaN    -9    16 c    0   1.36 177.75754 -28.74408  9894.06  8564.61 2.85 2.74  73.8 -0.373    19.24 20.62 02a59016o0037c 0x000000   -0.562500
59016.262542 20.009244      NaN   -10    12 c    0   1.25 177.75754 -28.74408  9873.28  8526.29 2.85 2.74  68.9 -0.372    19.48 21.08 02a59016o0045c 0x000000   -0.833333
59016.268520 19.674510      NaN    10    13 c    0   0.98 177.75754 -28.74408  9934.22  8604.85 2.83 2.71  71.8 -0.374    19.44 21.21 02a59016o0058c 0x000000    0.769231
59016.278697 19.979496      NaN     4    11 c    0   1.14 177.75754 -28.74408  9953.52  8489.61 2.88 2.72  53.3 -0.376    19.52 21.33 02a59016o0080c 0x000000    0.363636
59017.259504 19.841877      NaN   -43    14 c    0   1.25 177.75754 -28.74408  9889.03  8560.87 2.86 2.60  52.8 -0.375    19.37 20.76 02a59017o0037c 0x000000   -3.071429
59017.263621 20.009244      NaN   -36    12 c    0   1.13 177.75754 -28.74408  9867.40  8524.92 3.08 2.64  45.8 -0.368    19.42 21.06 02a59017o0046c 0x000000   -3.000000
59017.270066 20.009244      NaN    -6    12 c    0   1.01 177.75754 -28.74408  9927.14  8604.57 2.91 2.64  49.5 -0.375    19.51 21.20 02a59017o0060c 0x000000   -0.500000
59017.281055 20.207197      NaN   -13    10 c    0   1.43 177.75754 -28.74408  9948.41  8485.61 2.84 2.66  60.0 -0.376    19.47 21.19 02a59017o0084c 0x000000   -1.300000
59195.628746 19.868040      NaN     5    12 c    0   0.88 177.75754 -28.74408  3987.25  8894.72 3.68 3.15  -8.9 -0.272    19.28 21.49 01a59195o0962c 0x000000    0.416667
59195.646700 19.922338      NaN     9    10 c    0   0.95 177.75754 -28.74408  3973.92  8857.72 3.14 2.79  -2.3 -0.314    19.39 21.41 01a59195o1000c 0x000000    0.900000
59195.656387 19.401649      NaN    21    14 c    0   1.00 177.75754 -28.74408  4036.10  8936.20 3.14 2.58  -9.6 -0.367    19.14 20.68 01a59195o1021c 0x000000    1.500000
59195.662380 18.757738      NaN    12    34 c    0   0.92 177.75754 -28.74408  4058.12  8819.53 3.30 3.05 -48.1 -0.341    18.25 19.37 01a59195o1034c 0x100002    0.352941
59197.634718 20.103715      NaN   -26    11 c    0   1.19 177.75754 -28.74408  4431.05 10002.76 2.61 2.43 -57.7 -0.402    19.64 21.47 02a59197o0954c 0x000000   -2.363636
59197.652623 20.009244      NaN     0    12 c    0   0.93 177.75754 -28.74408  4449.53 10041.82 2.51 2.38 -61.5 -0.394    19.63 21.36 02a59197o0993c 0x000000    0.000000
59197.656743 20.009244      NaN    -8    12 c    0   1.01 177.75754 -28.74408  4392.97  9963.23 2.50 2.37 -61.5 -0.399    19.57 21.15 02a59197o1002c 0x000000   -0.666667
59197.667756 18.481707      NaN   -74    49 c    0   1.78 177.75754 -28.74408  4372.77 10079.22 2.45 2.38 -77.4 -0.401    18.40 19.30 02a59197o1026c 0x100002   -1.510204
59205.627802 20.449472      NaN   -25     8 c    0   1.31 177.75754 -28.74408  2531.08 10121.10 2.59 2.27 -60.3 -0.432    19.61 21.42 02a59205o0937c 0x000000   -3.125000
59205.631469 20.449472      NaN   -16     8 c    0   1.55 177.75754 -28.74408  2549.72 10159.70 2.70 2.34 -60.1 -0.425    19.58 21.43 02a59205o0945c 0x000000   -2.000000
59205.651598 20.449472      NaN    -8     8 c    0   1.63 177.75754 -28.74408  2493.65 10078.34 2.80 2.32 -57.1 -0.425    19.59 21.44 02a59205o0988c 0x000000   -1.000000
59205.663032 19.841877      NaN   -11    14 c    0   1.05 177.75754 -28.74408  2472.45 10196.04 2.56 2.23 -61.0 -0.437    19.32 20.70 02a59205o1013c 0x000000   -0.785714
59207.610230 20.103715      NaN    -1    11 c    0   0.75 177.75754 -28.74408  8809.19  4992.66 3.05 2.59  -3.3 -0.348    19.60 21.65 01a59207o0888c 0x000000   -0.090909
59207.614386 20.321591      NaN    -4     9 c    0   1.16 177.75754 -28.74408  8791.10  4954.30 3.17 2.68  -2.6 -0.338    19.60 21.67 01a59207o0897c 0x000000   -0.444444
59207.620834 20.207197      NaN    -5    10 c    0   1.04 177.75754 -28.74408  8850.21  5030.19 2.92 2.58  -6.8 -0.349    19.65 21.70 01a59207o0911c 0x000000   -0.500000
59207.640835 20.039830      NaN     5    10 c    0   0.82 177.75754 -28.74408  8871.34  4912.85 3.04 2.72   9.2 -0.359    19.61 21.65 01a59207o0954c 0x000000    0.500000
59227.566663 20.321591      NaN   -11     9 c    0   0.93 177.75754 -28.74408   167.88   281.27 2.60 2.16  45.6 -0.400    19.83 22.07 01a59227o0747c 0x000000   -1.222222
59227.569450 20.321591      NaN    -9     9 c    0   1.73 177.75754 -28.74408   148.67   241.80 2.98 2.47  34.5 -0.388    19.71 22.06 01a59227o0753c 0x000000   -1.000000
59227.574532 20.207197      NaN   -17    10 c    0   1.34 177.75754 -28.74408  9947.91   283.63 3.34 3.13 -30.9 -0.290    19.63 22.00 01a59227o0764c 0x000000   -1.700000
59227.574993 20.207197      NaN   -10    10 c    0   1.09 177.75754 -28.74408   207.97   322.87 3.02 2.45  41.2 -0.388    19.66 22.08 01a59227o0765c 0x000000   -1.000000
59227.579938 20.207197      NaN   -10    10 c    0   1.03 177.75754 -28.74408  9926.32   243.88 2.86 2.52 -51.4 -0.324    19.83 22.02 01a59227o0775c 0x000000   -1.000000
59227.581781 20.321591      NaN   -16     9 c    0   1.19 177.75754 -28.74408   224.54   206.78 2.75 2.37  39.9 -0.394    19.78 22.08 01a59227o0779c 0x000000   -1.777778
59227.583163 20.282105      NaN     1     9 c    0   1.37 177.75754 -28.74408  9984.87   322.37 3.06 2.72 -46.9 -0.306    19.75 22.02 01a59227o0782c 0x000000    0.111111
59227.583624 19.454622      NaN    18    14 c    0   1.16 177.75754 -28.74408  4866.58 10517.79 2.36 2.28 -27.4 -0.370    19.75 22.02 01a59227o0783c 0x000000    1.285714
59227.588242 20.321591      NaN    -6     9 c    0   1.18 177.75754 -28.74408 10005.29   201.83 3.14 2.71 -49.8 -0.292    19.78 22.03 01a59227o0793c 0x000000   -0.666667
59227.592853 20.103715      NaN   -12    11 c    0   1.32 177.75754 -28.74408  4949.98 10480.16 2.77 2.61  14.3 -0.357    19.57 22.03 01a59227o0803c 0x000000   -1.090909
59229.572485 20.321591      NaN    -6     9 c    0   0.87 177.75754 -28.74408  2797.94  3807.61 2.45 2.33  36.0 -0.398    19.71 21.71 02a59229o0814c 0x000000   -0.666667
59229.577907 20.449472      NaN    -3     8 c    0   1.18 177.75754 -28.74408  2816.92  3845.12 2.45 2.34  41.3 -0.399    19.66 21.71 02a59229o0825c 0x000000   -0.375000
59229.582026 20.321591      NaN    -2     9 c    0   0.87 177.75754 -28.74408  2756.04  3770.68 2.43 2.35  30.9 -0.397    19.73 21.71 02a59229o0834c 0x000000   -0.222222
59229.588445 20.321591      NaN    -6     9 c    0   0.71 177.75754 -28.74408  2736.94  3883.90 2.53 2.26  33.2 -0.395    19.74 21.72 02a59229o0848c 0x000000   -0.666667
59231.545430 20.009244      NaN     6    10 c    0   1.17 177.75754 -28.74408   168.89   279.51 2.86 2.41  48.2 -0.385    19.69 21.97 01a59231o0624c 0x000000    0.600000
59231.547273 20.207197      NaN    -8    10 c    0   1.02 177.75754 -28.74408   149.17   239.76 2.69 2.33  47.4 -0.413    19.72 21.96 01a59231o0628c 0x000000   -0.800000
59231.552361 20.039830      NaN     8     9 c    0   1.23 177.75754 -28.74408   207.03   321.63 2.56 2.20  57.4 -0.455    19.75 21.96 01a59231o0639c 0x000000    0.888889
59231.552822 19.922338      NaN    -5    13 c    0   1.28 177.75754 -28.74408  4862.50 10516.55 2.58 2.27 -72.4 -0.398    19.70 21.88 01a59231o0640c 0x000000   -0.384615
59231.565173 20.321591      NaN    -9     9 c    0   1.46 177.75754 -28.74408   225.41   206.13 2.84 2.48  58.8 -0.446    19.69 21.97 01a59231o0666c 0x000000   -1.000000
59231.568397 19.841877      NaN    -1    14 c    0   0.82 177.75754 -28.74408  4946.48 10478.44 3.11 2.79 -76.3 -0.364    19.45 21.90 01a59231o0673c 0x000000   -0.071429
59231.570241 20.103715      NaN    -5    11 c    0   0.91 177.75754 -28.74408  9947.49   283.03 2.91 2.29  86.4 -0.429    19.68 21.92 01a59231o0677c 0x000000   -0.454545
59231.572081 20.009244      NaN    -9    12 c    0   1.04 177.75754 -28.74408  9930.47   245.75 3.78 3.09 -78.2 -0.303    19.54 21.92 01a59231o0681c 0x000000   -0.750000
59231.574848 20.321591      NaN   -11     9 c    0   1.12 177.75754 -28.74408  9987.37   322.21 3.15 2.78  89.7 -0.316    19.65 21.93 01a59231o0687c 0x000000   -1.222222
59231.579917 20.207197      NaN   -17    10 c    0   1.07 177.75754 -28.74408 10006.54   203.04 3.21 2.71  77.5 -0.363    19.65 21.95 01a59231o0698c 0x000000   -1.700000
59235.644793 20.449472      NaN    -1     8 c    0   0.86 177.75754 -28.74408  4732.08  3698.53 2.80 2.48 -83.8 -0.360    19.73 21.90 01a59235o0141c 0x000000   -0.125000
59235.656861 20.321591      NaN   -20     9 c    0   1.35 177.75754 -28.74408  4753.60  3737.73 2.91 2.48 -79.2 -0.364    19.53 21.63 01a59235o0167c 0x000000   -2.222222
59235.665187 20.207197      NaN    -3    10 c    0   1.10 177.75754 -28.74408  4692.96  3660.04 3.03 2.83  89.7 -0.347    19.36 21.21 01a59235o0185c 0x000000   -0.300000
59235.670258 19.472870      NaN     8    17 c    0   0.89 177.75754 -28.74408  4675.10  3777.54 3.08 2.73 -87.1 -0.349    18.89 20.20 01a59235o0196c 0x000000    0.470588
59253.544574 20.103715      NaN    -3    11 c    0   0.86 177.75754 -28.74408  5908.84  8794.67 2.82 2.70  -5.5 -0.387    19.57 21.72 02a59253o0447c 0x000000   -0.272727
59253.547776 19.719755      NaN    14    11 c    0   1.31 177.75754 -28.74408  5889.28  8756.70 2.88 2.78 -28.1 -0.384    19.56 21.73 02a59253o0454c 0x000000    1.272727
59253.554648 20.207197      NaN    -9    10 c    0   1.09 177.75754 -28.74408  5948.62  8835.66 2.96 2.92  20.3 -0.378    19.51 21.73 02a59253o0469c 0x000000   -0.900000
59253.588587 18.237955      NaN    43    47 c    0   1.04 177.75754 -28.74408  5970.91  8719.18 3.76 3.65  70.0 -0.378    17.89 20.28 02a59253o0542c 0x100002    0.914894
59253.670629 18.000411      NaN    16    71 c    0   1.01 177.75754 -28.74408  5937.62  8783.43 3.52 3.42   5.9 -0.369    17.80 19.19 02a59253o0653c 0x100002    0.225352
59255.512771 20.171596      NaN     4     9 c    0   1.10 177.75754 -28.74408  8694.78  3052.65 2.98 2.86 -76.0 -0.368    19.64 22.05 01a59255o0644c 0x000000    0.444444
59255.516962 20.321591      NaN    -9     9 c    0   1.34 177.75754 -28.74408  8675.18  3013.70 3.03 2.77 -82.1 -0.373    19.65 22.08 01a59255o0653c 0x000000   -1.000000
59255.519727 20.321591      NaN   -15     9 c    0   1.39 177.75754 -28.74408  8733.30  3089.66 3.03 2.87  87.1 -0.368    19.65 22.08 01a59255o0659c 0x000000   -1.666667
59255.529750 19.569016      NaN    24    10 c    0   1.03 177.75754 -28.74408  8754.02  2971.56 3.47 3.24 -83.0 -0.360    19.50 22.08 01a59255o0680c 0x000000    2.400000
59257.503858 20.449472      NaN    -5     8 c    0   1.43 177.75754 -28.74408  4638.67  1756.32 2.56 2.35  48.4 -0.391    19.68 21.79 02a59257o0645c 0x000000   -0.625000
59257.505705 20.449472      NaN   -18     8 c    0   1.41 177.75754 -28.74408  4660.37  1796.62 2.50 2.37  47.7 -0.393    19.69 21.77 02a59257o0649c 0x000000   -2.250000
59257.508906 20.321591      NaN    -2     9 c    0   0.86 177.75754 -28.74408  4600.18  1717.34 2.62 2.40  44.2 -0.390    19.67 21.77 02a59257o0656c 0x000000   -0.222222
59257.514403 20.449472      NaN    -7     8 c    0   1.00 177.75754 -28.74408  4579.77  1833.41 2.58 2.37  40.7 -0.392    19.72 21.78 02a59257o0668c 0x000000   -0.875000
59259.498128 20.594452      NaN   -20     7 c    0   1.32 177.75754 -28.74408  7918.56  8677.36 2.62 2.44   1.7 -0.328    19.73 21.88 01a59259o0447c 0x000000   -2.857143
59259.499969 20.449472      NaN   -36     8 c    0   1.47 177.75754 -28.74408  7897.60  8638.40 2.79 2.57  -1.7 -0.323    19.66 21.90 01a59259o0451c 0x000000   -4.500000
59259.503654 20.321591      NaN    -9     9 c    0   0.99 177.75754 -28.74408  7957.39  8715.57 2.97 2.85  65.2 -0.304    19.54 21.91 01a59259o0459c 0x000000   -1.000000
59259.508719 20.321591      NaN    -3     9 c    0   1.01 177.75754 -28.74408  7977.25  8599.01 2.76 2.56  88.5 -0.329    19.66 21.89 01a59259o0470c 0x000000   -0.333333
59261.530450 20.449472      NaN    -8     8 c    0   1.10 177.75754 -28.74408   726.61  2917.65 2.44 2.36  74.4 -0.414    19.66 21.64 02a59261o0696c 0x000000   -1.000000
59261.534186 20.594452      NaN   -17     7 c    0   1.23 177.75754 -28.74408   707.20  2878.85 2.41 2.32  68.0 -0.414    19.70 21.66 02a59261o0704c 0x000000   -2.428571
59261.540646 20.321591      NaN     0     9 c    0   1.00 177.75754 -28.74408   766.82  2959.07 2.45 2.36  76.7 -0.412    19.65 21.64 02a59261o0718c 0x000000    0.000000
59261.568495 20.321591      NaN    -3     9 c    0   1.19 177.75754 -28.74408   787.19  2840.80 2.52 2.39  77.3 -0.411    19.64 21.60 02a59261o0778c 0x000000   -0.333333
59265.553600 19.510313      NaN   -24    19 c    0   1.29 177.75754 -28.74408   728.61  2915.77 2.93 2.72  50.3 -0.366    18.73 20.80 02a59265o0441c 0x000000   -1.263158
59265.557292 19.510313      NaN     9    16 c    0   1.13 177.75754 -28.74408   709.35  2876.97 2.82 2.61  48.8 -0.388    19.10 21.12 02a59265o0449c 0x000000    0.562500
59265.563247 17.259754      NaN    42   137 c    0   1.31 177.75754 -28.74408   767.87  2956.47 2.93 2.71  49.3 -0.382    15.87 17.74 02a59265o0462c 0x100002    0.306569
59265.575244 16.331626      NaN  -292   355 c    0   1.44 177.75754 -28.74408   787.30  2841.42 2.82 2.65  57.0 -0.368    17.50 19.46 02a59265o0488c 0x100002   -0.822535
59293.534014 20.103715      NaN   -11    11 c    0   1.28 177.75754 -28.74408  3862.16  6946.21 2.83 2.36  43.2 -0.367    19.47 21.33 02a59293o0229c 0x000000   -1.000000
59293.537705 20.207197      NaN   -12    10 c    0   1.37 177.75754 -28.74408  3836.50  6906.27 2.91 2.37  43.6 -0.358    19.45 21.30 02a59293o0237c 0x000000   -1.200000
59293.543226 20.009244      NaN    -2    12 c    0   1.02 177.75754 -28.74408  3894.50  6984.65 3.22 2.92  43.6 -0.330    19.23 21.26 02a59293o0249c 0x000000   -0.166667
59293.553320 20.009244      NaN   -19    12 c    0   1.03 177.75754 -28.74408  3913.00  6869.48 2.93 2.44  46.4 -0.351    19.34 21.19 02a59293o0271c 0x000000   -1.583333
59311.361178 20.207197      NaN    -9    10 c    0   1.11 177.75754 -28.74408  9901.02  8546.67 2.60 2.38  75.2 -0.350    19.57 21.31 01a59311o0311c 0x000000   -0.900000
59311.363019 20.449472      NaN   -14     8 c    0   1.13 177.75754 -28.74408  9881.81  8508.59 2.69 2.57  47.4 -0.331    19.61 21.45 01a59311o0315c 0x000000   -1.750000
59311.367667 19.609992      NaN    16    12 c    0   0.98 177.75754 -28.74408  9945.30  8586.17 2.70 2.51  30.0 -0.332    19.39 21.18 01a59311o0325c 0x000000    1.333333
59311.376467 20.207197      NaN    -5    10 c    0   1.60 177.75754 -28.74408  9961.29  8467.56 2.76 2.38  77.6 -0.352    19.49 21.27 01a59311o0344c 0x000000   -0.500000
59315.414544 20.761819      NaN    -8     6 c    0   1.40 177.75754 -28.74408  6009.29  7778.84 2.27 2.16 -72.0 -0.384    19.85 21.45 01a59315o0424c 0x000000   -1.333333
59315.420068 20.449472      NaN    -8     8 c    0   1.07 177.75754 -28.74408  6028.61  7817.63 2.25 2.13 -80.5 -0.395    19.88 21.43 01a59315o0436c 0x000000   -1.000000
59315.423305 20.594452      NaN   -10     7 c    0   1.28 177.75754 -28.74408  5971.35  7739.09 2.25 2.14 -67.5 -0.389    19.86 21.42 01a59315o0443c 0x000000   -1.428571
59315.438619 20.321591      NaN    -4     9 c    0   0.80 177.75754 -28.74408  5953.95  7852.54 2.24 2.15  87.0 -0.384    19.81 21.30 01a59315o0476c 0x000000   -0.444444
59319.370814 20.594452      NaN    -8     7 c    0   1.15 177.75754 -28.74408  6005.77  7782.63 2.36 2.13 -72.5 -0.399    19.94 21.64 01a59319o0329c 0x000000   -1.142857
59319.374038 20.594452      NaN    -6     7 c    0   1.27 177.75754 -28.74408  6025.92  7820.88 2.30 2.09 -74.7 -0.401    19.94 21.62 01a59319o0336c 0x000000   -0.857143
59319.380027 20.449472      NaN    -9     8 c    0   0.88 177.75754 -28.74408  5968.87  7742.17 2.36 2.15 -74.5 -0.391    19.89 21.59 01a59319o0349c 0x000000   -1.125000
59319.409857 20.171596      NaN    10     7 c    0   1.77 177.75754 -28.74408  5949.74  7854.70 2.44 2.26 -82.9 -0.391    19.78 21.41 01a59319o0413c 0x000000    1.428571
59337.359721 20.103715      NaN    -2    11 c    0   0.68 177.75754 -28.74408   151.46   257.26 2.74 2.23 -56.5 -0.427    19.64 21.53 02a59337o0289c 0x000000   -0.181818
59337.361097 18.582238 0.056718   134     7 c    0 445.59 177.75754 -28.74408  4812.70 10521.96 2.73 2.49  51.4 -0.372    19.58 21.48 02a59337o0292c 0x100001   19.142857
59337.362957 20.103715      NaN    -7    11 c    0   0.76 177.75754 -28.74408   131.39   221.82 2.49 2.16 -67.2 -0.433    19.62 21.53 02a59337o0296c 0x000000   -0.636364
59337.369842 20.449472      NaN     0     8 c    0   1.64 177.75754 -28.74408   190.26   301.16 2.80 2.44 -66.0 -0.403    19.54 21.51 02a59337o0311c 0x000000    0.000000
59337.376758 20.009244      NaN   -20    12 c    0   1.09 177.75754 -28.74408  9938.31   299.08 2.77 2.07 -57.6 -0.424    19.62 21.52 02a59337o0326c 0x000000   -1.666667
59337.403708 19.089302      NaN   -38    28 c    0   1.18 177.75754 -28.74408  4895.32 10481.02 2.72 2.58 -57.6 -0.391    18.99 20.79 02a59337o0384c 0x100002   -1.357143
59337.404165 19.589310      NaN     8    15 c    0   0.97 177.75754 -28.74408   212.64   178.89 2.67 2.25 -60.2 -0.423    19.20 20.98 02a59337o0385c 0x000000    0.533333
59337.407832 19.841877      NaN   -20    14 c    0   1.54 177.75754 -28.74408  9918.96   259.66 2.80 2.08 -56.5 -0.429    19.49 21.32 02a59337o0393c 0x000000   -1.428571
59337.414806 19.491430      NaN    10    16 c    0   1.29 177.75754 -28.74408  9978.82   336.82 2.78 2.10 -55.4 -0.427    19.35 21.17 02a59337o0408c 0x000000    0.625000
59337.419896 19.766969      NaN   -28    15 c    0   1.51 177.75754 -28.74408  9999.72   221.04 3.00 2.24 -54.4 -0.406    19.39 21.29 02a59337o0419c 0x000000   -1.866667
59349.302804 20.207197      NaN    -1    10 c    0   0.99 177.75754 -28.74408  2650.98  2863.56 2.54 2.41 -81.4 -0.400    19.53 21.36 02a59349o0131c 0x000000   -0.100000
59349.308340 19.841877      NaN    12    10 c    0   1.35 177.75754 -28.74408  2634.70  2825.08 2.57 2.45 -89.6 -0.395    19.56 21.35 02a59349o0143c 0x000000    1.200000
59349.312487 20.103715      NaN   -19    11 c    0   0.92 177.75754 -28.74408  2693.13  2903.79 2.59 2.46 -80.8 -0.397    19.52 21.34 02a59349o0152c 0x000000   -1.727273
59349.323061 20.171596      NaN     4     9 c    0   1.45 177.75754 -28.74408  2715.86  2787.71 2.57 2.46  87.1 -0.392    19.53 21.32 02a59349o0175c 0x000000    0.444444
59367.288230 19.922338      NaN    12     9 c    0   1.34 177.75754 -28.74408  8903.37  4008.29 2.40 2.34 -58.4 -0.397    19.75 21.31 01a59367o0117c 0x000000    1.333333
59367.291917 20.207197      NaN    -2    10 c    0   0.93 177.75754 -28.74408  8922.99  4047.99 2.41 2.30 -70.5 -0.406    19.77 21.32 01a59367o0125c 0x000000   -0.200000
59367.298368 19.894850      NaN    13     9 c    0   1.19 177.75754 -28.74408  8863.21  3968.60 2.41 2.31 -78.3 -0.402    19.77 21.35 01a59367o0139c 0x000000    1.444444
59367.308970 20.207197      NaN     0    10 c    0   1.01 177.75754 -28.74408  8844.38  4085.39 2.46 2.37 -73.3 -0.392    19.75 21.38 01a59367o0162c 0x000000    0.000000
59371.293935 20.594452      NaN   -16     7 c    0   1.63 177.75754 -28.74408  4096.78  7884.37 2.46 2.26 -68.5 -0.386    19.73 21.46 01a59371o0125c 0x000000   -2.285714
59371.297160 20.321591      NaN   -24     9 c    0   0.85 177.75754 -28.74408  4114.97  7922.72 2.43 2.21 -71.8 -0.384    19.73 21.47 01a59371o0132c 0x000000   -2.666667
59371.302695 20.321591      NaN   -19     9 c    0   0.94 177.75754 -28.74408  4058.12  7847.09 2.47 2.28 -65.4 -0.385    19.73 21.48 01a59371o0144c 0x000000   -2.111111
59371.314232 20.207197      NaN   -10    10 c    0   0.92 177.75754 -28.74408  4038.12  7962.15 2.54 2.26 -68.4 -0.392    19.70 21.47 01a59371o0169c 0x000000   -1.000000
59379.261441 20.207197      NaN    -5    10 c    0   1.00 177.75754 -28.74408  3662.80   133.87 2.27 2.03  12.2 -0.413    19.66 21.06 01a59379o0051c 0x000000   -0.500000
59379.264222 19.979496      NaN     4    11 c    0   0.96 177.75754 -28.74408  3683.04   172.63 2.21 1.95  10.0 -0.423    19.70 21.13 01a59379o0057c 0x000000    0.363636
59379.267452 20.449472      NaN   -18     8 c    0   0.95 177.75754 -28.74408  8523.93 10318.68 2.26 2.24 -85.0 -0.375    19.75 21.20 01a59379o0064c 0x000000   -2.250000
59379.269757 19.816329      NaN     4    13 c    0   1.01 177.75754 -28.74408  3621.43    93.73 2.15 1.94  10.7 -0.426    19.72 21.16 01a59379o0069c 0x000000    0.307692
59379.270680 20.321591      NaN    -3     9 c    0   0.95 177.75754 -28.74408  8543.59 10357.97 2.30 2.13 -82.4 -0.377    19.77 21.19 01a59379o0071c 0x000000   -0.333333
59379.276667 20.449472      NaN    -9     8 c    0   1.42 177.75754 -28.74408  8485.35 10278.94 2.31 2.17 -82.1 -0.380    19.71 21.19 01a59379o0084c 0x000000   -1.125000
59379.279902 20.207197      NaN   -23    10 c    0   0.95 177.75754 -28.74408  3603.25   210.45 2.24 1.97   6.6 -0.418    19.71 21.17 01a59379o0091c 0x000000   -2.300000
59379.293288 20.321591      NaN   -21     9 c    0   1.36 177.75754 -28.74408  8464.81 10396.43 2.40 2.19  88.5 -0.386    19.69 21.22 01a59379o0120c 0x000000   -2.333333
59585.628208 19.922338      NaN     3    12 c    0   0.91 177.75754 -28.74408  1798.07  8481.52 2.53 2.50 -35.9 -0.423    19.49 21.56 02a59585o0760c 0x000000    0.250000
59585.631867 20.009244      NaN    -7    12 c    0   0.75 177.75754 -28.74408  1779.18  8440.90 2.55 2.53 -23.0 -0.418    19.48 21.57 02a59585o0768c 0x000000   -0.583333
59585.637825 20.009244      NaN   -14    12 c    0   1.18 177.75754 -28.74408  1837.98  8521.74 2.63 2.59   3.1 -0.414    19.46 21.57 02a59585o0781c 0x000000   -1.166667
59585.654434 19.674510      NaN    19    10 c    0   1.16 177.75754 -28.74408  1862.67  8403.30 2.55 2.53 -34.1 -0.426    19.49 21.58 02a59585o0817c 0x000000    1.900000
59589.615375 20.103715      NaN   -16    11 c    0   1.01 177.75754 -28.74408   838.58  4870.50 2.50 2.37  33.9 -0.438    19.49 21.51 02a59589o0718c 0x000000   -1.454545
59589.618592 19.719755      NaN    11    12 c    0   0.80 177.75754 -28.74408   819.40  4828.92 2.49 2.36  33.4 -0.434    19.52 21.50 02a59589o0725c 0x000000    0.916667
59589.624088 20.137125      NaN     2    10 c    0   1.20 177.75754 -28.74408   877.52  4911.00 2.79 2.42  31.7 -0.419    19.38 21.48 02a59589o0737c 0x000000    0.200000
59589.640420 20.103715      NaN   -18    11 c    0   1.12 177.75754 -28.74408   900.18  4791.06 2.49 2.40  40.5 -0.439    19.47 21.41 02a59589o0772c 0x000000   -1.636364