         MJD         m       dm   uJy  duJy F  err  chi/N        RA       Dec        x        y  maj  min   phi  apfit  mag5sig   Sky            Obs     Mask   __tmp_SN
57779.622322 19.766969      NaN  -162    15 c    0   1.05 198.30071 -19.52091   352.11  2598.07 4.19 3.85  70.7 -0.374    19.70 21.68 02a57779o0786c 0x000000 -10.800000
57779.636584 19.766969      NaN  -104    15 c    0   1.10 198.30071 -19.52091  9865.57  2620.15 4.06 3.60  88.1 -0.415    19.62 21.59 02a57779o0814c 0x000000  -6.933333
57779.638131 19.922338      NaN   -94    13 c    0   1.29 198.30071 -19.52091   333.96  2561.15 4.15 3.79  69.2 -0.365    19.72 21.67 02a57779o0817c 0x000000  -7.230769
57779.652442 19.841877      NaN  -124    14 c    0   1.13 198.30071 -19.52091  9847.93  2583.95 4.01 3.60  86.8 -0.417    19.63 21.57 02a57779o0845c 0x000000  -8.857143
57779.653982 19.841877      NaN  -117    14 c    0   1.02 198.30071 -19.52091   392.40  2641.80 4.15 3.82  65.4 -0.377    19.70 21.66 02a57779o0848c 0x000000  -8.357143
57779.668292 19.454622      NaN  -138    20 c    0   0.94 198.30071 -19.52091  9904.63  2666.06 4.04 3.73  85.2 -0.408    19.24 20.83 02a57779o0876c 0x000000  -6.900000
57779.669828 19.302877      NaN  -151    23 c    0   1.06 198.30071 -19.52091   411.71  2526.46 4.29 4.08  44.2 -0.359    19.10 20.58 02a57779o0879c 0x000000  -6.565217
57783.634178 19.631075      NaN  -136    17 c    0   0.96 198.30071 -19.52091  8936.67   798.99 4.02 3.78  45.6 -0.445    19.70 21.74 02a57783o0800c 0x000000  -8.000000
57783.650242 19.569016      NaN  -130    18 c    0   0.84 198.30071 -19.52091  8918.58   761.84 4.23 4.03  38.4 -0.421    19.63 21.72 02a57783o0831c 0x000000  -7.222222
57783.666246 19.351140      NaN  -120    22 c    0   0.97 198.30071 -19.52091  8993.92   843.38 4.17 4.02  43.0 -0.432    19.35 21.12 02a57783o0862c 0x000000  -5.454545
57783.676509 17.751519      NaN  -203    96 c    0   1.14 198.30071 -19.52091  9015.04   723.14 4.09 3.96  43.9 -0.458    18.06 18.71 02a57783o0882c 0x100002  -2.114583
57787.610643 17.051069      NaN  -273   183 c    0   1.09 198.30071 -19.52091  9754.82  9432.54 4.07 3.70  88.2 -0.406    18.46 20.42 02a57787o0768c 0x100002  -1.491803
57787.631206 19.922338      NaN  -122    13 c    0   1.38 198.30071 -19.52091  9736.80  9396.93 3.78 3.36 -83.7 -0.416    19.74 21.76 02a57787o0809c 0x000000  -9.384615
57787.639184 19.696897      NaN   -82    16 c    0   1.12 198.30071 -19.52091  9792.15  9476.84 3.82 3.41 -85.7 -0.419    19.73 21.74 02a57787o0824c 0x000000  -5.125000
57787.653563 19.696897      NaN  -122    16 c    0   1.07 198.30071 -19.52091  9810.68  9363.67 3.89 3.47 -86.4 -0.410    19.69 21.69 02a57787o0853c 0x000000  -7.625000
57787.668132 19.351140      NaN  -136    22 c    0   1.20 198.30071 -19.52091  9774.21  9422.10 3.83 3.51 -87.0 -0.428    19.21 20.75 02a57787o0882c 0x000000  -6.181818
57803.600193 19.351140      NaN  -148    22 c    0   0.95 198.30071 -19.52091  1405.98  1005.51 3.97 3.89 -80.2 -0.405    19.22 20.73 02a57803o0743c 0x000000  -6.727273
57803.612284 19.401649      NaN  -130    21 c    0   1.13 198.30071 -19.52091  1389.54   966.55 3.97 3.86 -84.2 -0.412    19.26 20.77 02a57803o0767c 0x000000  -6.190476
57803.624047 19.256669      NaN  -100    24 c    0   0.88 198.30071 -19.52091  1448.81  1044.93 4.19 4.02  -2.2 -0.384    19.19 20.76 02a57803o0790c 0x000000  -4.166667
57803.636243 19.351140      NaN  -143    22 c    0   0.91 198.30071 -19.52091  1468.91   926.23 4.20 4.01  -4.7 -0.384    19.18 20.73 02a57803o0814c 0x000000  -6.500000
57803.647436 18.944322      NaN  -144    32 c    0   1.09 198.30071 -19.52091  1434.84   983.28 4.08 3.96 -15.9 -0.396    18.58 20.08 02a57803o0834c 0x100002  -4.500000
57807.599451 19.696897      NaN   -92    16 c    0   0.89 198.30071 -19.52091  8215.00  2748.32 3.85 3.68  82.8 -0.405    19.65 21.65 02a57807o0717c 0x000000  -5.750000
57807.615115 19.696897      NaN  -125    16 c    0   1.07 198.30071 -19.52091  8198.33  2707.70 3.87 3.68  80.5 -0.405    19.62 21.58 02a57807o0747c 0x000000  -7.812500
57807.630278 19.696897      NaN  -103    16 c    0   0.89 198.30071 -19.52091  8255.34  2787.32 3.85 3.72  79.0 -0.405    19.58 21.52 02a57807o0776c 0x000000  -6.437500
57807.645382 19.696897      NaN  -124    16 c    0   1.38 198.30071 -19.52091  8297.22  2669.46 3.83 3.74  74.5 -0.411    19.53 21.45 02a57807o0805c 0x000000  -7.750000
57807.660407 19.256669      NaN  -120    24 c    0   0.89 198.30071 -19.52091  8243.40  2727.27 3.83 3.67  83.6 -0.411    19.13 20.64 02a57807o0834c 0x000000  -5.000000
57835.536588 19.569016      NaN  -117    18 c    0   1.00 198.30071 -19.52091  9264.82  2035.35 3.84 3.56  83.8 -0.422    18.95 20.75 02a57835o0527c 0x000000  -6.500000
57835.551357 19.014394      NaN   -39    30 c    0   1.15 198.30071 -19.52091  9248.48  1996.99 4.14 3.91  87.3 -0.422    18.60 20.45 02a57835o0555c 0x100002  -1.300000
57835.567641 19.212347      NaN   -72    25 c    0   0.86 198.30071 -19.52091  9304.91  2073.24 3.82 3.54  86.4 -0.435    18.52 20.16 02a57835o0586c 0x100002  -2.880000
57835.583862 19.169763      NaN  -129    26 c    0   0.84 198.30071 -19.52091  9325.44  1955.93 3.84 3.70  87.7 -0.424    18.03 19.63 02a57835o0617c 0x100002  -4.961538
57839.519856 19.454622      NaN  -106    20 c    0   0.86 198.30071 -19.52091  9403.29  1561.53 3.85 3.67  87.2 -0.423    18.95 20.75 02a57839o0571c 0x000000  -5.300000
57839.535320 19.696897      NaN   -75    16 c    0   1.26 198.30071 -19.52091  9386.83  1522.19 3.86 3.54 -89.7 -0.438    18.96 20.75 02a57839o0600c 0x000000  -4.687500
57839.551217 19.569016      NaN  -114    18 c    0   1.13 198.30071 -19.52091  9440.17  1599.30 3.88 3.58  89.9 -0.433    18.95 20.74 02a57839o0630c 0x000000  -6.333333
57839.567155 19.510313      NaN  -102    19 c    0   1.04 198.30071 -19.52091  9463.81  1480.35 3.85 3.56  88.6 -0.438    18.92 20.69 02a57839o0660c 0x000000  -5.368421
57839.582644 19.569016      NaN  -112    18 c    0   1.17 198.30071 -19.52091  9428.33  1539.70 3.83 3.55 -89.9 -0.435    18.88 20.61 02a57839o0689c 0x000000  -6.222222
57843.497326 19.510313      NaN  -127    19 c    0   0.92 198.30071 -19.52091   802.47  3037.27 4.22 4.09  41.4 -0.364    18.84 20.69 02a57843o0508c 0x000000  -6.684211
57843.510929 19.454622      NaN  -103    20 c    0   1.10 198.30071 -19.52091 10311.71  3042.82 4.16 3.96  73.2 -0.408    18.73 20.53 02a57843o0534c 0x000000  -5.150000
57843.513032 19.510313      NaN  -132    19 c    0   1.33 198.30071 -19.52091   786.39  2996.22 4.25 4.07  71.3 -0.370    18.69 20.45 02a57843o0538c 0x000000  -6.947368
57847.486053 19.454622      NaN   -95    20 c    0   0.90 198.30071 -19.52091   593.90  1627.27 4.19 3.91  74.4 -0.378    18.79 20.43 02a57847o0498c 0x000000  -4.750000
57847.497554 19.510313      NaN  -135    19 c    0   1.00 198.30071 -19.52091 10121.34  1640.28 3.94 3.62  83.4 -0.437    18.88 20.61 02a57847o0520c 0x000000  -7.105263
57847.501774 19.454622      NaN  -135    20 c    0   0.89 198.30071 -19.52091   578.10  1586.23 4.14 3.81  77.5 -0.393    18.87 20.60 02a57847o0528c 0x000000  -6.750000
57847.513283 19.454622      NaN  -148    20 c    0   0.97 198.30071 -19.52091 10105.17  1601.18 3.93 3.63  88.3 -0.434    18.86 20.59 02a57847o0550c 0x000000  -7.400000
57847.517494 19.454622      NaN  -100    20 c    0   1.14 198.30071 -19.52091   639.11  1663.21 4.12 3.77  78.8 -0.387    18.86 20.57 02a57847o0558c 0x000000  -5.000000
57847.528965 19.454622      NaN  -102    20 c    0   1.12 198.30071 -19.52091 10179.80  1677.65 4.00 3.73  86.3 -0.431    18.82 20.54 02a57847o0580c 0x000000  -5.100000
57847.533172 19.454622      NaN  -110    20 c    0   0.93 198.30071 -19.52091   656.93  1546.23 4.15 3.87  79.2 -0.388    18.81 20.51 02a57847o0588c 0x000000  -5.500000
57847.544654 19.256669      NaN  -116    24 c    0   0.94 198.30071 -19.52091 10200.46  1558.94 4.05 3.81  80.1 -0.432    18.78 20.52 02a57847o0610c 0x000000  -4.833333
57847.548842 19.510313      NaN  -144    19 c    0   1.33 198.30071 -19.52091   621.83  1602.78 4.32 4.12  78.6 -0.374    18.72 20.48 02a57847o0618c 0x000000  -7.578947
57847.560310 19.169763      NaN   -34    26 c    0   0.96 198.30071 -19.52091 10162.87  1620.61 4.38 4.21  85.7 -0.407    18.67 20.47 02a57847o0640c 0x100002  -1.307692
57863.490164 19.197966      NaN    28    16 c    0   1.29 198.30071 -19.52091  8487.94  2833.84 3.77 3.54  78.6 -0.413    18.85 20.54 02a57863o0488c 0x000000   1.750000
57863.502281 19.334813      NaN    16    17 c    0   1.32 198.30071 -19.52091  8471.71  2794.10 3.80 3.56  76.2 -0.415    18.75 20.33 02a57863o0511c 0x000000   0.941176
57863.515419 19.454622      NaN   -15    20 c    0   0.99 198.30071 -19.52091  8529.48  2870.95 3.80 3.56  78.3 -0.420    18.63 20.09 02a57863o0536c 0x000000  -0.750000
57863.529045 19.128787      NaN    18    21 c    0   1.15 198.30071 -19.52091  8549.26  2753.15 3.76 3.55  80.2 -0.421    18.54 19.91 02a57863o0562c 0x000000   0.857143
57863.541622 19.454622      NaN    -4    20 c    0   1.46 198.30071 -19.52091  8511.58  2811.50 3.75 3.54  77.9 -0.425    18.46 19.77 02a57863o0586c 0x000000  -0.200000
57871.429433 20.321591      NaN  -108     9 c    0   1.07 198.30071 -19.52091  1947.76  1728.81 3.07 2.71  18.0 -0.448    19.46 20.76 02a57871o0238c 0x000000 -12.000000
57871.445215 20.321591      NaN   -95     9 c    0   1.31 198.30071 -19.52091  1931.67  1688.13 2.89 2.61  24.7 -0.464    19.43 20.63 02a57871o0268c 0x000000 -10.555556
57871.460537 20.207197      NaN   -90    10 c    0   1.09 198.30071 -19.52091  1989.09  1766.00 2.88 2.65  28.3 -0.455    19.39 20.57 02a57871o0297c 0x000000  -9.000000
57871.476323 20.103715      NaN  -106    11 c    0   1.31 198.30071 -19.52091  2008.44  1648.44 3.18 2.89  20.7 -0.445    19.30 20.52 02a57871o0327c 0x000000  -9.636364
57871.492093 20.321591      NaN  -127     9 c    0   1.35 198.30071 -19.52091  1975.28  1706.35 3.06 2.82  22.1 -0.445    19.26 20.42 02a57871o0357c 0x000000 -14.111111
57895.383486 20.009244      NaN  -106    12 c    0   1.16 198.30071 -19.52091  8804.15  2732.36 3.76 2.99  48.7 -0.404    19.56 21.44 02a57895o0283c 0x000000  -8.833333
57895.400300 19.841877      NaN  -118    14 c    0   1.17 198.30071 -19.52091  8787.55  2694.64 3.71 2.99  47.0 -0.413    19.40 21.17 02a57895o0315c 0x000000  -8.428571
57895.416598 19.841877      NaN   -90    14 c    0   0.85 198.30071 -19.52091  8846.27  2770.14 4.02 3.21  52.5 -0.409    19.53 21.37 02a57895o0346c 0x000000  -6.428571
57895.434023 19.766969      NaN  -141    15 c    0   1.13 198.30071 -19.52091  8868.49  2651.27 4.10 3.32  49.5 -0.397    19.44 21.32 02a57895o0379c 0x000000  -9.400000
57895.450830 19.841877      NaN   -66    14 c    0   1.02 198.30071 -19.52091  8831.24  2709.18 3.79 3.01  49.3 -0.403    19.48 21.20 02a57895o0411c 0x000000  -4.714286
57899.374776 20.009244      NaN  -101    12 c    0   1.10 198.30071 -19.52091  8664.77  1527.71 3.62 2.81  44.5 -0.424    19.66 21.45 02a57899o0278c 0x000000  -8.416667
57899.392121 20.009244      NaN  -116    12 c    0   1.17 198.30071 -19.52091  8649.13  1488.35 3.66 2.78  41.3 -0.415    19.63 21.40 02a57899o0311c 0x000000  -9.666667
57899.408442 19.922338      NaN   -94    13 c    0   1.01 198.30071 -19.52091  8707.30  1562.84 3.73 2.76  44.7 -0.410    19.63 21.32 02a57899o0342c 0x000000  -7.230769
57899.425339 19.631075      NaN   -90    17 c    0   1.16 198.30071 -19.52091  8728.91  1443.48 3.77 2.80  44.2 -0.410    19.42 21.07 02a57899o0374c 0x000000  -5.294118
57899.441675 19.766969      NaN  -124    15 c    0   0.83 198.30071 -19.52091  8692.43  1500.91 3.68 2.81  44.2 -0.415    19.56 21.21 02a57899o0405c 0x000000  -8.266667
57903.349733 20.207197      NaN  -133    10 c    0   1.26 198.30071 -19.52091   818.65   381.56 2.69 2.34  37.1 -0.510    19.63 21.08 02a57903o0223c 0x000000 -13.300000
57903.351768 20.321591      NaN  -105     9 c    0   1.18 198.30071 -19.52091  2111.10 10278.39 2.64 2.45  20.2 -0.446    19.59 21.05 02a57903o0227c 0x000000 -11.666667
57903.363509 19.696897      NaN  -104    16 c    0   1.15 198.30071 -19.52091 10389.61   385.50 2.94 2.77 -51.4 -0.400    19.62 21.14 02a57903o0250c 0x000000  -6.500000
57903.366057 20.009244      NaN   -70    12 c    0   1.21 198.30071 -19.52091   801.80   343.25 2.75 2.37  38.8 -0.507    19.61 21.12 02a57903o0255c 0x000000  -5.833333
57903.368613 20.321591      NaN   -98     9 c    0   1.73 198.30071 -19.52091  2095.79 10237.40 2.57 2.44  10.0 -0.454    19.61 21.10 02a57903o0260c 0x000000 -10.888889
57903.379841 19.841877      NaN  -108    14 c    0   1.77 198.30071 -19.52091 10373.17   349.08 2.93 2.90 -75.0 -0.390    19.65 21.25 02a57903o0282c 0x000000  -7.714286
57903.384939 20.594452      NaN   -96     7 c    0   1.78 198.30071 -19.52091  2154.82 10314.88 2.58 2.45  -0.2 -0.451    19.63 21.21 02a57903o0292c 0x000000 -13.714286
57903.396171 20.009244      NaN   -88    12 c    0   1.39 198.30071 -19.52091 10431.91   424.78 2.96 2.91 -67.8 -0.410    19.67 21.28 02a57903o0314c 0x000000  -7.333333
57903.399263 20.103715      NaN  -108    11 c    0   1.08 198.30071 -19.52091   882.38   301.13 2.81 2.44  39.7 -0.520    19.64 21.23 02a57903o0320c 0x000000  -9.818182
57903.401811 20.207197      NaN   -88    10 c    0   1.46 198.30071 -19.52091  2194.99 10193.35 2.58 2.43  -3.7 -0.459    19.60 21.17 02a57903o0325c 0x000000  -8.800000
57903.413042 19.841877      NaN  -126    14 c    0   1.06 198.30071 -19.52091 10454.20   304.51 3.06 3.00  81.1 -0.372    19.56 21.21 02a57903o0347c 0x000000  -9.000000
57903.416092 20.009244      NaN  -109    12 c    0   0.87 198.30071 -19.52091   845.95   357.50 2.88 2.55  40.2 -0.502    19.55 21.15 02a57903o0353c 0x000000  -9.083333
57903.418159 20.449472      NaN   -86     8 c    0   1.56 198.30071 -19.52091  2139.93 10249.70 2.58 2.39  11.2 -0.460    19.56 21.09 02a57903o0357c 0x000000 -10.750000
57903.429890 19.569016      NaN   -66    18 c    0   0.91 198.30071 -19.52091 10415.85   363.38 3.05 2.94  63.5 -0.409    19.55 21.13 02a57903o0380c 0x000000  -3.666667
58109.600068 19.436675      NaN    25    12 c    0   1.45 198.30071 -19.52091  3379.96  3819.92 5.18 4.66  44.5 -0.337    19.00 21.40 02a58109o0506c 0x000000   2.083333
58109.607975 19.256669 0.241275    72    16 c    0   1.83 198.30071 -19.52091  3398.06  3859.65 5.45 4.90  38.4 -0.273    18.96 21.42 02a58109o0520c 0x000000   4.500000
58109.613987 19.743105 0.354044    46    15 c    0   1.94 198.30071 -19.52091  3342.60  3783.54 5.40 4.87  41.6 -0.272    18.79 21.44 02a58109o0533c 0x000000   3.066667
58109.627917 19.419021 0.280190    62    16 c    0   1.99 198.30071 -19.52091  3323.10  3901.85 5.33 4.76  30.3 -0.298    19.03 21.45 02a58109o0548c 0x000000   3.875000
58161.594657 17.913871 0.039402   248     9 c    0   1.62 198.30071 -19.52091  4326.68  6922.08 2.48 2.32  19.8 -0.449    19.80 21.66 02a58161o0840c 0x000000  27.555556
58161.597396 17.879400 0.042412   256    10 c    0   1.10 198.30071 -19.52091  4290.97  6885.33 2.48 2.37  24.3 -0.441    19.78 21.66 02a58161o0846c 0x000000  25.600000
58161.599220 17.870951 0.046291   258    11 c    0   1.43 198.30071 -19.52091  4362.98  6964.31 2.46 2.37  20.6 -0.448    19.75 21.65 02a58161o0850c 0x000000  23.454545
58161.606974 17.896499 0.043085   252    10 c    0   1.40 198.30071 -19.52091  4381.42  6847.93 2.45 2.33  17.9 -0.449    19.79 21.65 02a58161o0867c 0x000000  25.200000
58193.474012 19.051202 0.087358    87     7 c    0   2.50 198.30071 -19.52091  2963.54  2833.79 2.54 2.28  50.9 -0.409    19.76 21.56 02a58193o0526c 0x000000  12.428571
58193.474925 18.978793 0.093397    93     8 c    0   2.46 198.30071 -19.52091  2944.83  2796.60 2.54 2.27  49.9 -0.408    19.78 21.56 02a58193o0528c 0x000000  11.625000
58193.483148 18.900000 0.076002   100     7 c    0   2.11 198.30071 -19.52091  2907.25  2757.96 2.55 2.31  47.4 -0.404    19.79 21.60 02a58193o0546c 0x000000  14.285714
58193.500957 19.014394 0.108574    90     9 c    0   1.40 198.30071 -19.52091  2883.89  2875.24 2.52 2.26  49.2 -0.409    19.76 21.60 02a58193o0585c 0x000000  10.000000
58197.473829 19.287255 0.325721    70    21 c    0   1.34 198.30071 -19.52091  5860.62  2831.44 2.75 2.46  51.1 -0.412    18.31 20.33 02a58197o0120c 0x000000   3.333333
58225.414478 19.051202      NaN   -12    29 c    0   1.12 198.30071 -19.52091  5004.77  7589.66 2.67 2.56  17.0 -0.427    18.21 19.91 02a58225o0414c 0x100002  -0.413793
58225.415847 18.566153      NaN    46    30 c    0   1.05 198.30071 -19.52091  4986.84  7551.96 2.74 2.72 -26.2 -0.399    18.54 20.23 02a58225o0417c 0x100002   1.533333
58225.429033 19.569016      NaN     9    15 c    0   0.92 198.30071 -19.52091  5044.75  7626.45 2.86 2.82  34.2 -0.391    19.20 20.98 02a58225o0445c 0x000000   0.600000
58225.439213 19.038793      NaN    16    24 c    0   0.79 198.30071 -19.52091  5063.25  7510.67 2.90 2.80 -59.0 -0.394    18.78 20.50 02a58225o0466c 0x000000   0.666667
58250.374464 20.207197      NaN   -34    10 c    0   1.18 198.30071 -19.52091  4061.59  6424.72 2.63 2.61  15.9 -0.394    19.55 21.26 02a58250o0287c 0x000000  -3.400000
58250.382279 20.449472      NaN    -5     8 c    0   1.35 198.30071 -19.52091  4045.03  6385.66 2.58 2.52 -49.1 -0.393    19.59 21.28 02a58250o0304c 0x000000  -0.625000
58250.390085 20.321591      NaN   -36     9 c    0   1.41 198.30071 -19.52091  4100.70  6462.81 2.52 2.50 -78.3 -0.411    19.60 21.32 02a58250o0321c 0x000000  -4.000000
58250.396948 20.321591      NaN   -33     9 c    0   1.14 198.30071 -19.52091  4120.02  6346.30 2.60 2.51 -68.5 -0.394    19.58 21.33 02a58250o0336c 0x000000  -3.666667
58257.360780 20.103715      NaN   -23    11 c    0   1.07 198.30071 -19.52091  4679.93  6775.03 2.84 2.78  60.0 -0.402    19.55 21.41 02a58257o0275c 0x000000  -2.090909
58257.368610 20.207197      NaN   -18    10 c    0   1.44 198.30071 -19.52091  4664.34  6735.73 2.84 2.79  77.9 -0.413    19.51 21.46 02a58257o0292c 0x000000  -1.800000
58257.376429 20.207197      NaN    -9    10 c    0   1.05 198.30071 -19.52091  4719.77  6812.44 2.83 2.76 -58.8 -0.389    19.55 21.46 02a58257o0309c 0x000000  -0.900000
58257.379168 20.207197      NaN   -45    10 c    0   1.71 198.30071 -19.52091  4738.45  6696.29 3.04 2.84 -76.5 -0.381    19.52 21.46 02a58257o0315c 0x000000  -4.500000
58281.316701 20.321591      NaN   -41     9 c    0   1.06 198.30071 -19.52091  6203.36  5917.88 2.92 2.83  83.4 -0.393    19.56 21.59 02a58281o0119c 0x000000  -4.555556
58281.324559 20.207197      NaN   -51    10 c    0   1.03 198.30071 -19.52091  6186.78  5879.83 2.89 2.77 -76.2 -0.388    19.59 21.54 02a58281o0136c 0x000000  -5.100000
58281.332352 20.321591      NaN   -62     9 c    0   1.22 198.30071 -19.52091  6243.15  5956.16 2.89 2.74 -79.5 -0.386    19.57 21.49 02a58281o0153c 0x000000  -6.888889
58281.339707 20.321591      NaN   -52     9 c    0   1.23 198.30071 -19.52091  6263.56  5838.94 2.88 2.67 -76.5 -0.382    19.58 21.47 02a58281o0169c 0x000000  -5.777778
58285.315777 20.103715      NaN   -44    11 c    0   1.50 198.30071 -19.52091  7352.58  5506.59 2.86 2.73  63.9 -0.423    19.52 21.35 02a58285o0159c 0x000000  -4.000000
58285.323615 20.321591      NaN   -50     9 c    0   1.25 198.30071 -19.52091  7317.30  5467.50 2.80 2.64 -87.7 -0.418    19.57 21.37 02a58285o0176c 0x000000  -5.555556
58285.331445 20.321591      NaN   -57     9 c    0   1.21 198.30071 -19.52091  7390.90  5545.58 2.81 2.64  83.0 -0.415    19.59 21.42 02a58285o0193c 0x000000  -6.333333
58285.339276 20.207197      NaN   -55    10 c    0   1.16 198.30071 -19.52091  7410.53  5429.12 2.81 2.64 -81.2 -0.416    19.58 21.45 02a58285o0210c 0x000000  -5.500000
58309.283024 20.207197      NaN   -65    10 c    0   1.04 198.30071 -19.52091  5644.40  4470.09 2.76 2.49 -67.5 -0.393    19.52 21.21 02a58309o0087c 0x000000  -6.500000
58309.290935 20.103715      NaN   -40    11 c    0   0.89 198.30071 -19.52091  5627.44  4432.63 2.76 2.44 -70.4 -0.394    19.55 21.26 02a58309o0104c 0x000000  -3.636364
58309.298860 20.321591      NaN   -85     9 c    0   1.45 198.30071 -19.52091  5682.03  4510.33 2.56 2.34 -72.5 -0.408    19.61 21.26 02a58309o0121c 0x000000  -9.444444
58309.306764 20.321591      NaN   -61     9 c    0   1.19 198.30071 -19.52091  5702.00  4393.42 2.65 2.39 -68.1 -0.406    19.56 21.26 02a58309o0138c 0x000000  -6.777778
58317.264066 16.322489      NaN   -56   358 c    0   1.01 198.30071 -19.52091  6940.14  6826.63 2.83 2.60 -61.0 -0.360    16.16 17.15 02a58317o0048c 0x100002  -0.156425
58317.272013 14.564001      NaN  1522  1301 c    0   1.12 198.30071 -19.52091  6922.44  6787.77 2.77 2.53 -50.9 -0.339    14.55 15.53 02a58317o0065c 0x100002   1.169869
58317.279995 17.675104      NaN  -150   103 c    0   1.60 198.30071 -19.52091  6978.26  6864.63 2.72 2.51 -59.1 -0.406    17.51 18.61 02a58317o0082c 0x100002  -1.456311
58317.287946 12.994359      NaN -4825  7676 c    0   1.32 198.30071 -19.52091  7015.21  6748.77 2.87 2.62 -50.3 -0.444    12.91 14.18 02a58317o0099c 0x100002  -0.628583
58333.246364 18.526952      NaN   -26    47 c    0   0.67 198.30071 -19.52091  7020.36  4597.70 3.22 3.03 -74.4 -0.404    17.98 19.27 02a58333o0022c 0x100002  -0.553191
58333.250749 19.510313      NaN   -97    19 c    0   1.04 198.30071 -19.52091  7001.56  4558.58 2.98 2.76 -76.5 -0.405    18.73 19.99 02a58333o0031c 0x000000  -5.105263
58333.257549 19.841877      NaN   -61    14 c    0   1.05 198.30071 -19.52091  7055.94  4634.50 2.77 2.59 -68.9 -0.416    19.18 20.63 02a58333o0045c 0x000000  -4.357143
58333.266302 19.841877      NaN   -89    14 c    0   0.99 198.30071 -19.52091  7074.26  4517.71 2.95 2.80 -60.1 -0.405    19.22 20.84 02a58333o0063c 0x000000  -6.357143
58337.243253 18.376212      NaN   -83    54 c    0   1.02 198.30071 -19.52091  6800.95  6167.89 2.52 2.44 -63.6 -0.460    17.65 18.65 02a58337o0019c 0x100002  -1.537037
58337.245566 18.757738      NaN  -101    38 c    0   1.50 198.30071 -19.52091  6783.63  6126.92 2.85 2.56 -55.2 -0.383    18.10 19.15 02a58337o0024c 0x100002  -2.657895
58337.249738 19.401649      NaN   -72    21 c    0   1.21 198.30071 -19.52091  6838.98  6204.21 2.91 2.61 -54.6 -0.370    18.75 19.92 02a58337o0033c 0x000000  -3.428571
58337.255774 19.922338      NaN   -61    13 c    0   1.72 198.30071 -19.52091  6855.86  6085.53 2.91 2.63 -51.6 -0.381    19.17 20.59 02a58337o0046c 0x000000  -4.692308
58493.633165 20.321591      NaN   -80     9 c    0   1.25 198.30071 -19.52091  5380.45  6270.23 2.76 2.66 -36.9 -0.394    19.51 21.52 02a58493o0945c 0x000000  -8.888889
58493.633622 20.321591      NaN   -86     9 c    0   1.23 198.30071 -19.52091  5398.60  6309.03 2.67 2.63 -22.8 -0.403    19.54 21.52 02a58493o0946c 0x000000  -9.555556
58493.643240 20.449472      NaN   -98     8 c    0   1.60 198.30071 -19.52091  5342.66  6231.80 2.57 2.50 -42.1 -0.402    19.59 21.55 02a58493o0967c 0x000000 -12.250000
58493.653323 20.207197      NaN  -103    10 c    0   0.96 198.30071 -19.52091  5323.48  6348.61 2.69 2.60 -33.2 -0.401    19.54 21.57 02a58493o0989c 0x000000 -10.300000
58573.454566 19.631075      NaN   -89    17 c    0   0.84 198.30071 -19.52091  8684.99  8147.86 2.70 2.58  47.9 -0.399    19.16 20.92 02a58573o0508c 0x000000  -5.235294
58573.462897 20.207197      NaN   -83    10 c    0   1.19 198.30071 -19.52091  1913.69  2443.92 2.40 2.34 -51.8 -0.412    19.40 21.11 02a58573o0525c 0x000000  -8.300000
58573.471069 20.009244      NaN  -110    12 c    0   0.85 198.30071 -19.52091  8720.17  8184.09 2.79 2.54  50.6 -0.393    19.56 21.33 02a58573o0541c 0x000000  -9.166667
58573.480440 19.922338      NaN   -86    13 c    0   1.14 198.30071 -19.52091  8740.57  8068.91 2.71 2.69  59.4 -0.390    19.24 21.00 02a58573o0558c 0x000000  -6.615385
58577.458671 20.594452      NaN  -107     7 c    0   1.40 198.30071 -19.52091  3344.81  2340.10 2.61 2.46 -59.5 -0.401    19.58 21.48 02a58577o0514c 0x000000 -15.285714
58577.475593 20.449472      NaN  -103     8 c    0   1.22 198.30071 -19.52091  3324.76  2303.66 2.63 2.37  52.7 -0.394    19.55 21.48 02a58577o0551c 0x000000 -12.875000
58577.481536 20.449472      NaN   -78     8 c    0   1.49 198.30071 -19.52091  3379.56  2382.01 2.66 2.37  54.9 -0.390    19.56 21.49 02a58577o0564c 0x000000  -9.750000
58577.487481 20.594452      NaN   -88     7 c    0   1.99 198.30071 -19.52091  3397.24  2264.86 2.58 2.49  71.0 -0.398    19.59 21.48 02a58577o0577c 0x000000 -12.571429
58581.468181 20.449472      NaN   -84     8 c    0   1.75 198.30071 -19.52091  1901.19   367.15 2.48 2.31 -72.5 -0.382    19.57 21.40 02a58581o0524c 0x000000 -10.500000
58581.470923 20.207197      NaN  -100    10 c    0   1.51 198.30071 -19.52091  2790.63 10101.61 2.79 2.40  48.9 -0.394    19.52 21.38 02a58581o0530c 0x000000 -10.000000
58581.476967 20.449472      NaN   -68     8 c    0   1.29 198.30071 -19.52091  1881.79   328.09 2.45 2.30 -76.9 -0.379    19.57 21.41 02a58581o0543c 0x000000  -8.500000
58581.480631 20.103715      NaN   -92    11 c    0   1.19 198.30071 -19.52091  2771.59 10063.04 2.68 2.49  49.5 -0.401    19.55 21.37 02a58581o0551c 0x000000  -8.363636
58581.486603 20.449472      NaN   -97     8 c    0   1.05 198.30071 -19.52091  1937.76   408.05 2.48 2.29  79.9 -0.390    19.54 21.39 02a58581o0564c 0x000000 -12.125000
58581.489834 20.449472      NaN  -100     8 c    0   1.27 198.30071 -19.52091  2826.76 10141.99 2.56 2.44  79.8 -0.411    19.55 21.37 02a58581o0571c 0x000000 -12.500000
58581.495353 20.449472      NaN   -92     8 c    0   1.46 198.30071 -19.52091  1974.88   290.53 2.55 2.39 -80.1 -0.375    19.51 21.39 02a58581o0583c 0x000000 -11.500000
58581.499033 19.922338      NaN  -105    13 c    0   0.87 198.30071 -19.52091  2846.76 10024.36 2.69 2.50  58.7 -0.399    19.54 21.37 02a58581o0591c 0x000000  -8.076923
58605.426187 20.103715      NaN   -85    11 c    0   1.00 198.30071 -19.52091  5180.39  6220.43 2.70 2.39  49.6 -0.389    19.45 21.38 02a58605o0401c 0x000000  -7.727273
58605.435965 19.922338      NaN  -120    13 c    0   1.27 198.30071 -19.52091  5162.85  6184.02 2.78 2.39  50.6 -0.379    19.23 21.15 02a58605o0422c 0x000000  -9.230769
58605.445291 19.922338      NaN  -116    13 c    0   1.47 198.30071 -19.52091  5219.34  6260.50 2.70 2.41  56.7 -0.392    19.00 20.89 02a58605o0442c 0x000000  -8.923077
58605.454539 20.103715      NaN   -82    11 c    0   1.42 198.30071 -19.52091  5237.44  6144.89 2.63 2.41  59.1 -0.391    19.44 21.35 02a58605o0462c 0x000000  -7.454545
58609.376250 20.594452      NaN   -93     7 c    0   1.55 198.30071 -19.52091  1425.26  2318.52 2.53 2.48 -77.9 -0.405    19.69 21.68 02a58609o0209c 0x000000 -13.285714
58609.383153 20.594452      NaN   -82     7 c    0   1.51 198.30071 -19.52091  1405.88  2279.32 2.47 2.40 -71.5 -0.409    19.70 21.68 02a58609o0224c 0x000000 -11.714286
58609.390512 20.594452      NaN   -99     7 c    0   1.64 198.30071 -19.52091  1460.98  2358.52 2.66 2.41 -59.2 -0.412    19.67 21.64 02a58609o0240c 0x000000 -14.142857
58609.397841 20.321591      NaN   -82     9 c    0   1.14 198.30071 -19.52091  1478.44  2242.81 2.66 2.55 -80.0 -0.401    19.63 21.64 02a58609o0256c 0x000000  -9.111111
58633.331502 20.449472      NaN   -79     8 c    0   1.27 198.30071 -19.52091  5392.54  4294.14 2.60 2.32  54.0 -0.391    19.62 21.46 02a58633o0222c 0x000000  -9.875000
58633.334245 20.594452      NaN   -99     7 c    0   1.57 198.30071 -19.52091  5373.14  4256.20 2.56 2.32  53.0 -0.398    19.61 21.46 02a58633o0228c 0x000000 -14.142857
58633.340252 20.449472      NaN   -97     8 c    0   1.27 198.30071 -19.52091  5430.43  4333.56 3.00 2.38  44.4 -0.379    19.58 21.47 02a58633o0241c 0x000000 -12.125000
58633.350314 20.321591      NaN   -86     9 c    0   1.12 198.30071 -19.52091  5448.60  4217.26 2.74 2.28  48.3 -0.386    19.64 21.45 02a58633o0263c 0x000000  -9.555556
58637.408604 20.207197      NaN   -92    10 c    0   1.01 198.30071 -19.52091  5278.43  2351.74 2.59 2.41  53.1 -0.385    19.55 21.36 02a58637o0372c 0x000000  -9.200000
58637.411106 20.207197      NaN   -98    10 c    0   1.39 198.30071 -19.52091  5260.09  2315.26 2.62 2.48  67.2 -0.394    19.50 21.34 02a58637o0377c 0x000000  -9.800000
58637.422162 20.103715      NaN   -96    11 c    0   1.05 198.30071 -19.52091  5318.67  2391.81 2.63 2.51  69.9 -0.387    19.48 21.27 02a58637o0400c 0x000000  -8.727273
58637.428262 20.321591      NaN   -96     9 c    0   1.04 198.30071 -19.52091  5339.42  2276.14 2.53 2.33 -61.8 -0.398    19.50 21.24 02a58637o0413c 0x000000 -10.666667
58641.354145 20.207197      NaN   -84    10 c    0   0.71 198.30071 -19.52091  5279.44  2352.66 2.49 2.34  72.4 -0.397    19.59 21.31 02a58641o0257c 0x000000  -8.400000
58641.356889 20.207197      NaN   -78    10 c    0   1.09 198.30071 -19.52091  5259.99  2313.69 2.58 2.31  57.6 -0.390    19.55 21.30 02a58641o0263c 0x000000  -7.800000
58641.373585 20.321591      NaN   -98     9 c    0   1.28 198.30071 -19.52091  5318.70  2392.29 2.59 2.32  56.1 -0.387    19.54 21.28 02a58641o0298c 0x000000 -10.888889
58641.380519 20.103715      NaN   -93    11 c    0   0.82 198.30071 -19.52091  5337.65  2277.00 2.53 2.32  56.7 -0.391    19.51 21.23 02a58641o0313c 0x000000  -8.454545
58661.303654 19.922338      NaN   -89    13 c    0   1.29 198.30071 -19.52091  3250.61   488.83 2.68 2.51 -85.5 -0.404    18.76 20.52 02a58661o0095c 0x000000  -6.846154
58661.308233 20.207197      NaN   -80    10 c    0   0.88 198.30071 -19.52091  3231.61   449.58 2.64 2.43 -79.3 -0.409    19.53 21.28 02a58661o0105c 0x000000  -8.000000
58661.313747 20.449472      NaN   -96     8 c    0   1.32 198.30071 -19.52091  3290.07   527.74 2.67 2.43 -70.1 -0.415    19.54 21.29 02a58661o0117c 0x000000 -12.000000
58661.326037 20.207197      NaN   -82    10 c    0   0.92 198.30071 -19.52091  3308.65   409.50 2.53 2.35 -82.4 -0.415    19.49 21.20 02a58661o0143c 0x000000  -8.200000
58665.258270 20.207197      NaN   -90    10 c    0   1.34 198.30071 -19.52091  3260.72   488.16 2.40 2.21  76.8 -0.413    19.35 20.63 02a58665o0047c 0x000000  -9.000000
58665.261013 20.321591      NaN   -86     9 c    0   1.19 198.30071 -19.52091  3241.25   447.11 2.46 2.26  85.1 -0.411    19.46 20.93 02a58665o0053c 0x000000  -9.555556
58665.265140 20.449472      NaN   -92     8 c    0   1.00 198.30071 -19.52091  3299.58   526.27 2.46 2.23 -71.6 -0.423    19.59 21.15 02a58665o0062c 0x000000 -11.500000
58665.277948 20.594452      NaN   -81     7 c    0   1.99 198.30071 -19.52091  3317.85   410.94 2.43 2.21  80.9 -0.404    19.56 21.16 02a58665o0090c 0x000000 -11.571429
58669.338908 20.449472      NaN   -99     8 c    0   1.76 198.30071 -19.52091  9267.43  4078.55 2.70 2.58  39.9 -0.385    19.44 21.15 02a58669o0186c 0x000000 -12.375000
58669.342967 20.103715      NaN   -98    11 c    0   1.01 198.30071 -19.52091  9253.89  4040.22 2.65 2.52  34.5 -0.381    19.45 21.15 02a58669o0194c 0x000000  -8.909091
58669.349366 20.207197      NaN   -92    10 c    0   1.23 198.30071 -19.52091  9311.61  4116.34 2.65 2.50  32.6 -0.386    19.42 21.12 02a58669o0207c 0x000000  -9.200000
58669.360396 20.103715      NaN   -66    11 c    0   1.23 198.30071 -19.52091  9328.27  4000.33 2.68 2.54  24.7 -0.383    19.38 21.05 02a58669o0229c 0x000000  -6.000000
58670.291277 20.009244      NaN   -92    12 c    0   1.12 198.30071 -19.52091  9268.64  4077.04 2.64 2.43  44.1 -0.380    19.43 20.91 02a58670o0112c 0x000000  -7.666667
58670.294390 20.207197      NaN  -115    10 c    0   1.70 198.30071 -19.52091  9248.66  4038.54 2.72 2.45  41.0 -0.371    19.39 20.88 02a58670o0118c 0x000000 -11.500000
58670.301607 20.009244      NaN   -81    12 c    0   0.95 198.30071 -19.52091  9310.41  4116.65 2.65 2.44  40.8 -0.376    19.38 20.82 02a58670o0133c 0x000000  -6.750000
58670.311635 20.009244      NaN   -84    12 c    0   1.43 198.30071 -19.52091  9325.87  3999.74 2.51 2.47  44.9 -0.388    19.41 20.84 02a58670o0153c 0x000000  -7.000000
58671.281801 20.207197      NaN  -100    10 c    0   1.42 198.30071 -19.52091  9266.42  4077.10 2.74 2.66  69.5 -0.356    19.38 20.90 02a58671o0099c 0x000000 -10.000000
58671.285144 20.207197      NaN   -80    10 c    0   1.81 198.30071 -19.52091  9247.47  4038.38 2.79 2.71  59.8 -0.375    19.30 20.90 02a58671o0106c 0x000000  -8.000000
58671.290285 20.207197      NaN   -72    10 c    0   1.28 198.30071 -19.52091  9306.60  4116.84 2.81 2.73 -80.1 -0.372    19.33 20.89 02a58671o0117c 0x000000  -7.200000
58671.300722 19.922338      NaN  -107    13 c    0   1.25 198.30071 -19.52091  9327.49  4000.28 2.85 2.79  76.4 -0.368    19.30 20.87 02a58671o0139c 0x000000  -8.230769
58873.594460 20.207197      NaN   -92    10 c    0   1.03 198.30071 -19.52091  1305.69  6479.32 2.35 2.26   1.7 -0.420    19.76 21.63 02a58873o0826c 0x000000  -9.200000
58873.598461 20.449472      NaN  -104     8 c    0   1.22 198.30071 -19.52091  1325.37  6516.18 2.41 2.30   7.4 -0.409    19.72 21.64 02a58873o0834c 0x000000 -13.000000
58873.603873 20.321591      NaN  -100     9 c    0   1.15 198.30071 -19.52091  1264.55  6440.91 2.43 2.32   8.0 -0.412    19.70 21.65 02a58873o0845c 0x000000 -11.111111
58873.613719 20.321591      NaN   -83     9 c    0   1.21 198.30071 -19.52091  1245.63  6559.11 2.31 2.23 -12.8 -0.422    19.80 21.64 02a58873o0865c 0x000000  -9.222222
58877.574859 20.321591      NaN   -94     9 c    0   1.57 198.30071 -19.52091  5953.47   142.08 2.50 2.36 -61.6 -0.396    19.69 21.62 02a58877o0784c 0x000000 -10.444444
58877.577728 20.449472      NaN   -86     8 c    0   1.30 198.30071 -19.52091  5969.75   186.00 2.51 2.39 -56.5 -0.411    19.66 21.63 02a58877o0790c 0x000000 -10.750000
58877.583247 20.103715      NaN   -90    11 c    0   0.93 198.30071 -19.52091  5908.56   107.75 2.49 2.32 -67.2 -0.411    19.71 21.63 02a58877o0802c 0x000000  -8.181818
58877.596425 20.449472      NaN   -84     8 c    0   1.47 198.30071 -19.52091  5886.06   228.45 2.40 2.24 -63.2 -0.412    19.72 21.59 02a58877o0830c 0x000000 -10.500000
58877.613350 20.449472      NaN   -93     8 c    0   1.92 198.30071 -19.52091  1559.63 10378.26 2.87 2.21 -51.5 -0.417    19.70 21.59 02a58877o0866c 0x000000 -11.625000
58877.616148 20.321591      NaN   -95     9 c    0   1.15 198.30071 -19.52091  1580.42 10416.49 2.82 2.21 -51.1 -0.426    19.64 21.59 02a58877o0872c 0x000000 -10.555556
58877.622318 20.207197      NaN  -104    10 c    0   0.97 198.30071 -19.52091  9039.95   205.25 2.87 2.27 -59.1 -0.396    19.68 21.59 02a58877o0885c 0x000000 -10.400000
58877.635461 20.321591      NaN   -87     9 c    0   1.84 198.30071 -19.52091  9062.35    90.03 2.88 2.30 -57.9 -0.414    19.65 21.59 02a58877o0913c 0x000000  -9.666667
58878.464861 20.103715      NaN  -115    11 c    0   1.82 198.30071 -19.52091  1557.33 10387.70 2.52 2.20 -47.2 -0.426    19.34 21.08 02a58878o0563c 0x000000 -10.454545
58878.468083 19.922338      NaN   -74    13 c    0   0.80 198.30071 -19.52091  1576.81 10425.89 2.45 2.13 -48.6 -0.429    19.26 21.01 02a58878o0570c 0x000000  -5.692308
58878.474047 20.009244      NaN   -97    12 c    0   1.36 198.30071 -19.52091  1519.61 10348.38 2.61 2.17 -48.9 -0.437    19.26 21.03 02a58878o0583c 0x000000  -8.083333
58878.484197 19.766969      NaN   -88    15 c    0   1.37 198.30071 -19.52091  1498.19 10466.38 2.62 2.14 -49.7 -0.414    19.23 20.96 02a58878o0605c 0x000000  -5.866667
58929.508989 20.207197      NaN     6     8 c    0   1.12 198.30071 -19.52091  7308.32  4189.93 2.43 2.34  82.8 -0.396    19.72 21.63 02a58929o0605c 0x000000   0.750000
58929.512227 20.321591      NaN    -1     9 c    0   0.89 198.30071 -19.52091  7288.78  4151.84 2.45 2.31  55.2 -0.393    19.76 21.63 02a58929o0612c 0x000000  -0.111111
58929.518528 20.321591      NaN   -16     9 c    0   1.26 198.30071 -19.52091  7348.75  4228.69 2.41 2.31  78.1 -0.395    19.73 21.62 02a58929o0625c 0x000000  -1.777778
58929.545112 20.449472      NaN   -12     8 c    0   1.45 198.30071 -19.52091  7367.70  4115.26 2.48 2.35  63.7 -0.393    19.71 21.58 02a58929o0641c 0x000000  -1.500000
58957.408425 20.103715      NaN    -5    11 c    0   1.57 198.30071 -19.52091  9248.68  9999.48 2.78 2.60  52.4 -0.373    19.46 21.21 02a58957o0357c 0x000000  -0.454545
58957.412158 20.103715      NaN    -4    11 c    0   1.07 198.30071 -19.52091  9269.69 10038.63 2.79 2.61  58.7 -0.371    19.49 21.25 02a58957o0365c 0x000000  -0.363636
58957.417392 20.103715      NaN     6     9 c    0   1.57 198.30071 -19.52091  1348.09   595.48 2.62 2.38 -67.7 -0.416    19.42 21.23 02a58957o0376c 0x000000   0.666667
58957.431189 20.103715      NaN    -6    11 c    0   0.95 198.30071 -19.52091  1369.87   479.72 2.72 2.40 -62.3 -0.401    19.46 21.28 02a58957o0405c 0x000000  -0.545455
58961.405017 20.449472      NaN   -12     8 c    0   1.90 198.30071 -19.52091  9245.88  9999.56 2.72 2.58  67.2 -0.369    19.67 21.38 02a58961o0384c 0x000000  -1.500000
58961.411669 19.979496      NaN    10     9 c    0   0.95 198.30071 -19.52091  1289.10   511.25 2.51 2.25 -66.0 -0.423    19.63 21.37 02a58961o0397c 0x000000   1.111111
58961.428557 20.321591      NaN     0     9 c    0   0.97 198.30071 -19.52091  1349.07   597.52 2.40 2.23  73.1 -0.427    19.60 21.34 02a58961o0432c 0x000000   0.000000
58961.432263 20.282105      NaN     7     7 c    0   2.20 198.30071 -19.52091  1366.96   482.98 2.46 2.25 -71.1 -0.418    19.61 21.31 02a58961o0440c 0x000000   1.000000
58965.400140 20.103715      NaN    -2    11 c    0   1.11 198.30071 -19.52091   889.93  6188.94 2.41 2.38 -48.6 -0.421    19.55 21.23 02a58965o0374c 0x000000  -0.181818
58965.403362 19.549093      NaN    19    12 c    0   1.31 198.30071 -19.52091   871.21  6150.23 2.58 2.51 -50.8 -0.412    19.50 21.23 02a58965o0381c 0x000000   1.583333
58965.409845 19.922338      NaN     6    11 c    0   0.87 198.30071 -19.52091   929.95  6229.16 2.69 2.65 -56.3 -0.405    19.43 21.21 02a58965o0395c 0x000000   0.545455
58965.419914 20.449472      NaN   -10     8 c    0   1.61 198.30071 -19.52091   949.64  6118.69 2.59 2.40  38.6 -0.394    19.53 21.20 02a58965o0417c 0x000000  -1.250000
58985.334877 20.321591      NaN   -11     9 c    0   1.43 198.30071 -19.52091  4791.13  6024.98 2.60 2.29  35.7 -0.394    19.64 21.41 02a58985o0223c 0x000000  -1.222222
58985.338125 20.009244      NaN     6    10 c    0   1.02 198.30071 -19.52091  4771.61  5986.29 2.70 2.28  39.6 -0.388    19.67 21.43 02a58985o0230c 0x000000   0.600000
58985.343628 19.868040      NaN    11    10 c    0   1.21 198.30071 -19.52091  4829.84  6062.48 2.66 2.28  38.4 -0.388    19.67 21.46 02a58985o0242c 0x000000   1.100000
58985.376687 20.207197      NaN    -2    10 c    0   1.09 198.30071 -19.52091  4847.42  5950.45 2.77 2.34  45.4 -0.380    19.66 21.56 02a58985o0313c 0x000000  -0.200000
58989.344055 20.207197      NaN     3     9 c    0   0.92 198.30071 -19.52091  3346.18  2437.99 2.70 2.49  55.2 -0.391    19.63 21.63 02a58989o0239c 0x000000   0.333333
58989.347256 20.321591      NaN    -2     9 c    0   1.16 198.30071 -19.52091  3327.01  2399.35 2.53 2.35  53.5 -0.396    19.67 21.63 02a58989o0246c 0x000000  -0.222222
58989.354200 20.449472      NaN   -12     8 c    0   1.37 198.30071 -19.52091  3385.40  2477.66 2.64 2.42  55.8 -0.391    19.63 21.62 02a58989o0261c 0x000000  -1.500000
58989.366653 20.321591      NaN   -16     9 c    0   0.91 198.30071 -19.52091  3406.73  2361.63 2.68 2.53  74.7 -0.395    19.59 21.59 02a58989o0288c 0x000000  -1.777778
58993.387760 20.207197      NaN    -4    10 c    0   1.05 198.30071 -19.52091  3343.61  2441.99 2.67 2.58  70.6 -0.392    19.53 21.42 02a58993o0039c 0x000000  -0.400000
58993.391487 20.449472      NaN     0     8 c    0   1.23 198.30071 -19.52091  3324.19  2403.12 2.58 2.48  71.4 -0.398    19.56 21.44 02a58993o0047c 0x000000   0.000000
58993.397533 20.405150      NaN     1     8 c    0   2.03 198.30071 -19.52091  3381.37  2481.47 2.57 2.46  79.6 -0.396    19.58 21.43 02a58993o0060c 0x000000   0.125000
58993.407659 20.321591      NaN    -5     9 c    0   1.20 198.30071 -19.52091  3402.56  2366.58 2.49 2.39  80.1 -0.399    19.61 21.41 02a58993o0082c 0x000000  -0.555556
59016.285158 20.039830      NaN     5    10 c    0   1.04 198.30071 -19.52091  2856.28  6110.51 2.70 2.37  42.5 -0.375    19.65 21.45 02a59016o0094c 0x000000   0.500000
59016.288840 20.137125      NaN     2    10 c    0   1.07 198.30071 -19.52091  2836.93  6071.90 2.81 2.39  41.3 -0.369    19.61 21.46 02a59016o0102c 0x000000   0.200000
59016.294851 20.321591      NaN     0     9 c    0   1.10 198.30071 -19.52091  2899.99  6148.59 2.81 2.35  43.2 -0.360    19.59 21.45 02a59016o0115c 0x000000   0.000000
59016.304646 19.569016      NaN    21    11 c    0   1.05 198.30071 -19.52091  2920.28  6032.69 2.80 2.37  43.2 -0.368    19.52 21.36 02a59016o0136c 0x000000   1.909091
59017.302317 20.071303      NaN     1    11 c    0   0.91 198.30071 -19.52091  2850.64  6110.80 2.86 2.33  42.3 -0.380    19.59 21.39 02a59017o0130c 0x000000   0.090909
59017.305520 20.321591      NaN    -2     9 c    0   1.07 198.30071 -19.52091  2831.77  6072.91 2.59 2.32  47.8 -0.383    19.64 21.40 02a59017o0137c 0x000000  -0.222222
59017.311976 20.321591      NaN    -4     9 c    0   1.65 198.30071 -19.52091  2890.15  6151.37 2.68 2.30  41.1 -0.372    19.66 21.43 02a59017o0151c 0x000000  -0.444444
59017.322142 20.321591      NaN   -20     9 c    0   1.24 198.30071 -19.52091  2910.83  6036.31 2.79 2.37  49.8 -0.371    19.58 21.43 02a59017o0173c 0x000000  -2.222222
59021.286511 19.841877      NaN   -19    14 c    0   1.29 198.30071 -19.52091  2620.91 10488.43 2.70 2.53 -62.7 -0.410    19.62 21.45 02a59021o0095c 0x000000  -1.357143
59021.289722 20.321591      NaN   -16     9 c    0   1.41 198.30071 -19.52091  2601.59 10448.76 2.56 2.42 -73.2 -0.418    19.66 21.44 02a59021o0102c 0x000000  -1.777778
59021.301170 20.103715      NaN    -5    11 c    0   0.94 198.30071 -19.52091  7075.61   291.61 2.48 2.08 -61.9 -0.434    19.70 21.47 02a59021o0125c 0x000000  -0.454545
59021.305309 20.103715      NaN     6     9 c    0   1.04 198.30071 -19.52091  7057.18   252.93 2.47 2.08 -62.4 -0.425    19.71 21.47 02a59021o0134c 0x000000   0.666667
59021.307137 20.207197      NaN    -4    10 c    0   1.16 198.30071 -19.52091  2682.26 10413.64 2.50 2.38 -90.0 -0.410    19.64 21.46 02a59021o0138c 0x000000  -0.400000
59021.310516 20.449472      NaN   -17     8 c    0   1.26 198.30071 -19.52091  7114.18   332.15 2.51 2.14 -61.6 -0.429    19.68 21.47 02a59021o0145c 0x000000  -2.125000
59021.321237 20.321591      NaN   -10     9 c    0   1.07 198.30071 -19.52091  7136.95   218.62 2.50 2.13 -61.5 -0.418    19.68 21.47 02a59021o0168c 0x000000  -1.111111
59041.254607 19.002397      NaN    22    23 c    0   0.73 198.30071 -19.52091  5280.48  2357.94 2.45 2.33  70.4 -0.384    18.69 19.83 02a59041o0024c 0x000000   0.956522
59041.257810 19.922338      NaN    -2    13 c    0   1.12 198.30071 -19.52091  5261.93  2318.89 2.44 2.32  75.4 -0.390    19.15 20.43 02a59041o0031c 0x000000  -0.153846
59041.265630 20.207197      NaN   -21    10 c    0   1.32 198.30071 -19.52091  5320.91  2396.16 2.51 2.39 -85.4 -0.387    19.51 21.21 02a59041o0048c 0x000000  -2.100000
59041.279454 20.207197      NaN    -1    10 c    0   1.15 198.30071 -19.52091  5340.83  2279.28 2.49 2.38  81.9 -0.387    19.56 21.33 02a59041o0078c 0x000000  -0.100000
59195.636624 20.009244      NaN    -5    12 c    0   1.27 198.30071 -19.52091  7155.23  6417.21 3.37 2.98 -47.4 -0.313    19.15 20.96 01a59195o0979c 0x000000  -0.416667
59195.641115 19.922338      NaN    -6    13 c    0   1.16 198.30071 -19.52091  7139.69  6377.16 3.93 3.02 -89.0 -0.272    19.03 20.94 01a59195o0988c 0x000000  -0.461538
59195.649003 19.491430      NaN    16    14 c    0   1.15 198.30071 -19.52091  7198.40  6454.54 3.34 3.04  17.8 -0.305    19.14 20.85 01a59195o1005c 0x000000   1.142857
59195.664244 18.417189      NaN    -1    52 c    0   1.29 198.30071 -19.52091  7220.46  6337.58 3.54 2.77  -4.2 -0.352    17.57 18.49 01a59195o1038c 0x100002  -0.019231
59207.550834 19.696897      NaN   -44    16 c    0   0.92 198.30071 -19.52091  1456.80  2517.24 3.18 2.84  60.4 -0.368    19.23 20.86 01a59207o0760c 0x000000  -2.750000
59207.558226 19.766969      NaN   -23    15 c    0   1.00 198.30071 -19.52091  1432.97  2479.62 3.06 2.84  49.0 -0.357    19.25 20.96 01a59207o0776c 0x000000  -1.533333
59207.562742 19.491430      NaN    10    16 c    0   0.89 198.30071 -19.52091  1495.11  2557.36 3.46 2.88  48.6 -0.357    19.21 20.98 01a59207o0785c 0x000000   0.625000
59207.576110 19.549093      NaN    22    11 c    0   1.24 198.30071 -19.52091  1509.76  2443.66 2.78 2.61  43.2 -0.367    19.37 21.08 01a59207o0814c 0x000000   2.000000
59227.591008 20.321591      NaN    -8     9 c    0   1.29 198.30071 -19.52091  3014.41  8060.49 2.80 2.49  -8.3 -0.356    19.60 21.76 01a59227o0799c 0x000000  -0.888889
59227.593773 20.449472      NaN    -9     8 c    0   1.68 198.30071 -19.52091  2995.16  8023.49 2.60 2.41 -59.6 -0.368    19.67 21.76 01a59227o0805c 0x000000  -1.125000
59227.599303 20.321591      NaN    -6     9 c    0   0.84 198.30071 -19.52091  3056.50  8102.31 2.55 2.47 -57.0 -0.364    19.65 21.77 01a59227o0817c 0x000000  -0.666667
59227.609334 20.321591      NaN   -10     9 c    0   1.32 198.30071 -19.52091  3078.48  7986.34 2.60 2.33  -8.5 -0.398    19.58 21.70 01a59227o0838c 0x000000  -1.111111
59229.544141 19.868040      NaN    11    10 c    0   0.99 198.30071 -19.52091  5163.31  6267.74 2.50 2.30  38.8 -0.396    19.61 21.43 02a59229o0754c 0x000000   1.100000
59229.550019 20.207197      NaN     3     9 c    0   1.37 198.30071 -19.52091  5183.55  6306.12 2.69 2.33  23.6 -0.387    19.63 21.45 02a59229o0766c 0x000000   0.333333
59229.566046 20.207197      NaN   -16    10 c    0   1.23 198.30071 -19.52091  5126.40  6229.67 2.40 2.26  41.2 -0.402    19.72 21.47 02a59229o0800c 0x000000  -1.600000
59229.573433 20.207197      NaN    -6    10 c    0   1.23 198.30071 -19.52091  5109.19  6344.73 2.54 2.31  27.1 -0.393    19.65 21.49 02a59229o0816c 0x000000  -0.600000
59231.556050 20.449472      NaN   -14     8 c    0   1.11 198.30071 -19.52091  3010.88  8058.82 2.79 2.41 -81.7 -0.379    19.63 21.65 01a59231o0647c 0x000000  -1.750000
59231.561489 20.171596      NaN     1    10 c    0   1.18 198.30071 -19.52091  2993.79  8020.78 2.82 2.66 -25.3 -0.355    19.57 21.66 01a59231o0658c 0x000000   0.100000
59231.567015 20.009244      NaN   -15    12 c    0   0.72 198.30071 -19.52091  3051.42  8098.55 3.20 2.79 -80.6 -0.362    19.45 21.66 01a59231o0670c 0x000000  -1.250000
59231.577611 20.321591      NaN     3     8 c    0   1.52 198.30071 -19.52091  3073.66  7984.87 2.91 2.49 -76.5 -0.374    19.61 21.71 01a59231o0693c 0x000000   0.375000
59234.671361 17.397568      NaN   126    91 c    0   1.11 198.30071 -19.52091  5341.28  2272.19 2.40 2.33  85.7 -0.392    16.71 17.98 02a59234o0779c 0x100002   1.384615
59253.578746 19.696897      NaN    12    12 c    0   0.97 198.30071 -19.52091  1476.51  4249.74 2.97 2.86   2.6 -0.397    19.39 21.56 02a59253o0521c 0x000000   1.000000
59253.581518 19.549093      NaN     4    17 c    0   1.53 198.30071 -19.52091  1495.01  4291.11 2.98 2.80 -52.2 -0.401    18.79 20.90 02a59253o0527c 0x000000   0.235294
59253.605525 20.207197      NaN    -3    10 c    0   1.46 198.30071 -19.52091  9114.25  6338.63 3.10 3.06  50.9 -0.387    19.44 21.63 02a59253o0577c 0x000000  -0.300000
59253.657264 20.207197      NaN    -9    10 c    0   1.41 198.30071 -19.52091  9136.36  6232.90 2.86 2.73  51.0 -0.387    19.57 21.42 02a59253o0625c 0x000000  -0.900000
59255.497498 19.816329      NaN    10    11 c    0   1.14 198.30071 -19.52091  1324.51   572.96 2.92 2.51  45.4 -0.412    19.59 21.86 01a59255o0611c 0x000000   0.909091
59255.501664 20.321591      NaN   -11     9 c    0   1.27 198.30071 -19.52091  1301.77   532.39 2.67 2.42  48.9 -0.412    19.68 21.87 01a59255o0620c 0x000000  -1.222222
59255.508130 20.321591      NaN    -7     9 c    0   1.23 198.30071 -19.52091  1361.13   613.04 2.93 2.59  43.3 -0.414    19.62 21.88 01a59255o0634c 0x000000  -0.777778
59255.516014 20.244005      NaN     5     8 c    0   1.64 198.30071 -19.52091  1379.54   496.49 2.60 2.40  45.1 -0.406    19.70 21.91 01a59255o0651c 0x000000   0.625000
59257.540026 20.137125      NaN     8     8 c    0   1.19 198.30071 -19.52091  1473.38  4252.27 2.53 2.35  20.0 -0.405    19.68 21.71 02a59257o0722c 0x000000   1.000000
59257.543225 20.449472      NaN    -5     8 c    0   1.14 198.30071 -19.52091  1495.12  4289.72 2.67 2.37  25.8 -0.396    19.68 21.71 02a59257o0729c 0x000000  -0.625000
59257.549230 20.449472      NaN     0     8 c    0   1.32 198.30071 -19.52091  1437.29  4212.07 2.45 2.35  23.9 -0.409    19.72 21.70 02a59257o0742c 0x000000   0.000000
59257.564200 20.594452      NaN    -6     7 c    0   2.11 198.30071 -19.52091  1420.26  4327.26 2.77 2.32  26.9 -0.393    19.66 21.71 02a59257o0773c 0x000000  -0.857143
59259.548239 19.922338      NaN    12     9 c    0   1.07 198.30071 -19.52091   920.74  6203.81 2.33 2.18 -84.6 -0.393    19.78 21.75 01a59259o0555c 0x000000   1.333333
59259.550078 20.449472      NaN    -1     8 c    0   0.96 198.30071 -19.52091   901.38  6165.22 2.34 2.19 -84.0 -0.390    19.77 21.75 01a59259o0559c 0x000000  -0.125000
59259.553298 20.137125      NaN     8     8 c    0   1.42 198.30071 -19.52091   960.54  6243.98 2.36 2.29 -63.7 -0.386    19.77 21.75 01a59259o0566c 0x000000   1.000000
59259.558365 20.405150      NaN     1     8 c    0   1.03 198.30071 -19.52091   981.63  6129.12 2.37 2.22 -77.8 -0.392    19.76 21.77 01a59259o0577c 0x000000   0.125000
59261.548638 20.321591      NaN   -15     9 c    0   1.13 198.30071 -19.52091  7323.22 10069.72 2.54 2.47  82.7 -0.408    19.74 21.59 02a59261o0735c 0x000000  -1.666667
59261.550466 20.449472      NaN   -13     8 c    0   1.44 198.30071 -19.52091  7341.52 10107.54 2.58 2.46  60.7 -0.407    19.76 21.59 02a59261o0739c 0x000000  -1.625000
59261.553668 20.071303      NaN     7     9 c    0   1.43 198.30071 -19.52091  7282.18 10027.64 2.63 2.42  48.2 -0.401    19.71 21.60 02a59261o0746c 0x000000   0.777778
59261.558697 20.207197      NaN   -26    10 c    0   1.19 198.30071 -19.52091  7264.03 10145.07 2.56 2.47  77.6 -0.408    19.73 21.62 02a59261o0757c 0x000000  -2.600000
59265.605921 17.143924      NaN   -90   168 c    0   1.18 198.30071 -19.52091  3244.20   490.11 3.25 3.02  73.9 -0.366    16.87 18.81 02a59265o0553c 0x100002  -0.535714
59265.649611 16.283762      NaN   309   268 c    0   1.16 198.30071 -19.52091  3307.96   412.89 2.67 2.48  81.0 -0.392    15.38 16.99 02a59265o0583c 0x100002   1.152985
59293.595019 20.321591      NaN    -8     9 c    0   1.17 198.30071 -19.52091  1519.78  4461.03 2.61 2.28  45.7 -0.395    19.48 21.25 02a59293o0362c 0x000000  -0.888889
59293.598220 20.207197      NaN   -18    10 c    0   1.13 198.30071 -19.52091  1500.40  4420.60 2.65 2.35  49.0 -0.392    19.46 21.23 02a59293o0369c 0x000000  -1.800000
59293.603716 19.589310      NaN    17    12 c    0   0.86 198.30071 -19.52091  1559.17  4498.72 2.66 2.40  46.8 -0.388    19.44 21.21 02a59293o0381c 0x000000   1.416667
59293.614716 19.868040      NaN     8    11 c    0   1.18 198.30071 -19.52091  1578.74  4382.80 2.61 2.32  45.3 -0.398    19.38 21.15 02a59293o0405c 0x000000   0.727273
59311.407295 20.103715      NaN   -21    11 c    0   0.85 198.30071 -19.52091  2868.69  6122.66 2.43 2.36 -22.9 -0.381    19.56 21.32 01a59311o0410c 0x000000  -1.909091
59311.409137 20.207197      NaN   -25    10 c    0   1.01 198.30071 -19.52091  2847.91  6083.33 2.32 2.21 -85.1 -0.397    19.48 21.18 01a59311o0414c 0x000000  -2.500000
59311.435900 19.766969      NaN   -19    15 c    0   1.33 198.30071 -19.52091  7645.78  4410.52 2.73 2.54 -15.4 -0.337    18.96 20.74 01a59311o0471c 0x000000  -1.266667
59311.443399 19.841877      NaN   -19    14 c    0   1.28 198.30071 -19.52091  7627.22  4525.65 2.55 2.46 -65.5 -0.376    19.29 21.02 01a59311o0487c 0x000000  -1.357143
59315.391283 20.103715      NaN   -17    11 c    0   1.33 198.30071 -19.52091  2654.04 10499.19 2.15 1.93 -55.8 -0.428    19.87 21.44 01a59315o0374c 0x000000  -1.545455
59315.393125 19.922338      NaN    -5    13 c    0   0.48 198.30071 -19.52091  2634.54 10459.82 2.15 1.96 -47.0 -0.410    19.87 21.45 01a59315o0378c 0x000000  -0.384615
59315.395430 20.405150      NaN     4     7 c    0   1.22 198.30071 -19.52091  7070.49   294.26 2.34 2.23 -25.2 -0.394    19.93 21.44 01a59315o0383c 0x000000   0.571429
59315.397271 20.171596      NaN     4     9 c    0   0.88 198.30071 -19.52091  7051.57   255.06 2.35 2.24 -31.1 -0.383    19.91 21.44 01a59315o0387c 0x000000   0.444444
59315.400034 20.449472      NaN    -9     8 c    0   1.48 198.30071 -19.52091  7108.75   332.61 2.42 2.25 -21.8 -0.394    19.90 21.45 01a59315o0393c 0x000000  -1.125000
59315.400955 20.594452      NaN    -3     7 c    0   1.39 198.30071 -19.52091  2714.96 10421.17 2.25 1.99 -32.0 -0.394    19.85 21.46 01a59315o0395c 0x000000  -0.428571
59315.431154 20.594452      NaN    -4     7 c    0   1.18 198.30071 -19.52091  3463.11 10380.61 2.20 2.00 -65.6 -0.399    19.88 21.38 01a59315o0460c 0x000000  -0.571429
59319.382045 20.103715      NaN    -6    11 c    0   0.93 198.30071 -19.52091  2655.37 10497.78 2.21 1.98 -47.1 -0.418    19.91 21.51 01a59319o0353c 0x000000  -0.545455
59319.384349 19.979496      NaN    10     9 c    0   1.30 198.30071 -19.52091  2635.62 10458.97 2.27 2.06 -50.7 -0.413    19.84 21.51 01a59319o0358c 0x000000   1.111111
59319.385270 20.321591      NaN    -4     9 c    0   0.97 198.30071 -19.52091  7071.18   292.82 2.53 2.45 -37.2 -0.386    19.87 21.51 01a59319o0360c 0x000000  -0.444444
59319.388492 20.449472      NaN   -14     8 c    0   1.77 198.30071 -19.52091  7051.51   254.08 2.45 2.37 -28.9 -0.392    19.89 21.51 01a59319o0367c 0x000000  -1.750000
59319.392632 20.282105      NaN     1     9 c    0   1.05 198.30071 -19.52091  7108.56   331.89 2.42 2.30 -17.0 -0.392    19.91 21.49 01a59319o0376c 0x000000   0.111111
59319.394475 20.449472      NaN    -5     8 c    0   0.93 198.30071 -19.52091  2715.14 10420.69 2.23 2.01 -54.5 -0.402    19.88 21.48 01a59319o0380c 0x000000  -0.625000
59319.397702 20.449472      NaN     0     8 c    0   1.09 198.30071 -19.52091  7127.84   214.01 2.47 2.29 -19.5 -0.385    19.90 21.47 01a59319o0387c 0x000000   0.000000
59337.434729 20.171596      NaN     4     9 c    0   1.22 198.30071 -19.52091  2977.66  8059.04 2.59 2.37  48.6 -0.376    19.62 21.43 02a59337o0451c 0x000000   0.444444
59337.450837 20.039830      NaN     8     9 c    0   1.71 198.30071 -19.52091  2958.28  8023.31 2.53 2.39  51.9 -0.382    19.62 21.40 02a59337o0486c 0x000000   0.888889
59337.454966 19.841877      NaN   -19    14 c    0   1.15 198.30071 -19.52091  3015.10  8098.60 2.56 2.43  53.8 -0.381    19.35 21.12 02a59337o0495c 0x000000  -1.357143
59337.463215 20.321591      NaN   -10     9 c    0   1.58 198.30071 -19.52091  3035.91  7981.01 2.57 2.36  47.0 -0.376    19.39 21.07 02a59337o0513c 0x000000  -1.111111
59349.359476 19.256669      NaN    30    14 c    0   0.99 198.30071 -19.52091  5158.42   404.56 2.72 2.40 -66.9 -0.403    19.51 21.36 02a59349o0254c 0x000000   2.142857
59349.362710 19.766969      NaN   -24    15 c    0   0.84 198.30071 -19.52091  5140.85   366.07 2.77 2.42 -60.6 -0.404    19.53 21.36 02a59349o0261c 0x000000  -1.600000
59349.368686 19.922338      NaN     0    13 c    0   1.17 198.30071 -19.52091  5199.27   441.44 2.81 2.42 -62.0 -0.401    19.51 21.35 02a59349o0274c 0x000000   0.000000
59349.374174 18.990530      NaN    29    21 c    0   1.54 198.30071 -19.52091   686.61 10510.24 2.78 2.45 -54.0 -0.466    19.47 21.31 02a59349o0286c 0x000000   1.380952
59349.379745 19.241693      NaN    16    19 c    0   1.36 198.30071 -19.52091  5219.15   327.79 3.99 3.66 -72.9 -0.380    19.13 21.35 02a59349o0298c 0x000000   0.842105
59367.343619 20.207197      NaN     6     8 c    0   1.24 198.30071 -19.52091  1316.24  6534.43 2.24 2.01 -73.8 -0.415    19.88 21.59 01a59367o0237c 0x000000   0.750000
59367.346845 20.449472      NaN     6     6 c    0   2.17 198.30071 -19.52091  1335.18  6571.77 2.21 2.03 -72.2 -0.412    19.88 21.60 01a59367o0244c 0x000000   1.000000
59367.352846 20.761819      NaN    -5     6 c    0   1.52 198.30071 -19.52091  1277.93  6495.04 2.14 2.01 -65.4 -0.407    19.91 21.61 01a59367o0257c 0x000000  -0.833333
59367.363903 20.449472      NaN    -5     8 c    0   1.46 198.30071 -19.52091  1258.81  6610.74 2.19 1.97 -70.6 -0.418    19.93 21.59 01a59367o0281c 0x000000  -0.625000
59371.322992 20.761819      NaN    -4     6 c    0   3.60 198.30071 -19.52091  5900.83   166.94 2.41 2.22  -2.4 -0.383    19.86 21.60 01a59371o0188c 0x000000  -0.666667
59371.326214 20.594452      NaN    -6     7 c    0   2.07 198.30071 -19.52091  5921.63   205.70 2.37 2.18   2.0 -0.389    19.87 21.60 01a59371o0195c 0x000000  -0.857143
59371.333620 20.594452      NaN    -7     7 c    0   1.44 198.30071 -19.52091  5862.67   126.87 2.34 2.18   3.5 -0.391    19.85 21.60 01a59371o0211c 0x000000  -1.000000
59371.338714 20.282105      NaN     4     8 c    0   2.29 198.30071 -19.52091  1606.47 10427.25 2.40 2.10 -57.1 -0.422    19.82 21.62 01a59371o0222c 0x000000   0.500000
59371.341933 19.816329      NaN     7    12 c    0   0.89 198.30071 -19.52091  1624.79 10465.21 2.60 2.27 -62.2 -0.440    19.77 21.61 01a59371o0229c 0x000000   0.583333
59371.344695 20.449472      NaN   -12     8 c    0   1.73 198.30071 -19.52091  5843.98   243.39 2.46 2.36  -4.0 -0.396    19.78 21.57 01a59371o0235c 0x000000  -1.500000
59371.347467 20.449472      NaN   -13     8 c    0   1.43 198.30071 -19.52091  1567.54 10387.44 2.46 2.18 -58.2 -0.433    19.83 21.60 01a59371o0241c 0x000000  -1.625000
59371.357648 19.674510      NaN     7    14 c    0   1.29 198.30071 -19.52091  1549.28 10505.01 2.54 2.19 -55.3 -0.417    19.78 21.56 01a59371o0263c 0x000000   0.500000
59379.316349 20.009244      NaN    12     8 c    0   1.50 198.30071 -19.52091  5593.59  2604.99 2.24 2.21 -79.9 -0.387    19.81 21.41 01a59379o0170c 0x000000   1.500000
59379.319592 20.009244      NaN    15     7 c    0   1.65 198.30071 -19.52091  5613.34  2644.11 2.25 2.19 -81.0 -0.384    19.82 21.42 01a59379o0177c 0x000000   2.142857
59379.325137 20.449472      NaN   -23     8 c    0   1.34 198.30071 -19.52091  5553.92  2566.42 2.22 2.18 -19.8 -0.380    19.82 21.45 01a59379o0189c 0x000000  -2.875000
59379.335296 20.405150      NaN     1     8 c    0   1.49 198.30071 -19.52091  5535.24  2681.27 2.22 2.19 -64.6 -0.386    19.84 21.48 01a59379o0211c 0x000000   0.125000
59394.291689 19.696897      NaN    12    12 c    0   1.06 198.30071 -19.52091  9211.65  8249.53 2.68 2.49 -66.6 -0.406    19.61 21.18 02a59394o0104c 0x000000   1.000000
59394.295367 20.009244      NaN   -11    12 c    0   1.24 198.30071 -19.52091  9194.64  8209.76 2.82 2.57 -66.4 -0.399    19.58 21.18 02a59394o0112c 0x000000  -0.916667
59394.303191 19.894850      NaN    10    10 c    0   1.32 198.30071 -19.52091  9251.26  8287.28 2.70 2.52 -68.6 -0.400    19.58 21.18 02a59394o0129c 0x000000   1.000000
59394.315609 20.103715      NaN   -12    11 c    0   1.24 198.30071 -19.52091  9273.88  8169.83 2.71 2.54 -67.2 -0.400    19.56 21.19 02a59394o0156c 0x000000  -1.090909
59409.253149 18.786693      NaN   -39    37 c    0   0.86 198.30071 -19.52091  1030.08  8133.78 2.61 2.39 -59.0 -0.431    18.52 19.55 02a59409o0022c 0x100002  -1.054054
59409.257270 19.631075      NaN    -8    17 c    0   1.43 198.30071 -19.52091  1012.23  8091.98 2.81 2.49 -58.7 -0.423    18.89 20.19 02a59409o0031c 0x000000  -0.470588
59409.262770 19.841877      NaN   -14    14 c    0   1.03 198.30071 -19.52091  1071.23  8170.21 2.62 2.37 -61.8 -0.422    19.25 20.63 02a59409o0043c 0x000000  -1.000000
59409.275135 19.719755      NaN     5    14 c    0   0.72 198.30071 -19.52091  1093.27  8052.47 2.49 2.29 -59.9 -0.429    19.32 20.77 02a59409o0070c 0x000000   0.357143