         MJD         m       dm   uJy  duJy F  err  chi/N        RA      Dec        x        y  maj  min   phi  apfit  mag5sig   Sky            Obs     Mask    __tmp_SN
57717.643798 17.509244      NaN -2092   120 c    0   1.71 125.92251 21.43444  5113.88  2430.62 4.31 4.12  89.4 -0.353    16.98 18.62 02a57717o0018c 0x100002  -17.433333
57717.659712 18.438271      NaN   -92    51 c    0   1.20 125.92251 21.43444  5132.77  2315.15 4.31 4.15  89.6 -0.350    18.28 19.54 02a57717o0042c 0x100002   -1.803922
57721.545849 19.631075      NaN  -119    17 c    0   1.63 125.92251 21.43444  5429.79  5578.72 4.32 4.18  81.0 -0.361    19.59 21.76 02a57721o0650c 0x000000   -7.000000
57745.500832 19.766969      NaN   -26    15 c    0   2.32 125.92251 21.43444  3339.26  7550.22 3.71 3.57  24.0 -0.441    19.74 21.74 02a57745o0581c 0x000000   -1.733333
57745.514477 19.155932      NaN    31    16 c    0   1.93 125.92251 21.43444  3354.05  7593.79 3.86 3.71  28.8 -0.422    19.70 21.72 02a57745o0605c 0x000000    1.937500
57745.529267 19.696897      NaN   -14    16 c    0   1.47 125.92251 21.43444  7216.26  2933.79 3.86 3.71 -89.7 -0.377    19.66 21.59 02a57745o0631c 0x000000   -0.875000
57745.540727 19.696897      NaN   -17    16 c    0   1.45 125.92251 21.43444  7236.77  2821.22 4.38 3.96   1.4 -0.366    19.53 21.52 02a57745o0649c 0x000000   -1.062500
57745.566208 19.631075      NaN    -8    17 c    0   1.63 125.92251 21.43444  7199.38  2880.09 4.37 4.10   1.6 -0.367    19.47 21.44 02a57745o0691c 0x000000   -0.470588
57753.482721 18.598565      NaN  -768    44 c    0   2.02 125.92251 21.43444  5694.29  6827.54 3.69 3.58  87.7 -0.414    18.33 20.23 02a57753o0427c 0x100002  -17.454545
57753.495524 18.786693      NaN  -235    37 c    0   1.82 125.92251 21.43444  4790.85  3579.19 3.76 3.63  84.6 -0.373    18.53 20.41 02a57753o0450c 0x100002   -6.351351
57753.509617 18.574166      NaN -1236    45 c    0   2.17 125.92251 21.43444  4842.56  3654.90 3.72 3.61  84.2 -0.379    18.05 19.91 02a57753o0476c 0x100002  -27.466667
57753.519902 19.128787      NaN   -53    27 c    0   1.76 125.92251 21.43444  4863.23  3542.70 3.71 3.60  89.3 -0.384    18.97 20.84 02a57753o0493c 0x000000   -1.962963
57753.530841 18.623526      NaN   -61    43 c    0   1.39 125.92251 21.43444  4826.27  3599.27 3.73 3.63  86.5 -0.383    18.53 20.35 02a57753o0513c 0x100002   -1.418605
57757.486258 19.719755 0.323411    47    14 c    0   3.21 125.92251 21.43444  7177.81  3671.78 3.77 3.49  88.2 -0.384    19.69 21.57 02a57757o0536c 0x000000    3.357143
57757.496626 19.038793 0.185069    88    15 c    0   2.14 125.92251 21.43444  7158.87  3631.62 3.74 3.49  89.9 -0.394    19.69 21.55 02a57757o0553c 0x000000    5.866667
57757.504918 19.026525 0.195189    89    16 c    0   1.87 125.92251 21.43444  7230.84  3713.90 3.76 3.51  87.5 -0.384    19.68 21.55 02a57757o0568c 0x000000    5.562500
57757.517902 19.128787 0.201062    81    15 c    0   1.80 125.92251 21.43444  7249.21  3594.19 3.77 3.54  87.7 -0.384    19.69 21.57 02a57757o0590c 0x000000    5.400000
57757.529524 19.922338      NaN   -56    13 c    0   2.22 125.92251 21.43444  7215.78  3655.34 3.78 3.56  86.4 -0.382    19.68 21.58 02a57757o0610c 0x000000   -4.307692
57777.454172 19.766969 0.337785    45    14 c    0   2.05 125.92251 21.43444  4419.64  2181.00 3.78 3.76 -43.6 -0.391    19.71 21.68 02a57777o0490c 0x000000    3.214286
57777.463803 19.226921 0.234754    74    16 c    0   2.05 125.92251 21.43444  4401.74  2143.33 3.77 3.73 -74.2 -0.392    19.70 21.66 02a57777o0507c 0x000000    4.625000
57777.472065 18.857417 0.146157   104    14 c    0   3.39 125.92251 21.43444  4455.04  2220.36 3.89 3.79 -77.7 -0.379    19.67 21.66 02a57777o0522c 0x000000    7.428571
57777.494760 19.102305 0.196217    83    15 c    0   1.78 125.92251 21.43444  4474.62  2105.12 3.85 3.81 -79.4 -0.383    19.66 21.62 02a57777o0563c 0x000000    5.533333
57777.506199 19.766969      NaN   -38    15 c    0   1.54 125.92251 21.43444  4441.43  2161.65 3.77 3.74 -54.4 -0.389    19.67 21.61 02a57777o0582c 0x000000   -2.533333
57781.435703 19.841877      NaN   -20    14 c    0   2.77 125.92251 21.43444  4763.98  2454.55 3.87 3.69  82.0 -0.378    19.74 21.75 02a57781o0392c 0x000000   -1.428571
57781.448783 19.841877      NaN   -78    14 c    0   2.05 125.92251 21.43444  4744.45  2414.44 3.93 3.77  87.5 -0.375    19.71 21.73 02a57781o0415c 0x000000   -5.571429
57781.472818 19.841877      NaN   -37    14 c    0   2.42 125.92251 21.43444  4799.73  2493.29 3.81 3.68  89.8 -0.380    19.72 21.69 02a57781o0458c 0x000000   -2.642857
57781.484749 19.766969      NaN   -56    15 c    0   2.06 125.92251 21.43444  4819.47  2379.03 3.81 3.68  89.6 -0.388    19.72 21.66 02a57781o0479c 0x000000   -3.733333
57781.496017 19.841877      NaN    -2    14 c    0   2.25 125.92251 21.43444  4783.39  2435.99 3.77 3.64 -88.5 -0.386    19.73 21.67 02a57781o0500c 0x000000   -0.142857
57805.397236 19.226921 0.205410    74    14 c    0   2.32 125.92251 21.43444  5035.28  4781.27 3.85 3.71  80.8 -0.374    19.64 21.61 02a57805o0337c 0x000000    5.285714
57805.406457 19.241693      NaN    28    15 c    0   1.95 125.92251 21.43444  5018.69  4743.81 3.83 3.68  87.9 -0.377    19.65 21.59 02a57805o0354c 0x000000    1.866667
57805.427341 19.696897      NaN   -47    16 c    0   2.93 125.92251 21.43444  5075.78  4822.84 4.33 4.09  83.8 -0.372    19.49 21.60 02a57805o0391c 0x000000   -2.937500
57805.438720 19.922338      NaN    -3    13 c    0   3.40 125.92251 21.43444  5095.36  4704.50 4.04 3.85  86.2 -0.365    19.59 21.60 02a57805o0409c 0x000000   -0.230769
57805.449121 19.609992 0.313193    52    15 c    0   2.58 125.92251 21.43444  5060.73  4764.18 3.80 3.64  86.9 -0.380    19.63 21.54 02a57805o0428c 0x000000    3.466667
57809.379355 19.089302      NaN  -285    28 c    0   2.29 125.92251 21.43444  5301.22  2499.47 3.81 3.67  79.7 -0.383    18.69 20.54 02a57809o0303c 0x000000  -10.178571
57809.407979 17.762888      NaN -1000    95 c    0   1.38 125.92251 21.43444  5266.23  2459.69 3.83 3.70 -89.5 -0.388    17.63 19.40 02a57809o0353c 0x100002  -10.526316
57809.417118 17.729132      NaN  -202    98 c    0   0.98 125.92251 21.43444  5338.69  2536.65 3.78 3.64  89.9 -0.394    18.21 20.09 02a57809o0368c 0x100002   -2.061224
57809.429256 19.038793      NaN    37    17 c    0   2.35 125.92251 21.43444  5359.08  2421.65 3.80 3.72  86.4 -0.383    19.40 21.36 02a57809o0390c 0x000000    2.176471
57809.452015 19.841877      NaN   -56    14 c    0   3.07 125.92251 21.43444  5326.63  2478.34 3.81 3.75   3.5 -0.385    19.69 21.69 02a57809o0428c 0x000000   -4.000000
57817.277550 19.256669      NaN  -170    24 c    0   2.21 125.92251 21.43444  4616.99  8381.82 3.99 3.81  31.6 -0.438    19.07 20.69 02a57817o0034c 0x000000   -7.083333
57817.289091 19.401649      NaN  -206    21 c    0   2.00 125.92251 21.43444  4634.40  8424.79 4.07 3.82  28.8 -0.425    19.08 20.71 02a57817o0057c 0x000000   -9.809524
57817.297304 19.351140      NaN   -73    22 c    0   2.60 125.92251 21.43444  4584.01  8346.71 3.98 3.80  23.2 -0.439    19.09 20.72 02a57817o0073c 0x000000   -3.318182
57817.320037 19.401649      NaN  -266    21 c    0   2.47 125.92251 21.43444  4565.60  8468.56 3.87 3.80  21.2 -0.428    19.14 20.77 02a57817o0117c 0x000000  -12.666667
57817.330194 19.454622      NaN  -263    20 c    0   2.69 125.92251 21.43444  4598.42  8413.23 3.92 3.84  54.7 -0.418    19.14 20.75 02a57817o0136c 0x000000  -13.150000
57833.342335 19.696897      NaN  -134    16 c    0   2.24 125.92251 21.43444  5412.55  1589.81 3.77 3.65 -75.5 -0.396    19.01 20.82 02a57833o0222c 0x000000   -8.375000
57833.355695 19.696897      NaN  -162    16 c    0   2.40 125.92251 21.43444  5395.12  1550.18 3.76 3.61 -83.3 -0.401    19.02 20.80 02a57833o0247c 0x000000  -10.125000
57833.368074 19.766969      NaN  -152    15 c    0   2.45 125.92251 21.43444  5449.11  1631.76 3.79 3.62 -82.4 -0.400    19.01 20.78 02a57833o0269c 0x000000  -10.133333
57833.390073 19.696897      NaN   -51    16 c    0   2.34 125.92251 21.43444  5470.00  1515.22 3.80 3.70 -76.0 -0.400    18.97 20.75 02a57833o0308c 0x000000   -3.187500
57833.402324 19.569016      NaN  -104    18 c    0   1.70 125.92251 21.43444  5437.19  1568.43 3.78 3.66 -77.5 -0.399    18.97 20.72 02a57833o0329c 0x000000   -5.777778
57837.342276 19.419021      NaN     8    18 c    0   2.59 125.92251 21.43444  4669.30  2672.63 3.92 3.86 -89.4 -0.367    18.86 20.63 02a57837o0150c 0x000000    0.444444
57837.348323 19.569016      NaN   -29    18 c    0   1.87 125.92251 21.43444  4651.51  2634.18 3.88 3.79  84.9 -0.370    18.87 20.60 02a57837o0161c 0x000000   -1.611111
57837.369783 19.569016      NaN  -126    18 c    0   1.89 125.92251 21.43444  4707.76  2711.92 4.02 3.91  89.1 -0.368    18.82 20.60 02a57837o0200c 0x000000   -7.000000
57837.381117 19.569016      NaN    -4    18 c    0   2.20 125.92251 21.43444  4727.12  2593.21 3.95 3.86  84.9 -0.370    18.84 20.60 02a57837o0220c 0x000000   -0.222222
57837.391876 18.921935      NaN    38    20 c    0   1.99 125.92251 21.43444  4690.85  2653.55 3.89 3.82  82.2 -0.373    18.84 20.56 02a57837o0239c 0x000000    1.900000
57841.323920 19.529530      NaN     2    18 c    0   2.30 125.92251 21.43444  4632.72  4011.60 3.85 3.68  80.3 -0.369    18.95 20.72 02a57841o0182c 0x000000    0.111111
57841.349087 19.631075      NaN  -122    17 c    0   1.99 125.92251 21.43444  4614.94  3973.72 3.86 3.70  80.1 -0.370    18.91 20.67 02a57841o0230c 0x000000   -7.176471
57841.358412 19.569016      NaN  -200    18 c    0   2.19 125.92251 21.43444  4670.85  4047.58 3.93 3.76  88.7 -0.369    18.87 20.65 02a57841o0248c 0x000000  -11.111111
57841.369099 18.826541      NaN    53    18 c    0   2.58 125.92251 21.43444  4689.91  3934.63 3.93 3.77  86.7 -0.366    18.84 20.60 02a57841o0268c 0x000000    2.944444
57841.390065 19.510313      NaN  -123    19 c    0   1.45 125.92251 21.43444  4654.96  3990.33 3.95 3.82  87.2 -0.366    18.80 20.54 02a57841o0307c 0x000000   -6.473684
57845.256185 19.169763      NaN  -103    26 c    0   1.70 125.92251 21.43444  7484.72  3155.93 4.40 4.18  46.9 -0.400    18.51 20.04 02a57845o0070c 0x000000   -3.961538
57845.267394 19.256669      NaN   -39    24 c    0   2.21 125.92251 21.43444  7469.77  3118.38 4.82 4.34   4.6 -0.382    18.46 20.06 02a57845o0090c 0x000000   -1.625000
57845.291761 19.351140      NaN   -40    22 c    0   1.85 125.92251 21.43444  7524.01  3195.36 4.35 4.12   6.5 -0.387    18.54 20.10 02a57845o0133c 0x000000   -1.818182
57845.303531 19.051202      NaN  -165    29 c    0   1.35 125.92251 21.43444  7543.47  3077.54 6.43 4.21   2.1 -0.334    18.30 20.08 02a57845o0154c 0x000000   -5.689655
57845.310255 19.256669      NaN   -57    24 c    0   2.00 125.92251 21.43444  7508.04  3134.91 4.21 4.02  72.9 -0.392    18.54 20.07 02a57845o0166c 0x000000   -2.375000
57865.357634 19.051202      NaN    42    15 c    0   4.10 125.92251 21.43444  6287.47  2153.61 3.04 2.93  30.6 -0.410    19.02 20.17 02a57865o0190c 0x000000    2.800000
57865.386839 19.454622 0.289530    60    16 c    0   2.58 125.92251 21.43444  6362.46  2115.42 3.33 3.18  32.2 -0.398    18.94 20.15 02a57865o0245c 0x000000    3.750000
57893.251172 19.063754 0.164123    86    13 c    0   3.07 125.92251 21.43444  4245.91  4907.34 2.66 2.56  19.4 -0.475    19.24 20.39 02a57893o0013c 0x000000    6.615385
57893.257473 18.836735 0.143399   106    14 c    0   2.27 125.92251 21.43444  4227.66  4867.73 2.71 2.52  13.8 -0.487    19.37 20.67 02a57893o0025c 0x000000    7.571429
57893.266367 18.684100 0.124593   122    14 c    0   3.61 125.92251 21.43444  4281.12  4944.89 2.74 2.50  23.3 -0.488    19.35 20.69 02a57893o0042c 0x000000    8.714286
57893.277892 19.841877      NaN   -22    14 c    0   2.74 125.92251 21.43444  4297.46  4828.91 2.76 2.45  22.5 -0.486    19.31 20.63 02a57893o0064c 0x000000   -1.571429
57893.290478 19.719755 0.323411    47    14 c    0   2.66 125.92251 21.43444  4263.41  4884.98 2.81 2.43  22.1 -0.494    19.25 20.55 02a57893o0088c 0x000000    3.357143
57901.258486 19.419021 0.280190    62    16 c    0   2.52 125.92251 21.43444  5363.84  3455.87 3.21 2.96  42.4 -0.435    19.16 20.47 02a57901o0042c 0x000000    3.875000
57901.267422 19.510313      NaN     9    16 c    0   1.81 125.92251 21.43444  5380.48  3338.08 3.19 2.91  43.3 -0.438    19.21 20.57 02a57901o0059c 0x000000    0.562500
58071.625227 20.321591      NaN   -46     9 c    0   5.10 125.92251 21.43444  2648.23 10328.08 2.64 2.20  18.9 -0.453    19.78 21.39 02a58071o0730c 0x000000   -5.111111
58071.628105 20.009244      NaN   -86    12 c    0   4.57 125.92251 21.43444  1362.46  9906.56 2.66 2.22  16.7 -0.452    19.74 21.40 02a58071o0735c 0x000000   -7.166667
58071.634457 20.282105      NaN     1     9 c    0   9.08 125.92251 21.43444  2594.32 10254.68 2.64 2.13  14.9 -0.467    19.75 21.39 02a58071o0747c 0x000000    0.111111
58071.637915 18.900000 0.097716   100     9 c    0   7.09 125.92251 21.43444  9103.77   650.21 2.78 2.44  48.7 -0.421    19.77 21.38 02a58071o0753c 0x000000   11.111111
58071.643966 19.529530 0.213270    56    11 c    0   8.48 125.92251 21.43444  2575.01 10374.43 2.68 2.19  14.7 -0.458    19.69 21.27 02a58071o0765c 0x000000    5.090909
58075.597562 20.449472      NaN   -73     8 c    0   4.74 125.92251 21.43444  9125.66  1625.43 2.69 2.46  57.4 -0.428    19.78 21.44 02a58075o0745c 0x000000   -9.125000
58075.610742 20.103715      NaN   -24    11 c    0   6.55 125.92251 21.43444  1340.34  8768.57 2.57 2.25  16.1 -0.450    19.62 21.27 02a58075o0765c 0x000000   -2.181818
58075.622298 20.321591      NaN   -29     9 c    0   6.70 125.92251 21.43444  1392.70  8844.41 2.59 2.28  17.8 -0.441    19.73 21.43 02a58075o0782c 0x000000   -3.222222
58075.634816 19.510313      NaN    27    10 c    0   5.95 125.92251 21.43444  1408.24  8722.54 2.55 2.23  10.5 -0.447    19.64 21.26 02a58075o0800c 0x000000    2.700000
58079.606250 20.594452      NaN   -94     7 c    0   6.75 125.92251 21.43444  1038.99  7331.13 2.48 2.29  30.7 -0.465    19.77 21.56 02a58079o0789c 0x000000  -13.428571
58079.611846 20.321591      NaN   -27     9 c    0   5.61 125.92251 21.43444  1018.66  7290.63 2.64 2.48  33.9 -0.456    19.73 21.57 02a58079o0799c 0x000000   -3.000000
58079.621187 20.594452      NaN  -202     7 c    0  12.45 125.92251 21.43444  1071.62  7366.89 2.50 2.31  29.5 -0.459    19.80 21.56 02a58079o0816c 0x100001  -28.857143
58079.630562 20.449472      NaN    -8     8 c    0   8.36 125.92251 21.43444  1090.43  7251.57 2.60 2.32  21.7 -0.456    19.75 21.57 02a58079o0834c 0x000000   -1.000000
58135.531587 20.009244      NaN  -110    12 c    0   6.46 125.92251 21.43444  2549.53  8549.18 3.05 2.85  18.3 -0.435    19.53 21.47 02a58135o0696c 0x000000   -9.166667
58135.539979 20.321591      NaN  -140     9 c    0   8.32 125.92251 21.43444  2514.48  8511.10 3.05 2.81  20.3 -0.436    19.52 21.45 02a58135o0713c 0x000000  -15.555556
58135.548913 20.009244      NaN   -90    12 c    0  14.57 125.92251 21.43444  2586.54  8588.44 3.31 3.15  27.9 -0.423    19.44 21.43 02a58135o0732c 0x100001   -7.500000
58135.559218 20.103715      NaN   -24    11 c    0   4.45 125.92251 21.43444  2606.05  8470.17 2.95 2.70  16.3 -0.444    19.53 21.43 02a58135o0752c 0x000000   -2.181818
58167.460924 18.910912      NaN   -32    33 c    0   1.50 125.92251 21.43444  3281.34  6780.25 2.46 2.26  21.1 -0.463    18.32 19.93 02a58167o0525c 0x100002   -0.969697
58167.471176 17.990970      NaN   -17    77 c    0   2.01 125.92251 21.43444  3263.59  6741.74 2.55 2.36  22.4 -0.452    16.76 18.33 02a58167o0546c 0x100002   -0.220779
58167.481884 20.103715      NaN   -18    11 c    0   4.29 125.92251 21.43444  3317.74  6818.10 2.61 2.43  25.9 -0.459    19.49 21.27 02a58167o0567c 0x000000   -1.636364
58167.492240 18.836735      NaN    49    19 c    0   2.38 125.92251 21.43444  3339.02  6701.65 2.55 2.37  21.1 -0.450    18.96 20.62 02a58167o0587c 0x000000    2.578947
58171.424425 18.978793 0.140095    93    12 c    0   3.95 125.92251 21.43444  1998.99  6983.55 2.51 2.30  19.6 -0.459    19.75 21.53 02a58171o0240c 0x000000    7.750000
58171.435698 19.696897      NaN    -2    16 c    0   3.17 125.92251 21.43444  1964.31  6945.20 2.60 2.31  13.2 -0.455    19.24 20.99 02a58171o0262c 0x000000   -0.125000
58171.444860 16.669763      NaN  -930   260 c    0   1.13 125.92251 21.43444  2036.01  7021.30 2.53 2.33  19.9 -0.450    16.11 17.84 02a58171o0281c 0x100002   -3.576923
58251.270880 19.318728 0.191601    68    12 c    0   4.43 125.92251 21.43444   677.91  8826.42 2.60 2.46 -34.9 -0.415    19.47 20.94 02a58251o0106c 0x000000    5.666667
58251.281973 18.826541 0.131912   107    13 c    0   2.66 125.92251 21.43444   641.76  8786.52 2.59 2.44 -33.5 -0.412    19.45 20.91 02a58251o0129c 0x000000    8.230769
58251.282429 19.589310      NaN    17    12 c    0   3.84 125.92251 21.43444 10269.08  8875.68 2.80 2.62  31.9 -0.422    19.53 21.01 02a58251o0130c 0x000000    1.416667
58251.293029 20.321591      NaN  -198     9 c    0   8.94 125.92251 21.43444   715.43  8861.95 2.55 2.38 -36.2 -0.415    19.45 20.90 02a58251o0152c 0x000000  -22.000000
58251.293486 19.183773 0.183306    77    13 c    0   2.67 125.92251 21.43444 10250.07  8835.36 2.76 2.59  25.7 -0.415    19.49 21.01 02a58251o0153c 0x000000    5.923077
58251.303979 20.207197      NaN  -115    10 c    0   6.27 125.92251 21.43444   736.59  8743.01 2.54 2.37 -14.1 -0.425    19.46 20.89 02a58251o0175c 0x000000  -11.500000
58251.304435 20.103715      NaN  -128    11 c    0   3.46 125.92251 21.43444 10306.35  8915.24 2.85 2.64  26.8 -0.423    19.48 21.01 02a58251o0176c 0x000000  -11.636364
58251.315484 19.549093      NaN    13    14 c    0   2.98 125.92251 21.43444 10324.69  8797.49 2.76 2.62  30.6 -0.428    19.47 20.98 02a58251o0199c 0x000000    0.928571
58455.576688 20.282105      NaN     1     9 c    0   4.94 125.92251 21.43444  2253.70  3721.67 2.47 2.31  39.2 -0.426    19.78 21.61 02a58455o0712c 0x000000    0.111111
58455.589575 20.449472      NaN   -98     8 c    0   9.35 125.92251 21.43444  8348.61  6801.11 2.50 2.47 -68.2 -0.452    19.71 21.55 02a58455o0736c 0x000000  -12.250000
58455.590033 19.674510      NaN    19    10 c    0   4.74 125.92251 21.43444  8402.76  6879.82 2.42 2.35 -32.9 -0.440    19.74 21.55 02a58455o0737c 0x000000    1.900000
58455.602761 20.103715      NaN   -26    11 c    0   2.81 125.92251 21.43444  8414.57  6760.22 2.92 2.75 -59.4 -0.351    19.61 21.47 02a58455o0760c 0x000000   -2.363636
58459.558351 19.816329 0.252497    43    10 c    0  10.47 125.92251 21.43444  3657.30  8334.73 2.60 2.43  22.0 -0.450    19.73 21.69 02a58459o0764c 0x100001    4.300000
58459.564406 19.696897      NaN    18    10 c    0   5.01 125.92251 21.43444  3640.72  8295.08 2.82 2.63  17.8 -0.441    19.68 21.72 02a58459o0775c 0x000000    1.800000
58459.572874 18.649074 0.086170   126    10 c    0   3.05 125.92251 21.43444  7011.11  2305.42 2.93 2.78  55.3 -0.402    19.67 21.73 02a58459o0791c 0x000000   12.600000
58459.580913 20.171596      NaN     4     9 c    0   8.73 125.92251 21.43444  3589.03  8374.12 2.58 2.40  -0.0 -0.458    19.75 21.72 02a58459o0806c 0x000000    0.444444
58487.499921 18.816441 0.100531   108    10 c    0   5.10 125.92251 21.43444  1069.35   308.46 2.74 2.43  43.9 -0.465    19.62 21.54 02a58487o0624c 0x000000   10.800000
58487.502463 18.445391 0.085716   152    12 c    0   5.67 125.92251 21.43444  4014.96 10021.46 2.67 2.56   2.5 -0.428    19.64 21.56 02a58487o0629c 0x000000   12.666667
58487.510948 19.334813 0.178255    67    11 c    0   4.49 125.92251 21.43444  1049.71   268.64 2.81 2.47  31.8 -0.453    19.61 21.56 02a58487o0646c 0x000000    6.090909
58487.515755 19.510313 0.209528    57    11 c    0   3.59 125.92251 21.43444  1104.64   347.84 2.71 2.42  46.0 -0.451    19.62 21.56 02a58487o0656c 0x000000    5.181818
58487.518047 18.304885 0.069035   173    11 c    0   6.09 125.92251 21.43444  3994.13  9982.74 2.67 2.57   1.3 -0.431    19.63 21.58 02a58487o0660c 0x000000   15.727273
58487.527002 18.496580 0.097342   145    13 c    0   3.25 125.92251 21.43444  4048.00 10064.59 2.65 2.53  -3.5 -0.436    19.62 21.57 02a58487o0678c 0x000000   11.153846
58487.527459 18.729535 0.120637   117    13 c    0   3.16 125.92251 21.43444  4066.76  9946.78 2.69 2.56   1.2 -0.432    19.62 21.57 02a58487o0679c 0x000000    9.000000
58487.527916 20.071303 0.351268    34    11 c    0   2.87 125.92251 21.43444  1121.56   232.45 2.76 2.40  43.7 -0.471    19.64 21.55 02a58487o0680c 0x000000    3.090909
58491.495743 18.990530 0.094412    92     8 c    0   7.36 125.92251 21.43444  7353.08  6144.14 2.57 2.52 -62.7 -0.415    19.64 21.65 02a58491o0623c 0x000000   11.500000
58491.506481 20.207197      NaN   -10    10 c    0   3.98 125.92251 21.43444  7328.52  6104.42 2.50 2.39 -75.5 -0.427    19.72 21.66 02a58491o0645c 0x000000   -1.000000
58491.520908 19.334813 0.162050    67    10 c    0   3.63 125.92251 21.43444  7382.13  6185.42 2.48 2.41 -74.3 -0.425    19.71 21.68 02a58491o0672c 0x000000    6.700000
58491.527567 20.449472      NaN  -149     8 c    0  10.99 125.92251 21.43444  7400.49  6072.25 2.47 2.39 -79.4 -0.429    19.72 21.69 02a58491o0686c 0x100001  -18.625000
58519.447359 20.207197      NaN     3     9 c    0   3.11 125.92251 21.43444  8926.35  2294.52 2.77 2.63  67.7 -0.427    19.73 21.69 02a58519o0500c 0x000000    0.333333
58519.458748 20.449472      NaN    -7     8 c    0   3.95 125.92251 21.43444  8906.37  2254.98 2.66 2.56  66.4 -0.427    19.78 21.70 02a58519o0523c 0x000000   -0.875000
58519.473417 19.529530 0.174493    56     9 c    0   6.58 125.92251 21.43444  8957.99  2336.02 2.72 2.66  50.8 -0.422    19.76 21.69 02a58519o0550c 0x000000    6.222222
58519.481355 20.449472      NaN   -53     8 c    0   5.07 125.92251 21.43444  8975.56  2218.94 2.64 2.54  61.9 -0.427    19.77 21.69 02a58519o0566c 0x000000   -6.625000
58523.445116 19.063754 0.100999    86     8 c    0   6.68 125.92251 21.43444  4976.27  2269.03 2.73 2.46  37.9 -0.408    19.72 21.60 02a58523o0495c 0x000000   10.750000
58523.454685 18.836735 0.092185   106     9 c    0   5.11 125.92251 21.43444  4956.49  2230.53 2.70 2.43  36.4 -0.411    19.74 21.61 02a58523o0512c 0x000000   11.777778
58523.461361 20.207197      NaN  -125    10 c    0   4.78 125.92251 21.43444  5027.51  2308.02 2.77 2.53  31.9 -0.401    19.69 21.62 02a58523o0526c 0x000000  -12.500000
58523.474411 20.321591      NaN   -12     9 c    0   4.56 125.92251 21.43444  5045.40  2192.37 2.74 2.46  36.2 -0.402    19.72 21.60 02a58523o0550c 0x000000   -1.333333
58575.343225 18.649074 0.077553   126     9 c    0   7.22 125.92251 21.43444  5564.92  4214.37 2.41 2.36 -66.7 -0.405    19.61 21.39 02a58575o0038c 0x000000   14.000000
58575.351917 19.491430 0.205915    58    11 c    0   2.85 125.92251 21.43444  5546.72  4174.74 2.38 2.27 -54.7 -0.407    19.57 21.29 02a58575o0056c 0x000000    5.272727
58575.361059 19.334813 0.178255    67    11 c    0   3.47 125.92251 21.43444  5601.28  4250.47 2.45 2.30 -57.0 -0.403    19.57 21.30 02a58575o0075c 0x000000    6.090909
58575.369813 20.207197 0.361912    30    10 c    0   5.16 125.92251 21.43444  5621.26  4133.69 2.40 2.24 -54.0 -0.406    19.58 21.29 02a58575o0093c 0x000000    3.000000
58579.339340 18.615142 0.083518   130    10 c    0   5.57 125.92251 21.43444  3028.15  2273.34 2.48 2.33  59.6 -0.407    19.65 21.41 02a58579o0257c 0x000000   13.000000
58579.347898 18.666446 0.105071   124    12 c    0   2.82 125.92251 21.43444  3010.83  2233.66 2.42 2.32  74.3 -0.411    19.63 21.41 02a58579o0275c 0x000000   10.333333
58579.357084 20.071303      NaN     4    10 c    0   3.91 125.92251 21.43444  3066.82  2310.02 2.42 2.36  72.6 -0.411    19.64 21.37 02a58579o0294c 0x000000    0.400000
58579.365669 18.590371 0.081634   133    10 c    0   2.56 125.92251 21.43444  3086.85  2192.31 2.47 2.39  82.2 -0.410    19.60 21.35 02a58579o0312c 0x000000   13.300000
58583.299761 19.510313      NaN    -4    19 c    0   2.45 125.92251 21.43444  2265.47  8094.36 3.22 2.79 -46.4 -0.393    18.95 20.49 02a58583o0165c 0x000000   -0.210526
58603.296536 18.147425 0.081430   200    15 c    0   3.00 125.92251 21.43444  3993.22  8087.76 2.46 2.36 -40.0 -0.416    19.42 20.99 02a58603o0151c 0x000000   13.333333
58603.305501 18.317510 0.082541   171    13 c    0   3.78 125.92251 21.43444  3975.97  8047.75 2.50 2.40 -40.0 -0.409    19.38 20.96 02a58603o0170c 0x000000   13.153846
58603.314471 19.271854      NaN    29    14 c    0   2.85 125.92251 21.43444  4030.69  8124.25 2.45 2.37 -37.1 -0.417    19.34 20.92 02a58603o0189c 0x000000    2.071429
58603.323491 19.510313      NaN    18    13 c    0   3.36 125.92251 21.43444  4050.73  8007.00 2.51 2.39 -38.3 -0.415    19.34 20.89 02a58603o0208c 0x000000    1.384615
58607.291548 18.921935 0.132947    98    12 c    0   2.17 125.92251 21.43444  3626.10  4217.23 2.57 2.31 -47.5 -0.403    19.54 21.09 02a58607o0139c 0x000000    8.166667
58607.300520 18.944322 0.124407    96    11 c    0   3.48 125.92251 21.43444  3609.17  4177.37 2.57 2.30 -50.3 -0.406    19.49 21.07 02a58607o0158c 0x000000    8.727273
58607.309605 20.321591      NaN   -13     9 c    0   4.38 125.92251 21.43444  3664.03  4254.32 2.57 2.29 -44.9 -0.402    19.47 21.02 02a58607o0177c 0x000000   -1.444444
58607.318729 19.102305 0.156974    83    12 c    0   3.36 125.92251 21.43444  3684.17  4136.59 2.89 2.56 -48.0 -0.390    19.30 20.98 02a58607o0196c 0x000000    6.916667
58611.282861 20.009244      NaN   -99    12 c    0   5.72 125.92251 21.43444  7914.55  6373.85 2.72 2.43  40.2 -0.386    19.50 20.94 02a58611o0111c 0x000000   -8.250000
58611.284731 19.719755      NaN    11    12 c    0   5.87 125.92251 21.43444  7896.05  6335.01 2.65 2.36  39.8 -0.391    19.59 20.94 02a58611o0115c 0x000000    0.916667
58611.290418 19.454622      NaN    24    12 c    0   4.04 125.92251 21.43444  7954.59  6412.02 2.75 2.42  40.4 -0.386    19.54 20.92 02a58611o0127c 0x000000    2.000000
58611.306711 18.615142 0.108574   130    13 c    0   4.05 125.92251 21.43444  7977.88  6294.29 2.64 2.39  39.8 -0.390    19.48 20.90 02a58611o0161c 0x000000   10.000000
58635.256875 18.978793      NaN  -241    31 c    0   7.10 125.92251 21.43444  8021.30 10494.16 2.73 2.67 -64.7 -0.395    19.14 20.23 02a58635o0058c 0x100002   -7.774194
58763.610862 19.589310      NaN    17    12 c    0   3.62 125.92251 21.43444  8838.91  6343.20 2.59 2.47  39.2 -0.395    19.49 21.00 02a58763o0729c 0x000000    1.416667
58763.618032 20.009244      NaN   -32    12 c    0   3.97 125.92251 21.43444  8864.00  6378.86 2.56 2.52  56.8 -0.399    19.50 21.01 02a58763o0742c 0x000000   -2.666667
58763.620824 19.351140      NaN    30    12 c    0   3.27 125.92251 21.43444  8804.34  6303.53 2.59 2.49  46.2 -0.398    19.48 21.02 02a58763o0748c 0x000000    2.500000
58763.633368 19.922338      NaN    -4    13 c    0   3.56 125.92251 21.43444  8784.09  6420.89 2.59 2.52  52.6 -0.399    19.48 20.98 02a58763o0773c 0x000000   -0.307692
58783.561503 20.103715      NaN  -116    11 c    0   4.37 125.92251 21.43444  4948.45  6544.90 2.77 2.27  37.2 -0.374    19.54 21.20 02a58783o0715c 0x000000  -10.545455
58783.565185 20.244005 0.336953    29     9 c    0   7.92 125.92251 21.43444  4969.13  6583.70 2.46 2.24  32.6 -0.395    19.63 21.20 02a58783o0723c 0x000000    3.222222
58783.575335 19.491430 0.224635    58    12 c    0   2.70 125.92251 21.43444  4912.27  6505.29 2.71 2.26  37.4 -0.379    19.57 21.21 02a58783o0743c 0x000000    4.833333
58783.584922 20.207197      NaN    -6    10 c    0   4.46 125.92251 21.43444  4895.44  6619.15 2.53 2.22  35.9 -0.392    19.61 21.22 02a58783o0762c 0x000000   -0.600000
58787.588019 20.103715      NaN     0    11 c    0   4.83 125.92251 21.43444  7515.61 10155.55 2.69 2.41 -53.6 -0.406    19.64 21.27 02a58787o0749c 0x000000    0.000000
58787.598457 19.302877      NaN   -28    23 c    0   2.04 125.92251 21.43444  7546.74 10194.10 2.70 2.56 -52.3 -0.400    18.91 20.44 02a58787o0769c 0x000000   -1.217391
58787.601718 19.256669      NaN  -102    24 c    0   2.08 125.92251 21.43444  7484.93 10117.97 2.66 2.45 -53.0 -0.416    18.96 20.49 02a58787o0776c 0x000000   -4.250000
58787.611874 17.564935      NaN  -713   114 c    0   1.17 125.92251 21.43444  7468.88 10236.68 2.73 2.55 -47.4 -0.408    17.39 18.86 02a58787o0796c 0x100002   -6.254386
58791.586976 19.922338      NaN   -74    13 c    0   3.55 125.92251 21.43444  7519.74 10155.04 2.61 2.47 -54.5 -0.401    19.62 21.20 02a58791o0805c 0x000000   -5.692308
58791.590229 19.719755      NaN     2    15 c    0   4.21 125.92251 21.43444  7538.97 10195.90 2.82 2.37  43.6 -0.387    19.20 20.81 02a58791o0812c 0x000000    0.133333
58791.597112 19.791368      NaN     2    14 c    0   4.42 125.92251 21.43444  7479.14 10118.03 2.78 2.44  36.7 -0.398    19.41 21.02 02a58791o0827c 0x000000    0.142857
58791.611053 19.766969      NaN  -104    15 c    0   2.22 125.92251 21.43444  7460.61 10238.16 2.70 2.40  48.1 -0.400    19.25 20.84 02a58791o0857c 0x000000   -6.933333
58795.604449 20.321591      NaN   -67     9 c    0   7.35 125.92251 21.43444   723.64  4277.15 2.43 2.18 -59.5 -0.428    19.60 21.22 02a58795o0729c 0x000000   -7.444444
58795.608781 20.103715      NaN   -19    11 c    0   5.97 125.92251 21.43444   732.27  4316.90 2.33 2.12 -54.0 -0.435    19.63 21.27 02a58795o0737c 0x000000   -1.727273
58795.614724 20.449472      NaN  -126     8 c    0   7.04 125.92251 21.43444   680.64  4236.10 2.38 2.16 -57.3 -0.429    19.66 21.32 02a58795o0749c 0x000000  -15.750000
58795.629287 20.594452      NaN   -66     7 c    0   8.10 125.92251 21.43444   662.64  4353.52 2.42 2.18 -54.1 -0.422    19.69 21.36 02a58795o0778c 0x000000   -9.428571
58795.656338 18.729535      NaN   -36    39 c    0   1.53 125.92251 21.43444  9895.33  6274.59 2.68 2.41 -65.1 -0.421    18.33 19.25 02a58795o0831c 0x100002   -0.923077
58815.534000 17.311291 0.030159   432    12 c    0  13.86 125.92251 21.43444  6924.31  6462.11 2.50 2.41  51.3 -0.400    19.56 21.45 02a58815o0697c 0x100001   36.000000
58815.536988 17.212847 0.029841   473    13 c    0  11.05 125.92251 21.43444  6940.13  6499.63 2.57 2.47  46.1 -0.398    19.55 21.47 02a58815o0703c 0x100001   36.384615
58815.547650 17.291368 0.029611   440    12 c    0  14.93 125.92251 21.43444  6874.59  6426.15 2.44 2.38  56.4 -0.399    19.61 21.50 02a58815o0725c 0x100001   36.666667
58815.555968 17.089310 0.030728   530    15 c    0  12.33 125.92251 21.43444  6863.94  6542.17 2.45 2.38  52.2 -0.401    19.36 21.16 02a58815o0742c 0x100001   35.333333
58839.617277 17.497247      NaN   166    66 c    0   1.75 125.92251 21.43444  5020.52   322.97 2.63 2.45 -83.7 -0.391    17.68 19.18 02a58839o0023c 0x100002    2.515152
58839.620544 16.489351      NaN  -316   307 c    0   0.84 125.92251 21.43444  5001.64   283.68 2.54 2.34 -75.5 -0.391    16.32 17.71 02a58839o0030c 0x100002   -1.029316
58839.621926 13.225226      NaN  5351  4422 c    0   0.18 125.92251 21.43444  7922.62 10521.41 2.98 2.85  66.0 -0.386    16.44 17.74 02a58839o0033c 0x100002    1.210086
58839.626150 15.108662      NaN -1028  1095 c    0   1.09 125.92251 21.43444  5062.04   362.63 2.66 2.43 -71.7 -0.390    16.04 17.37 02a58839o0042c 0x100002   -0.938813
58867.505940 20.207197 0.325721    30     9 c    0   5.90 125.92251 21.43444  9006.41  2116.72 2.67 2.29 -59.6 -0.410    19.72 21.66 02a58867o0660c 0x000000    3.333333
58867.509175 19.089302 0.116329    84     9 c    0   5.51 125.92251 21.43444  8986.94  2077.25 2.62 2.30 -55.8 -0.410    19.76 21.65 02a58867o0666c 0x000000    9.333333
58867.511664 18.356290 0.065802   165    10 c    0   5.22 125.92251 21.43444  9045.06  2156.38 2.61 2.28 -58.0 -0.408    19.77 21.64 02a58867o0671c 0x000000   16.500000
58867.514492 18.720295 0.073609   118     8 c    0   7.33 125.92251 21.43444  9066.23  2038.33 2.58 2.19 -56.3 -0.416    19.81 21.62 02a58867o0677c 0x000000   14.750000
58871.439676 19.791368      NaN    20     8 c    0  15.18 125.92251 21.43444  1574.97  8451.25 2.60 2.09 -51.3 -0.438    19.78 21.61 02a58871o0483c 0x100001    2.500000
58871.446098 19.791368 0.222082    44     9 c    0   7.00 125.92251 21.43444  8992.51  2076.16 2.59 2.21 -59.8 -0.411    19.76 21.62 02a58871o0496c 0x000000    4.888889
58871.450297 20.321591      NaN   -56     9 c    0  15.17 125.92251 21.43444  1536.39  8414.82 2.48 2.20 -45.5 -0.434    19.75 21.62 02a58871o0504c 0x100001   -6.222222
58871.470368 18.336727 0.058164   168     9 c    0   8.73 125.92251 21.43444  9067.03  2034.88 2.55 2.24 -60.3 -0.413    19.78 21.60 02a58871o0543c 0x000000   18.666667
58875.424769 19.894850      NaN    13     9 c    0   8.54 125.92251 21.43444  1846.71  8393.95 2.41 2.22 -41.5 -0.434    19.75 21.64 02a58875o0480c 0x000000    1.444444
58875.428693 19.609992      NaN    25     9 c    0  10.88 125.92251 21.43444  1828.41  8357.48 2.43 2.24 -42.2 -0.425    19.77 21.64 02a58875o0488c 0x100001    2.777778
58875.437258 19.472870      NaN    29    10 c    0   8.57 125.92251 21.43444  1885.30  8432.15 2.41 2.22 -42.2 -0.433    19.74 21.67 02a58875o0505c 0x000000    2.900000
58875.449123 19.089302 0.103403    84     8 c    0  13.51 125.92251 21.43444  1906.20  8316.15 2.35 2.19 -48.9 -0.435    19.81 21.68 02a58875o0529c 0x100001   10.500000
58903.288763 20.321591      NaN   -66     9 c    0   4.76 125.92251 21.43444  2753.40  6132.07 2.75 2.32 -49.2 -0.424    19.62 21.62 02a58903o0167c 0x000000   -7.333333
58903.292710 20.207197      NaN   -50    10 c    0   3.84 125.92251 21.43444  2773.56  6171.81 2.70 2.32 -51.6 -0.420    19.63 21.62 02a58903o0173c 0x000000   -5.000000
58903.299909 20.071303 0.319334    34    10 c    0   4.16 125.92251 21.43444  2717.97  6094.11 2.64 2.42 -57.6 -0.409    19.65 21.63 02a58903o0187c 0x000000    3.400000
58903.313969 19.950541 0.314292    38    11 c    0   4.41 125.92251 21.43444  2704.32  6211.98 2.54 2.48 -71.9 -0.397    19.70 21.66 02a58903o0215c 0x000000    3.454545
58931.384656 20.103715      NaN   -78    11 c    0   4.00 125.92251 21.43444  3703.62  6062.17 2.92 2.78 -56.7 -0.389    19.52 21.57 02a58931o0311c 0x000000   -7.090909
58931.387941 20.009244      NaN   -59    12 c    0   5.73 125.92251 21.43444  3684.16  6021.76 3.07 2.95 -55.5 -0.377    19.48 21.55 02a58931o0318c 0x000000   -4.916667
58931.394460 20.207197      NaN   -17    10 c    0   3.22 125.92251 21.43444  3741.94  6098.32 2.62 2.59 -56.9 -0.392    19.57 21.53 02a58931o0332c 0x000000   -1.700000
58931.404207 20.321591      NaN   -95     9 c    0   4.85 125.92251 21.43444  3764.77  5981.69 2.64 2.58 -43.4 -0.391    19.55 21.50 02a58931o0353c 0x000000  -10.555556
58951.283554 20.103715      NaN   -80    11 c    0   4.80 125.92251 21.43444  7866.82  8612.18 2.69 2.37 -54.4 -0.412    19.70 21.40 02a58951o0088c 0x000000   -7.272727
58951.287123 20.103715      NaN   -39    11 c    0   6.77 125.92251 21.43444  7847.02  8570.76 2.69 2.46 -54.6 -0.410    19.66 21.36 02a58951o0095c 0x000000   -3.545455
58951.292448 20.207197      NaN  -131    10 c    0   4.11 125.92251 21.43444  7904.35  8651.03 2.70 2.47 -54.8 -0.408    19.57 21.29 02a58951o0106c 0x000000  -13.100000
58951.302915 20.103715      NaN  -101    11 c    0   5.44 125.92251 21.43444  7923.47  8535.18 2.74 2.46 -52.9 -0.408    19.66 21.35 02a58951o0126c 0x000000   -9.181818
58959.262433 19.472870      NaN    26    11 c    0   6.82 125.92251 21.43444  4032.07  8782.68 2.45 2.40  56.6 -0.399    19.62 21.20 02a58959o0080c 0x000000    2.363636
58959.265634 20.321591      NaN    -9     9 c    0   5.89 125.92251 21.43444  4015.13  8745.51 2.45 2.43  74.2 -0.401    19.61 21.20 02a58959o0087c 0x000000   -1.000000
58959.272334 18.410251 0.096817   157    14 c    0   5.66 125.92251 21.43444  4073.19  8821.75 2.47 2.43  38.8 -0.401    19.60 21.20 02a58959o0101c 0x000000   11.214286
58959.283537 19.589310      NaN    17    12 c    0   4.04 125.92251 21.43444  4092.93  8704.33 2.49 2.43  38.8 -0.393    19.59 21.19 02a58959o0124c 0x000000    1.416667
58963.297929 17.389435      NaN -2609   134 c    0   2.82 125.92251 21.43444  1707.60  4232.16 3.20 3.09  45.1 -0.355    16.46 18.04 02a58963o0159c 0x100002  -19.470149
58963.301176 19.051202      NaN   -72    29 c    0   1.56 125.92251 21.43444  1690.10  4192.11 2.79 2.74  81.0 -0.375    18.18 19.70 02a58963o0166c 0x000000   -2.482759
58963.308107 19.351140      NaN   -86    22 c    0   1.60 125.92251 21.43444  1748.69  4268.10 2.62 2.47  44.4 -0.387    18.56 20.00 02a58963o0181c 0x000000   -3.909091
58979.290810 19.287255 0.186126    70    12 c    0   2.82 125.92251 21.43444  5603.32  4033.41 2.50 2.25  37.3 -0.398    19.49 20.97 02a58979o0021c 0x000000    5.833333
58979.307816 20.103715      NaN   -37    11 c    0   3.91 125.92251 21.43444  5584.24  3990.95 2.41 2.25  43.7 -0.401    19.47 20.92 02a58979o0058c 0x000000   -3.363636
58979.313345 19.419021      NaN    26    12 c    0   3.38 125.92251 21.43444  5643.20  4069.56 2.41 2.26  40.8 -0.402    19.43 20.86 02a58979o0070c 0x000000    2.166667
58979.321621 19.922338      NaN  -102    13 c    0   4.44 125.92251 21.43444  5663.78  3952.01 2.42 2.30  41.1 -0.395    19.26 20.47 02a58979o0088c 0x000000   -7.846154
58987.273850 18.878500 0.138378   102    13 c    0   3.56 125.92251 21.43444  3043.94   425.68 2.59 2.41 -75.2 -0.400    19.35 20.80 02a58987o0089c 0x000000    7.846154
58987.277590 19.226921 0.190737    74    13 c    0   3.11 125.92251 21.43444  3023.97   385.66 2.73 2.49 -70.2 -0.391    19.35 20.79 02a58987o0095c 0x000000    5.692308
58987.283104 18.606822 0.116033   131    14 c    0   3.51 125.92251 21.43444  3083.99   463.34 2.64 2.40 -68.7 -0.403    19.33 20.78 02a58987o0107c 0x000000    9.357143
58987.295963 18.534680 0.100818   140    13 c    0   4.25 125.92251 21.43444  3105.93   343.55 2.65 2.48 -71.9 -0.390    19.24 20.73 02a58987o0135c 0x000000   10.769231
59119.615618 19.841877      NaN   -51    14 c    0   3.21 125.92251 21.43444  2648.62  4200.33 2.47 2.33  40.4 -0.396    18.83 20.37 02a59119o0850c 0x000000   -3.642857
59119.621120 19.841877      NaN   -32    14 c    0   3.64 125.92251 21.43444  2670.96  4239.24 2.44 2.28  39.5 -0.397    19.12 20.62 02a59119o0862c 0x000000   -2.285714
59119.636325 19.841877      NaN    -3    14 c    0   4.14 125.92251 21.43444  2613.31  4161.65 2.42 2.32  45.6 -0.404    19.03 20.40 02a59119o0895c 0x000000   -0.214286
59119.642510 15.252273      NaN   964   638 c    0   1.10 125.92251 21.43444  2594.10  4279.15 2.50 2.42  44.5 -0.406    15.83 17.08 02a59119o0907c 0x100002    1.510972
59139.620147 18.142010      NaN  -317    67 c    0   1.11 125.92251 21.43444  7450.36  8191.07 2.76 2.48  42.1 -0.395    17.71 19.19 02a59139o0888c 0x100002   -4.731343
59139.631889 18.336727      NaN  -271    56 c    0   1.30 125.92251 21.43444  7471.02  8231.52 2.75 2.48  39.1 -0.394    17.95 19.46 02a59139o0913c 0x100002   -4.839286
59139.635090 17.664614      NaN -1049   104 c    0   1.15 125.92251 21.43444  7411.82  8154.67 2.73 2.47  40.2 -0.402    17.23 18.69 02a59139o0920c 0x100002  -10.086538
59139.642563 16.500013      NaN -1763   304 c    0   0.98 125.92251 21.43444  7385.17  8272.78 2.72 2.49  37.4 -0.414    15.99 17.20 02a59139o0934c 0x100002   -5.799342
59143.573621 16.401086      NaN -1277   333 c    0   1.25 125.92251 21.43444  7465.39  8228.48 2.93 2.51  38.6 -0.410    15.70 17.31 02a59143o0792c 0x100002   -3.834835
59143.577569 15.565375      NaN  -548   719 c    0   1.60 125.92251 21.43444  7397.72  8149.74 3.13 2.40  35.6 -0.393    14.97 16.61 02a59143o0800c 0x100002   -0.762170
59147.608243 20.321591 0.361912    27     9 c    0   6.64 125.92251 21.43444  2704.33  1970.40 2.36 2.25  66.8 -0.409    19.64 21.26 02a59147o0825c 0x000000    3.000000
59147.611911 19.609992      NaN    22    10 c    0   5.41 125.92251 21.43444  2724.08  2009.41 2.39 2.27  57.7 -0.411    19.64 21.27 02a59147o0833c 0x000000    2.200000
59147.618400 20.321591      NaN   -74     9 c    0   4.29 125.92251 21.43444  2665.72  1930.66 2.35 2.22  64.7 -0.411    19.65 21.30 02a59147o0847c 0x000000   -8.222222
59147.634414 20.103715      NaN   -86    11 c    0   3.80 125.92251 21.43444  2647.47  2047.57 2.33 2.23  61.2 -0.416    19.66 21.27 02a59147o0878c 0x000000   -7.818182
59175.574694 20.321591      NaN   -75     9 c    0   6.04 125.92251 21.43444  1590.93 10418.01 2.69 2.34 -52.7 -0.417    19.61 21.37 02a59175o0007c 0x000000   -8.333333
59175.577448 20.207197      NaN  -272    10 c    0   9.38 125.92251 21.43444  1610.20 10457.74 2.79 2.39 -51.8 -0.407    19.62 21.37 02a59175o0013c 0x000000  -27.200000
59175.582033 19.766969      NaN   -36    15 c    0   2.57 125.92251 21.43444  8701.23   216.69 2.72 2.22 -58.4 -0.397    19.61 21.39 02a59175o0023c 0x000000   -2.400000
59175.582490 19.569016      NaN    24    10 c    0   6.95 125.92251 21.43444  1551.16 10376.44 2.63 2.24 -52.4 -0.417    19.68 21.39 02a59175o0024c 0x000000    2.400000
59175.583860 20.009244      NaN   -12    12 c    0   7.89 125.92251 21.43444  8718.23   256.07 2.58 2.09 -58.1 -0.397    19.70 21.38 02a59175o0027c 0x000000   -1.000000
59175.587268 18.847027 0.144765   105    14 c    0   5.83 125.92251 21.43444  8661.73   178.83 2.70 2.12 -57.1 -0.391    19.71 21.38 02a59175o0034c 0x000000    7.500000
59175.588640 19.922338      NaN  -743    13 c    0  19.60 125.92251 21.43444  1529.80 10495.72 2.66 2.21 -47.1 -0.417    19.68 21.40 02a59175o0037c 0x100001  -57.153846
59175.592300 19.351140 0.246758    66    15 c    0   6.24 125.92251 21.43444  8643.06   299.45 2.72 2.17 -57.0 -0.390    19.65 21.38 02a59175o0045c 0x000000    4.400000
59195.512424 20.321591      NaN   -84     9 c    0   4.55 125.92251 21.43444   743.03  4266.90 2.49 2.41 -50.5 -0.399    19.72 21.66 02a59195o0701c 0x000000   -9.333333
59195.514727 20.321591      NaN    -6     9 c    0   4.94 125.92251 21.43444   762.03  4306.45 2.49 2.40 -47.2 -0.402    19.75 21.67 02a59195o0706c 0x000000   -0.666667
59195.517472 20.321591      NaN   -45     9 c    0   4.69 125.92251 21.43444   703.91  4227.53 2.56 2.45 -47.0 -0.396    19.72 21.67 02a59195o0712c 0x000000   -5.000000
59195.522966 20.321591      NaN   -62     9 c    0   6.98 125.92251 21.43444   684.77  4343.82 2.58 2.48 -51.8 -0.398    19.69 21.67 02a59195o0724c 0x000000   -6.888889
59197.470180 20.594452      NaN  -123     7 c    0  11.22 125.92251 21.43444  7808.75  4417.92 2.42 2.23 -75.4 -0.399    19.87 21.80 01a59197o0438c 0x100001  -17.571429
59197.472030 20.449472      NaN   -77     8 c    0   5.56 125.92251 21.43444  7789.12  4378.28 2.53 2.31 -77.9 -0.388    19.81 21.77 01a59197o0442c 0x000000   -9.625000
59197.490964 20.594452      NaN   -85     7 c    0   9.02 125.92251 21.43444  7848.12  4455.30 2.48 2.33 -80.8 -0.385    19.87 21.84 01a59197o0476c 0x000000  -12.142857
59197.495847 20.449472      NaN   -61     8 c    0   6.23 125.92251 21.43444  7867.92  4339.10 2.66 2.53  -6.7 -0.371    19.76 21.83 01a59197o0486c 0x000000   -7.625000
59205.460287 20.321591      NaN  -152     9 c    0   4.05 125.92251 21.43444  1039.36   536.17 2.52 2.26  29.7 -0.422    19.82 21.61 01a59205o0519c 0x000000  -16.888889
59205.463547 20.207197      NaN  -117    10 c    0   6.67 125.92251 21.43444  1020.72   497.87 3.06 2.16  17.4 -0.441    19.79 21.61 01a59205o0526c 0x000000  -11.700000
59205.466773 20.207197      NaN   -43    10 c    0   5.01 125.92251 21.43444  1080.56   577.27 3.14 2.43  11.6 -0.420    19.71 21.62 01a59205o0533c 0x000000   -4.300000
59205.471897 20.207197      NaN   -14    10 c    0   6.00 125.92251 21.43444  1099.00   458.31 2.65 2.25   5.5 -0.407    19.83 21.64 01a59205o0544c 0x000000   -1.400000
59221.429730 20.137125      NaN     5     9 c    0   5.69 125.92251 21.43444  7031.22  2183.71 2.45 2.33 -44.7 -0.398    19.83 21.84 01a59221o0496c 0x000000    0.555556
59221.433417 20.449472      NaN   -70     8 c    0   5.76 125.92251 21.43444  7010.29  2142.95 2.49 2.43 -61.2 -0.390    19.81 21.85 01a59221o0504c 0x000000   -8.750000
59221.438833 20.321591      NaN   -12     9 c    0   6.62 125.92251 21.43444  7069.11  2223.82 2.47 2.39 -47.6 -0.393    19.83 21.85 01a59221o0515c 0x000000   -1.333333
59221.454102 20.761819      NaN   -75     6 c    0   5.31 125.92251 21.43444  7086.71  2104.06 2.53 2.44 -56.0 -0.390    19.83 21.82 01a59221o0544c 0x000000  -12.500000
59223.445848 20.207197      NaN   -96    10 c    0   5.69 125.92251 21.43444   793.17  2030.06 2.63 2.38 -58.8 -0.406    19.64 21.52 02a59223o0518c 0x000000   -9.600000
59223.449072 20.321591      NaN  -112     9 c    0   8.50 125.92251 21.43444   813.96  2069.89 2.65 2.37 -58.5 -0.409    19.64 21.49 02a59223o0525c 0x000000  -12.444444
59223.452763 20.449472      NaN  -136     8 c    0   4.41 125.92251 21.43444   756.71  1989.80 2.61 2.37 -56.2 -0.412    19.77 21.60 02a59223o0533c 0x000000  -17.000000
59223.458706 19.212347      NaN   -45    25 c    0   1.80 125.92251 21.43444   737.69  2108.46 2.60 2.35 -59.2 -0.407    18.63 20.35 02a59223o0546c 0x000000   -1.800000
59229.468306 19.510313      NaN    27    10 c    0   4.69 125.92251 21.43444  6819.03  4498.01 2.65 2.44 -65.8 -0.375    19.84 21.74 01a59229o0279c 0x000000    2.700000
59229.471530 20.449472      NaN   -62     8 c    0   4.48 125.92251 21.43444  6839.77  4535.91 2.52 2.37 -73.8 -0.381    19.86 21.74 01a59229o0286c 0x000000   -7.750000
59229.493764 20.594452      NaN   -12     7 c    0   7.69 125.92251 21.43444  6787.87  4457.93 2.45 2.25 -73.1 -0.390    19.90 21.74 01a59229o0332c 0x000000   -1.714286
59229.503953 19.922338 0.222715    39     8 c    0   5.18 125.92251 21.43444  6771.63  4571.38 2.57 2.36 -83.2 -0.383    19.82 21.75 01a59229o0353c 0x000000    4.875000
59231.405946 19.868040 0.238332    41     9 c    0   6.20 125.92251 21.43444  5506.99  8292.41 2.63 2.54  58.4 -0.405    19.63 21.49 02a59231o0438c 0x000000    4.555556
59231.408232 20.207197      NaN   -51    10 c    0   5.18 125.92251 21.43444  5526.45  8331.69 2.59 2.48  45.2 -0.407    19.71 21.49 02a59231o0443c 0x000000   -5.100000
59231.411308 20.071303 0.319334    34    10 c    0   6.90 125.92251 21.43444  5467.86  8254.08 2.53 2.49  73.4 -0.409    19.71 21.50 02a59231o0449c 0x000000    3.400000
59231.417719 19.549093      NaN    25    10 c    0   6.05 125.92251 21.43444  5448.99  8372.00 2.47 2.44  50.5 -0.413    19.73 21.52 02a59231o0463c 0x000000    2.500000
59233.534403 16.793477      NaN -1832   232 c    0   1.11 125.92251 21.43444  7456.18  8163.24 3.00 2.38 -81.3 -0.422    16.13 18.22 01a59233o0235c 0x100002   -7.896552
59233.537443 16.669763      NaN -1708   260 c    0   1.17 125.92251 21.43444  7475.74  8201.42 3.04 2.37 -80.7 -0.427    16.01 18.13 01a59233o0241c 0x100002   -6.569231
59235.464383 19.014394 0.180956    90    15 c    0   3.55 125.92251 21.43444  5023.07   324.95 2.47 2.27 -60.1 -0.397    19.49 21.30 02a59235o0546c 0x000000    6.000000
59235.467597 20.761819      NaN  -617     6 c    0  34.58 125.92251 21.43444  5003.67   285.85 2.50 2.27 -62.1 -0.395    19.03 20.86 02a59235o0553c 0x100001 -102.833333
59235.472628 16.627448      NaN   181   210 c    0   0.51 125.92251 21.43444  7928.37 10520.68 2.67 2.54 -63.8 -0.391    19.45 21.26 02a59235o0564c 0x100002    0.861905
59235.474464 18.438271 0.092252   153    13 c    0   5.82 125.92251 21.43444  5064.10   365.27 2.42 2.22 -68.6 -0.399    19.35 21.15 02a59235o0568c 0x000000   11.769231
59235.484656 19.922338      NaN  -204    13 c    0   6.69 125.92251 21.43444  5086.52   251.36 2.43 2.23 -68.5 -0.397    19.53 21.34 02a59235o0590c 0x000000  -15.692308
59235.487904 19.569016      NaN  -404    18 c    0  15.26 125.92251 21.43444  8006.79 10486.01 2.66 2.57 -71.0 -0.388    19.51 21.33 02a59235o0597c 0x100001  -22.444444
59251.441832 20.449472      NaN  -114     8 c    0   8.32 125.92251 21.43444  9767.50  4358.20 2.56 2.41 -57.6 -0.401    19.76 21.62 02a59251o0431c 0x000000  -14.250000
59251.444650 20.321591      NaN   -47     9 c    0   6.78 125.92251 21.43444  9748.64  4321.88 2.52 2.41 -59.8 -0.401    19.77 21.61 02a59251o0437c 0x000000   -5.222222
59251.449870 20.321591      NaN   -61     9 c    0   5.72 125.92251 21.43444  9809.92  4403.07 2.52 2.39 -58.1 -0.406    19.79 21.62 02a59251o0448c 0x000000   -6.777778
59251.462328 20.321591      NaN   -42     9 c    0   6.73 125.92251 21.43444  9828.28  4287.01 2.51 2.42 -57.6 -0.401    19.79 21.62 02a59251o0474c 0x000000   -4.666667
59253.438364 20.039830      NaN    11     8 c    0   7.10 125.92251 21.43444  6485.75  1782.42 2.59 2.42 -85.6 -0.407    19.73 21.85 01a59253o0451c 0x000000    1.375000
59253.442106 20.761819      NaN   -66     6 c    0  12.31 125.92251 21.43444  6505.10  1820.67 2.44 2.27  88.6 -0.402    19.78 21.90 01a59253o0459c 0x100001  -11.000000
59253.449261 20.207197      NaN    -7    10 c    0   3.98 125.92251 21.43444  6448.84  1742.46 2.97 2.80  74.9 -0.357    19.60 21.85 01a59253o0473c 0x000000   -0.700000
59253.475529 20.321591      NaN   -54     9 c    0   4.58 125.92251 21.43444  6438.96  1857.57 2.48 2.37 -81.5 -0.400    19.78 21.85 01a59253o0525c 0x000000   -6.000000
59255.351730 19.674510      NaN    22     9 c    0   4.79 125.92251 21.43444   816.01  6202.74 2.38 2.29 -35.2 -0.411    19.71 21.56 02a59255o0306c 0x000000    2.444444
59255.354514 20.207197      NaN   -62    10 c    0   5.21 125.92251 21.43444   833.35  6243.30 2.47 2.36 -15.3 -0.404    19.70 21.56 02a59255o0312c 0x000000   -6.200000
59255.357731 20.449472      NaN   -69     8 c    0   8.74 125.92251 21.43444   776.00  6165.00 2.44 2.35 -18.7 -0.400    19.72 21.58 02a59255o0319c 0x000000   -8.625000
59255.363150 20.321591      NaN  -168     9 c    0   4.08 125.92251 21.43444   760.45  6280.94 2.75 2.42  -2.2 -0.389    19.62 21.59 02a59255o0330c 0x000000  -18.666667
59257.412953 20.207197      NaN   -51    10 c    0   3.29 125.92251 21.43444  8845.20  6322.07 2.65 2.49  88.2 -0.386    19.79 21.90 01a59257o0446c 0x000000   -5.100000
59257.419873 20.449472      NaN   -50     8 c    0   5.68 125.92251 21.43444  8865.45  6358.38 2.58 2.46  82.6 -0.384    19.83 21.90 01a59257o0460c 0x000000   -6.250000
59257.423562 20.449472      NaN   -36     8 c    0   4.24 125.92251 21.43444  8806.72  6282.62 2.64 2.47 -88.1 -0.386    19.83 21.89 01a59257o0468c 0x000000   -4.500000
59257.436442 20.449472      NaN   -52     8 c    0   4.98 125.92251 21.43444  8788.92  6395.02 2.51 2.39 -86.0 -0.381    19.82 22.01 01a59257o0494c 0x000000   -6.500000
59261.388229 20.449472      NaN   -75     8 c    0   6.63 125.92251 21.43444  8840.59  6325.59 2.50 2.31 -84.9 -0.389    19.86 21.83 01a59261o0377c 0x000000   -9.375000
59261.415787 20.449472      NaN  -128     8 c    0   4.90 125.92251 21.43444  8866.61  6359.03 2.51 2.40 -87.8 -0.382    19.82 21.81 01a59261o0433c 0x000000  -16.000000
59261.418659 19.979496      NaN    16     7 c    0   8.73 125.92251 21.43444  8806.03  6281.66 2.58 2.49 -77.9 -0.383    19.81 21.81 01a59261o0439c 0x000000    2.285714
59261.423797 20.321591      NaN   -25     9 c    0   4.07 125.92251 21.43444  8788.41  6397.73 2.54 2.40  83.3 -0.387    19.81 21.80 01a59261o0449c 0x000000   -2.777778
59263.400034 16.518019      NaN -1949   299 c    0   2.20 125.92251 21.43444  5945.89  8678.62 2.64 2.51  53.7 -0.399    16.08 17.66 02a59263o0129c 0x100002   -6.518395
59263.402926 17.584152      NaN    51    95 c    0   1.69 125.92251 21.43444  5928.72  8639.83 2.61 2.49  44.4 -0.395    17.14 18.69 02a59263o0135c 0x100002    0.536842
59263.408415 18.504094      NaN  -214    48 c    0   1.76 125.92251 21.43444  5986.25  8716.87 2.54 2.44  50.9 -0.405    17.97 19.54 02a59263o0147c 0x100002   -4.458333
59277.374258 20.594452      NaN  -116     7 c    0  11.79 125.92251 21.43444  4952.51  6557.76 2.29 2.07 -83.8 -0.388    20.02 21.72 01a59277o0338c 0x100001  -16.571429
59277.377436 20.594452      NaN   -14     7 c    0   8.96 125.92251 21.43444  4973.02  6594.66 2.32 2.17 -73.9 -0.381    19.94 21.71 01a59277o0344c 0x000000   -2.000000
59277.382444 19.979496      NaN    13     8 c    0   7.72 125.92251 21.43444  4914.77  6515.42 2.23 2.11 -81.3 -0.386    19.87 21.75 01a59277o0354c 0x000000    1.625000
59277.385421 18.847027 0.093063   105     9 c    0   5.95 125.92251 21.43444  4896.03  6631.44 2.26 2.07 -76.4 -0.387    19.94 21.62 01a59277o0360c 0x000000   11.666667
59287.321501 19.510313      NaN    27    10 c    0   3.82 125.92251 21.43444  5640.03  5964.30 2.51 2.43  66.0 -0.407    19.67 21.56 02a59287o0209c 0x000000    2.700000
59287.324716 20.207197      NaN  -112    10 c    0   4.29 125.92251 21.43444  5621.49  5926.26 2.55 2.47  66.9 -0.402    19.63 21.51 02a59287o0216c 0x000000  -11.200000
59287.332692 19.510313      NaN    27    10 c    0   5.74 125.92251 21.43444  5678.13  6001.51 2.56 2.46  47.8 -0.399    19.65 21.59 02a59287o0232c 0x000000    2.700000
59287.343744 20.207197      NaN  -127    10 c    0   3.63 125.92251 21.43444  5701.63  5891.21 2.59 2.48  51.2 -0.397    19.65 21.59 02a59287o0255c 0x000000  -12.700000
59291.338593 19.569016      NaN    24    10 c    0   5.64 125.92251 21.43444  1152.99  2488.42 2.47 2.43 -89.5 -0.413    19.63 21.48 02a59291o0027c 0x000000    2.400000
59291.341794 20.449472      NaN   -56     8 c    0   3.81 125.92251 21.43444  1133.89  2452.08 2.47 2.41  89.4 -0.416    19.63 21.49 02a59291o0034c 0x000000   -7.000000
59291.347294 19.766969      NaN    15    10 c    0   4.74 125.92251 21.43444  1193.02  2528.67 2.41 2.37  86.1 -0.414    19.69 21.51 02a59291o0046c 0x000000    1.500000
59291.359334 20.207197      NaN   -39    10 c    0   4.79 125.92251 21.43444  1210.62  2407.34 2.36 2.30 -72.6 -0.427    19.69 21.55 02a59291o0072c 0x000000   -3.900000
59309.291390 20.449472      NaN  -203     8 c    0   6.78 125.92251 21.43444  6892.55  6433.75 2.22 2.19  46.5 -0.388    19.88 21.43 01a59309o0016c 0x000000  -25.375000
59309.294249 20.321591      NaN   -64     9 c    0   4.83 125.92251 21.43444  6914.76  6470.98 2.28 2.08 -81.6 -0.394    19.90 21.36 01a59309o0022c 0x000000   -7.111111
59309.300581 20.171596      NaN     7     8 c    0   8.18 125.92251 21.43444  6857.88  6393.36 2.32 2.10 -82.6 -0.398    19.90 21.37 01a59309o0035c 0x000000    0.875000
59309.310764 20.321591      NaN   -68     9 c    0   5.62 125.92251 21.43444  6841.19  6510.88 2.52 2.19  84.9 -0.414    19.66 21.75 01a59309o0057c 0x000000   -7.555556
59313.306728 19.589310      NaN    20    11 c    0   6.36 125.92251 21.43444   726.27  2071.65 2.22 2.05  67.8 -0.498    19.89 21.41 01a59313o0191c 0x000000    1.818182
59313.309528 20.321591      NaN   -48     9 c    0   7.09 125.92251 21.43444   746.36  2110.94 2.20 2.03  59.4 -0.425    19.91 21.41 01a59313o0197c 0x000000   -5.333333
59313.315640 19.631075 0.212889    51    10 c    0   9.08 125.92251 21.43444   688.19  2031.29 2.25 2.08  68.3 -0.426    19.90 21.40 01a59313o0210c 0x000000    5.100000
59313.325964 20.449472      NaN   -64     8 c    0   9.05 125.92251 21.43444   670.75  2146.86 2.26 2.07  66.2 -0.423    19.84 21.40 01a59313o0232c 0x000000   -8.000000
59343.239699 19.401649      NaN  -217    21 c    0   2.66 125.92251 21.43444  3142.47  2393.06 2.25 2.18  86.5 -0.411    18.78 19.74 02a59343o0003c 0x000000  -10.333333
59343.243367 19.841877      NaN   -18    14 c    0   3.85 125.92251 21.43444  3125.46  2353.37 2.29 2.18 -73.0 -0.412    19.16 20.29 02a59343o0011c 0x000000   -1.285714
59343.248874 20.009244      NaN   -32    12 c    0   4.65 125.92251 21.43444  3185.15  2432.00 2.34 2.24 -68.1 -0.403    19.41 20.74 02a59343o0023c 0x000000   -2.666667
59343.262645 19.076453 0.153280    85    12 c    0   3.01 125.92251 21.43444  3205.84  2313.54 2.31 2.19 -64.9 -0.409    19.52 20.90 02a59343o0053c 0x000000    7.083333
59347.271856 20.103715      NaN  -145    11 c    0   4.84 125.92251 21.43444  7870.54  8616.34 2.66 2.57  40.5 -0.397    19.44 20.93 02a59347o0087c 0x000000  -13.181818
59347.275065 20.009244      NaN   -79    12 c    0   6.29 125.92251 21.43444  7851.77  8576.34 2.65 2.61  32.7 -0.397    19.42 20.91 02a59347o0094c 0x000000   -6.583333
59347.281034 19.696897      NaN  -149    16 c    0   2.91 125.92251 21.43444  7909.17  8654.75 2.89 2.76  40.8 -0.384    19.33 20.87 02a59347o0107c 0x000000   -9.312500
59347.291120 19.549093 0.256629    55    13 c    0   3.81 125.92251 21.43444  7929.69  8537.35 2.72 2.59  36.4 -0.392    19.39 20.83 02a59347o0129c 0x000000    4.230769
59369.245911 18.757738      NaN   -44    38 c    0   1.41 125.92251 21.43444  8676.77  2151.54 2.51 2.29 -58.5 -0.367    18.25 18.65 01a59369o0023c 0x100002   -1.157895
59369.249139 19.454622      NaN   -26    20 c    0   2.35 125.92251 21.43444  8696.78  2191.39 2.48 2.31 -57.1 -0.371    18.66 19.28 01a59369o0030c 0x000000   -1.300000
59369.255597 19.674510      NaN     1    16 c    0   4.28 125.92251 21.43444  8638.24  2116.28 2.45 2.29 -61.8 -0.372    19.01 19.93 01a59369o0044c 0x000000    0.062500
59369.265749 18.857417      NaN    50    18 c    0   2.44 125.92251 21.43444  8618.14  2235.66 2.49 2.33 -61.2 -0.377    19.09 20.14 01a59369o0066c 0x000000    2.777778
59373.245619 18.280067      NaN   -37    59 c    0   1.21 125.92251 21.43444  8676.84  2153.59 2.60 2.34 -77.4 -0.378    17.73 18.13 01a59373o0019c 0x100002   -0.627119
59373.248858 18.511660      NaN    29    38 c    0   1.18 125.92251 21.43444  8694.80  2192.16 2.57 2.26 -80.0 -0.386    18.27 18.80 01a59373o0026c 0x100002    0.763158
59373.254388 19.197966      NaN     7    23 c    0   1.81 125.92251 21.43444  8634.19  2117.55 2.59 2.25 -81.9 -0.413    18.80 19.60 01a59373o0038c 0x000000    0.304348
59373.264989 19.569016      NaN    -2    18 c    0   3.44 125.92251 21.43444  8612.72  2237.34 2.47 2.10 -86.5 -0.421    19.07 20.03 01a59373o0061c 0x000000   -0.111111
59523.593637 19.841877      NaN    -9    14 c    0   5.18 125.92251 21.43444  3529.32  8377.45 2.55 2.51  -3.1 -0.391    19.59 21.30 02a59523o0877c 0x000000   -0.642857
59523.596844 20.207197      NaN   -91    10 c    0   7.44 125.92251 21.43444  3548.46  8416.38 2.55 2.48   3.0 -0.389    19.53 21.30 02a59523o0884c 0x000000   -9.100000
59523.602357 20.103715      NaN  -232    11 c    0   4.08 125.92251 21.43444  3489.42  8338.32 3.81 2.83  66.4 -0.340    19.26 21.31 02a59523o0896c 0x000000  -21.090909
59523.611443 20.321591      NaN   -26     9 c    0   7.48 125.92251 21.43444  3476.66  8455.14 2.45 2.42  12.4 -0.397    19.61 21.30 02a59523o0915c 0x000000   -2.888889
59527.542073 19.950541 0.314292    38    11 c    0   4.35 125.92251 21.43444  3531.15  8379.45 2.43 2.36  35.3 -0.395    19.59 21.17 02a59527o0748c 0x000000    3.454545
59527.545772 19.384550 0.203576    64    12 c    0   5.03 125.92251 21.43444  3547.79  8417.36 2.41 2.35  24.5 -0.397    19.34 20.89 02a59527o0756c 0x000000    5.333333
59527.550928 19.922338      NaN   -81    13 c    0   3.83 125.92251 21.43444  3486.22  8340.16 2.42 2.36  38.7 -0.389    19.20 20.74 02a59527o0766c 0x000000   -6.230769
59527.561015 19.241693 0.178477    73    12 c    0   6.40 125.92251 21.43444  3468.66  8457.64 2.40 2.33  33.5 -0.397    19.48 21.02 02a59527o0788c 0x000000    6.083333
59587.487832 20.137125 0.305363    32     9 c    0   6.68 125.92251 21.43444  3036.76   425.83 2.55 2.32 -71.8 -0.433    19.59 21.60 02a59587o0639c 0x000000    3.555556
59587.492461 20.103715      NaN   -66    11 c    0   6.62 125.92251 21.43444  3017.42   386.79 2.43 2.22 -72.6 -0.436    19.66 21.60 02a59587o0649c 0x000000   -6.000000
59587.497789 18.978793 0.116746    93    10 c    0   4.80 125.92251 21.43444  3077.84   467.95 2.46 2.24 -68.6 -0.444    19.67 21.60 02a59587o0659c 0x000000    9.300000
59587.509843 20.207197      NaN    -7    10 c    0   4.78 125.92251 21.43444  3098.30   347.91 2.45 2.22 -71.9 -0.434    19.60 21.60 02a59587o0683c 0x000000   -0.700000