         MJD         m       dm  uJy  duJy F  err    chi/N        RA      Dec        x        y  maj  min   phi  apfit  mag5sig   Sky            Obs     Mask   __tmp_SN
57756.677217 17.012219      NaN  158   137 c    0     1.59 192.10405 -5.79419  2217.34  6965.61 3.62 3.48  35.9 -0.466    18.00 18.29 02a57756o0880c 0x100002   1.153285
57776.655363 19.529530      NaN    8    16 c    0     1.18 192.10405 -5.79419   753.02  7732.83 4.04 3.79  46.1 -0.409    19.58 21.47 02a57776o0842c 0x000000   0.500000
57776.672838 18.796518      NaN   17    31 c    0     0.94 192.10405 -5.79419   736.99  7697.48 3.98 3.70  45.8 -0.452    18.92 20.14 02a57776o0874c 0x100002   0.548387
57780.650315 19.401649      NaN   15    16 c    0     1.32 192.10405 -5.79419   583.84  9276.12 3.77 3.37  18.6 -0.429    19.76 21.76 02a57780o0824c 0x000000   0.937500
57780.664323 19.454622      NaN    6    18 c    0     0.84 192.10405 -5.79419 10442.24  9319.65 3.80 3.34 -75.6 -0.437    19.57 21.41 02a57780o0847c 0x000000   0.333333
57780.668500 19.351140      NaN   -6    22 c    0     0.95 192.10405 -5.79419   565.63  9235.74 3.80 3.41  18.1 -0.425    19.32 20.89 02a57780o0854c 0x000000  -0.272727
57784.655172 19.510313      NaN   -5    19 c    0     0.84 192.10405 -5.79419  2312.48  7400.71 3.90 3.77  57.1 -0.399    19.55 21.57 02a57784o0649c 0x000000  -0.263158
57784.660738 19.631075      NaN  -20    17 c    0     1.01 192.10405 -5.79419  2372.63  7479.69 3.99 3.90  48.8 -0.372    19.59 21.58 02a57784o0660c 0x000000  -1.176471
57804.599874 19.063754      NaN    5    27 c    0     0.74 192.10405 -5.79419  2244.30    59.26 4.15 4.07 -80.5 -0.364    19.40 21.14 02a57804o0744c 0x000000   0.185185
57804.604211 18.967180      NaN   25    23 c    0     0.97 192.10405 -5.79419  9200.32  9807.01 3.63 3.35 -67.7 -0.417    19.37 21.06 02a57804o0752c 0x000000   1.086957
57804.621918 19.302877      NaN   -2    23 c    0     1.01 192.10405 -5.79419  9183.42  9766.01 3.80 3.50 -74.4 -0.407    19.34 21.01 02a57804o0782c 0x000000  -0.086957
57804.626699 19.454622      NaN   -9    20 c    0     0.96 192.10405 -5.79419  2289.34    97.86 3.92 3.82 -56.4 -0.400    19.38 21.02 02a57804o0791c 0x000000  -0.450000
57804.638649 18.786693      NaN   30    27 c    0     0.82 192.10405 -5.79419  9244.52  9844.33 3.78 3.61 -80.6 -0.434    19.28 20.92 02a57804o0815c 0x000000   1.111111
57804.646337 19.271854      NaN   11    20 c    0     1.20 192.10405 -5.79419  9265.23  9726.88 3.62 3.35 -68.3 -0.417    19.30 20.91 02a57804o0830c 0x000000   0.550000
57804.659876 21.514394      NaN  -43     3 c    0 14018.45 192.10405 -5.79419  2273.92    34.71 3.97 3.87 -36.5 -0.384    19.08 20.52 02a57804o0854c 0x100001 -14.333333
57804.667192 18.280067      NaN  -51    59 c    0     1.33 192.10405 -5.79419  9228.73  9784.19 3.74 3.65 -19.0 -0.452    18.43 19.38 02a57804o0868c 0x100002  -0.864407
57808.582333 19.334813      NaN   16    17 c    0     0.93 192.10405 -5.79419  9292.76  8535.26 3.77 3.36 -87.6 -0.408    19.57 21.44 02a57808o0691c 0x000000   0.941176
57808.601036 19.026525      NaN   32    19 c    0     0.90 192.10405 -5.79419  9274.98  8496.15 3.74 3.30 -83.5 -0.402    19.50 21.36 02a57808o0728c 0x000000   1.684211
57808.621750 18.955691      NaN   44    17 c    0     0.99 192.10405 -5.79419  9338.20  8572.74 3.76 3.30 -85.1 -0.408    19.55 21.39 02a57808o0766c 0x000000   2.588235
57808.633566 19.569016      NaN  -10    18 c    0     1.17 192.10405 -5.79419  9357.11  8452.78 3.80 3.41 -87.4 -0.444    19.53 21.37 02a57808o0789c 0x000000  -0.555556
57808.654056 19.128787      NaN   -5    27 c    0     1.06 192.10405 -5.79419  9320.22  8512.68 3.88 3.46 -88.1 -0.430    19.07 20.79 02a57808o0827c 0x000000  -0.185185
57816.502345 19.631075      NaN  -16    17 c    0     0.73 192.10405 -5.79419  2498.61  6997.74 3.76 3.58  40.2 -0.418    19.73 21.83 02a57816o0490c 0x000000  -0.941176
57816.518873 19.674510      NaN    4    15 c    0     1.23 192.10405 -5.79419  2479.03  6965.50 3.75 3.55  40.4 -0.423    19.72 21.81 02a57816o0521c 0x000000   0.266667
57816.530591 19.696897      NaN   -1    16 c    0     0.96 192.10405 -5.79419  2535.36  7044.21 3.71 3.52  40.1 -0.424    19.73 21.80 02a57816o0542c 0x000000  -0.062500
57816.543239 19.766969      NaN    3    14 c    0     1.16 192.10405 -5.79419  2558.75  6926.98 3.70 3.53  43.2 -0.427    19.73 21.81 02a57816o0567c 0x000000   0.214286
57816.564832 19.569016      NaN    6    16 c    0     0.79 192.10405 -5.79419  2521.53  6985.87 3.86 3.70  50.5 -0.410    19.68 21.80 02a57816o0606c 0x000000   0.375000
57836.523650 18.990530      NaN    8    28 c    0     0.85 192.10405 -5.79419  9678.62  8889.47 4.24 3.91  86.4 -0.401    18.68 20.47 02a57836o0555c 0x100002   0.285714
57836.544252 18.816441      NaN   -2    36 c    0     0.87 192.10405 -5.79419  9658.52  8847.93 4.19 3.86  88.2 -0.408    18.40 20.14 02a57836o0593c 0x100002  -0.055556
57836.556059 19.128787      NaN   -4    27 c    0     1.12 192.10405 -5.79419  9720.01  8925.66 4.38 4.04  84.5 -0.396    18.59 20.38 02a57836o0615c 0x000000  -0.148148
57836.570642 19.102305      NaN   11    24 c    0     1.16 192.10405 -5.79419  9741.67  8808.51 4.11 3.77  86.9 -0.411    18.74 20.47 02a57836o0641c 0x000000   0.458333
57840.500032 19.128787      NaN  -10    27 c    0     1.31 192.10405 -5.79419    71.43  8415.85 3.79 3.48  32.6 -0.410    18.94 20.68 02a57840o0514c 0x000000  -0.370370
57840.512412 19.454622      NaN   -6    20 c    0     1.29 192.10405 -5.79419  9915.07  8457.25 3.93 3.53 -86.5 -0.431    18.88 20.63 02a57840o0537c 0x000000  -0.300000
57840.517812 18.878500      NaN  -18    34 c    0     1.05 192.10405 -5.79419    52.88  8377.68 4.04 3.72  39.9 -0.419    18.86 20.66 02a57840o0547c 0x100002  -0.529412
57840.533341 19.256669      NaN  -24    24 c    0     0.93 192.10405 -5.79419   115.42  8454.57 4.04 3.70  40.9 -0.419    18.85 20.62 02a57840o0576c 0x000000  -1.000000
57840.545281 18.796518      NaN    2    36 c    0     0.89 192.10405 -5.79419  9954.96  8496.43 3.83 3.41 -83.8 -0.438    18.29 19.95 02a57840o0599c 0x100002   0.055556
57844.475730 18.836735      NaN   40    22 c    0     0.99 192.10405 -5.79419  2197.00  8535.89 3.65 3.39  13.2 -0.434    19.52 21.43 02a57844o0463c 0x000000   1.818182
57844.493925 18.649074      NaN   60    22 c    0     1.08 192.10405 -5.79419  2180.18  8494.74 3.55 3.32  12.0 -0.423    19.52 21.41 02a57844o0498c 0x000000   2.727273
57844.499129 19.026525      NaN   20    23 c    0     0.97 192.10405 -5.79419  2241.77  8573.42 3.59 3.35  10.7 -0.433    19.50 21.40 02a57844o0508c 0x000000   0.869565
57844.520268 19.051202      NaN   15    24 c    0     1.36 192.10405 -5.79419  2263.96  8453.51 3.65 3.43  17.7 -0.443    19.47 21.35 02a57844o0547c 0x000000   0.625000
57844.541541 19.212347      NaN  -15    25 c    0     1.24 192.10405 -5.79419  2224.61  8510.46 3.74 3.51  24.1 -0.449    19.41 21.27 02a57844o0588c 0x000000  -0.600000
57868.495973 19.569016      NaN    3    17 c    0     1.10 192.10405 -5.79419   833.18  6616.37 2.65 2.44   1.9 -0.460    18.77 19.73 02a57868o0296c 0x000000   0.176471
57868.509128 19.743105      NaN    4    14 c    0     0.96 192.10405 -5.79419   891.02  6693.95 2.63 2.42   1.5 -0.460    19.01 19.94 02a57868o0321c 0x000000   0.285714
57868.522226 19.696897      NaN  -12    16 c    0     1.32 192.10405 -5.79419   911.29  6577.33 2.83 2.65   0.0 -0.460    18.88 19.88 02a57868o0346c 0x000000  -0.750000
57868.535370 19.569016      NaN   -9    18 c    0     1.01 192.10405 -5.79419   874.93  6633.94 2.88 2.66   2.2 -0.462    18.79 19.79 02a57868o0371c 0x000000  -0.500000
57900.364763 19.922338      NaN  -21    13 c    0     1.03 192.10405 -5.79419  1118.80  7469.61 2.63 2.22  -1.7 -0.508    19.61 21.15 02a57900o0225c 0x000000  -1.615385
57900.382344 20.009244      NaN  -13    12 c    0     1.27 192.10405 -5.79419  1100.90  7428.31 2.56 2.19  -4.7 -0.506    19.59 21.14 02a57900o0258c 0x000000  -1.083333
57900.399742 20.009244      NaN   -8    12 c    0     1.43 192.10405 -5.79419  1162.04  7503.95 2.55 2.17  -5.8 -0.499    19.57 21.10 02a57900o0289c 0x000000  -0.666667
57900.416606 19.922338      NaN    3    12 c    0     1.15 192.10405 -5.79419  1188.24  7385.24 2.64 2.16  -3.5 -0.496    19.51 21.01 02a57900o0321c 0x000000   0.250000
57900.434141 19.766969      NaN   -7    15 c    0     1.18 192.10405 -5.79419  1149.79  7441.40 2.73 2.20  -3.7 -0.491    19.40 20.89 02a57900o0354c 0x000000  -0.466667
57904.288816 19.696897      NaN  -35    16 c    0     1.22 192.10405 -5.79419  9788.41  7889.82 2.76 2.50  16.6 -0.441    19.28 20.44 02a57904o0054c 0x000000  -2.187500
58082.624369 17.593889      NaN  -35   111 c    0     1.00 192.10405 -5.79419  5691.44  4948.74 2.94 2.77  52.2 -0.408    17.14 18.86 02a58082o0910c 0x100002  -0.315315
58082.633840 19.529530      NaN   11    15 c    0     0.87 192.10405 -5.79419  5713.89  4988.55 2.60 2.45  49.6 -0.430    19.10 20.38 02a58082o0926c 0x000000   0.733333
58082.642279 18.063866      NaN -108    72 c    0     1.05 192.10405 -5.79419  5658.34  4912.61 2.48 2.36  47.7 -0.436    17.37 18.68 02a58082o0943c 0x100002  -1.500000
58082.650801 17.949472      NaN  -67    80 c    0     1.32 192.10405 -5.79419  5641.34  5031.39 2.51 2.36  47.9 -0.435    17.10 18.32 02a58082o0960c 0x100002  -0.837500
58134.680229 17.935984      NaN -108    81 c    0     0.95 192.10405 -5.79419  5922.33  4886.83 2.54 2.45  69.0 -0.459    17.23 18.08 02a58134o1022c 0x100002  -1.333333
58138.671129 19.841877      NaN  -16    14 c    0     0.96 192.10405 -5.79419  7280.34  5316.19 2.61 2.48 -55.1 -0.406    19.45 20.73 02a58138o0006c 0x000000  -1.142857
58138.681128 18.317510      NaN  -79    57 c    0     1.23 192.10405 -5.79419  7298.12  5198.21 2.53 2.44 -72.0 -0.399    17.57 18.14 02a58138o0027c 0x100002  -1.385965
58162.618594 20.449472      NaN  -11     8 c    0     1.01 192.10405 -5.79419  4654.03  3414.36 2.49 2.33  51.4 -0.405    19.81 21.73 02a58162o0375c 0x000000  -1.375000
58162.628649 20.449472      NaN    0     8 c    0     1.02 192.10405 -5.79419  4714.02  3491.63 2.43 2.30  55.9 -0.412    19.82 21.72 02a58162o0396c 0x000000   0.000000
58162.639287 20.449472      NaN   -6     8 c    0     1.01 192.10405 -5.79419  4735.66  3374.45 2.57 2.43  55.6 -0.398    19.77 21.76 02a58162o0418c 0x000000  -0.750000
58226.474630 19.089302      NaN    3    27 c    0     0.87 192.10405 -5.79419  6401.95  2490.77 2.66 2.55 -82.2 -0.400    18.60 20.20 02a58226o0326c 0x000000   0.111111
58226.485092 18.574166      NaN   30    35 c    0     0.99 192.10405 -5.79419  6383.48  2451.61 2.73 2.63 -73.7 -0.405    18.22 19.80 02a58226o0348c 0x100002   0.857143
58226.496117 18.280067      NaN   72    35 c    0     0.77 192.10405 -5.79419  6440.95  2529.10 2.69 2.61 -80.6 -0.409    18.29 19.85 02a58226o0371c 0x100002   2.057143
58226.506622 18.110074      NaN  -27    69 c    0     1.08 192.10405 -5.79419  6461.01  2411.55 2.71 2.64  83.9 -0.398    17.42 18.92 02a58226o0393c 0x100002  -0.391304
58252.493986 19.491430      NaN   25    11 c    0     1.57 192.10405 -5.79419  6046.63  3709.73 2.62 2.46 -64.6 -0.407    19.40 20.93 02a58252o0536c 0x000000   2.272727
58252.508117 19.491430      NaN   16    14 c    0     0.88 192.10405 -5.79419  6044.93  3710.16 2.61 2.44 -56.3 -0.410    19.31 20.80 02a58252o0563c 0x000000   1.142857
58254.408237 19.922338      NaN    9    10 c    0     1.20 192.10405 -5.79419  7102.46  4410.25 2.78 2.59 -85.6 -0.420    19.51 21.39 02a58254o0145c 0x000000   0.900000
58254.419000 20.171596      NaN    1    10 c    0     1.01 192.10405 -5.79419  7085.53  4371.20 2.58 2.49 -84.1 -0.428    19.58 21.41 02a58254o0168c 0x000000   0.100000
58254.430115 20.009244      NaN  -23    12 c    0     1.06 192.10405 -5.79419  7144.61  4447.94 2.78 2.63 -71.2 -0.415    19.39 21.21 02a58254o0191c 0x000000  -1.916667
58254.441420 20.103715      NaN   -8    11 c    0     1.02 192.10405 -5.79419  7165.29  4330.68 2.65 2.58 -67.2 -0.425    19.50 21.29 02a58254o0214c 0x000000  -0.727273
58286.349118 20.362567      NaN    2     8 c    0     1.20 192.10405 -5.79419  6110.68  3301.65 2.59 2.46 -76.0 -0.417    19.61 21.33 02a58286o0231c 0x000000   0.250000
58286.359932 20.321591      NaN   -4     9 c    0     1.09 192.10405 -5.79419  6091.81  3263.53 2.61 2.45 -68.9 -0.410    19.63 21.35 02a58286o0254c 0x000000  -0.444444
58286.370639 19.950541      NaN   11     9 c    0     1.22 192.10405 -5.79419  6150.65  3340.79 2.61 2.45 -65.3 -0.418    19.59 21.31 02a58286o0277c 0x000000   1.222222
58286.381383 20.207197      NaN   -2    10 c    0     1.33 192.10405 -5.79419  6172.42  3224.44 2.61 2.51 -67.2 -0.409    19.55 21.27 02a58286o0300c 0x000000  -0.200000
58310.289420 20.207197      NaN  -19    10 c    0     1.27 192.10405 -5.79419  5832.52  3601.41 2.82 2.55 -61.6 -0.402    19.45 21.11 02a58310o0101c 0x000000  -1.900000
58310.300255 19.743105      NaN   13    11 c    0     1.16 192.10405 -5.79419  5812.79  3562.33 2.92 2.58 -61.1 -0.395    19.44 21.13 02a58310o0124c 0x000000   1.181818
58310.311133 20.103715      NaN   -8    11 c    0     1.03 192.10405 -5.79419  5871.98  3639.28 2.92 2.63 -60.0 -0.399    19.42 21.12 02a58310o0147c 0x000000  -0.727273
58310.322047 19.841877      NaN    9    11 c    0     1.45 192.10405 -5.79419  5893.57  3522.15 2.81 2.55 -62.7 -0.401    19.42 21.08 02a58310o0170c 0x000000   0.818182
58334.260822 16.551202      NaN -191   290 c    0     1.30 192.10405 -5.79419  4694.75  3325.10 3.47 3.12 -58.5 -0.355    16.57 18.06 02a58334o0004c 0x100002  -0.658621
58338.242211 17.896499      NaN  -81    84 c    0     0.99 192.10405 -5.79419  4558.18  5218.51 2.94 2.51 -58.3 -0.417    17.24 18.18 02a58338o0022c 0x100002  -0.964286
58338.246145 18.910912      NaN  -56    33 c    0     1.20 192.10405 -5.79419  4538.53  5179.42 2.89 2.47 -56.3 -0.375    18.11 19.07 02a58338o0030c 0x100002  -1.696970
58338.252960 19.631075      NaN    0    17 c    0     1.23 192.10405 -5.79419  4597.12  5255.35 2.89 2.52 -57.0 -0.375    18.93 20.13 02a58338o0044c 0x000000   0.000000
58338.262513 19.841877      NaN  -49    14 c    0     1.17 192.10405 -5.79419  4616.92  5138.79 2.91 2.54 -55.0 -0.374    19.11 20.51 02a58338o0064c 0x000000  -3.500000
58486.626210 17.243105 0.030684  460    13 c    0     1.24 192.10405 -5.79419  9383.07  4872.75 2.63 2.55 -74.5 -0.423    19.63 21.48 02a58486o0910c 0x000000  35.384615
58486.634494 17.264559 0.028889  451    12 c    0     1.36 192.10405 -5.79419  9400.91  4916.12 2.66 2.55 -87.7 -0.422    19.59 21.48 02a58486o0928c 0x000000  37.583333
58486.647439 17.201430 0.029528  478    13 c    0     1.46 192.10405 -5.79419  9340.22  4839.84 2.62 2.52 -77.8 -0.422    19.64 21.46 02a58486o0956c 0x000000  36.769231
58486.649724 17.279100 0.029278  445    12 c    0     1.63 192.10405 -5.79419  9320.30  4955.05 2.59 2.50 -88.5 -0.428    19.60 21.45 02a58486o0961c 0x000000  37.083333
58494.587720 17.558604 0.037875  344    12 c    0     1.27 192.10405 -5.79419  9401.10   981.31 2.75 2.61  58.3 -0.412    19.65 21.65 02a58494o0812c 0x000000  28.666667
58494.596667 17.561765 0.041150  343    13 c    0     1.15 192.10405 -5.79419  9419.04  1021.96 2.70 2.57  72.5 -0.409    19.66 21.63 02a58494o0830c 0x000000  26.384615
58494.604937 17.503229 0.032992  362    11 c    0     1.88 192.10405 -5.79419  9361.23   945.12 2.68 2.54  78.7 -0.411    19.65 21.61 02a58494o0847c 0x000000  32.909091
58494.613013 17.509244 0.033175  360    11 c    0     1.87 192.10405 -5.79419  9340.79  1063.62 2.70 2.56  76.0 -0.412    19.66 21.60 02a58494o0864c 0x000000  32.727273
58518.583550 18.039019 0.044216  221     9 c    0     1.94 192.10405 -5.79419  1593.28  2928.06 2.67 2.34  33.0 -0.435    19.80 21.76 02a58518o0763c 0x000000  24.555556
58518.593616 18.063866 0.055292  216    11 c    0     1.36 192.10405 -5.79419  8983.35  7587.27 2.44 2.37 -13.6 -0.431    19.79 21.75 02a58518o0781c 0x000000  19.636364
58518.603066 18.163834 0.055114  197    10 c    0     1.09 192.10405 -5.79419  9042.48  7666.52 2.44 2.40  -2.1 -0.428    19.81 21.76 02a58518o0798c 0x000000  19.700000
58518.613810 18.147425 0.054287  200    10 c    0     1.53 192.10405 -5.79419  9057.97  7549.48 2.49 2.38 -23.2 -0.433    19.79 21.76 02a58518o0816c 0x000000  20.000000
58578.460998 19.719755 0.231008   47    10 c    0     1.00 192.10405 -5.79419  3157.03  7629.02 2.57 2.36  45.5 -0.388    19.69 21.60 02a58578o0512c 0x000000   4.700000
58578.470148 19.529530 0.193881   56    10 c    0     1.52 192.10405 -5.79419  3136.62  7589.75 2.61 2.35  48.9 -0.388    19.66 21.59 02a58578o0531c 0x000000   5.600000
58578.479575 19.419021 0.175119   62    10 c    0     1.09 192.10405 -5.79419  3194.09  7667.60 2.60 2.48  67.6 -0.387    19.63 21.55 02a58578o0550c 0x000000   6.200000
58578.488974 19.868040 0.264814   41    10 c    0     1.07 192.10405 -5.79419  3214.96  7552.68 2.44 2.37  72.7 -0.405    19.65 21.53 02a58578o0569c 0x000000   4.100000
58582.457007 19.491430 0.187196   58    10 c    0     1.25 192.10405 -5.79419  8965.81  3756.76 2.63 2.40 -64.6 -0.400    19.57 21.41 02a58582o0500c 0x000000   5.800000
58582.466365 19.491430 0.187196   58    10 c    0     1.68 192.10405 -5.79419  8945.56  3718.74 2.68 2.40 -61.4 -0.402    19.55 21.41 02a58582o0519c 0x000000   5.800000
58582.476040 19.696897 0.226195   48    10 c    0     1.35 192.10405 -5.79419  9001.91  3796.50 2.69 2.38 -59.8 -0.405    19.56 21.42 02a58582o0538c 0x000000   4.800000
58582.485473 19.454622 0.162860   60     9 c    0     1.53 192.10405 -5.79419  9022.95  3681.95 2.72 2.38 -57.8 -0.399    19.58 21.38 02a58582o0557c 0x000000   6.666667
58610.413012 20.244005 0.336953   29     9 c    0     1.52 192.10405 -5.79419  5083.77  3770.00 2.48 2.30  58.7 -0.399    19.73 21.48 02a58610o0359c 0x000000   3.222222
58610.422121 20.103715 0.296110   33     9 c    0     1.20 192.10405 -5.79419  5066.04  3731.20 2.43 2.28  61.5 -0.404    19.73 21.46 02a58610o0378c 0x000000   3.666667
58610.431136 20.009244 0.241275   36     8 c    0     1.36 192.10405 -5.79419  5124.21  3808.62 2.48 2.27  58.2 -0.394    19.72 21.44 02a58610o0397c 0x000000   4.500000
58610.440222 19.894850 0.217147   40     8 c    0     1.46 192.10405 -5.79419  5145.01  3693.43 2.45 2.30  59.3 -0.403    19.70 21.44 02a58610o0416c 0x000000   5.000000
58634.323581 20.071303 0.287401   34     9 c    0     1.39 192.10405 -5.79419  5940.42  8613.36 2.71 2.46  54.1 -0.398    19.66 21.50 02a58634o0200c 0x000000   3.777778
58634.326458 20.103715 0.329011   33    10 c    0     1.39 192.10405 -5.79419  5920.90  8574.20 2.72 2.48  50.4 -0.405    19.66 21.50 02a58634o0206c 0x000000   3.300000
58634.332044 19.631075      NaN   18    11 c    0     1.25 192.10405 -5.79419  5978.51  8652.30 2.68 2.43  52.0 -0.412    19.66 21.50 02a58634o0218c 0x000000   1.636364
58634.341811 20.071303 0.319334   34    10 c    0     1.48 192.10405 -5.79419  5997.31  8536.35 2.61 2.48  62.9 -0.409    19.70 21.49 02a58634o0239c 0x000000   3.400000
58642.315989 19.631075      NaN   15    12 c    0     0.95 192.10405 -5.79419  7889.31  8520.49 2.71 2.59  84.1 -0.408    19.52 21.04 02a58642o0181c 0x000000   1.250000
58642.319785 19.454622      NaN   24    12 c    0     1.24 192.10405 -5.79419  7869.95  8480.69 2.73 2.62 -78.5 -0.400    19.50 21.04 02a58642o0189c 0x000000   2.000000
58642.325921 19.652575      NaN   17    11 c    0     0.90 192.10405 -5.79419  7929.39  8560.54 2.64 2.52 -85.1 -0.403    19.55 21.04 02a58642o0202c 0x000000   1.545455
58642.335790 19.454622      NaN   24    12 c    0     1.01 192.10405 -5.79419  7951.68  8444.51 2.60 2.53  81.7 -0.404    19.53 21.05 02a58642o0223c 0x000000   2.000000
58666.274173 19.841877      NaN    3    13 c    0     0.70 192.10405 -5.79419  4564.66   173.71 2.50 2.27 -71.9 -0.397    19.57 21.15 02a58666o0081c 0x000000   0.230769
58666.274630 19.816329      NaN   13    10 c    0     1.37 192.10405 -5.79419  9986.10 10398.72 2.89 2.72  79.0 -0.386    19.55 21.16 02a58666o0082c 0x000000   1.300000
58666.276926 19.549093      NaN   22    11 c    0     1.60 192.10405 -5.79419  4545.34   134.24 2.55 2.29 -70.8 -0.379    19.53 21.14 02a58666o0087c 0x000000   2.000000
58666.277383 19.631075      NaN   21    10 c    0     1.52 192.10405 -5.79419  9966.57 10358.35 2.89 2.74  79.7 -0.364    19.57 21.15 02a58666o0088c 0x000000   2.100000
58666.282139 19.696897      NaN   12    12 c    0     1.05 192.10405 -5.79419  4603.49   211.64 2.59 2.31 -64.9 -0.397    19.53 21.12 02a58666o0098c 0x000000   1.000000
58666.282595 19.922338      NaN    9    10 c    0     1.42 192.10405 -5.79419 10025.65 10439.04 2.92 2.80 -76.0 -0.361    19.57 21.14 02a58666o0099c 0x000000   0.900000
58666.292893 19.419021      NaN   23    13 c    0     0.96 192.10405 -5.79419  4623.65    93.29 2.48 2.25 -67.0 -0.380    19.54 21.11 02a58666o0121c 0x000000   1.769231
58666.293352 19.529530      NaN   23    11 c    0     1.05 192.10405 -5.79419 10044.35 10319.54 2.88 2.74  79.4 -0.380    19.52 21.12 02a58666o0122c 0x000000   2.090909
58814.632644 19.696897      NaN   -6    16 c    0     1.35 192.10405 -5.79419  7856.46  8358.53 2.79 2.57  39.9 -0.379    19.24 20.58 02a58814o0854c 0x000000  -0.375000
58814.635878 19.922338      NaN    0    13 c    0     1.48 192.10405 -5.79419  7875.90  8397.87 2.78 2.54  42.2 -0.381    19.18 20.58 02a58814o0861c 0x000000   0.000000
58814.641859 19.609992      NaN    1    17 c    0     1.03 192.10405 -5.79419  7817.52  8320.22 2.77 2.53  41.4 -0.390    19.24 20.58 02a58814o0874c 0x000000   0.058824
58814.647408 19.510313      NaN    3    18 c    0     1.08 192.10405 -5.79419  7797.88  8437.00 2.78 2.59  42.8 -0.384    19.16 20.51 02a58814o0886c 0x000000   0.166667
58846.538891 19.922338      NaN    0    13 c    0     1.13 192.10405 -5.79419  2682.44  2044.49 3.54 3.48  68.1 -0.369    19.13 21.29 02a58846o0744c 0x000000   0.000000
58846.541934 20.009244      NaN  -18    12 c    0     1.17 192.10405 -5.79419  2702.14  2083.04 3.28 3.19 -23.3 -0.380    19.25 21.31 02a58846o0750c 0x000000  -1.500000
58846.549156 19.719755      NaN    8    13 c    0     1.24 192.10405 -5.79419  2642.46  2003.96 3.51 3.43 -88.7 -0.365    19.20 21.33 02a58846o0765c 0x000000   0.615385
58846.561010 19.609992      NaN   16    12 c    0     1.34 192.10405 -5.79419  2623.63  2121.73 3.35 3.27   3.0 -0.386    19.22 21.35 02a58846o0790c 0x000000   1.333333
58870.524253 20.449472      NaN   -6     8 c    0     1.42 192.10405 -5.79419   593.21   173.33 2.46 2.21 -74.9 -0.416    19.68 21.57 02a58870o0698c 0x000000  -0.750000
58870.527015 20.137125      NaN    8     8 c    0     1.51 192.10405 -5.79419   609.73   212.48 2.42 2.17 -72.3 -0.424    19.75 21.57 02a58870o0704c 0x000000   1.000000
58874.617549 19.674510      NaN   22     9 c    0     0.98 192.10405 -5.79419   860.37  4081.98 2.60 2.22 -57.8 -0.416    19.79 21.76 02a58874o0886c 0x000000   2.444444
58874.622842 19.894850      NaN   10    10 c    0     1.06 192.10405 -5.79419   878.45  4123.45 2.48 2.23 -55.2 -0.418    19.80 21.76 02a58874o0897c 0x000000   1.000000
58874.625453 20.207197      NaN   -6    10 c    0     0.82 192.10405 -5.79419  9758.34  6511.98 2.68 2.53 -69.8 -0.418    19.79 21.75 02a58874o0902c 0x000000  -0.600000
58874.635241 20.321591      NaN   -3     9 c    0     1.21 192.10405 -5.79419  9778.45  6396.54 2.71 2.53 -69.6 -0.419    19.81 21.75 02a58874o0922c 0x000000  -0.333333
58877.615691 20.282105      NaN    4     8 c    0     1.26 192.10405 -5.79419   853.93  4081.12 2.54 2.40 -40.8 -0.403    19.71 21.64 02a58877o0871c 0x000000   0.500000
58877.618504 19.979496      NaN   13     8 c    0     1.50 192.10405 -5.79419   874.24  4120.26 2.50 2.26 -51.1 -0.413    19.77 21.64 02a58877o0877c 0x000000   1.625000
58877.634546 20.103715      NaN  -13    11 c    0     1.13 192.10405 -5.79419  9754.28  6514.08 2.88 2.79  86.2 -0.400    19.65 21.64 02a58877o0911c 0x000000  -1.181818
58877.648306 19.979496      NaN   10     9 c    0     1.12 192.10405 -5.79419  9775.32  6399.04 2.80 2.73  54.6 -0.396    19.64 21.61 02a58877o0940c 0x000000   1.111111
58878.480054 19.569016      NaN    3    17 c    0     1.19 192.10405 -5.79419   843.35  4085.00 2.40 2.32 -55.3 -0.401    18.45 20.20 02a58878o0596c 0x000000   0.176471
58878.483283 19.609992      NaN    7    15 c    0     0.98 192.10405 -5.79419   862.23  4123.92 2.38 2.31 -53.0 -0.405    19.02 20.80 02a58878o0603c 0x000000   0.466667
58878.489751 19.256669      NaN   -5    24 c    0     1.77 192.10405 -5.79419   802.85  4045.58 2.35 2.32  26.2 -0.401    18.19 19.89 02a58878o0617c 0x000000  -0.208333
58878.500865 19.183773      NaN   32    15 c    0     1.63 192.10405 -5.79419   783.90  4162.08 2.36 2.30 -45.3 -0.400    18.63 20.41 02a58878o0641c 0x000000   2.133333
58882.538288 20.071303      NaN    4    10 c    0     0.92 192.10405 -5.79419   477.93  6510.74 2.66 2.16 -55.5 -0.409    19.70 21.65 02a58882o0653c 0x000000   0.400000
58882.542162 20.321591      NaN    3     8 c    0     1.27 192.10405 -5.79419   498.12  6549.72 2.54 2.09 -54.9 -0.419    19.75 21.65 02a58882o0661c 0x000000   0.375000
58882.547808 20.321591      NaN   -4     9 c    0     1.07 192.10405 -5.79419   441.00  6472.09 2.52 2.07 -55.2 -0.418    19.73 21.65 02a58882o0673c 0x000000  -0.444444
58882.558204 19.979496      NaN   13     8 c    0     1.45 192.10405 -5.79419   419.21  6588.12 2.66 2.10 -57.4 -0.405    19.73 21.63 02a58882o0694c 0x000000   1.625000
58902.534763 20.321591      NaN  -26     9 c    0     0.98 192.10405 -5.79419  3594.12  8056.91 2.51 2.30 -49.9 -0.406    19.71 21.60 02a58902o0686c 0x000000  -2.888889
58902.537941 20.207197      NaN  -20    10 c    0     1.01 192.10405 -5.79419  3613.87  8094.38 2.55 2.40 -45.1 -0.404    19.72 21.60 02a58902o0692c 0x000000  -2.000000
58902.544356 20.321591      NaN  -36     9 c    0     1.23 192.10405 -5.79419  3556.53  8019.33 2.55 2.42  27.3 -0.386    19.69 21.59 02a58902o0705c 0x000000  -4.000000
58902.559564 20.207197      NaN  -23    10 c    0     0.87 192.10405 -5.79419  7030.74  2427.27 2.71 2.51 -62.3 -0.386    19.63 21.56 02a58902o0736c 0x000000  -2.300000
58929.485841 19.922338      NaN  -54    13 c    0     1.33 192.10405 -5.79419  7984.77 10476.03 2.75 2.68 -84.7 -0.392    19.73 21.59 02a58929o0557c 0x000000  -4.153846
58929.503828 20.207197      NaN  -47    10 c    0     1.28 192.10405 -5.79419  7965.96 10437.20 2.86 2.64 -53.3 -0.393    19.75 21.62 02a58929o0594c 0x000000  -4.700000
58929.510381 17.077088      NaN   71   155 c    0     0.10 192.10405 -5.79419  8023.49 10519.73 2.84 2.63 -51.7 -0.391    19.76 21.62 02a58929o0608c 0x100002   0.458065
58930.505074 20.321591      NaN  -37     9 c    0     1.67 192.10405 -5.79419  8133.58  4157.30 2.49 2.31 -68.7 -0.392    19.64 21.38 02a58930o0555c 0x000000  -4.111111
58930.508354 19.841877      NaN  -26    14 c    0     1.21 192.10405 -5.79419  8114.20  4118.40 2.46 2.29 -68.6 -0.398    19.26 20.96 02a58930o0562c 0x000000  -1.857143
58930.513683 19.351140      NaN  -23    22 c    0     0.83 192.10405 -5.79419  8171.53  4196.01 2.50 2.31 -69.3 -0.389    18.75 20.42 02a58930o0573c 0x000000  -1.045455
58930.524398 19.089302      NaN  -19    28 c    0     0.83 192.10405 -5.79419  8192.28  4079.50 2.54 2.27 -62.7 -0.390    18.76 20.39 02a58930o0595c 0x100002  -0.678571
58934.454366 18.261819      NaN    9    57 c    0     1.01 192.10405 -5.79419  2431.55  6404.01 2.78 2.65 -43.0 -0.377    17.54 19.37 02a58934o0497c 0x100002   0.157895
58934.457664 18.298627      NaN  -43    58 c    0     0.98 192.10405 -5.79419  2451.91  6447.40 2.80 2.58 -47.4 -0.388    17.63 19.46 02a58934o0503c 0x100002  -0.741379
58934.464556 18.640491      NaN    1    42 c    0     1.23 192.10405 -5.79419  8178.63  4194.44 2.83 2.72 -67.5 -0.374    17.97 19.83 02a58934o0517c 0x100002   0.023810
58934.477268 18.417189      NaN  -78    52 c    0     1.13 192.10405 -5.79419  8198.30  4078.81 2.99 2.83 -59.0 -0.369    17.69 19.56 02a58934o0543c 0x100002  -1.500000
58957.416934 20.207197      NaN  -40    10 c    0     1.47 192.10405 -5.79419  1931.46  6860.06 2.67 2.38  41.7 -0.385    19.39 21.22 02a58957o0375c 0x000000  -4.000000
58957.420149 19.841877      NaN  -25    14 c    0     0.83 192.10405 -5.79419  1913.10  6824.29 2.57 2.43  46.3 -0.392    19.49 21.28 02a58957o0382c 0x000000  -1.785714
58957.430733 20.207197      NaN  -22    10 c    0     1.38 192.10405 -5.79419  1972.58  6896.39 2.93 2.43  40.0 -0.362    19.44 21.35 02a58957o0404c 0x000000  -2.200000
58957.436120 20.321591      NaN  -47     9 c    0     1.61 192.10405 -5.79419  1991.75  6786.86 2.48 2.35  47.4 -0.395    19.53 21.34 02a58957o0415c 0x000000  -5.222222
58958.389311 20.207197      NaN  -44    10 c    0     1.00 192.10405 -5.79419  1940.75  6856.51 2.48 2.29  31.3 -0.402    19.69 21.42 02a58958o0354c 0x000000  -4.400000
58958.392241 20.321591      NaN  -27     9 c    0     1.45 192.10405 -5.79419  1921.59  6818.18 2.46 2.27  33.7 -0.401    19.67 21.41 02a58958o0360c 0x000000  -3.000000
58958.397334 20.207197      NaN  -16    10 c    0     1.31 192.10405 -5.79419  1978.90  6894.62 2.48 2.27  38.6 -0.397    19.68 21.39 02a58958o0371c 0x000000  -1.600000
58958.408483 20.449472      NaN  -24     8 c    0     1.41 192.10405 -5.79419  1999.76  6782.31 2.52 2.31  44.3 -0.394    19.61 21.37 02a58958o0395c 0x000000  -3.000000
58962.415742 18.623526      NaN  -24    43 c    0     0.86 192.10405 -5.79419   760.32  2290.05 2.41 2.33 -66.5 -0.426    18.08 19.62 02a58962o0392c 0x100002  -0.558140
58962.418990 19.212347      NaN  -37    25 c    0     1.21 192.10405 -5.79419   742.20  2254.07 2.44 2.35 -86.7 -0.424    18.54 20.16 02a58962o0399c 0x000000  -1.480000
58962.424589 19.051202      NaN  -31    29 c    0     1.15 192.10405 -5.79419   801.00  2328.28 2.40 2.32 -82.1 -0.437    18.54 20.13 02a58962o0411c 0x100002  -1.068966
58962.434490 18.158337      NaN  -33    66 c    0     1.22 192.10405 -5.79419   822.13  2216.62 2.42 2.33 -84.7 -0.408    17.32 18.83 02a58962o0432c 0x100002  -0.500000
58966.382686 20.321591      NaN  -25     9 c    0     1.33 192.10405 -5.79419   764.40  2287.83 2.56 2.31 -57.2 -0.426    19.65 21.46 02a58966o0335c 0x000000  -2.777778
58966.386367 20.103715      NaN  -37    11 c    0     1.15 192.10405 -5.79419   744.93  2249.13 2.61 2.38 -59.1 -0.421    19.67 21.48 02a58966o0343c 0x000000  -3.363636
58966.392371 20.321591      NaN  -33     9 c    0     1.33 192.10405 -5.79419   804.35  2327.76 2.55 2.34 -59.0 -0.427    19.64 21.48 02a58966o0356c 0x000000  -3.666667
58966.404787 20.321591      NaN  -48     9 c    0     1.18 192.10405 -5.79419   825.09  2212.86 2.54 2.33 -60.5 -0.432    19.64 21.45 02a58966o0383c 0x000000  -5.333333
58982.378933 20.594452      NaN  -21     7 c    0     1.57 192.10405 -5.79419  4651.52  2117.85 2.41 2.22 -64.8 -0.402    19.71 21.64 02a58982o0298c 0x000000  -3.000000
58982.382226 20.449472      NaN  -40     8 c    0     0.88 192.10405 -5.79419  4629.47  2076.01 2.39 2.21 -64.9 -0.402    19.79 21.63 02a58982o0305c 0x000000  -5.000000
58982.389292 20.449472      NaN  -46     8 c    0     1.51 192.10405 -5.79419  4687.91  2153.87 2.43 2.23 -63.1 -0.403    19.72 21.63 02a58982o0320c 0x000000  -5.750000
58982.406098 20.321591      NaN  -27     9 c    0     1.30 192.10405 -5.79419  4708.89  2037.73 2.41 2.22 -61.1 -0.400    19.72 21.57 02a58982o0356c 0x000000  -3.000000
58986.365579 20.449472      NaN   -7     8 c    0     1.86 192.10405 -5.79419  3975.59  8704.61 2.48 2.41  79.8 -0.395    19.71 21.57 02a58986o0289c 0x000000  -0.875000
58986.369332 20.103715      NaN  -66    11 c    0     0.79 192.10405 -5.79419  3956.52  8665.73 2.50 2.39  82.0 -0.399    19.70 21.55 02a58986o0297c 0x000000  -6.000000
58986.375308 20.207197      NaN  -24    10 c    0     1.20 192.10405 -5.79419  4015.05  8744.44 2.57 2.45  87.7 -0.396    19.71 21.54 02a58986o0310c 0x000000  -2.400000
58986.385915 20.321591      NaN  -14     9 c    0     1.21 192.10405 -5.79419  4036.27  8627.12 2.58 2.49 -65.8 -0.397    19.66 21.56 02a58986o0333c 0x000000  -1.555556
58989.349160 20.321591      NaN  -32     9 c    0     1.45 192.10405 -5.79419  3973.65  8703.77 2.73 2.53  59.1 -0.378    19.66 21.64 02a58989o0250c 0x000000  -3.555556
58989.352827 20.207197      NaN  -35    10 c    0     0.91 192.10405 -5.79419  3954.67  8666.21 2.61 2.44  56.8 -0.386    19.73 21.63 02a58989o0258c 0x000000  -3.500000
58989.360173 20.207197      NaN  -25    10 c    0     1.47 192.10405 -5.79419  4014.55  8747.26 2.64 2.50  64.4 -0.386    19.71 21.62 02a58989o0274c 0x000000  -2.500000
58989.379010 20.207197      NaN  -10    10 c    0     1.34 192.10405 -5.79419  4035.57  8630.41 2.63 2.45  59.0 -0.380    19.67 21.56 02a58989o0315c 0x000000  -1.000000
58990.329936 20.103715      NaN  -38    11 c    0     1.08 192.10405 -5.79419  3980.54  8699.81 2.49 2.42  46.4 -0.396    19.74 21.54 02a58990o0208c 0x000000  -3.454545
58990.333162 20.321591      NaN  -44     9 c    0     1.22 192.10405 -5.79419  3962.20  8661.26 2.50 2.43  63.0 -0.396    19.71 21.53 02a58990o0215c 0x000000  -4.888889
58990.340533 20.207197      NaN  -38    10 c    0     1.03 192.10405 -5.79419  4020.48  8738.99 2.49 2.40  65.4 -0.397    19.70 21.53 02a58990o0231c 0x000000  -3.800000
58990.353397 20.207197      NaN  -24    10 c    0     1.20 192.10405 -5.79419  4042.23  8621.78 2.54 2.42  59.7 -0.399    19.71 21.53 02a58990o0259c 0x000000  -2.400000
58994.349612 20.321591      NaN  -35     9 c    0     1.12 192.10405 -5.79419  4272.25  4343.54 2.46 2.32  59.5 -0.396    19.64 21.36 02a58994o0244c 0x000000  -3.888889
58994.356970 20.207197      NaN  -10    10 c    0     1.04 192.10405 -5.79419  4253.74  4305.62 2.53 2.39  65.5 -0.397    19.63 21.37 02a58994o0260c 0x000000  -1.000000
58994.361142 20.321591      NaN  -31     9 c    0     1.30 192.10405 -5.79419  4312.26  4382.32 2.45 2.32  57.4 -0.399    19.65 21.35 02a58994o0269c 0x000000  -3.444444
58994.375911 20.207197      NaN  -10    10 c    0     0.88 192.10405 -5.79419  4333.22  4264.44 2.59 2.49  68.9 -0.390    19.54 21.33 02a58994o0301c 0x000000  -1.000000
59022.286705 20.321591      NaN  -34     9 c    0     1.25 192.10405 -5.79419  7771.97  6570.84 2.59 2.50  68.9 -0.396    19.63 21.44 02a59022o0094c 0x000000  -3.777778
59022.290363 20.321591      NaN  -33     9 c    0     1.19 192.10405 -5.79419  7751.92  6532.32 2.63 2.43  50.1 -0.392    19.66 21.43 02a59022o0102c 0x000000  -3.666667
59022.295892 20.321591      NaN  -27     9 c    0     1.18 192.10405 -5.79419  7810.49  6610.78 2.59 2.43  49.0 -0.393    19.65 21.38 02a59022o0114c 0x000000  -3.000000
59022.307860 20.321591      NaN  -43     9 c    0     1.56 192.10405 -5.79419  7829.92  6495.64 2.56 2.46  76.4 -0.398    19.68 21.42 02a59022o0140c 0x000000  -4.777778
59042.296340 19.922338      NaN  -24    13 c    0     0.85 192.10405 -5.79419  7877.39  8524.42 2.62 2.50  46.6 -0.393    19.47 21.03 02a59042o0115c 0x000000  -1.846154
59042.299556 19.841877      NaN  -34    14 c    0     0.74 192.10405 -5.79419  7858.60  8485.56 2.64 2.52  47.5 -0.393    19.47 21.05 02a59042o0122c 0x000000  -2.428571
59042.305095 20.009244      NaN  -38    12 c    0     1.24 192.10405 -5.79419  7917.48  8563.61 2.75 2.56  46.7 -0.387    19.42 21.04 02a59042o0134c 0x000000  -3.166667
59042.317523 19.841877      NaN  -12    14 c    0     1.22 192.10405 -5.79419  7938.39  8446.34 2.76 2.71  41.6 -0.392    19.32 20.95 02a59042o0161c 0x000000  -0.857143
59050.252278 19.351140      NaN   -3    22 c    0     1.46 192.10405 -5.79419  8928.52  2414.96 2.71 2.58 -56.2 -0.379    18.46 19.68 02a59050o0023c 0x000000  -0.136364
59050.255937 19.569016      NaN  -23    18 c    0     0.99 192.10405 -5.79419  8910.08  2375.17 2.80 2.68 -55.7 -0.375    18.95 20.31 02a59050o0031c 0x000000  -1.277778
59050.262449 19.841877      NaN  -20    14 c    0     0.93 192.10405 -5.79419  8968.43  2452.46 2.72 2.60 -48.9 -0.382    19.33 20.95 02a59050o0045c 0x000000  -1.428571
59050.272523 20.009244      NaN  -40    12 c    0     1.16 192.10405 -5.79419  8989.44  2333.09 2.74 2.56 -49.6 -0.385    19.38 21.08 02a59050o0067c 0x000000  -3.333333
59170.632229 19.631075      NaN  -20    17 c    0     1.08 192.10405 -5.79419   725.25  2149.33 2.47 2.38 -62.8 -0.418    18.77 19.96 02a59170o0876c 0x000000  -1.176471
59170.636380 19.510313      NaN  -42    19 c    0     1.03 192.10405 -5.79419   743.84  2187.67 2.44 2.40  82.0 -0.401    18.79 19.97 02a59170o0885c 0x000000  -2.210526
59170.641520 19.696897      NaN  -36    16 c    0     1.45 192.10405 -5.79419   683.04  2107.60 2.45 2.36 -78.6 -0.412    18.83 19.92 02a59170o0896c 0x000000  -2.250000
59194.636451 19.922338      NaN  -22    13 c    0     0.95 192.10405 -5.79419  6295.40  6208.79 2.62 2.33  35.7 -0.398    19.42 20.83 02a59194o0978c 0x000000  -1.692308
59194.641977 19.922338      NaN  -61    13 c    0     1.02 192.10405 -5.79419  6312.38  6247.92 2.60 2.34  40.3 -0.396    19.44 20.85 02a59194o0990c 0x000000  -4.692308
59194.659315 19.766969      NaN  -23    15 c    0     0.77 192.10405 -5.79419  6253.13  6171.38 2.62 2.33  34.5 -0.390    19.24 20.39 02a59194o1027c 0x000000  -1.533333
59194.665312 19.401649      NaN  -28    21 c    0     1.61 192.10405 -5.79419  6233.50  6286.06 2.62 2.37  33.0 -0.390    18.52 19.42 02a59194o1040c 0x000000  -1.333333
59198.605934 18.452558      NaN   46    35 c    0     1.56 192.10405 -5.79419  6290.06  6211.94 2.61 2.42  34.7 -0.393    18.26 19.77 02a59198o0911c 0x100002   1.314286
59198.609143 18.978793      NaN   -3    31 c    0     0.96 192.10405 -5.79419  6308.96  6251.22 2.60 2.37  35.7 -0.391    18.50 20.06 02a59198o0918c 0x100002  -0.096774
59198.615102 19.256669      NaN  -37    24 c    0     1.30 192.10405 -5.79419  6252.75  6173.77 2.53 2.38  38.1 -0.398    18.56 20.08 02a59198o0931c 0x000000  -1.541667
59198.627979 19.922338      NaN  -30    13 c    0     0.79 192.10405 -5.79419  6232.42  6288.67 2.61 2.43  33.0 -0.391    19.32 20.85 02a59198o0959c 0x000000  -2.307692
59204.620958 20.321591      NaN  -14     9 c    0     1.16 192.10405 -5.79419  2060.10  8808.82 2.52 2.28 -67.5 -0.361    19.61 21.32 01a59204o0863c 0x000000  -1.555556
59204.628336 20.321591      NaN  -36     9 c    0     1.56 192.10405 -5.79419  2042.74  8772.14 2.45 2.29 -70.5 -0.358    19.67 21.37 01a59204o0879c 0x000000  -4.000000
59204.647695 20.207197      NaN  -11    10 c    0     1.34 192.10405 -5.79419  2105.59  8851.14 2.58 2.29 -19.8 -0.369    19.62 21.32 01a59204o0920c 0x000000  -1.100000
59204.656525 20.321591      NaN  -26     9 c    0     1.47 192.10405 -5.79419  2126.50  8734.11 2.46 2.33 -21.5 -0.364    19.55 21.10 01a59204o0939c 0x000000  -2.888889
59206.597068 20.207197      NaN  -27    10 c    0     1.18 192.10405 -5.79419  4362.76  6306.19 2.53 2.32  37.3 -0.398    19.56 21.20 02a59206o0868c 0x000000  -2.700000
59206.600287 20.009244      NaN  -41    12 c    0     0.74 192.10405 -5.79419  4381.65  6344.96 2.55 2.38  36.9 -0.397    19.55 21.19 02a59206o0875c 0x000000  -3.416667
59206.606708 20.207197      NaN  -27    10 c    0     1.25 192.10405 -5.79419  4324.19  6268.08 2.55 2.35  36.5 -0.398    19.53 21.18 02a59206o0889c 0x000000  -2.700000
59206.619291 20.449472      NaN  -35     8 c    0     1.49 192.10405 -5.79419  4304.16  6383.65 2.61 2.35  37.0 -0.392    19.56 21.20 02a59206o0916c 0x000000  -4.375000
59208.618916 20.207197      NaN  -31    10 c    0     0.85 192.10405 -5.79419  2354.65  4444.84 2.42 2.38 -22.4 -0.389    19.62 21.33 01a59208o0899c 0x000000  -3.100000
59208.624438 20.321591      NaN  -32     9 c    0     1.35 192.10405 -5.79419  2335.90  4406.24 2.48 2.44 -12.9 -0.384    19.61 21.35 01a59208o0911c 0x000000  -3.555556
59208.628589 20.321591      NaN  -39     9 c    0     1.61 192.10405 -5.79419  2394.25  4484.43 2.49 2.45  12.7 -0.383    19.62 21.36 01a59208o0920c 0x000000  -4.333333
59208.648853 20.207197      NaN  -42    10 c    0     0.84 192.10405 -5.79419  2417.06  4370.73 2.79 2.43   4.6 -0.376    19.57 21.34 01a59208o0963c 0x000000  -4.200000
59224.611686 20.207197      NaN  -28    10 c    0     0.98 192.10405 -5.79419  8154.14  4147.53 2.83 2.60  -1.9 -0.363    19.62 21.52 01a59224o0836c 0x000000  -2.800000
59224.613527 20.321591      NaN  -34     9 c    0     1.48 192.10405 -5.79419  8133.85  4109.24 3.26 2.62   0.6 -0.355    19.58 21.51 01a59224o0840c 0x000000  -3.777778
59224.619527 20.207197      NaN  -36    10 c    0     0.92 192.10405 -5.79419  8192.81  4186.31 2.95 2.64 -10.2 -0.360    19.62 21.53 01a59224o0853c 0x000000  -3.600000
59224.632893 20.103715      NaN  -35    11 c    0     1.05 192.10405 -5.79419  8212.37  4069.67 3.60 2.62   2.7 -0.354    19.51 21.52 01a59224o0882c 0x000000  -3.181818
59226.588317 20.207197      NaN  -36    10 c    0     1.37 192.10405 -5.79419  9920.28 10236.35 3.24 2.72 -56.8 -0.368    19.67 21.63 02a59226o0851c 0x000000  -3.600000
59226.590147 20.207197      NaN  -34    10 c    0     1.31 192.10405 -5.79419  9940.07 10275.56 3.12 2.75 -56.6 -0.378    19.70 21.63 02a59226o0855c 0x000000  -3.400000
59226.594722 20.103715      NaN  -28    11 c    0     0.81 192.10405 -5.79419  9880.42 10195.69 3.10 2.73 -58.5 -0.378    19.71 21.64 02a59226o0865c 0x000000  -2.545455
59226.597958 17.721771      NaN   65    77 c    0     0.75 192.10405 -5.79419  4553.67    33.85 2.54 2.22 -55.8 -0.386    19.74 21.62 02a59226o0872c 0x100002   0.844156
59226.599789 20.207197      NaN  -40    10 c    0     1.27 192.10405 -5.79419  9862.35 10314.50 3.08 2.59 -58.9 -0.384    19.78 21.65 02a59226o0876c 0x000000  -4.000000
59226.606663 20.207197      NaN  -36    10 c    0     1.35 192.10405 -5.79419  4475.45    74.04 2.55 2.21 -61.9 -0.378    19.74 21.63 02a59226o0891c 0x000000  -3.600000
59228.574211 20.321591      NaN  -26     9 c    0     1.51 192.10405 -5.79419  8148.56  4147.79 2.85 2.77 -51.9 -0.356    19.65 21.72 01a59228o0536c 0x000000  -2.888889
59228.576048 20.207197      NaN  -25    10 c    0     1.04 192.10405 -5.79419  8130.02  4109.55 3.06 3.03  40.1 -0.337    19.56 21.72 01a59228o0540c 0x000000  -2.500000
59228.581141 20.321591      NaN  -43     9 c    0     1.24 192.10405 -5.79419  8187.39  4186.09 2.89 2.80  -8.7 -0.356    19.65 21.72 01a59228o0551c 0x000000  -4.777778
59228.588834 20.449472      NaN  -27     8 c    0     1.50 192.10405 -5.79419  8211.05  4070.46 2.75 2.67 -58.7 -0.363    19.69 21.72 01a59228o0567c 0x000000  -3.375000
59230.550484 20.207197      NaN  -28    10 c    0     1.53 192.10405 -5.79419  9922.13 10236.76 2.94 2.65 -59.6 -0.386    19.72 21.54 02a59230o0762c 0x000000  -2.800000
59230.552770 20.207197      NaN  -35    10 c    0     0.93 192.10405 -5.79419  9941.68 10276.83 2.96 2.71 -62.1 -0.382    19.71 21.54 02a59230o0767c 0x000000  -3.500000
59230.554599 17.222068      NaN  139   110 c    0     0.34 192.10405 -5.79419  4553.72    36.08 2.53 2.31 -61.6 -0.366    19.67 21.54 02a59230o0771c 0x100002   1.263636
59230.556434 20.207197      NaN  -32    10 c    0     0.83 192.10405 -5.79419  9881.07 10197.22 2.89 2.67 -60.8 -0.382    19.72 21.55 02a59230o0775c 0x000000  -3.200000
59230.561829 20.321591      NaN  -34     9 c    0     1.41 192.10405 -5.79419  9860.91 10315.82 3.04 2.70 -58.1 -0.377    19.67 21.58 02a59230o0786c 0x000000  -3.777778
59230.564120 20.207197      NaN  -36    10 c    0     1.73 192.10405 -5.79419  4473.38    76.33 2.54 2.31 -66.4 -0.365    19.68 21.57 02a59230o0791c 0x000000  -3.600000
59232.565986 20.103715      NaN  -31    11 c    0     1.03 192.10405 -5.79419  8832.54   445.02 2.88 2.63  68.2 -0.380    19.59 21.56 01a59232o0666c 0x000000  -2.818182
59232.568288 20.103715      NaN  -39    11 c    0     0.96 192.10405 -5.79419  8814.43   404.63 2.79 2.66  49.0 -0.393    19.56 21.56 01a59232o0671c 0x000000  -3.545455
59232.574001 20.207197      NaN  -46    10 c    0     1.28 192.10405 -5.79419  8869.47   482.54 2.80 2.37  84.4 -0.417    19.64 21.57 01a59232o0681c 0x000000  -4.600000
59232.598401 20.207197      NaN  -36    10 c    0     1.11 192.10405 -5.79419  8889.44   363.56 2.58 2.26  82.6 -0.438    19.72 21.63 01a59232o0693c 0x000000  -3.600000
59234.583696 18.261819      NaN  -41    60 c    0     0.96 192.10405 -5.79419  4643.78  1953.04 2.25 2.23 -69.4 -0.404    17.85 19.60 02a59234o0592c 0x100002  -0.683333
59234.585524 18.459772      NaN -136    50 c    0     1.67 192.10405 -5.79419  4662.79  1991.64 2.26 2.23 -79.7 -0.405    17.77 19.48 02a59234o0596c 0x100002  -2.720000
59234.599434 20.009244      NaN  -49    12 c    0     0.96 192.10405 -5.79419  4605.29  1913.90 2.27 2.23 -80.3 -0.402    19.37 21.19 02a59234o0625c 0x000000  -4.083333
59234.605867 19.454622      NaN   -7    20 c    0     1.66 192.10405 -5.79419  4585.60  2030.34 2.35 2.33  66.2 -0.398    18.62 20.41 02a59234o0639c 0x000000  -0.350000
59256.534221 20.594452      NaN  -15     7 c    0     1.70 192.10405 -5.79419   766.56  2300.80 2.70 2.56  56.6 -0.369    19.70 21.93 01a59256o0707c 0x000000  -2.142857
59256.537544 20.321591      NaN  -35     9 c    0     1.07 192.10405 -5.79419   746.58  2262.35 2.56 2.48  50.0 -0.380    19.72 21.93 01a59256o0714c 0x000000  -3.888889
59256.540307 20.321591      NaN  -38     9 c    0     1.06 192.10405 -5.79419   805.49  2341.54 2.76 2.63  61.7 -0.372    19.68 21.93 01a59256o0720c 0x000000  -4.222222
59256.548597 20.449472      NaN  -41     8 c    0     1.25 192.10405 -5.79419   824.54  2225.27 2.76 2.63  56.7 -0.369    19.69 21.95 01a59256o0738c 0x000000  -5.125000
59258.503190 20.207197      NaN  -41    10 c    0     0.97 192.10405 -5.79419  6685.62  3794.81 2.83 2.62  34.4 -0.390    19.56 21.58 02a59258o0620c 0x000000  -4.100000
59258.508660 20.009244      NaN  -33    12 c    0     1.00 192.10405 -5.79419  6702.20  3835.08 3.25 3.09  41.8 -0.387    19.41 21.59 02a59258o0631c 0x000000  -2.750000
59258.511421 20.207197      NaN  -14    10 c    0     0.93 192.10405 -5.79419  6645.98  3755.74 2.77 2.61  39.4 -0.389    19.55 21.60 02a59258o0637c 0x000000  -1.400000
59258.517851 20.321591      NaN  -24     9 c    0     1.18 192.10405 -5.79419  6627.07  3872.69 2.94 2.74  35.3 -0.386    19.57 21.60 02a59258o0651c 0x000000  -2.666667
59260.485705 20.594452      NaN  -10     7 c    0     1.45 192.10405 -5.79419   767.95  2297.95 2.64 2.54  46.6 -0.379    19.68 21.75 01a59260o0496c 0x000000  -1.428571
59260.510337 20.321591      NaN  -39     9 c    0     1.06 192.10405 -5.79419   748.37  2257.90 2.54 2.45  52.7 -0.382    19.72 21.85 01a59260o0548c 0x000000  -4.333333
59260.513113 20.449472      NaN  -22     8 c    0     0.91 192.10405 -5.79419   808.19  2338.75 2.73 2.54  47.7 -0.372    19.69 21.85 01a59260o0554c 0x000000  -2.750000
59260.516798 20.321591      NaN  -22     9 c    0     1.10 192.10405 -5.79419   826.34  2222.18 2.85 2.68  65.3 -0.370    19.65 21.86 01a59260o0562c 0x000000  -2.444444
59261.447735 20.321591      NaN  -28     9 c    0     1.26 192.10405 -5.79419  6675.22  3797.33 2.47 2.32  35.5 -0.396    19.67 21.49 02a59261o0517c 0x000000  -3.111111
59261.452792 20.321591      NaN  -30     9 c    0     1.39 192.10405 -5.79419  6698.92  3837.43 2.55 2.32  33.7 -0.393    19.67 21.50 02a59261o0528c 0x000000  -3.333333
59261.469788 20.321591      NaN  -22     9 c    0     1.03 192.10405 -5.79419  6640.72  3756.79 2.49 2.28  32.3 -0.399    19.71 21.54 02a59261o0565c 0x000000  -2.444444
59261.473475 20.321591      NaN  -34     9 c    0     1.12 192.10405 -5.79419  6621.48  3873.43 2.50 2.28  35.3 -0.402    19.71 21.56 02a59261o0573c 0x000000  -3.777778
59262.524138 20.103715      NaN  -35    11 c    0     1.46 192.10405 -5.79419  6693.89  3795.18 2.55 2.35  36.3 -0.392    19.39 21.18 02a59262o0674c 0x000000  -3.181818
59262.527353 20.009244      NaN  -30    12 c    0     0.88 192.10405 -5.79419  6713.58  3834.21 2.52 2.31  36.5 -0.396    19.44 21.21 02a59262o0681c 0x000000  -2.500000
59262.533358 20.207197      NaN  -53    10 c    0     1.13 192.10405 -5.79419  6654.09  3756.48 2.52 2.32  36.5 -0.397    19.55 21.33 02a59262o0694c 0x000000  -5.300000
59262.540247 20.321591      NaN  -31     9 c    0     1.35 192.10405 -5.79419  6635.15  3872.73 2.53 2.33  35.1 -0.396    19.54 21.35 02a59262o0709c 0x000000  -3.444444
59307.380696 20.449472      NaN  -37     8 c    0     1.23 192.10405 -5.79419  6478.31  4648.62 2.50 2.44  34.2 -0.375    19.76 21.41 01a59307o0332c 0x000000  -4.625000
59307.386582 20.321591      NaN  -48     9 c    0     1.17 192.10405 -5.79419  6469.04  4614.47 2.66 2.51  56.9 -0.368    19.73 21.41 01a59307o0344c 0x000000  -5.333333
59307.392497 20.207197      NaN  -20    10 c    0     1.23 192.10405 -5.79419  6537.54  4695.93 2.69 2.48  18.9 -0.380    19.70 21.38 01a59307o0356c 0x000000  -2.000000
59307.398321 20.103715      NaN  -46    11 c    0     0.76 192.10405 -5.79419  6566.78  4583.55 2.91 2.86  22.3 -0.350    19.62 21.43 01a59307o0368c 0x000000  -4.181818
59308.380956 20.449472      NaN  -47     8 c    0     1.25 192.10405 -5.79419  8240.80  5380.28 2.66 2.26  87.4 -0.403    19.79 21.37 01a59308o0143c 0x000000  -5.875000
59308.383726 20.321591      NaN  -16     9 c    0     1.15 192.10405 -5.79419  8223.28  5345.94 2.52 2.22 -82.1 -0.415    19.86 21.38 01a59308o0149c 0x000000  -1.777778
59308.386493 20.449472      NaN  -34     8 c    0     1.33 192.10405 -5.79419  8286.06  5425.22 2.57 2.28 -79.8 -0.416    19.86 21.40 01a59308o0155c 0x000000  -4.250000
59308.389260 20.449472      NaN  -36     8 c    0     1.78 192.10405 -5.79419  8309.58  5309.51 2.57 2.28 -85.3 -0.417    19.83 21.38 01a59308o0161c 0x000000  -4.500000
59308.390183 20.449472      NaN  -32     8 c    0     1.25 192.10405 -5.79419  2713.00  2212.68 2.27 2.16  67.9 -0.413    19.83 21.42 01a59308o0163c 0x000000  -4.000000
59308.392024 20.449472      NaN  -29     8 c    0     1.29 192.10405 -5.79419  2693.37  2174.35 2.24 2.13  61.2 -0.409    19.84 21.43 01a59308o0167c 0x000000  -3.625000
59308.394789 20.449472      NaN  -44     8 c    0     1.18 192.10405 -5.79419  2750.92  2250.94 2.33 2.16  64.0 -0.409    19.84 21.43 01a59308o0173c 0x000000  -5.500000
59308.399863 20.207197      NaN  -31    10 c    0     0.88 192.10405 -5.79419  2769.91  2134.73 2.18 2.05  51.4 -0.413    19.93 21.45 01a59308o0184c 0x000000  -3.100000
59308.473571 20.594452      NaN  -10     7 c    0     1.58 192.10405 -5.79419  2135.12  5169.12 2.38 2.26  82.3 -0.395    19.77 21.32 01a59308o0338c 0x000000  -1.428571
59309.380939 20.321591      NaN  -32     9 c    0     1.25 192.10405 -5.79419 10008.59  6105.74 3.02 2.70  78.8 -0.349    19.76 21.48 01a59309o0202c 0x000000  -3.555556
59309.383718 20.103715      NaN  -29    11 c    0     0.75 192.10405 -5.79419  9993.18  6068.24 2.94 2.62  89.2 -0.380    19.80 21.47 01a59309o0208c 0x000000  -2.636364
59309.406404 20.449472      NaN  -30     8 c    0     1.32 192.10405 -5.79419 10094.04  6160.70 2.72 2.51  74.8 -0.382    19.87 21.53 01a59309o0216c 0x000000  -3.750000
59309.413567 20.207197      NaN  -34    10 c    0     0.77 192.10405 -5.79419 10127.54  6047.94 2.70 2.47  77.2 -0.382    19.86 21.55 01a59309o0229c 0x000000  -3.400000
59312.388915 20.321591      NaN  -42     9 c    0     0.88 192.10405 -5.79419  7767.36  6558.70 2.54 2.39 -89.8 -0.386    19.88 21.65 01a59312o0370c 0x000000  -4.666667
59312.390757 20.594452      NaN  -36     7 c    0     1.69 192.10405 -5.79419  7748.10  6520.26 2.44 2.24 -89.6 -0.394    19.95 21.66 01a59312o0374c 0x000000  -5.142857
59312.394926 20.449472      NaN  -25     8 c    0     0.71 192.10405 -5.79419  7807.70  6598.32 2.43 2.32 -82.2 -0.397    19.96 21.66 01a59312o0383c 0x000000  -3.125000
59312.399995 20.321591      NaN  -20     9 c    0     0.67 192.10405 -5.79419  7825.98  6481.03 2.45 2.31  73.7 -0.390    19.95 21.66 01a59312o0394c 0x000000  -2.222222
59338.466107 19.256669      NaN  -34    24 c    0     0.90 192.10405 -5.79419  8837.17   453.31 2.53 2.06 -53.8 -0.420    19.26 20.84 02a59338o0438c 0x000000  -1.416667
59338.470245 19.569016      NaN  -27    18 c    0     1.15 192.10405 -5.79419  8817.69   413.54 2.53 2.06 -55.4 -0.401    19.44 20.99 02a59338o0447c 0x000000  -1.500000
59338.489755 19.351140      NaN  -17    22 c    0     1.12 192.10405 -5.79419  8870.93   492.33 2.54 2.08 -52.6 -0.405    19.18 20.67 02a59338o0488c 0x000000  -0.772727
59338.493819 19.401649      NaN  -36    21 c    0     1.68 192.10405 -5.79419  8891.65   374.20 2.46 2.06 -54.4 -0.410    19.16 20.63 02a59338o0496c 0x000000  -1.714286
59342.377731 20.009244      NaN   -9    12 c    0     1.21 192.10405 -5.79419  8836.51   447.83 2.52 2.11 -59.8 -0.409    19.72 21.55 02a59342o0307c 0x000000  -0.750000
59342.399627 19.841877      NaN  -49    14 c    0     1.14 192.10405 -5.79419  8816.79   413.17 2.51 2.08 -57.1 -0.411    19.68 21.51 02a59342o0354c 0x000000  -3.500000
59342.402866 19.922338      NaN  -25    13 c    0     0.99 192.10405 -5.79419  8876.28   493.51 2.54 2.15 -58.4 -0.403    19.66 21.51 02a59342o0361c 0x000000  -1.923077
59342.409297 19.589310      NaN    5    16 c    0     1.04 192.10405 -5.79419  8898.16   375.99 2.52 2.13 -58.6 -0.405    19.64 21.50 02a59342o0375c 0x000000   0.312500
59346.364716 20.207197      NaN  -44    10 c    0     1.15 192.10405 -5.79419  5827.44  6673.24 2.61 2.36  45.8 -0.403    19.69 21.58 02a59346o0293c 0x000000  -4.400000
59346.367919 20.207197      NaN  -33    10 c    0     1.32 192.10405 -5.79419  5811.91  6634.10 2.71 2.47  46.7 -0.394    19.66 21.59 02a59346o0300c 0x000000  -3.300000
59346.375444 20.103715      NaN  -37    11 c    0     0.95 192.10405 -5.79419  5866.79  6710.29 2.62 2.33  47.8 -0.398    19.71 21.57 02a59346o0316c 0x000000  -3.363636
59346.409713 20.321591      NaN  -18     9 c    0     1.28 192.10405 -5.79419  5880.69  6599.53 2.58 2.38  46.7 -0.401    19.63 21.44 02a59346o0390c 0x000000  -2.000000
59349.361330 19.894850      NaN    1    13 c    0     0.94 192.10405 -5.79419  5822.19  6674.61 2.87 2.69  51.6 -0.397    19.51 21.39 02a59349o0258c 0x000000   0.076923
59349.365002 20.103715      NaN  -53    11 c    0     1.18 192.10405 -5.79419  5803.83  6636.77 2.87 2.58  50.5 -0.397    19.53 21.39 02a59349o0266c 0x000000  -4.818182
59349.370974 20.449472      NaN  -43     8 c    0     1.69 192.10405 -5.79419  5862.15  6715.40 2.72 2.54  61.6 -0.406    19.57 21.38 02a59349o0279c 0x000000  -5.375000
59349.412741 20.009244      NaN  -35    12 c    0     1.22 192.10405 -5.79419  5881.06  6599.13 3.02 2.91  50.2 -0.396    19.35 21.24 02a59349o0316c 0x000000  -2.916667
59350.413962 20.103715      NaN  -39    11 c    0     1.20 192.10405 -5.79419  5825.03  6676.59 2.84 2.65  43.4 -0.380    19.48 21.25 02a59350o0243c 0x000000  -3.545455
59350.417167 19.922338      NaN  -41    13 c    0     1.02 192.10405 -5.79419  5806.77  6638.10 2.91 2.75  49.7 -0.370    19.42 21.24 02a59350o0250c 0x000000  -3.153846
59350.424494 20.009244      NaN  -51    12 c    0     0.89 192.10405 -5.79419  5869.91  6714.58 2.71 2.61  51.3 -0.389    19.46 21.22 02a59350o0266c 0x000000  -4.250000
59350.440232 19.922338      NaN  -60    13 c    0     1.22 192.10405 -5.79419  5888.24  6597.97 3.32 3.25  42.3 -0.367    19.14 21.16 02a59350o0299c 0x000000  -4.615385
59368.350283 20.449472      NaN  -44     8 c    0     1.25 192.10405 -5.79419   837.31  4131.79 2.14 2.00  87.4 -0.422    19.96 21.66 01a59368o0250c 0x000000  -5.500000
59368.353968 20.594452      NaN  -33     7 c    0     1.27 192.10405 -5.79419   855.25  4171.22 2.21 2.06  86.6 -0.414    19.94 21.66 01a59368o0258c 0x000000  -4.714286
59368.363647 20.321591      NaN  -42     9 c    0     1.09 192.10405 -5.79419   796.54  4093.46 2.28 2.07 -87.5 -0.420    19.91 21.66 01a59368o0279c 0x000000  -4.666667
59368.373791 20.449472      NaN  -38     8 c    0     0.96 192.10405 -5.79419   778.88  4208.80 2.23 2.06 -87.4 -0.419    19.90 21.62 01a59368o0301c 0x000000  -4.750000
59372.309663 20.594452      NaN  -33     7 c    0     1.45 192.10405 -5.79419   829.69  4135.77 2.20 2.10  85.8 -0.408    19.94 21.68 01a59372o0159c 0x000000  -4.714286
59372.313418 20.321591      NaN   -8     9 c    0     1.15 192.10405 -5.79419   850.21  4174.11 2.19 2.04  81.0 -0.412    19.97 21.69 01a59372o0167c 0x000000  -0.888889
59372.318963 20.594452      NaN  -45     7 c    0     1.10 192.10405 -5.79419   791.50  4096.87 2.30 2.12  83.3 -0.400    19.90 21.69 01a59372o0179c 0x000000  -6.428571
59372.330073 20.449472      NaN  -38     8 c    0     1.15 192.10405 -5.79419   773.94  4212.61 2.22 2.02  83.8 -0.410    19.95 21.68 01a59372o0203c 0x000000  -4.750000
59376.323989 20.321591      NaN  -51     9 c    0     1.10 192.10405 -5.79419   479.64  6564.61 2.36 2.13 -78.8 -0.409    19.86 21.51 01a59376o0188c 0x000000  -5.666667
59376.326760 20.321591      NaN  -40     9 c    0     0.94 192.10405 -5.79419   499.30  6603.08 2.35 2.10 -79.1 -0.419    19.86 21.50 01a59376o0194c 0x000000  -4.444444
59376.332394 20.449472      NaN  -43     8 c    0     1.45 192.10405 -5.79419   440.80  6525.88 2.34 2.13 -73.0 -0.416    19.86 21.49 01a59376o0206c 0x000000  -5.375000
59376.342990 20.321591      NaN  -37     9 c    0     1.22 192.10405 -5.79419   420.10  6640.66 2.31 2.06 -78.5 -0.422    19.86 21.45 01a59376o0229c 0x000000  -4.111111
59380.284278 20.321591      NaN  -30     9 c    0     1.16 192.10405 -5.79419   471.41  6565.26 2.34 2.11 -77.9 -0.407    19.76 21.23 01a59380o0099c 0x000000  -3.333333
59380.287074 20.449472      NaN  -37     8 c    0     1.20 192.10405 -5.79419   491.64  6603.53 2.34 2.09 -80.9 -0.417    19.76 21.28 01a59380o0105c 0x000000  -4.625000
59380.293528 20.449472      NaN  -33     8 c    0     1.65 192.10405 -5.79419   433.45  6526.45 2.34 2.08 -82.8 -0.417    19.65 21.12 01a59380o0119c 0x000000  -4.125000
59380.309223 20.321591      NaN  -10     9 c    0     1.17 192.10405 -5.79419   415.79  6641.92 2.40 2.15 -80.0 -0.407    19.69 21.20 01a59380o0153c 0x000000  -1.111111
59394.315128 20.321591      NaN  -53     9 c    0     1.32 192.10405 -5.79419  4290.72  4346.59 2.35 2.27  76.6 -0.402    19.57 21.14 02a59394o0155c 0x000000  -5.888889
59394.322924 20.103715      NaN  -28    11 c    0     0.89 192.10405 -5.79419  4271.97  4310.06 2.36 2.31 -89.1 -0.400    19.55 21.12 02a59394o0172c 0x000000  -2.545455
59394.327076 20.009244      NaN  -24    12 c    0     0.86 192.10405 -5.79419  4327.20  4385.81 2.42 2.30  63.3 -0.395    19.55 21.11 02a59394o0181c 0x000000  -2.000000
59394.337639 20.103715      NaN  -41    11 c    0     0.79 192.10405 -5.79419  4346.10  4270.07 2.41 2.33  87.3 -0.399    19.49 21.09 02a59394o0204c 0x000000  -3.727273
59402.289875 20.207197      NaN  -22    10 c    0     1.90 192.10405 -5.79419  6215.47  4255.65 2.40 2.26 -74.2 -0.396    19.49 21.01 02a59402o0103c 0x000000  -2.200000
59402.293102 20.321591      NaN  -42     9 c    0     1.37 192.10405 -5.79419  6196.04  4217.19 2.40 2.28 -74.8 -0.396    19.51 21.01 02a59402o0110c 0x000000  -4.666667
59402.298618 20.321591      NaN  -20     9 c    0     1.37 192.10405 -5.79419  6255.07  4294.09 2.39 2.22 -64.9 -0.395    19.50 21.00 02a59402o0122c 0x000000  -2.222222
59402.309617 20.321591      NaN  -34     9 c    0     1.47 192.10405 -5.79419  6273.51  4178.79 2.43 2.26 -60.5 -0.394    19.46 21.00 02a59402o0146c 0x000000  -3.777778
59406.252287 18.910912      NaN  -65    33 c    0     0.98 192.10405 -5.79419  6221.58  4259.86 2.99 2.17 -54.8 -0.401    18.26 19.51 02a59406o0020c 0x100002  -1.969697
59406.255508 19.401649      NaN  -20    21 c    0     0.88 192.10405 -5.79419  6203.94  4219.79 2.45 2.19 -63.7 -0.403    18.81 19.96 02a59406o0027c 0x000000  -0.952381
59406.261027 19.841877      NaN  -48    14 c    0     0.98 192.10405 -5.79419  6263.88  4296.22 2.53 2.25 -60.9 -0.397    19.30 20.70 02a59406o0039c 0x000000  -3.428571
59406.272502 20.103715      NaN  -29    11 c    0     1.04 192.10405 -5.79419  6284.60  4179.05 2.60 2.31 -58.7 -0.395    19.43 21.08 02a59406o0064c 0x000000  -2.636364
59424.258472 19.922338      NaN  -29    13 c    0     1.13 192.10405 -5.79419  2421.14  6429.95 3.04 2.88 -75.5 -0.360    19.33 20.99 01a59424o0049c 0x000000  -2.230769
59424.261697 20.009244      NaN  -38    12 c    0     1.01 192.10405 -5.79419  2439.98  6467.14 2.77 2.62 -71.1 -0.367    19.41 21.05 01a59424o0056c 0x000000  -3.166667
59424.267246 20.103715      NaN  -35    11 c    0     0.98 192.10405 -5.79419  2379.32  6389.48 2.78 2.54 -83.2 -0.347    19.43 21.05 01a59424o0068c 0x000000  -3.181818
59424.277394 19.841877      NaN    3    13 c    0     1.00 192.10405 -5.79419  2358.78  6505.79 3.09 2.81 -79.9 -0.373    19.26 20.99 01a59424o0090c 0x000000   0.230769
59428.245337 18.910912      NaN   21    26 c    0     0.78 192.10405 -5.79419  2424.20  6432.52 2.44 2.24 -79.0 -0.401    18.64 19.31 01a59428o0026c 0x000000   0.807692
59428.248567 19.631075      NaN  -20    17 c    0     1.35 192.10405 -5.79419  2444.34  6470.37 2.63 2.36 -74.0 -0.387    19.01 19.93 01a59428o0033c 0x000000  -1.176471
59428.256395 20.009244      NaN  -40    12 c    0     1.22 192.10405 -5.79419  2385.42  6392.39 2.55 2.29 -75.8 -0.400    19.37 20.64 01a59428o0050c 0x000000  -3.333333
59428.266540 19.841877      NaN  -30    14 c    0     1.34 192.10405 -5.79419  2365.45  6507.57 2.91 2.64 -71.8 -0.379    19.23 20.67 01a59428o0072c 0x000000  -2.142857
59586.574086 20.449472      NaN  -32     8 c    0     1.67 192.10405 -5.79419  6581.28  1851.07 2.34 2.25  89.4 -0.417    19.64 21.50 02a59586o0782c 0x000000  -4.000000
59586.575920 20.321591      NaN  -50     9 c    0     1.49 192.10405 -5.79419  6600.45  1890.05 2.35 2.26  85.0 -0.415    19.61 21.50 02a59586o0786c 0x000000  -5.555556
59586.582336 20.103715      NaN  -30    11 c    0     0.61 192.10405 -5.79419  6541.82  1812.13 2.33 2.25  82.1 -0.415    19.63 21.50 02a59586o0800c 0x000000  -2.727273
59586.588282 20.207197      NaN  -23    10 c    0     0.95 192.10405 -5.79419  6521.29  1928.17 2.35 2.26  77.5 -0.414    19.62 21.51 02a59586o0813c 0x000000  -2.300000