         MJD         m       dm   uJy  duJy F  err   chi/N        RA      Dec        x        y  maj  min   phi  apfit  mag5sig   Sky            Obs     Mask    __tmp_SN
57745.623036 19.631075      NaN  -250    17 c    0    0.97 181.36111 20.29905  6220.52  9851.98 3.71 3.65  12.2 -0.423    19.50 21.31 02a57745o0780c 0x000000  -14.705882
57745.638330 19.631075      NaN  -217    17 c    0    1.25 181.36111 20.29905  6246.50  9891.01 3.46 3.12 -24.3 -0.428    19.54 21.33 02a57745o0803c 0x000000  -12.764706
57745.641554 18.356290      NaN   -76    55 c    0    4.95 181.36111 20.29905  6307.98    38.58 3.92 3.80 -41.9 -0.419    19.51 21.28 02a57745o0808c 0x100002   -1.381818
57745.655038 19.454622      NaN  -207    20 c    0    0.91 181.36111 20.29905  6171.50  9814.07 3.54 3.25 -24.1 -0.420    19.52 21.33 02a57745o0827c 0x000000  -10.350000
57745.669571 18.574166      NaN  -215    45 c    0    0.82 181.36111 20.29905  6152.07  9934.40 3.61 3.28 -19.8 -0.422    18.73 19.79 02a57745o0851c 0x100002   -4.777778
57745.672768 18.174913      NaN  -241    65 c    0    0.88 181.36111 20.29905  6233.27    81.78 4.03 3.87 -67.0 -0.407    18.31 18.99 02a57745o0856c 0x100002   -3.707692
57753.604469 18.757738      NaN  -263    38 c    0    0.94 181.36111 20.29905  8609.89  9105.07 3.82 3.46 -85.2 -0.423    18.72 20.62 02a57753o0630c 0x100002   -6.921053
57753.637247 18.158337      NaN  -287    66 c    0    1.29 181.36111 20.29905  8557.65  9068.14 3.64 3.40 -81.7 -0.428    17.47 19.32 02a57753o0677c 0x100002   -4.348485
57753.654249 19.169763      NaN  -219    26 c    0    0.99 181.36111 20.29905  8537.89  9190.94 3.72 3.45 -82.7 -0.422    19.21 21.14 02a57753o0701c 0x100002   -8.423077
57753.670337 17.422338      NaN  -436   130 c    0    1.22 181.36111 20.29905  1927.43  1322.12 4.10 4.03 -87.6 -0.403    17.67 19.11 02a57753o0724c 0x100002   -3.353846
57757.597247 19.841877      NaN  -246    14 c    0    1.48 181.36111 20.29905  6196.75  9070.89 3.45 3.30 -37.4 -0.405    19.79 21.78 02a57757o0721c 0x000000  -17.571429
57757.612949 19.766969      NaN  -233    15 c    0    0.97 181.36111 20.29905  6221.62  9110.80 3.35 3.13 -31.8 -0.394    19.83 21.82 02a57757o0744c 0x000000  -15.533333
57757.630140 19.766969      NaN  -222    15 c    0    0.83 181.36111 20.29905  6164.64  9033.11 3.36 3.13 -28.7 -0.403    19.84 21.84 02a57757o0768c 0x000000  -14.800000
57757.647108 19.696897      NaN  -232    16 c    0    0.98 181.36111 20.29905  6123.36  9154.55 3.43 3.13 -23.7 -0.403    19.82 21.87 02a57757o0792c 0x000000  -14.500000
57757.663216 19.841877      NaN  -236    14 c    0    0.78 181.36111 20.29905  4327.24  1354.73 3.79 3.68 -83.1 -0.407    19.68 21.54 02a57757o0815c 0x000000  -16.857143
57777.547499 19.631075      NaN  -229    17 c    0    0.81 181.36111 20.29905  8978.94   687.72 3.81 3.72  70.5 -0.431    19.84 21.93 02a57777o0657c 0x000000  -13.470588
57777.569639 19.766969      NaN  -206    15 c    0    1.05 181.36111 20.29905  8994.20   731.92 4.03 3.94  63.4 -0.408    19.82 21.97 02a57777o0697c 0x000000  -13.733333
57777.587566 19.841877      NaN  -246    14 c    0    0.93 181.36111 20.29905  1557.79  9800.04 3.91 3.63  24.9 -0.408    19.86 21.96 02a57777o0727c 0x000000  -17.571429
57777.594085 19.766969      NaN  -238    15 c    0    1.10 181.36111 20.29905  1576.74  9684.14 3.96 3.66  23.8 -0.403    19.85 21.95 02a57777o0737c 0x000000  -15.866667
57777.619753 19.696897      NaN  -245    16 c    0    0.92 181.36111 20.29905  1536.32  9741.78 4.02 3.77  24.1 -0.400    19.78 21.86 02a57777o0776c 0x000000  -15.312500
57781.549393 19.841877      NaN  -248    14 c    0    1.24 181.36111 20.29905  8648.24 10291.48 3.33 2.84 -50.2 -0.495    19.90 21.99 02a57781o0592c 0x000000  -17.714286
57781.549874 19.351140      NaN  -245    22 c    0    0.93 181.36111 20.29905  8634.48   418.94 3.77 3.61 -84.9 -0.419    19.89 21.95 02a57781o0593c 0x000000  -11.136364
57781.561285 19.841877      NaN  -257    14 c    0    1.15 181.36111 20.29905  8662.96 10334.89 3.32 2.85 -51.3 -0.482    19.91 21.99 02a57781o0614c 0x000000  -18.357143
57781.566673 19.766969      NaN  -245    15 c    0    0.96 181.36111 20.29905  1854.68  9988.13 3.58 3.06   5.9 -0.463    19.88 21.93 02a57781o0624c 0x000000  -16.333333
57781.572134 19.510313      NaN  -254    19 c    0    1.49 181.36111 20.29905  8595.33   385.78 3.80 3.61 -80.2 -0.416    19.89 21.96 02a57781o0634c 0x000000  -13.368421
57781.587048 19.922338      NaN  -222    13 c    0    1.05 181.36111 20.29905  1890.00   198.49 3.91 3.73 -77.0 -0.401    19.89 21.98 02a57781o0658c 0x000000  -17.076923
57781.598890 19.922338      NaN  -236    13 c    0    1.22 181.36111 20.29905  1922.43  9947.82 3.56 3.06   5.1 -0.460    19.86 21.92 02a57781o0678c 0x000000  -18.153846
57781.599848 19.631075      NaN  -238    17 c    0    0.74 181.36111 20.29905  1907.15    80.23 3.92 3.73 -73.3 -0.395    19.89 21.96 02a57781o0680c 0x000000  -14.000000
57781.610160 19.922338      NaN  -244    13 c    0    1.48 181.36111 20.29905  1886.42 10009.13 3.56 2.97   2.6 -0.469    19.88 21.92 02a57781o0697c 0x000000  -18.769231
57781.613443 19.841877      NaN  -231    14 c    0    1.02 181.36111 20.29905  1872.37   142.03 3.93 3.85 -58.7 -0.399    19.86 21.96 02a57781o0702c 0x000000  -16.500000
57809.494925 19.169763      NaN  -247    26 c    0    0.91 181.36111 20.29905  2377.10   201.62 3.87 3.81 -57.9 -0.405    19.25 21.23 02a57809o0501c 0x100002   -9.500000
57809.495928 19.351140      NaN  -205    22 c    0    1.06 181.36111 20.29905  2374.24 10068.28 3.76 3.39  12.6 -0.413    19.32 21.29 02a57809o0503c 0x000000   -9.318182
57809.519363 18.978793      NaN  -258    31 c    0    1.00 181.36111 20.29905  2357.95 10033.12 3.77 3.45  12.7 -0.393    18.93 20.86 02a57809o0544c 0x100002   -8.322581
57809.524605 18.757738      NaN  -257    38 c    0    0.97 181.36111 20.29905  2359.76   164.01 3.89 3.80 -51.5 -0.403    18.70 20.60 02a57809o0552c 0x100002   -6.763158
57809.533707 19.454622      NaN  -213    20 c    0    0.98 181.36111 20.29905  2433.55   241.80 3.89 3.76 -51.7 -0.410    19.57 21.58 02a57809o0569c 0x000000  -10.650000
57809.536902 19.569016      NaN  -211    18 c    0    0.78 181.36111 20.29905  2408.89 10105.62 3.71 3.29   5.1 -0.422    19.69 21.68 02a57809o0574c 0x000000  -11.722222
57809.543717 19.631075      NaN  -230    17 c    0    1.04 181.36111 20.29905  2430.87  9988.88 3.76 3.38  11.5 -0.407    19.49 21.47 02a57809o0586c 0x000000  -13.529412
57809.546601 19.401649      NaN  -226    21 c    0    1.07 181.36111 20.29905  2453.79   123.93 3.95 3.84 -43.2 -0.397    19.30 21.26 02a57809o0590c 0x000000  -10.761905
57809.559010 18.757738      NaN  -253    38 c    0    1.00 181.36111 20.29905  2395.09 10049.14 3.76 3.38  13.0 -0.402    18.62 20.48 02a57809o0612c 0x100002   -6.657895
57809.568080 18.878500      NaN  -273    34 c    0    1.10 181.36111 20.29905  2400.49   181.91 3.92 3.80 -43.0 -0.406    18.98 20.87 02a57809o0628c 0x100002   -8.029412
57817.414811 19.569016      NaN  -234    18 c    0    0.99 181.36111 20.29905  7542.69   825.86 3.84 3.73  30.0 -0.445    19.34 21.09 02a57817o0287c 0x000000  -13.000000
57817.436042 19.766969      NaN  -250    15 c    0    1.22 181.36111 20.29905  7556.38   870.07 3.82 3.70  29.1 -0.443    19.46 21.31 02a57817o0325c 0x000000  -16.666667
57817.457490 19.922338      NaN  -241    13 c    0    1.17 181.36111 20.29905  7509.60   802.00 3.80 3.69  18.1 -0.438    19.70 21.75 02a57817o0364c 0x000000  -18.538462
57817.468277 19.841877      NaN  -198    14 c    0    1.06 181.36111 20.29905  7486.87   916.07 3.80 3.72  33.9 -0.432    19.72 21.80 02a57817o0383c 0x000000  -14.142857
57817.484294 19.696897      NaN  -256    16 c    0    0.89 181.36111 20.29905  7522.97   863.19 3.88 3.80  21.1 -0.425    19.55 21.62 02a57817o0412c 0x000000  -16.000000
57833.453527 19.401649      NaN  -213    21 c    0    1.16 181.36111 20.29905  2486.56  9149.21 3.65 3.27   4.5 -0.426    19.04 20.92 02a57833o0415c 0x000000  -10.142857
57833.477146 19.510313      NaN  -235    19 c    0    1.23 181.36111 20.29905  2466.38  9111.23 3.84 3.35  -3.4 -0.410    18.98 20.89 02a57833o0454c 0x000000  -12.368421
57833.482358 19.454622      NaN  -218    20 c    0    1.18 181.36111 20.29905  2522.85  9194.64 3.69 3.19  -0.5 -0.429    19.00 20.85 02a57833o0464c 0x000000  -10.900000
57833.498918 19.256669      NaN  -245    24 c    0    0.82 181.36111 20.29905  2559.47  9071.29 3.47 3.16   1.0 -0.435    18.93 20.60 02a57833o0491c 0x000000  -10.208333
57833.521718 19.351140      NaN  -224    22 c    0    0.96 181.36111 20.29905  2504.47  9129.71 3.53 3.22  -0.0 -0.433    18.82 20.38 02a57833o0530c 0x000000  -10.181818
57837.453723 19.351140      NaN  -239    22 c    0    1.01 181.36111 20.29905  1761.92 10252.86 4.89 4.11   6.8 -0.378    18.84 20.89 02a57837o0346c 0x000000  -10.863636
57837.454253 19.510313      NaN  -235    19 c    0    0.82 181.36111 20.29905  1751.99   381.80 5.26 4.28  -4.2 -0.333    18.81 20.92 02a57837o0347c 0x000000  -12.368421
57837.457889 19.212347      NaN  -276    25 c    0    0.97 181.36111 20.29905  1728.05 10218.49 5.48 3.81   1.0 -0.364    18.79 20.87 02a57837o0354c 0x100002  -11.040000
57837.463004 19.569016      NaN  -226    18 c    0    1.02 181.36111 20.29905  1734.51   342.84 5.52 4.18  -4.4 -0.329    18.78 20.90 02a57837o0362c 0x000000  -12.555556
57837.476294 19.212347      NaN  -282    25 c    0    0.89 181.36111 20.29905  1797.58 10292.78 6.15 3.66   0.1 -0.349    18.72 20.87 02a57837o0384c 0x100002  -11.280000
57837.485362 19.510313      NaN  -212    19 c    0    0.99 181.36111 20.29905  1789.99   423.88 5.63 4.03  -2.8 -0.361    18.82 20.94 02a57837o0400c 0x000000  -11.157895
57837.497474 19.631075      NaN  -222    17 c    0    0.94 181.36111 20.29905  1808.77   302.99 3.90 3.74 -77.6 -0.417    19.06 20.93 02a57837o0420c 0x000000  -13.058824
57837.499030 19.454622      NaN  -177    20 c    0    1.06 181.36111 20.29905  1817.15 10174.95 3.61 3.13   5.7 -0.444    19.04 20.89 02a57837o0423c 0x000000   -8.850000
57837.507181 19.454622      NaN  -221    20 c    0    0.81 181.36111 20.29905  1782.30 10239.20 3.65 3.19   7.0 -0.437    19.04 20.90 02a57837o0437c 0x000000  -11.050000
57837.508226 19.766969      NaN  -245    15 c    0    1.21 181.36111 20.29905  1773.83   364.66 3.93 3.77 -76.9 -0.405    19.05 20.94 02a57837o0439c 0x000000  -16.333333
57841.430692 19.696897      NaN  -221    16 c    0    0.97 181.36111 20.29905  1720.83  1736.61 4.10 3.97  85.5 -0.377    18.99 20.90 02a57841o0381c 0x000000  -13.812500
57841.458086 19.631075      NaN  -242    17 c    0    0.89 181.36111 20.29905  1706.97  1696.74 4.06 3.98  60.4 -0.376    18.98 20.88 02a57841o0431c 0x000000  -14.235294
57841.467284 19.631075      NaN  -209    17 c    0    0.84 181.36111 20.29905  1763.45  1773.56 3.99 3.78  82.1 -0.390    19.01 20.86 02a57841o0448c 0x000000  -12.294118
57841.478465 19.569016      NaN  -204    18 c    0    0.89 181.36111 20.29905  1781.13  1659.90 4.01 3.77  84.1 -0.392    19.00 20.84 02a57841o0468c 0x000000  -11.333333
57841.500832 19.766969      NaN  -241    15 c    0    1.10 181.36111 20.29905  1748.41  1714.52 3.95 3.73  83.0 -0.393    18.96 20.73 02a57841o0507c 0x000000  -16.066667
57869.484130 20.207197      NaN  -238    10 c    0    1.36 181.36111 20.29905  1660.97  1987.10 2.96 2.61  16.4 -0.468    19.34 20.50 02a57869o0283c 0x000000  -23.800000
57869.498898 20.207197      NaN  -214    10 c    0    1.32 181.36111 20.29905  1642.51  1948.44 2.96 2.55  17.2 -0.467    19.28 20.38 02a57869o0311c 0x000000  -21.400000
57869.513731 20.207197      NaN  -238    10 c    0    1.09 181.36111 20.29905  1698.71  2027.23 3.02 2.59  16.0 -0.461    19.20 20.27 02a57869o0339c 0x000000  -23.800000
57869.528554 19.696897      NaN  -256    16 c    0    0.72 181.36111 20.29905  1718.81  1908.76 3.22 2.75  14.1 -0.448    19.06 20.13 02a57869o0367c 0x000000  -16.000000
57869.542896 19.841877      NaN  -232    14 c    0    0.97 181.36111 20.29905  1682.85  1969.67 3.19 2.81  14.8 -0.448    18.91 19.92 02a57869o0394c 0x000000  -16.571429
57893.338660 20.103715      NaN  -207    11 c    0    1.08 181.36111 20.29905  1305.59  2638.05 3.22 2.29  13.7 -0.482    19.72 21.52 02a57893o0180c 0x000000  -18.818182
57893.353339 20.321591      NaN  -203     9 c    0    1.10 181.36111 20.29905  1288.38  2597.90 3.13 2.31  13.3 -0.492    19.72 21.54 02a57893o0208c 0x000000  -22.555556
57893.363879 20.207197      NaN  -276    10 c    0    1.08 181.36111 20.29905  1364.84  2676.28 3.13 2.33  12.3 -0.473    19.75 21.54 02a57893o0228c 0x000000  -27.600000
57893.385328 20.321591      NaN  -239     9 c    0    1.23 181.36111 20.29905  1384.61  2558.84 3.13 2.32  12.2 -0.480    19.71 21.43 02a57893o0267c 0x000000  -26.555556
57893.396867 20.321591      NaN  -238     9 c    0    1.11 181.36111 20.29905  1349.49  2614.32 3.16 2.30  11.9 -0.482    19.68 21.37 02a57893o0289c 0x000000  -26.444444
57901.336696 20.321591      NaN  -235     9 c    0    1.03 181.36111 20.29905  2371.58  1083.30 2.90 2.39  26.1 -0.473    19.79 21.60 02a57901o0113c 0x000000  -26.111111
57901.357156 20.321591      NaN  -231     9 c    0    1.26 181.36111 20.29905  2446.68  1159.65 3.11 2.62  26.2 -0.495    19.74 21.55 02a57901o0153c 0x000000  -25.666667
57901.367120 20.321591      NaN  -229     9 c    0    1.07 181.36111 20.29905  2465.54  1044.68 2.98 2.45  24.7 -0.481    19.78 21.49 02a57901o0172c 0x000000  -25.444444
57901.388758 20.449472      NaN  -267     8 c    0    1.63 181.36111 20.29905  2432.09  1101.84 2.86 2.44  27.1 -0.496    19.70 21.39 02a57901o0213c 0x000000  -33.375000
58135.651212 20.761819      NaN  -257     6 c    0    1.32 181.36111 20.29905  7562.04  6316.22 2.69 2.64  78.8 -0.420    19.77 21.78 02a58135o0935c 0x000000  -42.833333
58135.656289 20.449472      NaN  -216     8 c    0    1.13 181.36111 20.29905  7544.44  6278.70 3.11 2.78  -2.4 -0.396    19.64 21.76 02a58135o0945c 0x000000  -27.000000
58163.583816 18.142010      NaN  -257    67 c    0    1.40 181.36111 20.29905  7719.63  7172.06 2.56 2.50 -65.7 -0.403    17.41 19.20 02a58163o0676c 0x100002   -3.835821
58163.593551 18.598565      NaN  -176    44 c    0    1.47 181.36111 20.29905  7701.94  7132.21 2.60 2.57  88.9 -0.405    17.53 19.39 02a58163o0696c 0x100002   -4.000000
58163.615590 19.696897      NaN  -229    16 c    0    1.36 181.36111 20.29905  7758.60  7210.17 2.63 2.61 -43.7 -0.408    19.04 21.00 02a58163o0739c 0x000000  -14.312500
58163.624718 21.514394      NaN  -260     3 c    0    1.88 181.36111 20.29905  7776.98  7094.83 2.65 2.62  58.9 -0.412    19.80 21.85 02a58163o0757c 0x000000  -86.666667
58167.589462 21.514394      NaN  -236     3 c    0    1.97 181.36111 20.29905  8304.61  4562.90 2.57 2.46  64.0 -0.451    19.80 21.85 02a58167o0789c 0x000000  -78.666667
58167.599014 19.631075      NaN  -254    17 c    0    0.98 181.36111 20.29905  8287.04  4525.26 2.56 2.41  64.7 -0.445    19.14 21.01 02a58167o0809c 0x000000  -14.941176
58167.608732 18.944322      NaN  -226    32 c    0    1.07 181.36111 20.29905  8342.83  4603.48 2.50 2.45  71.4 -0.434    18.20 19.94 02a58167o0828c 0x100002   -7.062500
58167.618341 18.142010      NaN  -226    67 c    0    0.82 181.36111 20.29905  8360.07  4487.81 2.63 2.50  59.4 -0.449    17.60 19.32 02a58167o0848c 0x100002   -3.373134
58171.557482 18.816441      NaN  -221    36 c    0    1.52 181.36111 20.29905  6993.91  4745.23 2.61 2.50  61.8 -0.431    18.08 19.82 02a58171o0501c 0x100002   -6.138889
58171.567909 17.000830      NaN    35   180 c    0    1.16 181.36111 20.29905  6975.49  4706.12 2.66 2.57  63.6 -0.424    16.32 18.03 02a58171o0521c 0x100002    0.194444
58171.588845 17.536732      NaN  -380   117 c    0    1.36 181.36111 20.29905  7068.43  4667.88 2.51 2.48  60.1 -0.439    16.86 18.41 02a58171o0560c 0x100002   -3.247863
58227.446211 16.644993 0.024490   798    18 c    0    1.49 181.36111 20.29905  8521.88  4499.78 2.57 2.53  -5.5 -0.438    19.31 21.08 02a58227o0285c 0x000000   44.333333
58227.455888 16.666983 0.056925   782    41 c    0    1.41 181.36111 20.29905  8504.42  4461.60 2.59 2.54  83.3 -0.419    18.14 19.74 02a58227o0306c 0x100002   19.073171
58227.465191 16.639564 0.029783   802    22 c    0    1.81 181.36111 20.29905  8557.54  4539.53 2.55 2.50 -76.0 -0.428    18.88 20.49 02a58227o0325c 0x000000   36.454545
58227.474463 16.673947 0.078251   777    56 c    0    1.04 181.36111 20.29905  8576.03  4423.50 2.60 2.59  45.2 -0.419    17.60 19.14 02a58227o0345c 0x100002   13.875000
58251.399368 19.766969 0.217147    45     9 c    0    1.42 181.36111 20.29905  5676.59  6568.80 2.66 2.52 -44.6 -0.402    19.75 21.68 02a58251o0374c 0x000000    5.000000
58251.488861 19.491430      NaN    22    12 c    0    1.18 181.36111 20.29905  7536.27  5776.82 2.80 2.59 -49.5 -0.388    19.48 21.15 02a58251o0555c 0x000000    1.833333
58251.498770 19.674510 0.265895    49    12 c    0    1.59 181.36111 20.29905  7553.40  5778.74 2.79 2.54 -58.0 -0.394    19.36 21.04 02a58251o0575c 0x000000    4.083333
58251.508857 19.302877      NaN    21    16 c    0    0.90 181.36111 20.29905  7533.47  5782.01 2.77 2.49 -52.2 -0.395    19.30 20.92 02a58251o0596c 0x000000    1.312500
58252.442219 19.791368 0.246758    44    10 c    0    1.05 181.36111 20.29905  7544.48  5772.81 2.59 2.47 -51.0 -0.414    19.63 21.33 02a58252o0434c 0x000000    4.400000
58252.456148 19.569016 0.201062    54    10 c    0    1.26 181.36111 20.29905  7559.77  5773.74 2.70 2.49 -51.7 -0.390    19.58 21.25 02a58252o0464c 0x000000    5.400000
58252.469887 19.719755      NaN    17    10 c    0    1.92 181.36111 20.29905  7541.87  5772.17 2.60 2.47 -45.0 -0.415    19.53 21.15 02a58252o0490c 0x000000    1.700000
58252.487552 19.102305      NaN    41    14 c    0    0.86 181.36111 20.29905  7556.11  5777.52 2.69 2.56 -43.2 -0.409    19.40 21.03 02a58252o0524c 0x000000    2.928571
58252.501740 19.922338      NaN     0    13 c    0    1.35 181.36111 20.29905  7534.80  5799.35 2.78 2.59 -39.8 -0.405    19.34 20.89 02a58252o0551c 0x000000    0.000000
58253.254429 19.922338      NaN     6    11 c    0    1.04 181.36111 20.29905  2896.66  4670.07 3.08 3.01 -37.3 -0.403    19.47 21.37 02a58253o0011c 0x000000    0.545455
58253.261890 19.334813      NaN     4    21 c    0    1.37 181.36111 20.29905  2949.00  4690.00 2.88 2.82  22.3 -0.413    18.59 20.44 02a58253o0025c 0x000000    0.190476
58255.390571 20.207197      NaN    -2    10 c    0    1.25 181.36111 20.29905  6311.05  5528.73 2.54 2.43 -61.2 -0.418    19.62 21.53 02a58255o0091c 0x000000   -0.200000
58255.401692 20.009244      NaN    -8    12 c    0    0.95 181.36111 20.29905  6293.47  5490.58 2.54 2.43 -51.9 -0.425    19.59 21.49 02a58255o0114c 0x000000   -0.666667
58255.412813 19.696897      NaN   -56    16 c    0    1.13 181.36111 20.29905  6347.89  5566.18 2.58 2.47 -49.6 -0.418    18.94 20.78 02a58255o0137c 0x000000   -3.500000
58259.355605 20.103715      NaN   -70    11 c    0    1.78 181.36111 20.29905  9180.65  5443.41 2.59 2.53 -52.0 -0.420    19.38 20.74 02a58259o0031c 0x000000   -6.363636
58259.367652 19.922338      NaN   -35    13 c    0    1.24 181.36111 20.29905  9161.22  5404.75 2.71 2.67 -23.6 -0.415    19.31 20.74 02a58259o0053c 0x000000   -2.692308
58259.380679 19.922338      NaN   -52    13 c    0    1.23 181.36111 20.29905  9216.93  5501.49 2.69 2.68  75.4 -0.432    19.32 20.74 02a58259o0078c 0x000000   -4.000000
58259.390824 19.922338      NaN   -27    13 c    0    1.52 181.36111 20.29905  9235.57  5386.17 2.70 2.67  31.7 -0.442    19.35 20.74 02a58259o0100c 0x000000   -2.076923
58279.348810 20.103715      NaN  -112    11 c    0    1.54 181.36111 20.29905  9102.23  5304.93 2.68 2.57 -52.9 -0.415    19.51 21.26 02a58279o0226c 0x000000  -10.181818
58279.360257 20.207197      NaN  -103    10 c    0    1.19 181.36111 20.29905  9084.23  5265.82 2.72 2.54 -45.1 -0.407    19.46 21.20 02a58279o0249c 0x000000  -10.300000
58279.371438 20.009244      NaN  -142    12 c    0    1.11 181.36111 20.29905  9138.86  5344.82 2.77 2.62 -43.0 -0.407    19.41 21.16 02a58279o0272c 0x000000  -11.833333
58279.382821 19.922338      NaN  -139    13 c    0    1.07 181.36111 20.29905  9158.25  5228.84 2.67 2.59 -48.3 -0.435    19.38 21.06 02a58279o0295c 0x000000  -10.692308
58287.303692 19.766969      NaN  -154    15 c    0    1.35 181.36111 20.29905  6363.26  5445.07 2.54 2.43 -49.5 -0.419    19.08 20.36 02a58287o0127c 0x000000  -10.266667
58287.314646 19.766969      NaN  -145    15 c    0    0.81 181.36111 20.29905  6344.56  5405.65 2.64 2.46 -49.4 -0.404    19.30 20.65 02a58287o0149c 0x000000   -9.666667
58287.324942 19.841877      NaN  -148    14 c    0    1.10 181.36111 20.29905  6398.35  5482.35 2.58 2.42 -48.1 -0.411    19.19 20.49 02a58287o0170c 0x000000  -10.571429
58287.335693 20.009244      NaN  -144    12 c    0    1.17 181.36111 20.29905  6433.26  5367.83 2.68 2.52 -50.3 -0.411    19.22 20.61 02a58287o0192c 0x000000  -12.000000
58307.293883 20.207197      NaN  -184    10 c    0    1.00 181.36111 20.29905  6999.51  5326.07 2.99 2.61 -57.5 -0.385    19.50 21.25 02a58307o0090c 0x000000  -18.400000
58307.304456 20.207197      NaN  -190    10 c    0    1.58 181.36111 20.29905  6983.40  5286.14 2.85 2.69 -50.8 -0.410    19.49 21.22 02a58307o0112c 0x000000  -19.000000
58307.315270 20.321591      NaN  -176     9 c    0    1.65 181.36111 20.29905  7036.86  5362.68 2.80 2.59 -53.4 -0.402    19.48 21.20 02a58307o0135c 0x000000  -19.555556
58307.325891 20.207197      NaN  -168    10 c    0    1.34 181.36111 20.29905  7073.51  5245.95 2.79 2.59 -50.1 -0.397    19.46 21.18 02a58307o0157c 0x000000  -16.800000
58311.281688 20.009244      NaN  -176    12 c    0    0.96 181.36111 20.29905  5944.48  7660.95 2.73 2.46 -52.6 -0.400    19.45 20.98 02a58311o0085c 0x000000  -14.666667
58311.293553 20.103715      NaN  -196    11 c    0    1.31 181.36111 20.29905  5928.99  7621.30 2.80 2.54 -49.1 -0.399    19.43 21.03 02a58311o0108c 0x000000  -17.818182
58311.303998 20.207197      NaN  -164    10 c    0    1.32 181.36111 20.29905  6002.17  7698.80 2.69 2.45 -49.7 -0.401    19.47 21.01 02a58311o0130c 0x000000  -16.400000
58311.314871 20.103715      NaN  -201    11 c    0    1.33 181.36111 20.29905  6022.20  7581.03 2.74 2.50 -47.4 -0.395    19.38 20.97 02a58311o0153c 0x000000  -18.272727
58315.264652 19.841877      NaN  -203    14 c    0    1.24 181.36111 20.29905  7916.76  4675.38 2.70 2.43 -50.3 -0.393    19.23 20.55 02a58315o0051c 0x000000  -14.500000
58315.275405 20.321591      NaN  -205     9 c    0    1.71 181.36111 20.29905  7897.26  4635.26 2.69 2.47 -52.2 -0.400    19.22 20.68 02a58315o0073c 0x000000  -22.777778
58315.286493 20.103715      NaN  -168    11 c    0    1.50 181.36111 20.29905  7971.35  4712.87 2.66 2.52 -47.0 -0.402    19.25 20.70 02a58315o0096c 0x000000  -15.272727
58315.296819 19.841877      NaN  -211    14 c    0    1.01 181.36111 20.29905  7990.98  4595.50 2.65 2.44 -50.3 -0.398    19.23 20.67 02a58315o0118c 0x000000  -15.071429
58331.252173 18.174913      NaN  -141    65 c    0    1.04 181.36111 20.29905  7536.66  4922.66 2.77 2.59 -49.4 -0.385    17.27 18.43 02a58331o0035c 0x100002   -2.169231
58331.260340 18.847027      NaN  -151    35 c    0    1.17 181.36111 20.29905  7519.05  4884.24 2.85 2.62 -52.7 -0.389    18.23 19.59 02a58331o0052c 0x100002   -4.314286
58331.271571 17.546052      NaN  -200   116 c    0    1.55 181.36111 20.29905  7573.61  4962.65 3.11 2.84 -51.3 -0.386    16.94 18.25 02a58331o0075c 0x100002   -1.724138
58331.282915 17.296315      NaN  -276   146 c    0    0.92 181.36111 20.29905  7593.75  4846.60 3.50 3.27 -19.8 -0.382    16.66 18.04 02a58331o0098c 0x100002   -1.890411
58335.254584 17.654224      NaN  -274   105 c    0    1.17 181.36111 20.29905  8720.74  7513.53 2.80 2.71 -31.2 -0.402    16.19 17.36 02a58335o0049c 0x100002   -2.609524
58335.263537 16.243545      NaN  -333   385 c    0    1.03 181.36111 20.29905  8738.68  7398.19 2.77 2.68 -41.7 -0.395    16.49 17.77 02a58335o0068c 0x100002   -0.864935
58339.240594 15.925573      NaN  -414   516 c    0    0.84 181.36111 20.29905  8078.26  7193.27 2.60 2.47  -3.1 -0.442    15.25 16.09 02a58339o0024c 0x100002   -0.802326
58339.243462 15.917885      NaN   170   463 c    0    1.10 181.36111 20.29905  8062.07  7152.77 2.77 2.61 -39.7 -0.425    15.65 16.49 02a58339o0030c 0x100002    0.367171
58339.249206 17.051069      NaN  -235   183 c    0    1.07 181.36111 20.29905  8118.08  7229.65 2.74 2.59 -30.7 -0.394    17.24 18.24 02a58339o0042c 0x100002   -1.284153
58339.257488 18.623526      NaN  -213    43 c    0    1.27 181.36111 20.29905  8137.18  7113.92 2.72 2.59 -31.5 -0.404    17.46 18.64 02a58339o0059c 0x100002   -4.953488
58459.662852 19.631075      NaN  -213    17 c    0    1.19 181.36111 20.29905  6791.54   795.27 2.82 2.61  38.7 -0.422    18.95 20.01 02a58459o0959c 0x000000  -12.529412
58459.664861 18.094452      NaN  -203    70 c    0    0.77 181.36111 20.29905  6741.00 10515.45 2.88 2.62  16.7 -0.395    18.61 19.56 02a58459o0963c 0x100002   -2.900000
58487.613337 20.761819      NaN  -246     6 c    0    1.17 181.36111 20.29905  3051.30  2738.72 2.64 2.57  70.3 -0.393    19.66 21.67 02a58487o0843c 0x000000  -41.000000
58487.622204 20.959772      NaN  -229     5 c    0    1.65 181.36111 20.29905  3067.78  2779.17 2.60 2.54  82.4 -0.391    19.63 21.71 02a58487o0860c 0x000000  -45.800000
58487.631473 20.594452      NaN  -235     7 c    0    1.06 181.36111 20.29905  3013.11  2703.23 2.68 2.57  72.9 -0.394    19.60 21.68 02a58487o0877c 0x000000  -33.571429
58487.640891 20.594452      NaN  -231     7 c    0    1.36 181.36111 20.29905  2995.17  2820.87 2.65 2.59  62.8 -0.395    19.62 21.68 02a58487o0894c 0x000000  -33.000000
58491.606055 20.449472      NaN  -226     8 c    0    1.09 181.36111 20.29905  7786.32  6620.92 2.40 2.38 -62.0 -0.432    19.77 21.87 02a58491o0835c 0x000000  -28.250000
58491.614434 20.761819      NaN  -246     6 c    0    1.46 181.36111 20.29905  7801.86  6661.49 2.51 2.47  87.7 -0.431    19.72 21.86 02a58491o0851c 0x000000  -41.000000
58491.623038 20.594452      NaN  -245     7 c    0    1.70 181.36111 20.29905  7748.29  6584.06 2.44 2.42 -89.3 -0.434    19.74 21.85 02a58491o0868c 0x000000  -35.000000
58491.632764 20.594452      NaN  -232     7 c    0    0.87 181.36111 20.29905  7729.67  6704.67 2.45 2.39 -67.4 -0.432    19.76 21.86 02a58491o0886c 0x000000  -33.142857
58519.549686 17.976960      NaN   -89    78 c    0    0.48 181.36111 20.29905  4765.61 10518.51 2.74 2.44   4.0 -0.423    19.83 22.00 02a58519o0700c 0x100002   -1.141026
58519.550144 20.761819      NaN  -232     6 c    0    1.19 181.36111 20.29905  4885.47   801.59 2.72 2.50  44.2 -0.426    19.85 21.96 02a58519o0701c 0x000000  -38.666667
58519.564388 20.449472      NaN  -231     8 c    0    1.28 181.36111 20.29905  5709.53  9723.65 2.60 2.40   0.8 -0.451    19.84 21.96 02a58519o0730c 0x000000  -28.875000
58519.573573 20.594452      NaN  -236     7 c    0    1.20 181.36111 20.29905  5758.54  9799.59 2.70 2.52   2.3 -0.441    19.83 21.97 02a58519o0748c 0x000000  -33.714286
58519.575010 20.207197      NaN  -257    10 c    0    1.56 181.36111 20.29905  5879.96    88.43 2.69 2.48  44.7 -0.434    19.85 22.01 02a58519o0751c 0x000000  -25.700000
58519.582740 20.449472      NaN  -287     8 c    0    1.31 181.36111 20.29905  5774.97  9685.24 2.58 2.42   1.2 -0.439    19.88 21.97 02a58519o0766c 0x000000  -35.875000
58575.429932 20.321591      NaN  -241     9 c    0    0.93 181.36111 20.29905  1013.24  2022.53 2.79 2.28 -52.0 -0.422    19.70 21.65 02a58575o0218c 0x000000  -26.777778
58575.441363 20.449472      NaN  -226     8 c    0    1.30 181.36111 20.29905   991.75  1980.75 2.78 2.29 -50.6 -0.423    19.69 21.67 02a58575o0241c 0x000000  -28.250000
58575.455184 20.594452      NaN  -208     7 c    0    1.43 181.36111 20.29905  1046.60  2060.94 2.74 2.28 -48.5 -0.432    19.69 21.68 02a58575o0268c 0x000000  -29.714286
58575.462870 20.594452      NaN  -230     7 c    0    1.39 181.36111 20.29905  1064.60  1942.20 2.72 2.22 -50.8 -0.437    19.70 21.67 02a58575o0284c 0x000000  -32.857143
58579.436158 20.449472      NaN  -244     8 c    0    1.45 181.36111 20.29905  9467.90  9825.64 2.94 2.75 -60.4 -0.372    19.71 21.65 02a58579o0459c 0x000000  -30.500000
58579.437074 20.321591      NaN  -239     9 c    0    1.00 181.36111 20.29905  9698.08    79.01 2.74 2.06 -53.5 -0.433    19.73 21.68 02a58579o0461c 0x000000  -26.555556
58579.448451 21.954622      NaN   -26     2 c    0 1765.82 181.36111 20.29905  9677.09    37.52 2.73 2.11 -52.3 -0.427    19.72 21.68 02a58579o0484c 0x100001  -13.000000
58579.450880 20.449472      NaN  -227     8 c    0    1.12 181.36111 20.29905  9445.67  9782.92 2.95 2.65 -53.6 -0.389    19.71 21.64 02a58579o0489c 0x000000  -28.375000
58579.460873 20.321591      NaN  -243     9 c    0    1.30 181.36111 20.29905  9502.49  9865.17 2.91 2.61 -48.2 -0.387    19.71 21.62 02a58579o0508c 0x000000  -27.000000
58579.462257 20.449472      NaN  -230     8 c    0    1.28 181.36111 20.29905  9731.61   117.98 2.71 2.11 -52.2 -0.431    19.72 21.65 02a58579o0511c 0x000000  -28.750000
58579.470627 20.449472      NaN  -251     8 c    0    1.34 181.36111 20.29905  9519.13  9745.63 2.80 2.60 -46.7 -0.388    19.74 21.60 02a58579o0528c 0x000000  -31.375000
58583.406445 20.594452      NaN  -225     7 c    0    1.42 181.36111 20.29905  5800.13  5886.11 3.12 2.99 -51.0 -0.383    19.39 21.58 02a58583o0297c 0x000000  -32.142857
58583.410103 20.207197      NaN  -224    10 c    0    0.98 181.36111 20.29905  5781.59  5848.13 2.92 2.80 -45.4 -0.387    19.45 21.55 02a58583o0305c 0x000000  -22.400000
58583.419342 20.449472      NaN  -223     8 c    0    1.85 181.36111 20.29905  5831.95  5924.09 2.87 2.73 -41.5 -0.394    19.48 21.54 02a58583o0324c 0x000000  -27.875000
58583.427292 20.103715      NaN  -229    11 c    0    0.79 181.36111 20.29905  5849.21  5811.00 2.96 2.82 -54.8 -0.390    19.43 21.52 02a58583o0341c 0x000000  -20.818182
58603.404698 20.449472      NaN  -257     8 c    0    1.57 181.36111 20.29905  7527.01  5902.14 2.51 2.41 -63.7 -0.406    19.58 21.46 02a58603o0377c 0x000000  -32.125000
58603.410601 20.321591      NaN  -246     9 c    0    0.99 181.36111 20.29905  7508.42  5863.09 2.45 2.42 -67.2 -0.408    19.59 21.44 02a58603o0389c 0x000000  -27.333333
58603.419967 20.449472      NaN  -251     8 c    0    1.48 181.36111 20.29905  7561.86  5941.22 2.47 2.40 -54.2 -0.412    19.60 21.44 02a58603o0409c 0x000000  -31.375000
58603.428390 20.449472      NaN  -240     8 c    0    1.23 181.36111 20.29905  7580.55  5826.37 2.44 2.36 -56.7 -0.406    19.56 21.41 02a58603o0426c 0x000000  -30.000000
58607.396007 20.594452      NaN  -220     7 c    0    1.08 181.36111 20.29905  8679.64  2035.10 2.90 2.34 -51.6 -0.403    19.69 21.64 02a58607o0358c 0x000000  -31.428571
58607.411000 20.449472      NaN  -252     8 c    0    1.26 181.36111 20.29905  8661.35  1996.62 2.82 2.33 -51.8 -0.402    19.68 21.66 02a58607o0388c 0x000000  -31.500000
58607.416569 20.321591      NaN  -240     9 c    0    0.94 181.36111 20.29905  8733.47  2074.19 3.02 2.55 -50.9 -0.388    19.58 21.64 02a58607o0400c 0x000000  -26.666667
58607.430349 20.449472      NaN  -206     8 c    0    1.04 181.36111 20.29905  8751.62  1961.73 3.24 2.77 -52.8 -0.384    19.49 21.58 02a58607o0426c 0x000000  -25.750000
58611.387144 20.449472      NaN  -248     8 c    0    1.19 181.36111 20.29905  7835.85  4167.83 2.38 2.34  56.7 -0.403    19.79 21.58 02a58611o0322c 0x000000  -31.000000
58611.389948 20.594452      NaN  -234     7 c    0    1.93 181.36111 20.29905  7818.82  4131.02 2.37 2.32 -72.9 -0.405    19.82 21.57 02a58611o0326c 0x000000  -33.428571
58611.396636 20.761819      NaN  -227     6 c    0    1.44 181.36111 20.29905  7876.76  4208.74 2.43 2.34  52.0 -0.405    19.78 21.57 02a58611o0336c 0x000000  -37.833333
58611.413773 20.761819      NaN  -246     6 c    0    1.75 181.36111 20.29905  7894.12  4088.69 2.46 2.35  49.5 -0.401    19.79 21.56 02a58611o0367c 0x000000  -41.000000
58635.339953 20.449472      NaN  -236     8 c    0    1.39 181.36111 20.29905  6342.80  8327.29 2.60 2.42  48.5 -0.410    19.77 21.67 02a58635o0234c 0x000000  -29.500000
58635.343348 20.321591      NaN  -227     9 c    0    0.98 181.36111 20.29905  6323.77  8287.79 2.54 2.45  38.9 -0.411    19.79 21.68 02a58635o0241c 0x000000  -25.222222
58635.359577 20.449472      NaN  -230     8 c    0    1.26 181.36111 20.29905  6381.33  8363.97 2.68 2.43  43.5 -0.405    19.75 21.65 02a58635o0275c 0x000000  -28.750000
58635.375418 20.761819      NaN  -249     6 c    0    1.86 181.36111 20.29905  6399.28  8248.29 2.71 2.41  44.8 -0.402    19.73 21.53 02a58635o0308c 0x000000  -41.500000
58639.282513 20.321591      NaN  -256     9 c    0    1.04 181.36111 20.29905  6344.72  8327.37 2.63 2.54  56.3 -0.404    19.68 21.42 02a58639o0084c 0x000000  -28.444444
58639.285978 20.449472      NaN  -236     8 c    0    1.33 181.36111 20.29905  6325.48  8287.80 2.53 2.49 -84.0 -0.412    19.70 21.41 02a58639o0090c 0x000000  -29.500000
58639.292152 20.449472      NaN  -244     8 c    0    1.58 181.36111 20.29905  6382.33  8366.47 2.57 2.50 -72.8 -0.412    19.67 21.37 02a58639o0102c 0x000000  -30.500000
58639.303869 20.449472      NaN  -259     8 c    0    1.60 181.36111 20.29905  6401.05  8249.27 2.50 2.46 -27.2 -0.415    19.71 21.36 02a58639o0125c 0x000000  -32.375000
58663.245917 17.896499      NaN  -243    84 c    0    0.65 181.36111 20.29905  4344.59  6478.02 2.41 2.25  41.3 -0.479    17.37 18.15 02a58663o0025c 0x100002   -2.892857
58663.248779 18.816441      NaN  -188    36 c    0    1.41 181.36111 20.29905  4326.92  6437.56 2.37 2.24  39.6 -0.419    18.02 18.81 02a58663o0031c 0x100002   -5.222222
58663.255685 19.766969      NaN  -240    15 c    0    1.20 181.36111 20.29905  4385.38  6513.22 2.34 2.27  41.3 -0.396    19.13 20.15 02a58663o0045c 0x000000  -16.000000
58663.268676 20.321591      NaN  -240     9 c    0    0.94 181.36111 20.29905  4396.59  6397.46 2.42 2.26  45.5 -0.399    19.58 21.13 02a58663o0071c 0x000000  -26.666667
58667.264005 20.207197      NaN  -241    10 c    0    1.43 181.36111 20.29905   275.56 10135.53 2.44 2.17 -60.1 -0.500    19.51 21.03 02a58667o0061c 0x000000  -24.100000
58667.266806 20.009244      NaN  -239    12 c    0    1.29 181.36111 20.29905   256.99 10095.28 2.69 2.25 -51.0 -0.475    19.55 21.18 02a58667o0067c 0x000000  -19.916667
58667.273240 20.321591      NaN  -243     9 c    0    1.33 181.36111 20.29905   314.20 10171.86 2.50 2.17 -49.5 -0.474    19.63 21.28 02a58667o0081c 0x000000  -27.000000
58667.276000 20.594452      NaN  -243     7 c    0    1.55 181.36111 20.29905 10270.86 10158.95 2.95 2.89 -41.3 -0.357    19.68 21.40 02a58667o0087c 0x000000  -34.714286
58667.278788 20.321591      NaN  -224     9 c    0    0.91 181.36111 20.29905 10251.39 10118.40 2.94 2.81  30.3 -0.361    19.66 21.41 02a58667o0093c 0x000000  -24.888889
58667.283040 20.321591      NaN  -230     9 c    0    1.56 181.36111 20.29905   336.34 10050.98 2.45 2.05 -50.7 -0.492    19.66 21.29 02a58667o0102c 0x000000  -25.555556
58667.286292 20.449472      NaN  -232     8 c    0    1.46 181.36111 20.29905 10311.22 10198.04 2.82 2.77 -32.7 -0.388    19.69 21.39 02a58667o0109c 0x000000  -29.000000
58815.607643 19.128787      NaN  -204    27 c    0    1.30 181.36111 20.29905  7026.82  8654.17 2.85 2.52  36.5 -0.381    18.43 20.16 02a58815o0846c 0x100002   -7.555556
58815.611343 19.351140      NaN  -208    22 c    0    0.92 181.36111 20.29905  7049.14  8694.05 2.65 2.56 -17.6 -0.398    18.58 20.29 02a58815o0854c 0x000000   -9.454545
58815.618362 20.009244      NaN  -232    12 c    0    1.70 181.36111 20.29905  6987.91  8615.93 2.76 2.43  36.1 -0.386    18.72 20.46 02a58815o0868c 0x000000  -19.333333
58815.630263 19.766969      NaN  -258    15 c    0    0.91 181.36111 20.29905  6967.69  8733.73 2.76 2.51  35.0 -0.387    19.04 20.78 02a58815o0893c 0x000000  -17.200000
58815.661529 18.191747      NaN  -254    64 c    0    1.64 181.36111 20.29905  7008.16  8679.11 2.58 2.53  26.7 -0.433    18.04 18.93 02a58815o0959c 0x100002   -3.968750
58871.498155 21.514394      NaN  -227     3 c    0    1.73 181.36111 20.29905   298.55   426.59 2.37 2.21  81.3 -0.419    19.75 21.67 02a58871o0598c 0x000000  -75.666667
58871.508340 21.954622      NaN  -302     2 c    0    3.76 181.36111 20.29905   320.94   465.09 2.38 2.21  83.9 -0.425    19.78 21.70 02a58871o0618c 0x000000 -151.000000
58871.512032 21.514394      NaN  -316     3 c    0    3.72 181.36111 20.29905   262.02   385.67 2.40 2.26 -80.5 -0.416    19.73 21.70 02a58871o0626c 0x000000 -105.333333
58871.522878 20.959772      NaN  -254     5 c    0    1.85 181.36111 20.29905   243.75   504.80 2.44 2.27 -81.9 -0.415    19.79 21.71 02a58871o0647c 0x000000  -50.800000
58871.620067 20.321591      NaN  -236     9 c    0    0.86 181.36111 20.29905   266.49 10124.31 2.66 1.97 -49.3 -0.436    19.79 21.60 02a58871o0852c 0x000000  -26.222222
58871.622813 20.761819      NaN  -256     6 c    0    2.80 181.36111 20.29905   247.59 10085.20 2.64 1.94 -50.6 -0.451    19.79 21.59 02a58871o0858c 0x000000  -42.666667
58871.632127 20.449472      NaN  -252     8 c    0    1.68 181.36111 20.29905   304.86 10162.15 2.57 1.98 -48.9 -0.462    19.78 21.59 02a58871o0877c 0x000000  -31.500000
58871.652607 20.321591      NaN  -275     9 c    0    1.42 181.36111 20.29905   321.06 10042.29 2.59 2.11 -50.2 -0.463    19.73 21.56 02a58871o0919c 0x000000  -30.555556
58875.579954 20.761819      NaN  -244     6 c    0    1.33 181.36111 20.29905 10392.28  4354.51 2.77 2.41 -60.4 -0.420    19.84 21.97 02a58875o0788c 0x000000  -40.666667
58875.583436 20.761819      NaN  -270     6 c    0    1.35 181.36111 20.29905 10413.21  4399.72 2.72 2.47 -62.2 -0.420    19.83 21.98 02a58875o0795c 0x000000  -45.000000
58875.583892 20.449472      NaN  -236     8 c    0    0.95 181.36111 20.29905   450.39  4345.17 2.58 2.27 -56.7 -0.408    19.86 21.99 02a58875o0796c 0x000000  -29.500000
58875.590422 20.594452      NaN  -256     7 c    0    1.39 181.36111 20.29905 10116.70  6188.13 2.78 2.41 -65.4 -0.415    19.88 22.00 02a58875o0808c 0x000000  -36.571429
58875.590879 20.594452      NaN  -231     7 c    0    1.18 181.36111 20.29905   234.84  6256.61 2.44 2.12 -53.1 -0.417    19.84 21.98 02a58875o0809c 0x000000  -33.000000
58875.593776 20.959772      NaN  -217     5 c    0    1.38 181.36111 20.29905   412.51  4304.36 2.57 2.21 -56.9 -0.395    19.90 21.99 02a58875o0814c 0x000000  -43.400000
58875.604238 20.594452      NaN  -243     7 c    0    1.55 181.36111 20.29905 10196.67  6152.25 2.79 2.43 -65.3 -0.417    19.84 21.99 02a58875o0834c 0x000000  -34.714286
58875.608051 20.959772      NaN  -248     5 c    0    2.15 181.36111 20.29905   252.52  6135.24 2.30 2.13 -63.6 -0.414    19.86 21.97 02a58875o0841c 0x000000  -49.600000
58879.638634 19.766969      NaN  -245    15 c    0    0.81 181.36111 20.29905   189.21  6215.43 2.31 2.19 -54.8 -0.391    19.05 20.83 02a58879o0891c 0x000000  -16.333333
58879.652407 18.191747      NaN  -166    64 c    0    1.06 181.36111 20.29905   168.23  6176.53 2.38 2.26 -54.1 -0.416    16.69 18.25 02a58879o0919c 0x100002   -2.593750
58879.652864 17.422338      NaN  -238   130 c    0    1.18 181.36111 20.29905 10130.61  6231.42 2.71 2.59 -63.4 -0.471    17.01 18.59 02a58879o0920c 0x100002   -1.830769
58879.667081 19.631075      NaN  -259    17 c    0    1.23 181.36111 20.29905   225.93  6252.19 2.33 2.25 -55.3 -0.376    18.73 20.18 02a58879o0947c 0x000000  -15.235294
58879.667539 19.510313      NaN  -224    19 c    0    1.12 181.36111 20.29905 10167.24  6271.85 2.63 2.60 -80.6 -0.410    18.82 20.28 02a58879o0948c 0x000000  -11.789474
58879.671892 19.454622      NaN  -227    20 c    0    0.84 181.36111 20.29905   246.57  6136.16 2.36 2.24 -52.5 -0.377    18.74 19.94 02a58879o0955c 0x000000  -11.350000
58879.672350 19.256669      NaN  -253    24 c    0    1.10 181.36111 20.29905 10186.11  6157.31 2.68 2.60 -55.7 -0.405    18.78 19.96 02a58879o0956c 0x000000  -10.541667
58883.652253 21.514394      NaN  -244     3 c    0    1.98 181.36111 20.29905  5542.35  3760.04 2.32 2.21 -57.4 -0.412    19.78 21.78 02a58883o0750c 0x000000  -81.333333
58883.656759 20.449472      NaN  -256     8 c    0    1.57 181.36111 20.29905  5521.96  3721.79 2.29 2.23 -66.4 -0.413    19.79 21.75 02a58883o0759c 0x000000  -32.000000
58883.661789 20.594452      NaN  -250     7 c    0    1.43 181.36111 20.29905  5579.80  3799.99 2.33 2.28 -84.3 -0.408    19.74 21.63 02a58883o0769c 0x000000  -35.714286
58883.664991 20.449472      NaN  -229     8 c    0    1.24 181.36111 20.29905  5598.57  3683.61 2.35 2.32 -79.7 -0.406    19.67 21.40 02a58883o0776c 0x000000  -28.625000
58903.413443 20.449472      NaN    -1     8 c    0    1.57 181.36111 20.29905  2839.05  8345.19 2.59 2.22 -47.6 -0.413    19.73 21.74 02a58903o0409c 0x000000   -0.125000
58903.417357 20.171596      NaN     1    10 c    0    1.08 181.36111 20.29905  2852.55  8384.92 2.66 2.18 -47.7 -0.417    19.73 21.75 02a58903o0417c 0x000000    0.100000
58903.424184 20.321591      NaN    -9     9 c    0    0.85 181.36111 20.29905  2796.21  8307.81 2.47 2.41   7.1 -0.391    19.76 21.76 02a58903o0431c 0x000000   -1.000000
58903.434889 20.449472      NaN    -2     8 c    0    1.02 181.36111 20.29905  2779.38  8423.57 2.54 2.34 -40.6 -0.421    19.73 21.80 02a58903o0453c 0x000000   -0.250000
58931.516885 20.282105      NaN     7     7 c    0    1.49 181.36111 20.29905  3594.80  3868.15 2.42 2.29 -61.0 -0.403    19.74 21.72 02a58931o0583c 0x000000    1.000000
58931.519797 20.449472      NaN    -5     8 c    0    1.21 181.36111 20.29905  3575.80  3828.36 2.58 2.47 -63.2 -0.396    19.67 21.70 02a58931o0589c 0x000000   -0.625000
58931.525773 20.321591      NaN    -9     9 c    0    1.30 181.36111 20.29905  3632.35  3906.88 2.80 2.65 -54.6 -0.395    19.57 21.68 02a58931o0600c 0x000000   -1.000000
58931.538074 19.766969      NaN    18     9 c    0    1.00 181.36111 20.29905  3648.49  3789.51 2.53 2.43 -65.3 -0.398    19.65 21.63 02a58931o0624c 0x000000    2.000000
58959.367567 20.244005      NaN     5     8 c    0    1.32 181.36111 20.29905  2394.47  6586.77 2.44 2.32  33.6 -0.398    19.71 21.49 02a58959o0287c 0x000000    0.625000
58959.370340 20.282105      NaN     4     8 c    0    1.62 181.36111 20.29905  2377.98  6550.36 2.38 2.29  33.9 -0.402    19.73 21.49 02a58959o0293c 0x000000    0.500000
58959.375889 20.321591      NaN    -3     9 c    0    1.15 181.36111 20.29905  2434.94  6627.19 2.46 2.32  34.2 -0.394    19.72 21.48 02a58959o0303c 0x000000   -0.333333
58959.388068 20.207197      NaN    -2    10 c    0    1.12 181.36111 20.29905  2452.90  6505.81 2.47 2.31  39.1 -0.399    19.68 21.45 02a58959o0327c 0x000000   -0.200000
58963.379095 13.809526      NaN -7255  3623 c    0    1.12 181.36111 20.29905  1545.32  1991.54 2.55 2.47 -82.3 -0.407    14.77 16.21 02a58963o0334c 0x100002   -2.002484
58963.382315 17.909502      NaN   -56    83 c    0    1.10 181.36111 20.29905  1604.74  2069.42 2.50 2.39 -83.0 -0.403    17.29 18.77 02a58963o0341c 0x100002   -0.674699
58983.320936 20.449472      NaN    -2     8 c    0    1.11 181.36111 20.29905  5498.24  1825.95 2.56 2.22 -54.8 -0.398    19.75 21.68 02a58983o0171c 0x000000   -0.250000
58983.323698 20.449472      NaN    -7     8 c    0    1.16 181.36111 20.29905  5478.92  1788.24 2.48 2.16 -54.8 -0.409    19.78 21.69 02a58983o0177c 0x000000   -0.875000
58983.328800 20.449472      NaN    -6     8 c    0    0.71 181.36111 20.29905  5538.44  1866.00 2.48 2.17 -54.7 -0.402    19.76 21.68 02a58983o0188c 0x000000   -0.750000
58983.338985 20.594452      NaN    -5     7 c    0    1.51 181.36111 20.29905  5558.40  1751.31 2.49 2.14 -52.9 -0.405    19.78 21.66 02a58983o0209c 0x000000   -0.714286
58987.355281 19.816329      NaN    10    11 c    0    0.85 181.36111 20.29905  4403.83  8412.10 2.53 2.53 -54.4 -0.394    19.70 21.58 02a58987o0264c 0x000000    0.909091
58987.358959 20.207197      NaN   -17    10 c    0    0.92 181.36111 20.29905  4384.60  8373.72 2.65 2.54  48.3 -0.387    19.67 21.58 02a58987o0272c 0x000000   -1.700000
58987.364503 20.244005      NaN     2     9 c    0    1.06 181.36111 20.29905  4441.80  8450.95 2.54 2.50  43.4 -0.393    19.65 21.56 02a58987o0284c 0x000000    0.222222
58987.376475 20.321591      NaN   -14     9 c    0    1.20 181.36111 20.29905  4462.17  8334.08 2.56 2.50 -49.1 -0.400    19.64 21.52 02a58987o0310c 0x000000   -1.555556
58991.313952 20.321591      NaN   -18     9 c    0    1.22 181.36111 20.29905  4408.48  8413.70 2.60 2.56  83.3 -0.398    19.69 21.67 02a58991o0122c 0x000000   -2.000000
58991.319183 20.449472      NaN   -10     8 c    0    2.25 181.36111 20.29905  4388.57  8375.48 2.71 2.66 -64.5 -0.399    19.64 21.65 02a58991o0133c 0x000000   -1.250000
58991.322385 20.071303      NaN     4    10 c    0    1.39 181.36111 20.29905  4446.70  8452.92 2.83 2.69 -58.9 -0.394    19.59 21.62 02a58991o0140c 0x000000    0.400000
58995.360485 20.039830      NaN     8     9 c    0    1.27 181.36111 20.29905  9771.05  4094.33 2.60 2.42 -49.5 -0.404    19.76 21.52 02a58995o0264c 0x000000    0.888889
58995.363707 20.171596      NaN     7     8 c    0    1.23 181.36111 20.29905  9751.04  4055.28 2.59 2.44 -46.3 -0.401    19.71 21.51 02a58995o0271c 0x000000    0.875000
58995.376547 20.207197      NaN   -24    10 c    0    1.14 181.36111 20.29905  9812.00  4134.35 2.68 2.46 -50.0 -0.404    19.66 21.48 02a58995o0299c 0x000000   -2.400000
58995.383435 19.766969      NaN     6    13 c    0    0.61 181.36111 20.29905  9833.10  4017.92 2.67 2.42 -52.5 -0.405    19.70 21.46 02a58995o0314c 0x000000    0.461538
59008.264993 19.841877      NaN   -11    14 c    0    1.39 181.36111 20.29905  1653.52  3975.46 2.58 2.54  47.0 -0.410    19.01 20.68 02a59008o0055c 0x000000   -0.785714
59008.268698 19.743105      NaN     7    13 c    0    0.90 181.36111 20.29905  1634.08  3936.88 2.50 2.48  25.0 -0.413    19.29 20.97 02a59008o0063c 0x000000    0.538462
59008.275223 19.894850      NaN    10    10 c    0    1.56 181.36111 20.29905  1690.97  4013.84 2.60 2.56  75.0 -0.406    19.45 21.24 02a59008o0077c 0x000000    1.000000
59008.295717 19.894850      NaN     4    12 c    0    1.30 181.36111 20.29905  1707.19  3894.39 2.53 2.39 -70.4 -0.417    19.30 21.05 02a59008o0120c 0x000000    0.333333
59019.291641 18.847027      NaN    -5    35 c    0    1.20 181.36111 20.29905  8188.24  6301.45 2.92 2.85  38.0 -0.381    18.18 19.85 02a59019o0107c 0x100002   -0.142857
59019.295300 18.666446      NaN    16    36 c    0    1.41 181.36111 20.29905  8169.13  6262.25 2.82 2.69  41.3 -0.390    18.12 19.71 02a59019o0115c 0x100002    0.444444
59019.301289 18.910912      NaN    -6    33 c    0    1.27 181.36111 20.29905  8227.83  6340.18 2.88 2.73  37.5 -0.391    18.22 19.83 02a59019o0128c 0x100002   -0.181818
59019.314597 18.417189      NaN  -137    52 c    0    1.21 181.36111 20.29905  8248.97  6223.94 3.02 2.93  32.7 -0.361    17.81 19.43 02a59019o0157c 0x100002   -2.634615
59023.254951 19.696897      NaN    -4    16 c    0    1.17 181.36111 20.29905  8195.88  6302.37 2.58 2.43 -70.5 -0.399    19.11 20.16 02a59023o0025c 0x000000   -0.250000
59023.259117 19.791368      NaN     8    12 c    0    1.07 181.36111 20.29905  8176.69  6262.94 2.69 2.55 -67.1 -0.398    19.41 20.83 02a59023o0034c 0x000000    0.666667
59023.266004 20.103715      NaN    -9    11 c    0    0.84 181.36111 20.29905  8236.00  6340.01 2.60 2.46 -60.4 -0.403    19.66 21.33 02a59023o0049c 0x000000   -0.818182
59023.278403 20.282105      NaN     1     9 c    0    1.20 181.36111 20.29905  8253.59  6223.92 2.50 2.43 -69.9 -0.405    19.69 21.48 02a59023o0076c 0x000000    0.111111
59043.290237 19.841877      NaN    -4    14 c    0    0.88 181.36111 20.29905  8249.65  8250.95 3.16 2.74  39.2 -0.366    19.40 21.18 02a59043o0042c 0x000000   -0.285714
59043.293461 19.922338      NaN   -10    13 c    0    1.05 181.36111 20.29905  8230.54  8211.28 3.03 2.64  38.5 -0.376    19.43 21.19 02a59043o0049c 0x000000   -0.769231
59043.300809 19.589310      NaN    14    13 c    0    1.28 181.36111 20.29905  8286.97  8289.58 3.04 2.62  34.8 -0.375    19.41 21.14 02a59043o0065c 0x000000    1.076923
59043.310922 20.009244      NaN   -16    12 c    0    1.31 181.36111 20.29905  8306.07  8171.83 2.76 2.60  17.0 -0.396    19.36 21.00 02a59043o0087c 0x000000   -1.333333
59051.252937 18.826541      NaN    26    27 c    0    0.95 181.36111 20.29905  9705.44  2156.99 2.55 2.13 -53.0 -0.428    18.62 19.66 02a59051o0024c 0x100002    0.962963
59051.256137 19.510313      NaN    -5    19 c    0    0.79 181.36111 20.29905  9685.58  2117.23 2.51 2.15 -52.0 -0.421    19.06 20.23 02a59051o0031c 0x000000   -0.263158
59051.263927 19.696897      NaN     9    13 c    0    1.09 181.36111 20.29905  9744.38  2194.94 2.55 2.21 -48.3 -0.416    19.47 20.96 02a59051o0048c 0x000000    0.692308
59051.275924 20.009244      NaN   -14    12 c    0    0.66 181.36111 20.29905  9766.50  2077.33 2.54 2.16 -48.9 -0.423    19.49 21.02 02a59051o0074c 0x000000   -1.166667
59195.642475 20.207197      NaN     0    10 c    0    0.95 181.36111 20.29905   800.80  6483.68 2.61 2.54 -18.2 -0.407    19.62 21.56 02a59195o0962c 0x000000    0.000000
59195.648603 20.207197      NaN     0    10 c    0    0.71 181.36111 20.29905   811.89  6521.60 2.41 2.33 -18.0 -0.420    19.72 21.52 02a59195o0973c 0x000000    0.000000
59195.651813 20.171596      NaN     4     9 c    0    1.31 181.36111 20.29905   756.69  6443.72 2.60 2.51 -19.2 -0.403    19.62 21.50 02a59195o0980c 0x000000    0.444444
59195.657326 19.841877      NaN    12    10 c    0    0.92 181.36111 20.29905   738.44  6560.14 2.43 2.35 -44.0 -0.418    19.56 21.25 02a59195o0990c 0x000000    1.200000
59197.578851 20.449472      NaN   -20     8 c    0    0.89 181.36111 20.29905  7735.04  2214.58 2.47 2.38 -45.5 -0.385    19.83 21.83 01a59197o0654c 0x000000   -2.500000
59197.584192 20.244005      NaN     2     9 c    0    0.67 181.36111 20.29905  7718.65  2178.31 2.66 2.54 -66.1 -0.379    19.76 21.83 01a59197o0664c 0x000000    0.222222
59197.588401 20.321591      NaN    -2     9 c    0    0.93 181.36111 20.29905  7780.59  2259.20 3.18 2.55   4.9 -0.344    19.68 21.83 01a59197o0673c 0x000000   -0.222222
59197.599196 20.103715      NaN     6     9 c    0    0.88 181.36111 20.29905  7797.26  2138.03 2.51 2.37 -46.3 -0.389    19.83 21.85 01a59197o0696c 0x000000    0.666667
59205.594072 20.449472      NaN    -5     8 c    0    1.05 181.36111 20.29905  2511.47  8518.54 2.64 2.42 -70.2 -0.375    19.79 21.67 01a59205o0792c 0x000000   -0.625000
59205.596871 20.449472      NaN   -13     8 c    0    1.10 181.36111 20.29905  2493.77  8480.84 2.49 2.30 -61.8 -0.379    19.79 21.70 01a59205o0798c 0x000000   -1.625000
59205.603351 20.594452      NaN    -3     7 c    0    1.47 181.36111 20.29905  2550.42  8558.11 2.38 2.17 -71.4 -0.384    19.89 21.70 01a59205o0810c 0x000000   -0.428571
59205.610011 20.761819      NaN   -11     6 c    0    1.42 181.36111 20.29905  2569.34  8439.73 2.38 2.15 -69.4 -0.390    19.91 21.81 01a59205o0824c 0x000000   -1.833333
59207.575832 20.449472      NaN    -8     8 c    0    1.47 181.36111 20.29905  8927.47  6599.69 2.67 2.56  48.4 -0.392    19.69 21.62 02a59207o0774c 0x000000   -1.000000
59207.578119 20.321591      NaN    -2     9 c    0    1.21 181.36111 20.29905  8947.38  6637.55 2.63 2.55  49.6 -0.396    19.73 21.63 02a59207o0779c 0x000000   -0.222222
59207.591959 20.321591      NaN   -14     9 c    0    1.23 181.36111 20.29905  8888.98  6562.91 2.59 2.54  61.3 -0.401    19.78 21.67 02a59207o0805c 0x000000   -1.555556
59207.598400 20.321591      NaN   -16     9 c    0    0.98 181.36111 20.29905  8868.64  6679.75 2.60 2.59  34.1 -0.403    19.77 21.67 02a59207o0819c 0x000000   -1.777778
59229.622290 20.543943      NaN     1     7 c    0    1.03 181.36111 20.29905  6945.47  6693.84 2.40 2.29 -78.9 -0.389    19.99 22.04 01a59229o0599c 0x000000    0.142857
59229.626049 20.761819      NaN    -6     6 c    0    1.58 181.36111 20.29905  6966.65  6731.79 2.41 2.30 -75.6 -0.388    19.96 22.05 01a59229o0607c 0x000000   -1.000000
59229.661361 20.171596      NaN     7     8 c    0    1.14 181.36111 20.29905  6919.00  6651.76 2.49 2.40  89.0 -0.375    19.87 21.77 01a59229o0673c 0x000000    0.875000
59229.667340 20.321591      NaN    -1     9 c    0    1.41 181.36111 20.29905  6898.32  6767.61 2.70 2.44 -17.4 -0.363    19.53 20.92 01a59229o0684c 0x000000   -0.111111
59231.524737 20.321591      NaN    -1     9 c    0    1.11 181.36111 20.29905  4168.56   302.60 2.46 2.22 -62.9 -0.411    19.78 21.81 02a59231o0677c 0x000000   -0.111111
59231.526583 20.449472      NaN     0     8 c    0    1.13 181.36111 20.29905  4187.35   342.09 2.52 2.24 -59.5 -0.412    19.79 21.81 02a59231o0681c 0x000000    0.000000
59231.527956 19.334813      NaN    10    19 c    0    0.94 181.36111 20.29905  4028.93 10508.63 2.61 2.38 -43.6 -0.414    19.76 21.86 02a59231o0684c 0x000000    0.526316
59231.530245 20.207197      NaN   -15    10 c    0    1.13 181.36111 20.29905  4129.86   262.93 2.48 2.24 -60.9 -0.407    19.79 21.81 02a59231o0689c 0x000000   -1.500000
59231.532538 19.510313      NaN    18    13 c    0    1.31 181.36111 20.29905  3989.07 10469.24 2.54 2.32 -46.1 -0.403    19.79 21.87 02a59231o0694c 0x000000    1.384615
59231.535749 20.321591      NaN   -12     9 c    0    1.04 181.36111 20.29905  4110.75   381.99 2.52 2.26 -56.6 -0.413    19.78 21.83 02a59231o0701c 0x000000   -1.333333
59233.490268 17.055032      NaN    61   162 c    0    1.73 181.36111 20.29905  4568.61   152.80 2.35 2.23  22.6 -0.410    16.56 18.71 01a59233o0147c 0x100002    0.376543
59233.493489 17.527492      NaN    75    93 c    0    1.62 181.36111 20.29905  4504.50 10350.44 2.55 2.18 -68.6 -0.386    16.84 18.90 01a59233o0154c 0x100002    0.806452
59233.493950 17.196897      NaN   -30   160 c    0    0.83 181.36111 20.29905  4549.24   115.04 2.21 2.10  49.6 -0.427    16.79 18.88 01a59233o0155c 0x100002   -0.187500
59233.496720 16.211133      NaN   389   267 c    0    1.44 181.36111 20.29905  4486.01 10310.61 2.51 2.20 -72.5 -0.397    15.77 17.85 01a59233o0161c 0x100002    1.456929
59233.505676 16.501204      NaN   233   226 c    0    1.67 181.36111 20.29905  4606.75   189.15 2.53 2.31  75.0 -0.404    15.99 18.18 01a59233o0178c 0x100002    1.030973
59235.540940 19.696897      NaN   -15    16 c    0    1.26 181.36111 20.29905  4246.99  2255.52 2.50 2.40 -89.7 -0.396    18.89 20.82 02a59235o0703c 0x000000   -0.937500
59235.543798 19.922338      NaN   -10    13 c    0    2.46 181.36111 20.29905  4266.31  2294.58 2.48 2.36  63.9 -0.397    18.87 20.74 02a59235o0709c 0x000000   -0.769231
59235.560598 19.454622      NaN   -31    20 c    0    1.69 181.36111 20.29905  4212.70  2219.37 2.47 2.37  58.8 -0.400    18.37 20.19 02a59235o0742c 0x000000   -1.550000
59237.618285 17.664614      NaN   -17   104 c    0    1.20 181.36111 20.29905  6014.97 10396.17 2.25 2.18 -69.8 -0.381    17.62 19.57 01a59237o0023c 0x100002   -0.163462
59237.621963 16.280840      NaN   369   249 c    0    0.80 181.36111 20.29905  6036.49 10437.37 2.26 2.21 -48.1 -0.373    16.07 18.12 01a59237o0031c 0x100002    1.481928
59237.630788 14.110446      NaN -1967  2746 c    0    1.06 181.36111 20.29905  6003.68   201.44 2.68 2.18  -1.0 -0.369    15.83 17.93 01a59237o0050c 0x100002   -0.716315
59237.640115 13.855956      NaN  3661  2251 c    0    0.97 181.36111 20.29905  5969.19   161.45 2.37 2.17 -14.8 -0.383    16.19 18.21 01a59237o0069c 0x100002    1.626388
59253.484474 20.282105      NaN     1     9 c    0    0.77 181.36111 20.29905  2409.28  6583.03 2.58 2.30 -82.3 -0.409    19.80 22.03 01a59253o0543c 0x000000    0.111111
59253.487727 20.449472      NaN    -4     8 c    0    0.91 181.36111 20.29905  2390.75  6543.94 2.49 2.18 -81.9 -0.412    19.86 22.03 01a59253o0550c 0x000000   -0.500000
59253.490492 20.594452      NaN    -2     7 c    0    1.19 181.36111 20.29905  2448.94  6619.53 2.48 2.23 -82.9 -0.411    19.82 22.03 01a59253o0556c 0x000000   -0.285714
59253.500669 20.071303      NaN    10     8 c    0    0.87 181.36111 20.29905  2463.71  6504.14 2.49 2.16 -84.3 -0.413    19.85 22.06 01a59253o0577c 0x000000    1.250000
59253.669517 19.115465      NaN     1    27 c    0    1.52 181.36111 20.29905  8122.27  3984.59 2.86 2.48 -85.4 -0.439    18.47 19.31 01a59253o0924c 0x100002    0.037037
59255.484614 20.449472      NaN     0     8 c    0    1.45 181.36111 20.29905   876.62  8429.05 2.34 2.23 -32.1 -0.424    19.81 21.89 02a59255o0575c 0x000000    0.000000
59255.486445 20.449472      NaN   -16     8 c    0    1.15 181.36111 20.29905   895.59  8467.82 2.41 2.28 -37.6 -0.422    19.78 21.90 02a59255o0579c 0x000000   -2.000000
59255.489187 20.207197      NaN     6     8 c    0    1.17 181.36111 20.29905   836.45  8389.15 2.47 2.33 -42.6 -0.423    19.77 21.90 02a59255o0585c 0x000000    0.750000
59255.498119 20.449472      NaN   -15     8 c    0    1.44 181.36111 20.29905   822.49  8505.99 2.44 2.28 -45.4 -0.428    19.78 21.95 02a59255o0603c 0x000000   -1.875000
59257.543556 20.282105      NaN     4     8 c    0    1.48 181.36111 20.29905  8994.83  8530.98 2.57 2.51  57.6 -0.351    19.86 22.12 01a59257o0715c 0x000000    0.500000
59257.546784 20.449472      NaN    -9     8 c    0    1.36 181.36111 20.29905  9016.08  8569.38 2.70 2.60  58.6 -0.345    19.81 22.12 01a59257o0722c 0x000000   -1.125000
59257.576703 20.594452      NaN    -5     7 c    0    1.15 181.36111 20.29905  8962.62  8484.22 2.53 2.37  70.0 -0.359    19.87 22.08 01a59257o0782c 0x000000   -0.714286
59257.583568 20.449472      NaN    -4     8 c    0    1.17 181.36111 20.29905  8944.43  8599.68 2.50 2.39  17.1 -0.366    19.72 22.21 01a59257o0796c 0x000000   -0.500000
59261.457705 20.039830      NaN     2    11 c    0    1.28 181.36111 20.29905  1564.90  2023.89 2.32 2.07  81.9 -0.425    19.52 21.92 01a59261o0517c 0x000000    0.181818
59261.459547 20.207197      NaN    -2    10 c    0    0.85 181.36111 20.29905  1544.71  1984.50 2.39 2.18  70.4 -0.411    19.62 22.01 01a59261o0521c 0x000000   -0.200000
59261.464767 20.594452      NaN     3     6 c    0    1.50 181.36111 20.29905  1603.45  2061.47 2.24 2.17  50.0 -0.398    19.86 21.88 01a59261o0532c 0x000000    0.500000
59261.469836 20.594452      NaN    -4     7 c    0    1.72 181.36111 20.29905  1621.93  1945.04 2.24 2.15  39.0 -0.402    19.88 21.89 01a59261o0543c 0x000000   -0.571429
59263.499951 18.847027      NaN   -30    35 c    0    0.94 181.36111 20.29905  6256.18  4104.40 2.54 2.27  37.1 -0.395    18.13 19.93 02a59263o0329c 0x100002   -0.857143
59263.503153 18.550302      NaN    -3    46 c    0    1.39 181.36111 20.29905  6275.53  4143.82 2.51 2.24  37.0 -0.402    17.78 19.56 02a59263o0336c 0x100002   -0.065217
59263.511486 17.205983      NaN    62   138 c    0    0.73 181.36111 20.29905  6219.16  4069.28 2.50 2.27  37.1 -0.398    17.37 19.04 02a59263o0354c 0x100002    0.449275
59263.526544 18.757738      NaN   -42    38 c    0    1.36 181.36111 20.29905  4393.31  6388.67 2.58 2.29  39.4 -0.390    17.96 19.70 02a59263o0384c 0x100002   -1.105263
59291.390860 20.321591      NaN   -11     9 c    0    0.94 181.36111 20.29905  8002.75 10312.65 2.73 2.44 -55.3 -0.398    19.80 21.73 02a59291o0139c 0x000000   -1.222222
59291.393741 20.207197      NaN   -15    10 c    0    1.18 181.36111 20.29905  8023.21 10351.90 2.69 2.47 -53.4 -0.404    19.79 21.73 02a59291o0145c 0x000000   -1.500000
59291.396485 20.321591      NaN    -4     9 c    0    1.19 181.36111 20.29905  7963.12 10273.56 2.71 2.54 -52.6 -0.401    19.77 21.73 02a59291o0151c 0x000000   -0.444444
59291.396942 20.071303      NaN     4    10 c    0    0.77 181.36111 20.29905  8012.31    93.10 2.47 2.13 -57.3 -0.395    19.76 21.69 02a59291o0152c 0x000000    0.400000
59291.398772 20.594452      NaN    -7     7 c    0    1.34 181.36111 20.29905  8030.78   131.50 2.48 2.15 -54.4 -0.399    19.79 21.69 02a59291o0156c 0x000000   -1.000000
59291.431811 20.207197      NaN    -7    10 c    0    1.33 181.36111 20.29905  2647.31   183.06 2.45 2.24 -66.8 -0.407    19.77 21.77 02a59291o0225c 0x000000   -0.700000
59291.433999 19.979496      NaN     4    11 c    0    1.03 181.36111 20.29905  7979.02    57.95 2.45 2.08 -60.3 -0.399    19.77 21.71 02a59291o0229c 0x000000    0.363636
59291.437659 20.321591      NaN    -5     9 c    0    1.10 181.36111 20.29905  7960.17   174.55 2.37 2.03 -57.7 -0.410    19.78 21.70 02a59291o0237c 0x000000   -0.555556
59309.445801 20.449472      NaN    -2     8 c    0    0.85 181.36111 20.29905  7038.40  8643.53 2.34 2.21  86.7 -0.371    19.96 22.04 01a59309o0296c 0x000000   -0.250000
59309.448721 20.449472      NaN     6     6 c    0    1.52 181.36111 20.29905  7059.05  8682.60 2.30 2.09 -82.8 -0.376    20.04 22.02 01a59309o0302c 0x000000    1.000000
59309.454027 20.959772      NaN    -6     5 c    0    1.21 181.36111 20.29905  7000.49  8604.38 2.39 2.10 -87.3 -0.382    20.02 21.91 01a59309o0313c 0x000000   -1.200000
59309.490272 20.449472      NaN     0     8 c    0    0.87 181.36111 20.29905  6988.08  8717.27 2.32 2.07 -79.4 -0.379    20.03 21.86 01a59309o0388c 0x000000    0.000000
59313.399893 20.594452      NaN    -4     7 c    0    1.28 181.36111 20.29905  2344.99  4321.41 2.26 2.14 -89.6 -0.406    19.99 21.75 01a59313o0387c 0x000000   -0.571429
59313.417879 20.761819      NaN    -2     6 c    0    1.31 181.36111 20.29905  2370.36  4356.18 2.33 2.18  87.5 -0.406    19.98 21.79 01a59313o0423c 0x000000   -0.333333
59313.429868 20.594452      NaN    -5     7 c    0    1.13 181.36111 20.29905  2312.41  4275.96 2.23 2.13 -87.0 -0.408    20.02 21.80 01a59313o0446c 0x000000   -0.714286
59313.435192 20.362567      NaN     8     6 c    0    1.65 181.36111 20.29905  2294.25  4391.17 2.31 2.17 -88.6 -0.408    19.97 21.78 01a59313o0457c 0x000000    1.333333
59317.462697 20.495680      NaN     2     7 c    0    1.49 181.36111 20.29905  2361.09  4305.35 2.54 2.27 -87.9 -0.404    19.83 21.65 01a59317o0136c 0x000000    0.285714
59317.486428 20.405150      NaN     1     8 c    0    1.03 181.36111 20.29905  2384.84  4342.15 2.33 2.11 -87.1 -0.411    19.92 21.63 01a59317o0183c 0x000000    0.125000
59317.495123 20.405150      NaN     1     8 c    0    1.12 181.36111 20.29905  2326.26  4263.54 2.49 2.29 -88.0 -0.404    19.82 21.56 01a59317o0200c 0x000000    0.125000
59317.498921 20.594452      NaN   -12     7 c    0    1.29 181.36111 20.29905  2306.46  4377.85 2.43 2.22 -79.7 -0.415    19.83 21.54 01a59317o0208c 0x000000   -1.714286
59321.377099 20.449472      NaN    -9     8 c    0    1.00 181.36111 20.29905  4087.63   338.60 2.45 2.40   1.2 -0.404    19.91 21.75 01a59321o0298c 0x000000   -1.125000
59321.380324 20.282105      NaN     4     8 c    0    0.96 181.36111 20.29905  4108.42   377.53 2.42 2.32  -4.8 -0.402    19.93 21.74 01a59321o0305c 0x000000    0.500000
59321.413376 20.594452      NaN   -21     7 c    0    1.48 181.36111 20.29905  4061.20   292.10 2.38 2.31  22.1 -0.407    19.86 21.78 01a59321o0371c 0x000000   -3.000000
59321.416406 20.103715      NaN    -1    11 c    0    0.98 181.36111 20.29905  4007.18 10489.09 2.53 2.36 -60.7 -0.382    19.90 21.76 01a59321o0377c 0x000000   -0.090909
59321.419370 20.449472      NaN    -3     8 c    0    0.68 181.36111 20.29905  4041.59   408.28 2.62 2.49  21.4 -0.385    19.81 21.72 01a59321o0383c 0x000000   -0.375000
59339.379648 17.373350      NaN    36   124 c    0    0.97 181.36111 20.29905  4522.97 10410.89 2.84 2.62  65.8 -0.354    17.23 18.81 02a59339o0002c 0x100002    0.290323
59339.415257 15.957603      NaN    18   495 c    0    0.89 181.36111 20.29905  4464.13 10335.32 2.58 2.35 -51.6 -0.403    15.73 17.14 02a59339o0078c 0x100002    0.036364
59339.418480 17.203704      NaN   114   121 c    0    0.93 181.36111 20.29905  4522.01 10411.79 2.65 2.46 -57.1 -0.388    16.91 18.34 02a59339o0085c 0x100002    0.942149
59339.423587 18.292405      NaN    46    43 c    0    0.91 181.36111 20.29905  4543.94 10292.84 2.57 2.41 -46.9 -0.396    18.46 20.03 02a59339o0096c 0x100002    1.069767
59339.473891 19.569016      NaN   -13    18 c    0    1.12 181.36111 20.29905  4572.24   162.23 2.52 2.15 -53.3 -0.407    19.13 20.72 02a59339o0202c 0x000000   -0.722222
59339.476668 19.401649      NaN   -16    21 c    0    1.39 181.36111 20.29905  4553.40   121.52 2.46 2.15 -60.2 -0.392    18.82 20.32 02a59339o0208c 0x000000   -0.761905
59339.484997 17.744005      NaN    29    87 c    0    1.38 181.36111 20.29905  4615.10   200.53 2.47 2.26 -68.2 -0.397    16.92 18.31 02a59339o0225c 0x100002    0.333333
59339.496691 19.631075      NaN    -6    17 c    0    1.85 181.36111 20.29905  4629.89    84.25 2.49 2.24 -61.7 -0.375    18.88 20.41 02a59339o0249c 0x000000   -0.352941
59343.317007 20.321591      NaN    -3     9 c    0    1.70 181.36111 20.29905  4577.49   172.78 2.37 2.10 -65.3 -0.412    19.76 21.66 02a59343o0169c 0x000000   -0.333333
59343.320680 20.009244      NaN     9     9 c    0    1.37 181.36111 20.29905  4557.66   133.19 2.41 2.13 -64.1 -0.399    19.80 21.67 02a59343o0177c 0x000000    1.000000
59343.321595 19.791368      NaN    11    11 c    0    0.96 181.36111 20.29905  4499.36 10375.82 2.47 2.38 -74.5 -0.408    19.71 21.61 02a59343o0179c 0x000000    1.000000
59343.327792 19.766969      NaN    12    11 c    0    1.22 181.36111 20.29905  4480.34 10335.46 2.46 2.37 -71.2 -0.416    19.77 21.59 02a59343o0191c 0x000000    1.090909
59343.328707 19.719755      NaN    14    11 c    0    1.02 181.36111 20.29905  4618.49   213.47 2.45 2.15 -64.2 -0.407    19.77 21.63 02a59343o0193c 0x000000    1.272727
59343.330994 19.491430      NaN    19    13 c    0    1.01 181.36111 20.29905  4538.71 10417.06 2.45 2.37 -63.4 -0.383    19.77 21.60 02a59343o0198c 0x000000    1.461538
59343.340742 20.321591      NaN    -2     9 c    0    1.01 181.36111 20.29905  4641.38    97.78 2.42 2.11 -63.7 -0.403    19.75 21.59 02a59343o0219c 0x000000   -0.222222
59343.341657 20.103715      NaN    -9    11 c    0    1.07 181.36111 20.29905  4560.20 10300.20 2.43 2.39 -48.7 -0.413    19.74 21.55 02a59343o0221c 0x000000   -0.818182
59347.341191 19.841877      NaN    12    10 c    0    1.04 181.36111 20.29905  6259.27  6384.97 2.55 2.35  44.6 -0.404    19.70 21.49 02a59347o0238c 0x000000    1.200000
59347.344868 19.922338      NaN     6    11 c    0    0.89 181.36111 20.29905  6239.37  6346.18 2.59 2.41  47.8 -0.402    19.62 21.49 02a59347o0246c 0x000000    0.545455
59347.350436 20.244005      NaN     2     9 c    0    0.94 181.36111 20.29905  6297.03  6425.23 2.54 2.35  46.7 -0.403    19.70 21.50 02a59347o0258c 0x000000    0.222222
59347.373720 20.321591      NaN    -7     9 c    0    1.34 181.36111 20.29905  6317.21  6309.05 2.55 2.34  42.5 -0.403    19.69 21.49 02a59347o0307c 0x000000   -0.777778
59369.298951 19.868040      NaN    11    10 c    0    0.83 181.36111 20.29905 10347.69  4308.67 2.58 2.22 -82.4 -0.393    19.86 21.51 01a59369o0138c 0x000000    1.100000
59369.302185 20.009244      NaN     9     9 c    0    0.90 181.36111 20.29905 10367.79  4347.56 2.57 2.24 -84.4 -0.389    19.86 21.52 01a59369o0145c 0x000000    1.000000
59369.309113 20.321591      NaN    -6     9 c    0    0.83 181.36111 20.29905 10309.97  4270.97 2.55 2.26 -82.5 -0.392    19.89 21.56 01a59369o0160c 0x000000   -0.666667
59369.311416 20.362567      NaN     2     8 c    0    0.99 181.36111 20.29905   414.09  4383.66 2.18 2.02  80.3 -0.399    19.93 21.61 01a59369o0165c 0x000000    0.250000
59369.314662 19.894850      NaN    13     9 c    0    0.80 181.36111 20.29905   435.02  4423.26 2.12 2.07 -13.6 -0.397    19.90 21.62 01a59369o0172c 0x000000    1.444444
59369.321601 20.449472      NaN    -2     8 c    0    1.29 181.36111 20.29905   376.15  4344.13 2.14 2.08  88.2 -0.392    19.90 21.61 01a59369o0187c 0x000000   -0.250000
59369.322063 20.103715      NaN     6     9 c    0    0.91 181.36111 20.29905 10292.58  4389.00 2.52 2.24 -81.0 -0.386    19.86 21.55 01a59369o0188c 0x000000    0.666667
59369.333615 20.405150      NaN     4     7 c    0    1.01 181.36111 20.29905   361.10  4458.73 2.18 2.05  83.0 -0.403    19.94 21.67 01a59369o0213c 0x000000    0.571429
59373.306064 19.950541      NaN    11     9 c    0    1.03 181.36111 20.29905 10351.97  4308.06 2.65 2.19 -82.2 -0.391    19.94 21.61 01a59373o0150c 0x000000    1.222222
59373.307906 20.594452      NaN   -11     7 c    0    0.91 181.36111 20.29905   416.83  4382.29 2.20 1.97  83.2 -0.410    20.02 21.69 01a59373o0154c 0x000000   -1.571429
59373.309287 20.449472      NaN    -5     8 c    0    1.24 181.36111 20.29905 10372.53  4347.24 2.60 2.06 -83.8 -0.412    19.98 21.60 01a59373o0157c 0x000000   -0.625000
59373.311589 20.071303      NaN    13     7 c    0    1.21 181.36111 20.29905   437.58  4419.94 2.27 2.01  83.3 -0.403    19.98 21.69 01a59373o0162c 0x000000    1.857143
59373.316245 20.321591      NaN    -2     9 c    0    0.73 181.36111 20.29905 10314.01  4270.12 2.68 2.24 -82.6 -0.393    19.91 21.60 01a59373o0172c 0x000000   -0.222222
59373.317171 20.495680      NaN     2     7 c    0    1.35 181.36111 20.29905   378.98  4340.96 2.32 2.08  85.4 -0.404    19.96 21.69 01a59373o0174c 0x000000    0.285714
59373.329658 19.868040      NaN    20     7 c    0    1.58 181.36111 20.29905 10292.59  4389.69 2.59 2.08 -84.4 -0.418    19.94 21.60 01a59373o0201c 0x000000    2.857143
59373.332430 20.449472      NaN    -9     8 c    0    0.85 181.36111 20.29905   362.52  4457.91 2.21 2.01  84.2 -0.407    19.99 21.69 01a59373o0207c 0x000000   -1.125000
59377.266713 20.449472      NaN    -8     8 c    0    0.94 181.36111 20.29905  5022.99  6811.26 2.18 2.05 -82.7 -0.385    19.92 21.58 01a59377o0064c 0x000000   -1.000000
59377.269478 20.039830      NaN    17     6 c    0    1.69 181.36111 20.29905  5044.34  6849.86 2.20 1.99 -80.4 -0.382    19.91 21.60 01a59377o0070c 0x000000    2.833333
59377.276021 20.761819      NaN    -8     6 c    0    1.90 181.36111 20.29905  4985.08  6773.12 2.16 1.96 -83.8 -0.398    19.91 21.66 01a59377o0084c 0x000000   -1.333333
59377.294557 20.039830      NaN    11     8 c    0    0.83 181.36111 20.29905  4968.06  6885.14 2.19 1.91 -76.8 -0.397    19.98 21.68 01a59377o0123c 0x000000    1.375000
59403.259897 19.816329      NaN     7    12 c    0    1.13 181.36111 20.29905  1656.08  3974.44 2.39 2.19 -58.7 -0.426    19.20 20.35 02a59403o0036c 0x000000    0.583333
59403.263557 19.922338      NaN   -12    13 c    0    1.00 181.36111 20.29905  1636.00  3935.03 2.42 2.23 -60.4 -0.424    19.34 20.67 02a59403o0044c 0x000000   -0.923077
59403.269538 20.103715      NaN    -5    11 c    0    0.91 181.36111 20.29905  1693.66  4011.01 2.38 2.19 -60.1 -0.428    19.47 20.90 02a59403o0057c 0x000000   -0.454545
59403.280530 20.321591      NaN     0     9 c    0    1.66 181.36111 20.29905  1711.98  3893.31 2.44 2.27 -63.1 -0.417    19.47 21.01 02a59403o0081c 0x000000    0.000000
59425.247422 19.491430      NaN    10    16 c    0    1.46 181.36111 20.29905  6962.94  6690.03 2.31 2.07 -81.4 -0.377    18.90 19.51 01a59425o0026c 0x000000    0.625000
59425.250650 19.719755      NaN     8    13 c    0    1.27 181.36111 20.29905  6982.50  6728.26 2.40 2.07 -81.5 -0.377    19.20 20.07 01a59425o0033c 0x000000    0.615385
59425.258484 20.321591      NaN    -4     9 c    0    1.57 181.36111 20.29905  6920.89  6652.37 2.35 2.06 -81.4 -0.382    19.50 20.68 01a59425o0050c 0x000000   -0.444444
59425.270014 20.009244      NaN     3    11 c    0    0.90 181.36111 20.29905  6900.51  6770.40 2.37 2.05 -82.6 -0.387    19.51 20.71 01a59425o0075c 0x000000    0.272727
59429.246786 19.256669      NaN   -28    24 c    0    1.04 181.36111 20.29905  6965.75  6693.60 2.36 2.00 -84.4 -0.393    18.58 19.07 01a59429o0030c 0x000000   -1.166667
59429.250477 19.696897      NaN   -12    16 c    0    1.14 181.36111 20.29905  6983.98  6732.04 2.39 2.06 -82.6 -0.384    18.98 19.72 01a59429o0038c 0x000000   -0.750000
59429.256930 19.922338      NaN   -10    13 c    0    1.24 181.36111 20.29905  6924.18  6655.70 2.35 2.02 -82.6 -0.394    19.30 20.30 01a59429o0052c 0x000000   -0.769231
59429.267994 19.631075      NaN    15    12 c    0    1.20 181.36111 20.29905  6902.57  6773.59 2.38 2.06 -82.4 -0.394    19.31 20.45 01a59429o0076c 0x000000    1.250000
59527.624850 18.084160      NaN   104    36 c    0    1.31 181.36111 20.29905  2230.98   379.58 2.64 2.04 -55.3 -0.403    18.21 20.97 02a59527o0924c 0x100002    2.888889
59527.632028 18.481707      NaN    21    42 c    0    1.31 181.36111 20.29905  2249.96   417.76 2.71 2.18 -58.9 -0.422    18.12 20.71 02a59527o0939c 0x100002    0.500000
59527.649404 18.079051      NaN   -47    71 c    0    0.85 181.36111 20.29905  2192.99   338.08 2.68 2.30 -89.0 -0.399    17.49 19.13 02a59527o0976c 0x100002   -0.661972
59587.544370 19.922338      NaN    12     9 c    0    0.94 181.36111 20.29905  6160.46  2158.54 2.54 2.41  63.9 -0.409    19.61 21.67 02a59587o0756c 0x000000    1.333333
59587.574115 20.244005      NaN     5     8 c    0    1.05 181.36111 20.29905  6182.37  2197.76 2.45 2.32  66.2 -0.415    19.64 21.72 02a59587o0816c 0x000000    0.625000
59587.577354 20.405150      NaN     1     8 c    0    1.29 181.36111 20.29905  6125.23  2120.99 2.44 2.33  68.3 -0.412    19.67 21.70 02a59587o0822c 0x000000    0.125000
59587.580114 20.321591      NaN     0     9 c    0    0.80 181.36111 20.29905  6104.72  2237.79 2.42 2.35  66.7 -0.416    19.65 21.71 02a59587o0828c 0x000000    0.000000