         MJD         m  dm  uJy  duJy F  err  chi/N       RA      Dec        x        y  maj  min   phi  apfit  mag5sig   Sky            Obs     Mask  __tmp_SN
57718.341154 19.510313 NaN  -18    19 c    0   0.97 27.71033 48.35381  2613.75  5762.77 4.13 4.03  77.7 -0.382    19.46 21.46 02a57718o0292c 0x000000 -0.947368
57718.352129 19.002397 NaN   37    18 c    0   1.27 27.71033 48.35381  2603.44  5727.76 4.89 4.44  -0.1 -0.343    19.40 21.58 02a57718o0313c 0x000000  2.055556
57718.369502 19.569016 NaN  -12    18 c    0   0.99 27.71033 48.35381  2652.68  5797.74 4.29 4.15  72.9 -0.383    19.52 21.59 02a57718o0346c 0x000000 -0.666667
57718.377758 19.696897 NaN   -1    16 c    0   1.58 27.71033 48.35381  2680.36  5682.95 4.46 4.27   3.7 -0.357    19.47 21.58 02a57718o0362c 0x000000 -0.062500
57718.387836 19.491430 NaN    7    17 c    0   1.12 27.71033 48.35381  2636.76  5744.47 4.17 4.03  74.7 -0.382    19.55 21.59 02a57718o0381c 0x000000  0.411765
57746.300582 19.549093 NaN    1    18 c    0   1.10 27.71033 48.35381   803.90  6182.28 4.45 4.06  11.0 -0.387    19.57 21.67 02a57746o0224c 0x000000  0.055556
57746.301601 19.841877 NaN  -15    14 c    0   1.27 27.71033 48.35381 10314.46  6230.75 4.06 3.51  89.9 -0.422    19.68 21.68 02a57746o0226c 0x000000 -1.071429
57746.310436 19.696897 NaN  -40    16 c    0   1.31 27.71033 48.35381   777.94  6143.32 4.37 4.17  28.8 -0.381    19.54 21.64 02a57746o0243c 0x000000 -2.500000
57746.313541 19.549093 NaN    4    17 c    0   1.16 27.71033 48.35381 10289.59  6189.92 4.21 3.91  76.7 -0.397    19.62 21.64 02a57746o0249c 0x000000  0.235294
57746.314563 19.271854 NaN   20    17 c    0   1.06 27.71033 48.35381   844.75  6218.57 3.95 3.69  58.3 -0.427    19.65 21.63 02a57746o0251c 0x000000  1.176471
57746.326093 19.212347 NaN   24    17 c    0   1.53 27.71033 48.35381   858.23  6098.42 4.66 4.33  11.2 -0.359    19.45 21.58 02a57746o0273c 0x000000  1.411765
57746.328158 19.569016 NaN  -45    18 c    0   0.98 27.71033 48.35381 10354.56  6270.03 4.49 4.26  26.2 -0.367    19.50 21.61 02a57746o0277c 0x000000 -2.500000
57746.337916 19.384550 NaN    7    19 c    0   0.91 27.71033 48.35381   817.89  6156.30 4.05 3.83  57.7 -0.409    19.60 21.57 02a57746o0296c 0x000000  0.368421
57746.347331 19.631075 NaN  -14    17 c    0   0.93 27.71033 48.35381 10369.25  6153.11 4.20 3.89  81.9 -0.401    19.57 21.57 02a57746o0314c 0x000000 -0.823529
57746.359140 19.569016 NaN  -56    18 c    0   1.16 27.71033 48.35381 10329.71  6207.58 4.67 4.29  80.2 -0.361    19.44 21.55 02a57746o0337c 0x000000 -3.111111
57750.300665 14.978029 NaN  429  1092 c    0   1.03 27.71033 48.35381  2877.95  7859.14 3.91 3.80  23.6 -0.466    17.28 19.12 02a57750o0044c 0x100002  0.392857
57750.317367 18.878500 NaN   -1    34 c    0   1.29 27.71033 48.35381  2929.12  7934.21 4.25 3.77   5.4 -0.402    19.09 21.14 02a57750o0077c 0x100002 -0.029412
57750.325377 19.569016 NaN   -5    18 c    0   1.15 27.71033 48.35381  2956.21  7814.53 3.89 3.79  34.0 -0.410    19.46 21.45 02a57750o0093c 0x000000 -0.277778
57750.345542 19.212347 NaN   21    18 c    0   0.85 27.71033 48.35381  2916.48  7872.00 3.83 3.76  41.7 -0.414    19.62 21.62 02a57750o0133c 0x000000  1.166667
57758.266357 19.038793 NaN   16    24 c    0   0.91 27.71033 48.35381  4318.35  8676.66 3.70 3.63  14.9 -0.441    19.25 20.77 02a57758o0146c 0x000000  0.666667
57758.277437 19.115465 NaN   16    22 c    0   1.15 27.71033 48.35381  4292.81  8636.12 3.74 3.66  28.3 -0.440    19.24 20.77 02a57758o0168c 0x000000  0.727273
57758.294383 19.256669 NaN  -15    24 c    0   1.17 27.71033 48.35381  4343.02  8711.62 3.79 3.70  21.1 -0.433    19.21 20.73 02a57758o0200c 0x000000 -0.625000
57778.284027 19.401649 NaN  -14    21 c    0   0.84 27.71033 48.35381  2608.77  8208.08 4.19 4.00  41.8 -0.391    19.43 21.42 02a57778o0006c 0x000000 -0.666667
57778.303538 19.318728 NaN   14    18 c    0   1.03 27.71033 48.35381  2628.86  8085.03 3.97 3.84  45.4 -0.411    19.46 21.38 02a57778o0046c 0x000000  0.777778
57778.311007 19.318728 NaN   14    18 c    0   1.07 27.71033 48.35381  2589.83  8144.27 3.88 3.76  46.1 -0.414    19.46 21.37 02a57778o0061c 0x000000  0.777778
57782.253106 19.696897 NaN  -22    16 c    0   1.32 27.71033 48.35381  2120.32  7170.32 3.91 3.70  52.4 -0.400    19.61 21.55 02a57782o0106c 0x000000 -1.375000
57782.264845 19.569016 NaN   -3    18 c    0   1.01 27.71033 48.35381  2095.36  7129.64 3.85 3.66  44.8 -0.405    19.59 21.51 02a57782o0129c 0x000000 -0.166667
57782.278125 19.696897 NaN  -18    16 c    0   1.38 27.71033 48.35381  2158.60  7202.78 3.87 3.67  53.9 -0.404    19.56 21.45 02a57782o0155c 0x000000 -1.125000
57782.287156 19.631075 NaN   -4    17 c    0   1.12 27.71033 48.35381  2171.25  7087.57 3.74 3.58  45.1 -0.423    19.56 21.42 02a57782o0173c 0x000000 -0.235294
57782.305702 19.454622 NaN    3    19 c    0   0.85 27.71033 48.35381  2133.95  7143.05 3.77 3.59  47.4 -0.425    19.52 21.36 02a57782o0211c 0x000000  0.157895
57806.236209 19.351140 NaN  -12    22 c    0   1.01 27.71033 48.35381  1201.04  7221.94 4.24 3.95  59.2 -0.408    19.23 21.05 02a57806o0009c 0x000000 -0.545455
57806.245431 19.169763 NaN   -8    26 c    0   0.93 27.71033 48.35381  1252.05  7294.07 4.03 3.76  56.9 -0.425    19.11 20.87 02a57806o0027c 0x000000 -0.307692
57806.267774 19.454622 NaN  -26    20 c    0   1.45 27.71033 48.35381  1240.94  7235.16 4.11 3.92  68.2 -0.401    19.25 21.08 02a57806o0071c 0x000000 -1.300000
57988.568152 20.321591 NaN   -8     9 c    0   1.06 27.71033 48.35381  6157.56  2354.68 2.63 2.47 -79.0 -0.407    19.73 21.53 02a57988o0671c 0x000000 -0.888889
57988.578716 20.103715 NaN    3    10 c    0   0.96 27.71033 48.35381  4309.95  8032.46 2.54 2.46  -7.0 -0.425    19.77 21.54 02a57988o0689c 0x000000  0.300000
57988.587659 19.950541 NaN    2    12 c    0   0.77 27.71033 48.35381  4362.84  8113.41 2.54 2.42 -12.5 -0.426    19.76 21.55 02a57988o0706c 0x000000  0.166667
57988.597973 20.207197 NaN   -3    10 c    0   0.74 27.71033 48.35381  6091.76  2439.46 2.61 2.48 -76.4 -0.403    19.77 21.56 02a57988o0724c 0x000000 -0.300000
58012.497266 20.207197 NaN   -2    10 c    0   1.23 27.71033 48.35381  8239.39  9826.79 2.84 2.65  40.1 -0.416    19.72 21.70 02a58012o0605c 0x000000 -0.200000
58044.493959 20.207197 NaN   -4    10 c    0   1.06 27.71033 48.35381  4187.85  3402.86 2.87 2.65  47.3 -0.379    19.61 21.47 02a58044o0156c 0x000000 -0.400000
58044.499448 20.009244 NaN   -5    12 c    0   0.91 27.71033 48.35381  4174.33  3363.75 3.05 2.83  51.8 -0.383    19.48 21.43 02a58044o0168c 0x000000 -0.416667
58044.510878 20.103715 NaN   -2    11 c    0   1.16 27.71033 48.35381  4229.38  3441.33 3.04 2.78  50.7 -0.398    19.52 21.43 02a58044o0192c 0x000000 -0.181818
58044.519150 19.816329 NaN    7    12 c    0   0.97 27.71033 48.35381  4254.30  3322.62 3.03 2.86  56.8 -0.385    19.50 21.43 02a58044o0210c 0x000000  0.583333
58076.428948 17.640523 NaN   67    84 c    0   1.18 27.71033 48.35381  4699.27  3619.36 2.58 2.29  44.7 -0.456    17.12 18.55 02a58076o0475c 0x100002  0.797619
58076.450456 18.847027 NaN   -6    35 c    0   0.86 27.71033 48.35381  4767.08  3539.56 2.66 2.33  49.4 -0.443    18.36 19.87 02a58076o0521c 0x100002 -0.171429
58340.613245 19.743105 NaN   10    12 c    0   0.91 27.71033 48.35381  5838.85  8239.37 2.90 2.85 -64.5 -0.377    19.66 21.76 02a58340o0122c 0x000000  0.833333
58340.622837 20.207197 NaN  -17    10 c    0   0.99 27.71033 48.35381  4736.35  2294.01 2.71 2.42 -50.0 -0.383    19.64 21.49 02a58340o0141c 0x000000 -1.700000
58340.632483 18.900000 NaN   13    29 c    0   1.14 27.71033 48.35381  5800.96  8201.50 2.89 2.77 -39.4 -0.377    18.71 19.86 02a58340o0160c 0x100002  0.448276
58344.588101 19.436675 NaN    4    19 c    0   1.01 27.71033 48.35381  6651.34  9802.30 2.75 2.72 -77.7 -0.388    19.09 20.97 02a58344o0756c 0x000000  0.210526
58344.598347 19.510313 NaN    6    17 c    0   1.01 27.71033 48.35381  3957.21   736.22 2.58 2.47 -89.7 -0.401    18.98 20.81 02a58344o0775c 0x000000  0.352941
58344.608364 19.454622 NaN  -37    20 c    0   0.78 27.71033 48.35381  6614.66  9764.29 2.79 2.70  44.8 -0.392    19.07 20.93 02a58344o0794c 0x000000 -1.850000
58344.617302 19.318728 NaN    2    22 c    0   1.14 27.71033 48.35381  6589.63  9885.45 2.96 2.87  75.9 -0.363    18.82 20.62 02a58344o0813c 0x000000  0.090909
58396.480806 19.841877 NaN    9    11 c    0   0.92 27.71033 48.35381  4151.36  3291.54 2.54 2.40 -52.2 -0.404    19.38 21.13 02a58396o0604c 0x000000  0.818182
58396.493542 19.696897 NaN    6    14 c    0   1.12 27.71033 48.35381  4137.35  3251.51 2.53 2.45 -57.6 -0.401    19.22 20.90 02a58396o0631c 0x000000  0.428571
58396.500450 18.944322 NaN    0    32 c    0   1.00 27.71033 48.35381  4186.15  3329.71 2.54 2.43 -56.8 -0.401    18.27 19.83 02a58396o0646c 0x100002  0.000000
58396.510294 19.351140 NaN  -15    22 c    0   1.05 27.71033 48.35381  4212.06  3212.06 2.52 2.45 -61.8 -0.400    18.78 20.37 02a58396o0667c 0x000000 -0.681818
58400.488253 20.207197 NaN    3     9 c    0   1.17 27.71033 48.35381  5422.57  1072.05 2.58 2.46  87.7 -0.399    19.75 21.58 02a58400o0450c 0x000000  0.333333
58400.500106 20.207197 NaN   -8    10 c    0   0.96 27.71033 48.35381  5460.81  1109.40 2.68 2.50  55.7 -0.407    19.70 21.58 02a58400o0475c 0x000000 -0.800000
58400.501505 19.979496 NaN   10     9 c    0   1.01 27.71033 48.35381  5409.15  1030.59 2.65 2.47  57.2 -0.408    19.75 21.58 02a58400o0478c 0x000000  1.111111
58400.508869 20.321591 NaN   -3     9 c    0   0.96 27.71033 48.35381  5485.92   993.33 2.73 2.48  53.0 -0.412    19.73 21.59 02a58400o0494c 0x000000 -0.333333
58424.455236 19.979496 NaN    4    11 c    0   0.88 27.71033 48.35381  2143.73  1976.87 2.58 2.49  42.5 -0.406    19.63 21.46 02a58424o0547c 0x000000  0.363636
58424.468074 19.652575 NaN   17    11 c    0   0.75 27.71033 48.35381  2119.64  1937.77 2.60 2.51  57.6 -0.411    19.64 21.40 02a58424o0574c 0x000000  1.545455
58424.475407 20.009244 NaN  -14    12 c    0   0.76 27.71033 48.35381  2183.01  2012.39 2.61 2.51  43.4 -0.416    19.61 21.39 02a58424o0590c 0x000000 -1.166667
58424.485749 19.979496 NaN    4    11 c    0   0.79 27.71033 48.35381  2195.04  1893.72 2.56 2.43  49.1 -0.411    19.63 21.33 02a58424o0612c 0x000000  0.363636
58428.424148 19.950541 NaN    8    10 c    0   1.01 27.71033 48.35381  1863.41  9900.98 2.67 2.36  18.6 -0.448    19.74 21.67 02a58428o0403c 0x000000  0.800000
58428.424606 19.696897 NaN    9    13 c    0   0.88 27.71033 48.35381  4743.73    70.83 2.77 2.44  47.5 -0.409    19.76 21.63 02a58428o0404c 0x000000  0.692308
58428.430131 21.202047 NaN  -22     4 c    0 154.82 27.71033 48.35381  4728.99    30.54 2.79 2.50  50.7 -0.394    19.75 21.61 02a58428o0416c 0x100001 -5.500000
58428.431544 19.631075 NaN   12    13 c    0   0.77 27.71033 48.35381  1836.78  9861.99 2.59 2.32  18.3 -0.451    19.79 21.66 02a58428o0419c 0x000000  0.923077
58428.432460 19.950541 NaN   11     9 c    0   1.58 27.71033 48.35381  1901.94  9937.73 2.64 2.33  15.0 -0.446    19.77 21.66 02a58428o0421c 0x000000  1.222222
58428.439033 20.009244 NaN   -2    12 c    0   0.73 27.71033 48.35381  1914.20  9817.83 2.60 2.28  16.7 -0.449    19.76 21.66 02a58428o0435c 0x000000 -0.166667
58428.440939 19.472870 NaN   17    14 c    0   0.72 27.71033 48.35381  4779.97   108.07 2.78 2.48  46.2 -0.406    19.73 21.63 02a58428o0439c 0x000000  1.214286
58432.428268 20.321591 NaN   -2     9 c    0   1.16 27.71033 48.35381  3529.25  3370.10 2.36 2.34  28.1 -0.400    19.64 21.36 02a58432o0522c 0x000000 -0.222222
58432.433758 19.766969 NaN   18     9 c    0   1.53 27.71033 48.35381  3501.94  3333.08 2.42 2.36  42.2 -0.399    19.54 21.29 02a58432o0534c 0x000000  2.000000
58432.435143 20.321591 NaN  -13     9 c    0   0.98 27.71033 48.35381  3566.27  3408.86 2.39 2.38  19.2 -0.399    19.72 21.50 02a58432o0537c 0x000000 -1.444444
58432.445221 19.063754 NaN   23    21 c    0   1.14 27.71033 48.35381  3579.50  3291.91 2.42 2.33  55.6 -0.404    18.73 20.32 02a58432o0558c 0x000000  1.095238
58436.408170 20.009244 NaN  -22    12 c    0   1.01 27.71033 48.35381  4421.05   775.35 2.72 2.62  82.7 -0.394    19.57 21.42 02a58436o0482c 0x000000 -1.833333
58436.420713 19.841877 NaN    9    11 c    0   1.09 27.71033 48.35381  4459.40   813.69 2.64 2.53  53.7 -0.409    19.57 21.40 02a58436o0508c 0x000000  0.818182
58436.421627 20.103715 NaN   -8    11 c    0   0.65 27.71033 48.35381  4394.78   735.89 2.71 2.57  55.8 -0.405    19.63 21.46 02a58436o0510c 0x000000 -0.727273
58436.430551 19.569016 NaN   12    14 c    0   1.20 27.71033 48.35381  4468.48   694.65 2.60 2.48  58.6 -0.408    19.15 20.89 02a58436o0529c 0x000000  0.857143
58456.425159 19.979496 NaN    1    12 c    0   0.92 27.71033 48.35381  7211.99  8342.12 2.82 2.75  36.0 -0.409    19.64 21.67 02a58456o0511c 0x000000  0.083333
58456.434408 20.207197 NaN   -7    10 c    0   0.97 27.71033 48.35381  7183.93  8301.05 2.74 2.65  27.5 -0.410    19.68 21.63 02a58456o0531c 0x000000 -0.700000
58460.390749 20.207197 NaN   -5    10 c    0   1.20 27.71033 48.35381  3173.90  5978.66 2.74 2.72  51.8 -0.402    19.55 21.55 02a58460o0441c 0x000000 -0.500000
58460.401630 20.103715 NaN   -2    11 c    0   1.14 27.71033 48.35381  3147.91  5940.91 2.95 2.89  27.5 -0.402    19.48 21.51 02a58460o0464c 0x000000 -0.181818
58460.419813 20.009244 NaN  -10    12 c    0   0.96 27.71033 48.35381  3211.67  6014.19 2.83 2.71  38.1 -0.413    19.53 21.46 02a58460o0503c 0x000000 -0.833333
58460.429874 19.922338 NaN   -4    13 c    0   0.98 27.71033 48.35381  3221.75  5894.30 3.31 3.22  38.2 -0.389    19.35 21.45 02a58460o0525c 0x000000 -0.307692
58488.348274 20.009244 NaN   -7    12 c    0   0.94 27.71033 48.35381  6664.78  4041.37 2.90 2.87  62.3 -0.390    19.40 21.34 02a58488o0331c 0x000000 -0.583333
58488.357290 20.009244 NaN  -23    12 c    0   1.51 27.71033 48.35381  6652.40  4003.41 3.36 3.26  60.8 -0.386    19.23 21.29 02a58488o0350c 0x000000 -1.916667
58488.367406 19.922338 NaN  -42    13 c    0   0.86 27.71033 48.35381  6715.89  4080.11 3.13 3.00  42.1 -0.392    19.32 21.32 02a58488o0372c 0x000000 -3.230769
58488.375049 19.674510 NaN    1    16 c    0   1.02 27.71033 48.35381  6730.61  3964.93 3.62 3.51  69.5 -0.378    19.17 21.29 02a58488o0388c 0x000000  0.062500
58492.350690 19.841877 NaN   -9    14 c    0   0.87 27.71033 48.35381  5221.36  9848.66 2.75 2.59   3.1 -0.427    19.56 21.44 02a58492o0328c 0x000000 -0.642857
58492.358325 20.009244 NaN   -7    12 c    0   1.05 27.71033 48.35381  5196.89  9811.16 2.85 2.69  -1.7 -0.424    19.48 21.41 02a58492o0344c 0x000000 -0.583333
58492.359697 19.719755 NaN    5    14 c    0   1.04 27.71033 48.35381  8248.29   184.46 2.78 2.73 -79.3 -0.375    19.49 21.39 02a58492o0347c 0x000000  0.357143
58492.369306 19.766969 NaN    3    14 c    0   0.92 27.71033 48.35381  8234.65   141.74 2.80 2.70  39.0 -0.375    19.53 21.40 02a58492o0368c 0x000000  0.214286
58492.370679 19.922338 NaN  -17    13 c    0   0.97 27.71033 48.35381  5259.19  9888.12 2.91 2.70   5.1 -0.415    19.44 21.40 02a58492o0371c 0x000000 -1.307692
58492.377391 19.791368 NaN   11    11 c    0   1.22 27.71033 48.35381  5274.92  9771.64 2.82 2.66  -6.7 -0.420    19.45 21.37 02a58492o0385c 0x000000  1.000000
58492.378761 19.367717 NaN   11    18 c    0   0.94 27.71033 48.35381  8300.72   225.43 3.05 2.93  20.5 -0.370    19.42 21.37 02a58492o0388c 0x000000  0.611111
58492.387907 19.766969 NaN  -13    15 c    0   0.79 27.71033 48.35381  8314.31   103.80 3.06 2.82  35.7 -0.355    19.46 21.37 02a58492o0408c 0x000000 -0.866667
58708.593489 19.569016 NaN  -18    18 c    0   0.95 27.71033 48.35381   954.54  8664.58 2.44 2.38 -69.5 -0.436    19.24 20.45 02a58708o0787c 0x000000 -1.000000
58708.596724 19.589310 NaN   11    14 c    0   1.17 27.71033 48.35381   971.15  8705.43 2.42 2.40 -65.1 -0.429    19.33 20.61 02a58708o0794c 0x000000  0.785714
58708.602627 19.766969 NaN    6    13 c    0   1.17 27.71033 48.35381   911.36  8623.37 2.57 2.46  40.4 -0.411    19.48 21.01 02a58708o0806c 0x000000  0.461538
58708.614103 20.449472 NaN  -16     8 c    0   1.44 27.71033 48.35381  9727.72  1843.97 2.61 2.55   2.1 -0.384    19.72 21.76 02a58708o0830c 0x000000 -2.000000
58724.569880 20.362567 NaN    2     8 c    0   1.00 27.71033 48.35381  4939.22  3465.94 2.29 2.22 -57.2 -0.405    19.81 21.88 02a58724o0752c 0x000000  0.250000
58724.573306 20.207197 NaN  -10    10 c    0   0.96 27.71033 48.35381  5699.15  7152.92 2.51 2.37  34.1 -0.415    19.76 21.89 02a58724o0759c 0x000000 -1.000000
58724.578616 20.207197 NaN  -12    10 c    0   0.85 27.71033 48.35381  5637.83  7076.37 2.56 2.35  31.9 -0.412    19.82 21.91 02a58724o0770c 0x000000 -1.200000
58724.590739 19.922338 NaN   12     9 c    0   0.94 27.71033 48.35381  4990.08  3390.46 2.24 2.22 -57.4 -0.406    19.83 21.92 02a58724o0795c 0x000000  1.333333
58728.539683 20.103715 NaN  -13    11 c    0   0.74 27.71033 48.35381  5670.44  7115.52 2.58 2.32  42.9 -0.395    19.79 21.88 02a58728o0673c 0x000000 -1.181818
58728.542900 20.207197 NaN  -19    10 c    0   0.90 27.71033 48.35381  5690.42  7151.60 2.59 2.39  48.0 -0.396    19.75 21.87 02a58728o0680c 0x000000 -1.900000
58728.548647 20.207197 NaN  -12    10 c    0   0.90 27.71033 48.35381  5633.46  7076.95 2.59 2.38  44.4 -0.392    19.71 21.88 02a58728o0692c 0x000000 -1.200000
58728.558944 20.321591 NaN   -7     9 c    0   1.22 27.71033 48.35381  5615.03  7194.54 2.70 2.45  33.9 -0.389    19.73 21.87 02a58728o0714c 0x000000 -0.777778
58752.489157 20.039830 NaN    2    11 c    0   0.70 27.71033 48.35381  9898.43   601.44 2.73 2.11 -56.6 -0.421    19.78 21.76 02a58752o0576c 0x000000  0.181818
58752.489615 20.207197 NaN  -18    10 c    0   1.22 27.71033 48.35381   560.03   560.49 2.81 2.24 -56.0 -0.418    19.81 21.74 02a58752o0577c 0x000000 -1.800000
58752.494880 20.103715 NaN    0    11 c    0   1.00 27.71033 48.35381   575.84   603.29 2.89 2.33 -54.4 -0.412    19.78 21.74 02a58752o0588c 0x000000  0.000000
58752.499162 19.922338 NaN   -1    13 c    0   0.77 27.71033 48.35381   699.06  9938.89 2.72 2.01 -51.8 -0.466    19.80 21.76 02a58752o0597c 0x000000 -0.076923
58752.502210 19.841877 NaN  -13    14 c    0   0.58 27.71033 48.35381   752.86 10014.43 2.64 2.00 -51.9 -0.474    19.82 21.74 02a58752o0603c 0x000000 -0.928571
58752.504621 20.103715 NaN  -10    11 c    0   1.04 27.71033 48.35381   521.95   521.55 2.82 2.27 -54.1 -0.422    19.78 21.72 02a58752o0608c 0x000000 -0.909091
58752.507046 19.950541 NaN    2    12 c    0   0.90 27.71033 48.35381 10115.75  9947.21 2.96 2.55 -64.1 -0.368    19.80 21.73 02a58752o0613c 0x000000  0.166667
58752.513460 20.009244 NaN   -3    12 c    0   0.78 27.71033 48.35381   772.81  9894.15 2.63 2.03 -51.3 -0.473    19.82 21.71 02a58752o0626c 0x000000 -0.250000
58756.600385 19.922338 NaN   -9    13 c    0   0.66 27.71033 48.35381  6277.65 10070.03 2.72 2.55 -59.5 -0.396    19.67 21.54 02a58756o0561c 0x000000 -0.692308
58756.603616 19.922338 NaN  -11    13 c    0   0.85 27.71033 48.35381  6258.46 10028.78 2.76 2.53 -50.8 -0.395    19.68 21.54 02a58756o0568c 0x000000 -0.846154
58756.609156 20.009244 NaN   -1    12 c    0   0.96 27.71033 48.35381  6313.02 10109.88 2.75 2.48 -51.7 -0.396    19.68 21.53 02a58756o0580c 0x000000 -0.083333
58756.619399 19.696897 NaN    9    13 c    0   0.93 27.71033 48.35381  6326.96  9987.19 2.75 2.53 -52.6 -0.399    19.62 21.45 02a58756o0602c 0x000000  0.692308
58780.421508 20.207197 NaN   -4    10 c    0   0.92 27.71033 48.35381  6226.76  5313.09 2.29 2.28 -85.4 -0.402    19.77 21.62 02a58780o0510c 0x000000 -0.400000
58780.424750 19.922338 NaN    9    10 c    0   0.95 27.71033 48.35381  6204.77  5271.67 2.58 2.24  33.0 -0.388    19.75 21.61 02a58780o0517c 0x000000  0.900000
58780.429934 20.009244 NaN    6    10 c    0   0.83 27.71033 48.35381  6262.36  5351.11 2.35 2.30  28.5 -0.392    19.76 21.60 02a58780o0528c 0x000000  0.600000
58780.440136 20.039830 NaN    8     9 c    0   1.26 27.71033 48.35381  6279.15  5237.14 2.34 2.27  39.0 -0.393    19.77 21.57 02a58780o0550c 0x000000  0.888889
58784.427449 20.321591 NaN   -2     9 c    0   1.46 27.71033 48.35381  6221.32  5311.66 2.51 2.36  36.4 -0.388    19.73 21.48 02a58784o0422c 0x000000 -0.222222
58784.430657 19.894850 NaN   10    10 c    0   0.95 27.71033 48.35381  6199.63  5273.27 2.70 2.30  36.7 -0.373    19.67 21.47 02a58784o0429c 0x000000  1.000000
58784.436644 20.103715 NaN  -12    11 c    0   0.90 27.71033 48.35381  6255.49  5350.19 2.50 2.29  36.4 -0.385    19.70 21.48 02a58784o0442c 0x000000 -1.090909
58784.447193 20.321591 NaN  -23     9 c    0   1.44 27.71033 48.35381  6272.62  5234.78 2.55 2.32  38.6 -0.380    19.70 21.46 02a58784o0465c 0x000000 -2.555556
58788.412076 20.103715 NaN   -2    11 c    0   0.89 27.71033 48.35381  1550.90  1767.84 2.60 2.20 -58.2 -0.412    19.71 21.41 02a58788o0498c 0x000000 -0.181818
58788.415316 19.868040 NaN    2    13 c    0   0.72 27.71033 48.35381  1531.58  1728.72 2.61 2.21 -57.5 -0.411    19.61 21.39 02a58788o0505c 0x000000  0.153846
58788.421299 20.207197 NaN   -4    10 c    0   1.13 27.71033 48.35381  1591.40  1803.79 2.56 2.22 -58.5 -0.412    19.70 21.38 02a58788o0518c 0x000000 -0.400000
58788.431389 19.979496 NaN    7    10 c    0   1.19 27.71033 48.35381  1608.83  1684.27 2.57 2.21 -59.5 -0.412    19.64 21.39 02a58788o0540c 0x000000  0.700000
58808.350016 20.103715 NaN   -8    11 c    0   0.78 27.71033 48.35381  1775.74  7488.81 2.47 2.30 -42.7 -0.390    19.76 21.64 02a58808o0371c 0x000000 -0.727273
58808.353231 20.321591 NaN  -13     9 c    0   1.38 27.71033 48.35381  1756.37  7450.20 2.44 2.34 -33.9 -0.386    19.72 21.66 02a58808o0378c 0x000000 -1.444444
58808.359222 19.743105 NaN   13    11 c    0   0.76 27.71033 48.35381  1810.41  7523.14 2.61 2.28 -50.3 -0.397    19.71 21.68 02a58808o0391c 0x000000  1.181818
58816.321916 20.207197 NaN   -5    10 c    0   1.02 27.71033 48.35381  4316.06  5406.64 2.47 2.43  11.1 -0.382    19.74 21.82 02a58816o0298c 0x000000 -0.500000
58816.325122 20.039830 NaN    5    10 c    0   0.96 27.71033 48.35381  4295.79  5367.71 2.42 2.38  16.9 -0.388    19.77 21.81 02a58816o0305c 0x000000  0.500000
58816.331089 19.922338 NaN    9    10 c    0   0.88 27.71033 48.35381  4350.37  5443.55 2.41 2.33  23.3 -0.388    19.78 21.78 02a58816o0318c 0x000000  0.900000
58816.345113 20.009244 NaN    3    11 c    0   0.90 27.71033 48.35381  4364.40  5327.57 2.37 2.35  12.7 -0.385    19.77 21.73 02a58816o0347c 0x000000  0.272727
58844.439211 19.841877 NaN    9    11 c    0   0.80 27.71033 48.35381  5561.56  1529.89 2.51 2.30  50.4 -0.381    19.59 21.52 02a58844o0006c 0x000000  0.818182
58844.442296 20.244005 NaN    2     9 c    0   1.05 27.71033 48.35381  5542.01  1491.21 2.45 2.32  66.2 -0.387    19.62 21.50 02a58844o0012c 0x000000  0.222222
58844.450645 20.039830 NaN    2    11 c    0   0.84 27.71033 48.35381  5605.82  1570.21 2.57 2.39  56.1 -0.381    19.53 21.43 02a58844o0029c 0x000000  0.181818
58844.462018 19.631075 NaN   21    10 c    0   0.97 27.71033 48.35381  5626.15  1449.61 2.33 2.29 -84.9 -0.392    19.56 21.35 02a58844o0053c 0x000000  2.100000
58868.312170 20.103715 NaN   -1    11 c    0   0.96 27.71033 48.35381  6867.54  3389.50 2.49 2.45  58.7 -0.378    19.65 21.48 02a58868o0252c 0x000000 -0.090909
58868.314975 19.922338 NaN    6    11 c    0   0.95 27.71033 48.35381  6848.87  3350.27 2.47 2.43 -75.7 -0.380    19.62 21.46 02a58868o0258c 0x000000  0.545455
58868.321527 20.009244 NaN  -26    12 c    0   1.01 27.71033 48.35381  6906.13  3425.40 2.82 2.77  78.0 -0.368    19.47 21.41 02a58868o0272c 0x000000 -2.166667
58868.331383 20.103715 NaN    0    11 c    0   0.99 27.71033 48.35381  6929.44  3309.10 2.47 2.43 -67.6 -0.383    19.58 21.34 02a58868o0293c 0x000000  0.000000
58872.246799 20.137125 NaN    2    10 c    0   0.78 27.71033 48.35381  6871.63  3396.34 2.37 2.20  36.0 -0.393    19.82 21.61 02a58872o0109c 0x000000  0.200000
58872.250011 20.405150 NaN    1     8 c    0   1.68 27.71033 48.35381  6852.53  3356.63 2.33 2.24  43.1 -0.397    19.76 21.60 02a58872o0116c 0x000000  0.125000
58872.255548 19.922338 NaN    9    10 c    0   0.90 27.71033 48.35381  6911.16  3433.80 2.38 2.25  41.7 -0.393    19.77 21.59 02a58872o0128c 0x000000  0.900000
58872.265321 20.103715 NaN    0    11 c    0   0.64 27.71033 48.35381  6932.09  3315.99 2.37 2.22  37.8 -0.395    19.78 21.59 02a58872o0149c 0x000000  0.000000
58876.308597 20.009244 NaN   -8    12 c    0   0.95 27.71033 48.35381  4419.85  9671.04 2.50 2.27 -46.8 -0.397    19.69 21.46 02a58876o0228c 0x000000 -0.666667
58876.311855 19.922338 NaN  -12    13 c    0   1.03 27.71033 48.35381  4401.89  9630.72 2.49 2.30 -45.2 -0.393    19.65 21.44 02a58876o0235c 0x000000 -0.923077
58876.317687 19.529530 NaN   11    15 c    0   0.71 27.71033 48.35381  4458.10  9709.21 2.44 2.33 -48.8 -0.391    19.66 21.41 02a58876o0247c 0x000000  0.733333
58876.328380 19.841877 NaN    3    13 c    0   1.19 27.71033 48.35381  4476.65  9590.41 2.42 2.35 -39.0 -0.387    19.48 21.23 02a58876o0267c 0x000000  0.230769
58900.245773 19.719755 NaN   11    12 c    0   1.20 27.71033 48.35381  8111.95  5743.78 2.63 2.61  49.8 -0.390    19.57 21.26 02a58900o0078c 0x000000  0.916667
58900.247678 19.384550 NaN   22    14 c    0   0.61 27.71033 48.35381  8094.14  5706.09 2.63 2.61  86.5 -0.389    19.50 21.17 02a58900o0082c 0x000000  1.571429
58900.252001 19.169763 NaN    0    26 c    0   1.27 27.71033 48.35381  8151.19  5785.40 2.73 2.58  33.9 -0.384    17.86 19.52 02a58900o0091c 0x000000  0.000000
58900.261926 19.791368 NaN    5    13 c    0   0.80 27.71033 48.35381  8171.09  5666.98 2.70 2.62  39.8 -0.380    19.48 21.20 02a58900o0112c 0x000000  0.384615
59060.600641 19.609992 NaN   16    12 c    0   0.78 27.71033 48.35381  2423.59   552.93 2.42 2.27 -83.8 -0.413    19.75 21.90 02a59060o0769c 0x000000  1.333333
59060.610785 19.816329 NaN    7    12 c    0   0.88 27.71033 48.35381  2444.74   593.15 2.48 2.34 -75.4 -0.407    19.74 21.85 02a59060o0791c 0x000000  0.583333
59060.614905 20.071303 NaN    1    11 c    0   0.76 27.71033 48.35381  2387.87   512.92 2.48 2.31 -75.5 -0.403    19.69 21.76 02a59060o0800c 0x000000  0.090909
59060.626710 19.510313 NaN    9    16 c    0   1.08 27.71033 48.35381  2371.45   630.41 2.54 2.28  58.1 -0.393    18.85 20.24 02a59060o0825c 0x000000  0.562500
59080.511380 19.950541 NaN    8    10 c    0   0.94 27.71033 48.35381  6138.96   895.97 2.44 2.26 -64.7 -0.405    19.69 21.81 02a59080o0607c 0x000000  0.800000
59080.521490 20.103715 NaN    6     9 c    0   1.19 27.71033 48.35381  6161.09   937.37 2.50 2.34  73.2 -0.390    19.63 21.81 02a59080o0629c 0x000000  0.666667
59080.525199 20.137125 NaN    2    10 c    0   0.81 27.71033 48.35381  6106.92   858.29 2.42 2.25 -68.1 -0.408    19.70 21.83 02a59080o0637c 0x000000  0.200000
59080.537109 20.103715 NaN    6     9 c    0   1.14 27.71033 48.35381  6087.75   978.91 2.44 2.25 -65.2 -0.408    19.73 21.84 02a59080o0662c 0x000000  0.666667
59084.546125 19.569016 NaN   21    11 c    0   0.68 27.71033 48.35381  5032.11  3333.03 2.44 2.31  58.4 -0.398    19.72 21.85 02a59084o0688c 0x000000  1.909091
59084.549326 19.922338 NaN   -8    13 c    0   0.46 27.71033 48.35381  5051.09  3372.13 2.46 2.30  54.6 -0.401    19.75 21.81 02a59084o0695c 0x000000 -0.615385
59084.552077 19.841877 NaN   12    10 c    0   0.80 27.71033 48.35381  4995.07  3294.25 2.45 2.32  58.5 -0.399    19.71 21.80 02a59084o0701c 0x000000  1.200000
59084.557112 19.791368 NaN   14    10 c    0   0.96 27.71033 48.35381  4976.69  3411.86 2.44 2.31  53.7 -0.398    19.72 21.81 02a59084o0712c 0x000000  1.400000
59088.525515 19.609992 NaN   16    12 c    0   0.56 27.71033 48.35381  5030.10  3333.20 2.55 2.34  54.4 -0.397    19.76 21.90 02a59088o0640c 0x000000  1.333333
59088.527345 20.009244 NaN    6    10 c    0   0.62 27.71033 48.35381  5049.15  3372.27 2.55 2.32  54.9 -0.400    19.74 21.90 02a59088o0644c 0x000000  0.600000
59088.530557 19.922338 NaN   12     9 c    0   1.00 27.71033 48.35381  4994.22  3294.82 2.55 2.34  53.8 -0.395    19.73 21.91 02a59088o0651c 0x000000  1.333333
59088.536045 20.207197 NaN  -15    10 c    0   0.75 27.71033 48.35381  4974.93  3410.07 2.50 2.34  61.3 -0.398    19.76 21.90 02a59088o0663c 0x000000 -1.500000
59108.544803 20.207197 NaN   -3    10 c    0   0.82 27.71033 48.35381  9620.00  1908.15 2.64 2.23 -57.7 -0.405    19.78 21.77 02a59108o0704c 0x000000 -0.300000
59108.572231 20.207197 NaN   -9    10 c    0   0.71 27.71033 48.35381  9594.31  1869.45 2.46 2.19 -54.9 -0.402    19.76 21.72 02a59108o0762c 0x000000 -0.900000
59108.600614 19.950541 NaN    2    12 c    0   0.68 27.71033 48.35381  9653.91  1951.04 2.63 2.17 -57.6 -0.406    19.80 21.70 02a59108o0823c 0x000000  0.166667
59108.603885 20.103715 NaN   -2    11 c    0   0.67 27.71033 48.35381  9678.42  1834.12 2.59 2.17 -56.5 -0.414    19.80 21.70 02a59108o0830c 0x000000 -0.181818
59136.464762 19.454622 NaN   24    12 c    0   0.69 27.71033 48.35381  3649.55  7349.09 2.44 2.36  18.5 -0.389    19.75 21.68 02a59136o0651c 0x000000  2.000000
59136.468459 20.137125 NaN    5     9 c    0   1.09 27.71033 48.35381  3634.27  7313.62 2.35 2.31  10.2 -0.397    19.78 21.69 02a59136o0659c 0x000000  0.555556
59136.474406 20.103715 NaN   -3    11 c    0   0.77 27.71033 48.35381  3688.71  7386.61 2.36 2.33   7.6 -0.397    19.80 21.69 02a59136o0672c 0x000000 -0.272727
59136.521879 19.841877 NaN   12    10 c    0   0.79 27.71033 48.35381  3699.65  7266.15 2.48 2.27  37.7 -0.382    19.73 21.59 02a59136o0723c 0x000000  1.200000
59140.441881 20.103715 NaN   -2    11 c    0   1.15 27.71033 48.35381   943.09  3741.01 2.33 2.28  -1.7 -0.410    19.45 21.26 02a59140o0546c 0x000000 -0.181818
59140.445081 19.472870 NaN   17    14 c    0   0.74 27.71033 48.35381   926.65  3705.20 2.35 2.25 -48.2 -0.415    19.42 21.21 02a59140o0553c 0x000000  1.214286
59140.450576 19.102305 NaN   41    14 c    0   0.85 27.71033 48.35381   982.35  3779.07 2.57 2.26  28.8 -0.397    19.32 21.14 02a59140o0565c 0x000000  2.928571
59140.460968 19.472870 NaN    8    17 c    0   0.54 27.71033 48.35381  1003.54  3659.50 2.41 2.26  21.4 -0.405    19.25 20.97 02a59140o0586c 0x000000  0.470588
59144.438840 19.894850 NaN   10    10 c    0   0.95 27.71033 48.35381   943.26  3741.56 2.29 2.24   3.2 -0.414    19.81 21.70 02a59144o0492c 0x000000  1.000000
59144.442039 19.894850 NaN   10    10 c    0   0.90 27.71033 48.35381   923.84  3702.68 2.34 2.28 -48.7 -0.410    19.79 21.75 02a59144o0499c 0x000000  1.000000
59144.449843 20.207197 NaN   -6    10 c    0   0.79 27.71033 48.35381   987.29  3778.51 2.30 2.25 -43.9 -0.413    19.77 21.74 02a59144o0516c 0x000000 -0.600000
59144.483600 19.609992 NaN   22    10 c    0   0.86 27.71033 48.35381  1002.74  3653.74 2.39 2.34  45.3 -0.403    19.77 21.72 02a59144o0589c 0x000000  2.200000
59192.293080 20.103715 NaN    3    10 c    0   0.69 27.71033 48.35381  1530.65  1781.19 2.59 2.29 -60.7 -0.408    19.78 21.79 02a59192o0239c 0x000000  0.300000
59192.296745 20.449472 NaN   -4     8 c    0   1.15 27.71033 48.35381  1507.98  1742.82 2.46 2.31 -63.8 -0.409    19.81 21.79 02a59192o0247c 0x000000 -0.500000
59192.302236 20.244005 NaN    2     9 c    0   1.09 27.71033 48.35381  1569.04  1818.33 2.56 2.28 -60.6 -0.409    19.76 21.77 02a59192o0259c 0x000000  0.222222
59192.335342 20.321591 NaN  -12     9 c    0   1.24 27.71033 48.35381  1585.70  1697.07 2.47 2.36 -66.3 -0.404    19.77 21.75 02a59192o0330c 0x000000 -1.333333
59194.358374 20.009244 NaN   -9    12 c    0   0.60 27.71033 48.35381  2425.18  4840.60 2.45 2.35  83.9 -0.397    19.76 23.09 01a59194o0380c 0x000000 -0.750000
59194.361604 20.321591 NaN   -6     9 c    0   1.55 27.71033 48.35381  2446.47  4881.45 2.47 2.35 -88.2 -0.393    19.77 23.09 01a59194o0387c 0x000000 -0.666667
59194.367616 19.791368 NaN   14    10 c    0   0.89 27.71033 48.35381  2389.59  4802.40 2.51 2.40  11.3 -0.378    19.72 23.08 01a59194o0400c 0x000000  1.400000
59194.378692 20.171596 NaN    4     9 c    0   1.62 27.71033 48.35381  2374.29  4918.67 2.43 2.35 -26.3 -0.379    19.73 23.10 01a59194o0424c 0x000000  0.444444
59200.305251 20.009244 NaN   -4    12 c    0   0.79 27.71033 48.35381  9317.59  7644.61 2.67 2.51 -76.0 -0.398    19.77 21.67 02a59200o0261c 0x000000 -0.333333
59200.308915 19.589310 NaN   26     9 c    0   1.16 27.71033 48.35381  9297.37  7603.52 2.71 2.50 -66.8 -0.399    19.74 21.67 02a59200o0269c 0x000000  2.888889
59200.314421 19.791368 NaN    8    12 c    0   0.64 27.71033 48.35381  9353.60  7684.48 2.78 2.48 -66.6 -0.401    19.77 21.67 02a59200o0281c 0x000000  0.666667
59200.327226 20.071303 NaN    4    10 c    0   1.19 27.71033 48.35381  9371.16  7567.29 2.72 2.58 -73.5 -0.397    19.73 21.64 02a59200o0309c 0x000000  0.400000
59218.293130 19.894850 NaN   13     9 c    0   1.04 27.71033 48.35381  5661.90  7072.87 2.36 2.22 -76.9 -0.379    19.82 21.68 01a59218o0221c 0x000000  1.444444
59218.298239 20.207197 NaN   -1    10 c    0   0.77 27.71033 48.35381  5682.11  7111.91 2.38 2.25 -58.6 -0.377    19.77 21.68 01a59218o0232c 0x000000 -0.100000
59218.308409 20.009244 NaN    3    11 c    0   0.76 27.71033 48.35381  5624.69  7035.10 2.38 2.21 -64.8 -0.379    19.79 21.69 01a59218o0254c 0x000000  0.272727
59218.312576 19.652575 NaN   20    10 c    0   0.83 27.71033 48.35381  5606.35  7152.61 2.42 2.26 -56.4 -0.375    19.75 21.69 01a59218o0263c 0x000000  2.000000
59220.297077 19.894850 NaN    1    13 c    0   0.53 27.71033 48.35381  2558.20  9809.38 2.56 2.13 -46.0 -0.436    19.77 21.63 02a59220o0228c 0x000000  0.076923
59220.301215 19.950541 NaN    2    12 c    0   0.75 27.71033 48.35381  2543.51  9768.95 2.45 2.06 -49.6 -0.449    19.78 21.61 02a59220o0237c 0x000000  0.166667
59220.308594 19.922338 NaN    6    11 c    0   0.80 27.71033 48.35381  2601.06  9846.48 2.53 2.11 -46.7 -0.438    19.74 21.59 02a59220o0253c 0x000000  0.545455
59220.323335 19.631075 NaN    6    15 c    0   0.56 27.71033 48.35381  2620.20  9729.20 2.46 2.11 -48.2 -0.442    19.75 21.51 02a59220o0285c 0x000000  0.400000
59222.259027 19.841877 NaN   12    10 c    0   0.62 27.71033 48.35381  5660.09  7075.17 2.38 2.31 -12.7 -0.369    19.83 21.84 01a59222o0144c 0x000000  1.200000
59222.261805 20.449472 NaN   -1     8 c    0   1.09 27.71033 48.35381  5681.71  7113.54 2.31 2.20 -61.9 -0.380    19.84 21.83 01a59222o0150c 0x000000 -0.125000
59222.268729 20.207197 NaN   -3    10 c    0   0.74 27.71033 48.35381  5624.03  7036.85 2.39 2.27 -16.5 -0.358    19.80 21.83 01a59222o0165c 0x000000 -0.300000
59222.283047 20.282105 NaN    1     9 c    0   1.14 27.71033 48.35381  5606.31  7152.69 2.37 2.32 -33.5 -0.375    19.80 21.76 01a59222o0196c 0x000000  0.111111
59226.283940 19.922338 NaN    9    10 c    0   0.88 27.71033 48.35381  6871.04  3182.49 2.58 2.40 -77.3 -0.387    19.81 21.95 01a59226o0155c 0x000000  0.900000
59226.287165 20.039830 NaN    5    10 c    0   0.97 27.71033 48.35381  6890.58  3221.55 2.83 2.63 -83.5 -0.368    19.69 21.95 01a59226o0162c 0x000000  0.500000
59226.293155 19.868040 NaN   11    10 c    0   0.82 27.71033 48.35381  6834.61  3145.65 2.64 2.48 -73.7 -0.369    19.77 21.93 01a59226o0175c 0x000000  1.100000
59226.307047 19.719755 NaN   20     9 c    0   0.90 27.71033 48.35381  6818.82  3263.73 2.66 2.52 -73.1 -0.359    19.72 21.90 01a59226o0205c 0x000000  2.222222
59228.333689 19.922338 NaN   -4    13 c    0   0.79 27.71033 48.35381  2923.76  3579.80 2.60 2.58  69.9 -0.386    19.55 21.46 02a59228o0221c 0x000000 -0.307692
59228.337858 19.841877 NaN    9    11 c    0   1.11 27.71033 48.35381  2904.23  3539.62 2.70 2.66  59.6 -0.381    19.48 21.46 02a59228o0230c 0x000000  0.818182
59228.344287 19.454622 NaN   27    11 c    0   1.10 27.71033 48.35381  2963.76  3617.34 2.80 2.76  35.6 -0.374    19.48 21.42 02a59228o0244c 0x000000  2.454545
59228.357135 19.674510 NaN   13    12 c    0   0.72 27.71033 48.35381  2984.98  3499.42 2.63 2.62  23.7 -0.374    19.46 21.37 02a59228o0272c 0x000000  1.083333
59230.238846 19.719755 NaN   11    12 c    0   0.55 27.71033 48.35381  6858.49  3181.09 2.64 2.42 -83.2 -0.408    19.79 21.84 01a59230o0093c 0x000000  0.916667
59230.242072 20.103715 NaN   -1    11 c    0   0.78 27.71033 48.35381  6879.45  3219.78 2.62 2.30 -88.0 -0.400    19.82 21.84 01a59230o0100c 0x000000 -0.090909
59230.247616 20.137125 NaN    2    10 c    0   0.69 27.71033 48.35381  6825.76  3143.92 2.48 2.37 -80.1 -0.381    19.83 21.84 01a59230o0112c 0x000000  0.200000
59230.257761 20.009244 NaN    6    10 c    0   0.65 27.71033 48.35381  6809.27  3260.21 2.72 2.36 -82.1 -0.381    19.77 21.84 01a59230o0134c 0x000000  0.600000
59248.220627 20.009244 NaN  -21    12 c    0   0.68 27.71033 48.35381  5580.27  1532.23 2.31 2.22  66.8 -0.402    19.47 20.95 02a59248o0038c 0x000000 -1.750000
59248.224313 19.631075 NaN   18    11 c    0   0.84 27.71033 48.35381  5559.19  1492.18 2.65 2.50 -72.4 -0.394    19.53 21.30 02a59248o0046c 0x000000  1.636364
59248.229852 20.009244 NaN   -1    12 c    0   0.59 27.71033 48.35381  5620.31  1569.94 2.42 2.34  74.2 -0.393    19.66 21.49 02a59248o0058c 0x000000 -0.083333
59248.240451 17.703584 NaN   52    83 c    0   0.84 27.71033 48.35381  5643.32  1450.79 2.29 2.18 -65.4 -0.415    17.23 18.75 02a59248o0081c 0x100002  0.626506
59250.221671 19.979496 NaN    4    11 c    0   0.71 27.71033 48.35381  4194.69   486.67 2.33 2.21  54.2 -0.427    19.63 21.22 01a59250o0041c 0x000000  0.363636
59250.227225 19.766969 NaN    9    12 c    0   0.78 27.71033 48.35381  4215.64   526.23 2.26 2.19  55.4 -0.431    19.77 21.61 01a59250o0053c 0x000000  0.750000
59250.230922 20.039830 NaN    2    11 c    0   0.78 27.71033 48.35381  4160.28   448.36 2.30 2.23  54.8 -0.432    19.77 21.69 01a59250o0061c 0x000000  0.181818
59250.243404 20.321591 NaN  -11     9 c    0   0.84 27.71033 48.35381  4146.05   566.92 2.31 2.24  50.4 -0.427    19.76 21.71 01a59250o0088c 0x000000 -1.222222
59252.264842 19.922338 NaN   -7    13 c    0   0.52 27.71033 48.35381   382.15  5694.34 2.32 2.16 -46.7 -0.389    19.66 21.37 02a59252o0129c 0x000000 -0.538462
59252.268524 20.071303 NaN    1    11 c    0   0.56 27.71033 48.35381   363.99  5657.13 2.34 2.10 -49.6 -0.385    19.63 21.35 02a59252o0137c 0x000000  0.090909
59252.274961 19.510313 NaN   18    13 c    0   0.53 27.71033 48.35381   421.87  5736.11 2.28 2.21 -36.7 -0.392    19.62 21.33 02a59252o0151c 0x000000  1.384615
59252.280012 19.868040 NaN    2    13 c    0   0.64 27.71033 48.35381 10057.80  5736.12 2.53 2.50   3.4 -0.418    19.67 21.39 02a59252o0162c 0x000000  0.153846
59252.283235 19.652575 NaN   17    11 c    0   1.03 27.71033 48.35381 10040.93  5696.45 2.51 2.48 -33.9 -0.419    19.65 21.38 02a59252o0169c 0x000000  1.545455
59252.287365 20.009244 NaN   -2    12 c    0   0.67 27.71033 48.35381   445.64  5612.23 2.34 2.14 -49.7 -0.387    19.61 21.28 02a59252o0178c 0x000000 -0.166667
59252.288739 19.696897 NaN   12    12 c    0   1.01 27.71033 48.35381 10098.33  5779.05 2.54 2.50  15.0 -0.418    19.64 21.36 02a59252o0181c 0x000000  1.000000
59252.299275 20.103715 NaN  -12    11 c    0   1.11 27.71033 48.35381 10119.36  5659.22 2.55 2.46 -26.8 -0.418    19.62 21.34 02a59252o0204c 0x000000 -1.090909
59254.214211 19.155932 NaN    4    25 c    0   1.25 27.71033 48.35381  4191.90   488.38 2.35 2.32  48.5 -0.407    18.64 19.34 01a59254o0021c 0x000000  0.160000
59254.217895 18.990530 NaN   38    18 c    0   0.80 27.71033 48.35381  4214.97   528.28 2.34 2.27  54.1 -0.410    19.23 20.29 01a59254o0029c 0x000000  2.111111
59254.223432 20.009244 NaN   -4    12 c    0   0.82 27.71033 48.35381  4160.71   449.36 2.23 2.17  41.1 -0.419    19.66 21.22 01a59254o0041c 0x000000 -0.333333
59254.235937 19.674510 NaN   10    13 c    0   0.76 27.71033 48.35381  4148.39   567.69 2.43 2.35  56.4 -0.404    19.68 21.61 01a59254o0068c 0x000000  0.769231
59256.216509 18.467034 NaN   62    29 c    0   1.23 27.71033 48.35381 10076.66  5744.65 2.48 2.43  36.5 -0.420    18.48 19.43 02a59256o0022c 0x100002  2.137931
59256.220229 19.169763 NaN   24    18 c    0   1.23 27.71033 48.35381 10056.03  5701.03 2.53 2.52  23.8 -0.409    19.12 20.30 02a59256o0030c 0x000000  1.333333
59256.225787 19.841877 NaN  -18    14 c    0   0.66 27.71033 48.35381 10115.87  5780.91 2.57 2.52 -54.0 -0.411    19.57 21.08 02a59256o0042c 0x000000 -1.285714
59256.236780 20.009244 NaN   -3    12 c    0   0.86 27.71033 48.35381 10136.33  5662.00 2.73 2.72  36.6 -0.405    19.57 21.35 02a59256o0066c 0x000000 -0.250000
59258.248680 19.529530 NaN   23    11 c    0   0.85 27.71033 48.35381  8219.37  4994.26 2.49 2.30 -74.0 -0.376    19.71 21.46 01a59258o0093c 0x000000  2.090909
59258.252372 19.454622 NaN   24    12 c    0   0.83 27.71033 48.35381  8238.27  5033.10 2.46 2.33 -70.9 -0.374    19.68 21.46 01a59258o0101c 0x000000  2.000000
59258.261627 19.766969 NaN   12    11 c    0   1.14 27.71033 48.35381  8180.15  4959.45 2.58 2.31 -78.0 -0.382    19.65 21.45 01a59258o0121c 0x000000  1.090909
59258.274581 19.922338 NaN    9    10 c    0   1.06 27.71033 48.35381  8160.31  5078.03 2.57 2.34 -74.7 -0.377    19.64 21.43 01a59258o0149c 0x000000  0.900000
59408.590194 19.491430 NaN   19    13 c    0   0.53 27.71033 48.35381  8808.80  3089.00 2.53 2.43 -59.2 -0.382    19.63 21.49 02a59408o0739c 0x000000  1.461538
59408.602499 19.674510 NaN   10    13 c    0   0.71 27.71033 48.35381  8831.05  3130.26 2.54 2.44 -54.4 -0.382    19.65 21.52 02a59408o0765c 0x000000  0.769231
59408.609360 19.841877 NaN    9    11 c    0   0.94 27.71033 48.35381  8776.83  3052.31 2.51 2.43 -63.0 -0.382    19.62 21.44 02a59408o0780c 0x000000  0.818182
59408.613080 20.103715 NaN   -5    11 c    0   1.13 27.71033 48.35381  8757.50  3169.43 2.53 2.50 -80.0 -0.377    19.54 21.25 02a59408o0788c 0x000000 -0.454545
59412.594689 19.841877 NaN   12    10 c    0   1.20 27.71033 48.35381  6301.09  5177.58 2.55 2.33  46.8 -0.385    19.68 21.68 02a59412o0753c 0x000000  1.200000
59412.610966 19.894850 NaN   10    10 c    0   1.31 27.71033 48.35381  6326.54  5218.43 2.64 2.35  45.6 -0.381    19.38 21.19 02a59412o0788c 0x000000  1.000000
59412.619237 19.766969 NaN  -22    15 c    0   0.83 27.71033 48.35381  6270.46  5140.42 2.61 2.36  48.0 -0.374    19.24 20.60 02a59412o0806c 0x000000 -1.466667
59412.623360 19.038793 NaN   10    26 c    0   0.99 27.71033 48.35381  6251.30  5258.60 2.61 2.35  45.4 -0.372    18.67 19.72 02a59412o0815c 0x000000  0.384615
59434.561706 19.894850 NaN    7    11 c    0   0.68 27.71033 48.35381   949.13  3738.97 2.29 2.24  77.6 -0.383    19.86 21.81 01a59434o0707c 0x000000  0.636364
59434.564469 20.103715 NaN   -6    11 c    0   0.69 27.71033 48.35381   928.44  3700.87 2.55 2.46  79.4 -0.362    19.78 21.82 01a59434o0713c 0x000000 -0.545455
59434.570167 19.569016 NaN   18    12 c    0   0.52 27.71033 48.35381   987.63  3775.62 2.33 2.30  74.7 -0.373    19.86 21.84 01a59434o0725c 0x000000  1.500000
59434.575694 19.922338 NaN    6    11 c    0   0.61 27.71033 48.35381  1005.23  3660.77 2.22 2.15  80.6 -0.385    19.92 21.86 01a59434o0737c 0x000000  0.545455
59438.541015 20.009244 NaN   -2    12 c    0   0.47 27.71033 48.35381   951.49  3739.88 2.15 2.12 -52.6 -0.396    19.97 21.85 01a59438o0522c 0x000000 -0.166667
59438.543316 19.922338 NaN   12     9 c    0   0.93 27.71033 48.35381   932.08  3701.07 2.20 2.12  80.3 -0.385    19.95 21.86 01a59438o0527c 0x000000  1.333333
59438.546075 20.449472 NaN    0     8 c    0   1.06 27.71033 48.35381   990.63  3777.54 2.18 2.15 -79.3 -0.395    19.95 21.88 01a59438o0533c 0x000000  0.000000
59438.561552 19.894850 NaN   13     9 c    0   0.69 27.71033 48.35381  1007.70  3663.22 2.11 2.08  78.8 -0.397    20.01 21.96 01a59438o0566c 0x000000  1.444444
59442.563281 20.207197 NaN  -13    10 c    0   0.85 27.71033 48.35381   720.74  9978.58 2.59 2.24 -51.0 -0.431    19.96 22.15 01a59442o0649c 0x000000 -1.300000
59442.566529 20.039830 NaN    8     9 c    0   1.06 27.71033 48.35381   704.36  9939.82 2.62 2.29 -67.5 -0.412    19.92 22.17 01a59442o0656c 0x000000  0.888889
59442.569309 20.449472 NaN   -2     8 c    0   1.07 27.71033 48.35381   757.61 10017.73 2.53 2.13 -52.2 -0.428    19.99 22.17 01a59442o0662c 0x000000 -0.250000
59442.575299 20.009244 NaN   12     8 c    0   0.82 27.71033 48.35381   776.34  9899.32 2.49 2.13 -53.7 -0.433    20.03 22.18 01a59442o0675c 0x000000  1.500000
59442.579913 19.719755 NaN   17    10 c    0   0.68 27.71033 48.35381 10047.72  9981.23 2.62 2.35  45.8 -0.351    19.99 22.13 01a59442o0685c 0x000000  1.700000
59442.581761 19.950541 NaN   11     9 c    0   0.83 27.71033 48.35381 10027.92  9940.82 2.71 2.39  45.1 -0.349    19.96 22.13 01a59442o0689c 0x000000  1.222222
59442.589834 20.244005 NaN    5     8 c    0   1.05 27.71033 48.35381 10080.78 10023.55 2.67 2.40  50.7 -0.349    19.97 22.13 01a59442o0706c 0x000000  0.625000
59442.607129 20.244005 NaN    8     7 c    0   1.37 27.71033 48.35381 10102.37  9903.48 2.66 2.38  54.9 -0.348    19.97 22.16 01a59442o0743c 0x000000  1.142857
59464.505625 19.922338 NaN    3    12 c    0   0.70 27.71033 48.35381  2428.10   557.81 2.59 2.34 -61.3 -0.409    19.66 21.65 02a59464o0567c 0x000000  0.250000
59464.534308 20.039830 NaN    8     9 c    0   1.58 27.71033 48.35381  2459.76   599.38 2.43 2.30 -78.2 -0.413    19.66 21.64 02a59464o0628c 0x000000  0.888889
59464.537053 20.171596 NaN    4     9 c    0   0.98 27.71033 48.35381  2403.96   518.84 2.39 2.27 -79.9 -0.410    19.70 21.64 02a59464o0634c 0x000000  0.444444
59464.539804 19.841877 NaN   12    10 c    0   1.09 27.71033 48.35381  2386.72   637.11 2.55 2.39 -63.2 -0.414    19.63 21.64 02a59464o0640c 0x000000  1.200000
59468.497011 19.979496 NaN    1    12 c    0   0.83 27.71033 48.35381  3712.31  7189.61 2.50 2.29  49.5 -0.387    19.72 21.60 02a59468o0606c 0x000000  0.083333
59468.500218 19.979496 NaN    4    11 c    0   0.68 27.71033 48.35381  3733.17  7228.55 2.50 2.28  49.3 -0.385    19.71 21.59 02a59468o0613c 0x000000  0.363636
59468.504344 20.009244 NaN   -6    12 c    0   0.87 27.71033 48.35381  3675.34  7150.13 2.50 2.27  46.4 -0.388    19.70 21.61 02a59468o0622c 0x000000 -0.500000
59468.522749 20.009244 NaN   -6    12 c    0   0.69 27.71033 48.35381  3662.69  7268.69 2.49 2.27  43.2 -0.389    19.71 21.60 02a59468o0661c 0x000000 -0.500000
59472.548057 20.207197 NaN  -10    10 c    0   0.79 27.71033 48.35381  6863.85  3384.03 2.44 2.21  37.9 -0.390    19.74 21.60 02a59472o0424c 0x000000 -1.000000
59472.551281 20.171596 NaN    4     9 c    0   0.97 27.71033 48.35381  6845.19  3344.23 2.43 2.18  39.1 -0.392    19.73 21.59 02a59472o0431c 0x000000  0.444444
59472.586615 20.171596 NaN    4     9 c    0   1.06 27.71033 48.35381  6898.87  3423.72 2.50 2.21  34.3 -0.386    19.70 21.55 02a59472o0507c 0x000000  0.444444
59472.614893 19.674510 NaN   19    10 c    0   0.92 27.71033 48.35381  6915.67  3303.55 2.32 2.24  32.4 -0.391    19.70 21.54 02a59472o0568c 0x000000  1.900000
59516.416179 19.256669 NaN   18    18 c    0   1.03 27.71033 48.35381  7412.62  7669.39 2.55 2.42  43.6 -0.399    19.02 20.77 02a59516o0510c 0x000000  1.000000
59516.419410 19.569016 NaN  -16    18 c    0   1.39 27.71033 48.35381  7393.53  7629.98 2.74 2.36  38.8 -0.379    18.70 20.40 02a59516o0517c 0x000000 -0.888889
59516.422626 18.180496 NaN   62    44 c    0   1.21 27.71033 48.35381  7449.85  7708.58 2.91 2.42  35.9 -0.371    18.19 19.88 02a59516o0524c 0x100002  1.409091
59516.431327 19.454622 NaN   24    12 c    0   1.00 27.71033 48.35381  7467.84  7591.86 2.51 2.38  42.7 -0.397    19.60 21.46 02a59516o0543c 0x000000  2.000000
59524.420382 19.841877 NaN   -2    14 c    0   0.68 27.71033 48.35381  4886.62  3466.65 2.80 2.48  36.3 -0.375    19.52 21.34 02a59524o0525c 0x000000 -0.142857
59524.423582 20.207197 NaN   -3    10 c    0   1.17 27.71033 48.35381  4868.79  3427.89 2.53 2.37  35.9 -0.385    19.62 21.33 02a59524o0532c 0x000000 -0.300000
59524.429075 20.207197 NaN   -1    10 c    0   1.54 27.71033 48.35381  4926.87  3503.53 2.47 2.35  31.1 -0.386    19.59 21.33 02a59524o0544c 0x000000 -0.100000
59524.440101 19.454622 NaN   24    12 c    0   0.71 27.71033 48.35381  4951.02  3390.67 2.51 2.40  38.6 -0.386    19.58 21.30 02a59524o0568c 0x000000  2.000000