         MJD         m       dm  uJy  duJy F  err  chi/N       RA      Dec        x        y  maj  min   phi  apfit  mag5sig   Sky            Obs     Mask   __tmp_SN
57721.364241 19.696897      NaN -135    16 c    0   0.93 40.95179 32.52607   449.73  6864.85 4.13 3.83  26.9 -0.399    19.70 21.75 02a57721o0328c 0x000000  -8.437500
57721.374562 19.766969      NaN  -95    15 c    0   1.16 40.95179 32.52607   431.83  6823.95 4.48 4.17   8.9 -0.365    19.61 21.75 02a57721o0347c 0x000000  -6.333333
57721.385446 19.841877      NaN -130    14 c    0   1.53 40.95179 32.52607 10168.05  6903.06 4.19 4.16  28.1 -0.385    19.61 21.67 02a57721o0367c 0x000000  -9.285714
57721.396229 19.841877      NaN -143    14 c    0   1.28 40.95179 32.52607 10133.56  6862.37 4.17 4.11 -50.5 -0.387    19.62 21.72 02a57721o0387c 0x000000 -10.214286
57721.397253 19.841877      NaN -112    14 c    0   1.43 40.95179 32.52607   499.31  6900.81 4.76 4.20   6.5 -0.357    19.56 21.74 02a57721o0389c 0x000000  -8.000000
57721.417238 19.696897      NaN  -86    16 c    0   1.07 40.95179 32.52607   514.64  6783.11 4.20 3.94  50.5 -0.395    19.66 21.75 02a57721o0423c 0x000000  -5.375000
57721.417748 19.922338      NaN -154    13 c    0   1.50 40.95179 32.52607 10200.34  6943.55 4.18 3.74  85.5 -0.412    19.68 21.73 02a57721o0424c 0x000000 -11.846154
57721.421152 19.569016      NaN -129    18 c    0   1.11 40.95179 32.52607 10217.87  6827.83 5.30 4.40   1.9 -0.351    19.47 21.75 02a57721o0430c 0x000000  -7.166667
57721.421927 19.841877      NaN  -74    14 c    0   1.19 40.95179 32.52607   481.49  6842.15 4.07 3.81  48.6 -0.402    19.69 21.73 02a57721o0431c 0x000000  -5.285714
57721.440416 19.766969      NaN -105    15 c    0   1.21 40.95179 32.52607 10183.34  6884.31 4.24 3.86  86.3 -0.409    19.63 21.67 02a57721o0461c 0x000000  -7.000000
57745.319262 19.922338      NaN -106    13 c    0   1.45 40.95179 32.52607  2547.89  4841.92 3.88 3.73  53.1 -0.404    19.66 21.57 02a57745o0260c 0x000000  -8.153846
57745.329506 19.841877      NaN  -86    14 c    0   1.60 40.95179 32.52607  2530.75  4801.79 3.93 3.73  63.1 -0.392    19.65 21.57 02a57745o0279c 0x000000  -6.142857
57745.349522 19.922338      NaN  -86    13 c    0   1.46 40.95179 32.52607  2582.15  4877.48 3.83 3.68  57.5 -0.400    19.67 21.59 02a57745o0316c 0x000000  -6.615385
57745.352819 19.766969      NaN  -96    15 c    0   1.40 40.95179 32.52607  2616.55  4761.18 3.89 3.68  67.0 -0.394    19.68 21.59 02a57745o0322c 0x000000  -6.400000
57745.375454 19.841877      NaN  -77    14 c    0   1.47 40.95179 32.52607  2567.64  4818.80 3.85 3.63  68.2 -0.400    19.68 21.59 02a57745o0362c 0x000000  -5.500000
57753.311481 18.878500      NaN  -58    34 c    0   1.09 40.95179 32.52607   152.55  5580.05 4.21 3.94  79.8 -0.358    18.52 20.39 02a57753o0125c 0x100002  -1.705882
57753.322305 19.351140      NaN -115    22 c    0   1.30 40.95179 32.52607  9881.46  5643.46 4.23 3.62  83.2 -0.418    19.22 21.16 02a57753o0144c 0x000000  -5.227273
57753.332583 18.417189      NaN -150    52 c    0   0.95 40.95179 32.52607   220.25  5654.19 4.06 3.82  73.6 -0.372    18.28 20.07 02a57753o0162c 0x100002  -2.884615
57753.333587 18.574166      NaN -128    45 c    0   1.00 40.95179 32.52607  9865.44  5603.15 4.17 3.58  82.7 -0.424    18.62 20.44 02a57753o0164c 0x100002  -2.844444
57753.354863 18.079051      NaN -148    71 c    0   2.01 40.95179 32.52607   239.94  5535.53 4.01 3.79  74.7 -0.369    17.53 19.22 02a57753o0201c 0x100002  -2.084507
57753.355370 18.094452      NaN -306    70 c    0   1.29 40.95179 32.52607  9917.04  5681.74 4.15 3.58  83.0 -0.426    17.63 19.37 02a57753o0202c 0x100002  -4.371429
57753.357988 18.786693      NaN -178    37 c    0   1.06 40.95179 32.52607  9934.77  5565.99 4.12 3.60  80.3 -0.428    18.60 20.40 02a57753o0207c 0x100002  -4.810811
57753.358495 18.878500      NaN -112    34 c    0   1.04 40.95179 32.52607   207.21  5593.81 3.96 3.75  69.4 -0.369    18.59 20.37 02a57753o0208c 0x100002  -3.294118
57753.377422 19.014394      NaN -128    30 c    0   1.59 40.95179 32.52607  9902.54  5621.57 4.10 3.53  80.9 -0.433    18.75 20.58 02a57753o0239c 0x100002  -4.266667
57757.308085 19.510313      NaN -136    19 c    0   0.96 40.95179 32.52607  2564.65  5612.07 3.80 3.62  66.2 -0.389    19.46 21.14 02a57757o0219c 0x000000  -7.157895
57757.319339 19.631075      NaN -136    17 c    0   1.25 40.95179 32.52607  2549.09  5572.29 3.80 3.65  64.6 -0.388    19.45 21.14 02a57757o0239c 0x000000  -8.000000
57757.320823 19.766969      NaN  -83    15 c    0   1.50 40.95179 32.52607  2598.56  5649.02 3.81 3.65  63.3 -0.390    19.45 21.13 02a57757o0242c 0x000000  -5.533333
57757.344511 19.631075      NaN -127    17 c    0   1.47 40.95179 32.52607  2635.00  5530.51 3.79 3.66  57.6 -0.389    19.43 21.13 02a57757o0284c 0x000000  -7.470588
57757.362431 19.569016      NaN -136    18 c    0   1.00 40.95179 32.52607  2587.09  5586.65 3.73 3.61  60.7 -0.395    19.46 21.15 02a57757o0315c 0x000000  -7.555556
57777.293499 19.696897      NaN  -96    16 c    0   1.23 40.95179 32.52607  9479.65  4187.74 4.14 3.61  82.0 -0.424    19.61 21.61 02a57777o0192c 0x000000  -6.000000
57777.314620 19.766969      NaN -125    15 c    0   1.28 40.95179 32.52607  9466.91  4148.40 4.12 3.65  77.9 -0.422    19.59 21.60 02a57777o0232c 0x000000  -8.333333
57777.316087 19.696897      NaN -136    16 c    0   1.12 40.95179 32.52607  9532.85  4227.13 4.18 3.72  77.6 -0.418    19.57 21.60 02a57777o0235c 0x000000  -8.500000
57777.333822 19.569016      NaN  -91    18 c    0   1.13 40.95179 32.52607  9550.75  4110.85 4.12 3.68  76.1 -0.419    19.55 21.55 02a57777o0269c 0x000000  -5.055556
57777.353330 19.841877      NaN -110    14 c    0   1.77 40.95179 32.52607  9520.25  4167.59 4.13 3.67  76.9 -0.422    19.50 21.46 02a57777o0307c 0x000000  -7.857143
57781.278918 19.841877      NaN -126    14 c    0   1.30 40.95179 32.52607   149.97  4443.90 4.22 3.75  64.5 -0.359    19.63 21.57 02a57781o0098c 0x000000  -9.000000
57781.289054 19.696897      NaN -105    16 c    0   1.17 40.95179 32.52607  9845.46  4469.72 4.04 3.49  88.1 -0.412    19.65 21.59 02a57781o0118c 0x000000  -6.562500
57781.292227 19.766969      NaN  -97    15 c    0   1.05 40.95179 32.52607   135.77  4403.52 4.08 3.63  70.7 -0.367    19.62 21.52 02a57781o0124c 0x000000  -6.466667
57781.302081 19.841877      NaN -124    14 c    0   1.57 40.95179 32.52607  9832.21  4430.08 3.98 3.47  87.9 -0.416    19.63 21.54 02a57781o0143c 0x000000  -8.857143
57781.304619 19.766969      NaN  -97    15 c    0   0.90 40.95179 32.52607   186.43  4478.92 4.06 3.68  70.5 -0.365    19.60 21.50 02a57781o0148c 0x000000  -6.466667
57781.315772 19.766969      NaN  -85    15 c    0   1.38 40.95179 32.52607  9883.66  4507.84 3.98 3.47  87.3 -0.423    19.62 21.52 02a57781o0169c 0x000000  -5.666667
57781.318276 19.766969      NaN  -70    15 c    0   1.30 40.95179 32.52607   204.35  4359.93 3.98 3.59  73.7 -0.377    19.60 21.46 02a57781o0174c 0x000000  -4.666667
57781.333665 19.766969      NaN  -82    15 c    0   1.32 40.95179 32.52607   172.95  4417.97 4.10 3.79  72.8 -0.356    19.52 21.43 02a57781o0204c 0x000000  -5.466667
57781.334144 19.631075      NaN -130    17 c    0   1.35 40.95179 32.52607  9916.75  4391.97 3.98 3.48  88.0 -0.416    19.58 21.47 02a57781o0205c 0x000000  -7.647059
57781.338203 19.766969      NaN -176    15 c    0   1.43 40.95179 32.52607  9867.50  4449.25 3.94 3.47  86.4 -0.420    19.58 21.46 02a57781o0213c 0x000000 -11.733333
57805.247791 19.510313      NaN  -83    19 c    0   1.11 40.95179 32.52607   420.35  6771.56 4.06 3.65  52.8 -0.413    19.42 21.20 02a57805o0054c 0x000000  -4.368421
57805.257309 19.569016      NaN -137    18 c    0   1.32 40.95179 32.52607 10118.11  6814.38 4.06 3.59  87.9 -0.421    19.43 21.25 02a57805o0073c 0x000000  -7.611111
57805.260304 19.696897      NaN  -93    16 c    0   1.63 40.95179 32.52607   404.56  6730.24 3.98 3.61  54.7 -0.404    19.42 21.19 02a57805o0079c 0x000000  -5.812500
57805.269318 19.454622      NaN -141    20 c    0   0.83 40.95179 32.52607 10100.14  6774.91 4.04 3.56  89.0 -0.423    19.43 21.22 02a57805o0097c 0x000000  -7.050000
57805.271804 19.569016      NaN  -98    18 c    0   0.96 40.95179 32.52607   454.41  6805.05 3.97 3.63  58.2 -0.401    19.39 21.15 02a57805o0102c 0x000000  -5.444444
57805.280366 19.631075      NaN -123    17 c    0   1.45 40.95179 32.52607 10170.60  6851.35 4.04 3.44  87.5 -0.421    19.42 21.18 02a57805o0119c 0x000000  -7.235294
57805.283376 19.510313      NaN  -99    19 c    0   1.17 40.95179 32.52607   488.44  6686.72 3.90 3.59  61.1 -0.408    19.36 21.10 02a57805o0125c 0x000000  -5.210526
57805.292193 19.510313      NaN -128    19 c    0   1.37 40.95179 32.52607 10186.58  6734.81 4.04 3.48  86.0 -0.430    19.40 21.15 02a57805o0142c 0x000000  -6.736842
57805.295194 19.569016      NaN  -78    18 c    0   1.23 40.95179 32.52607   439.43  6744.15 3.90 3.61  60.2 -0.401    19.33 21.07 02a57805o0148c 0x000000  -4.333333
57805.308024 19.696897      NaN -129    16 c    0   1.73 40.95179 32.52607 10137.35  6790.30 4.02 3.38  87.5 -0.413    19.34 21.05 02a57805o0172c 0x000000  -8.062500
57809.241399 15.823239      NaN -599   567 c    0   1.42 40.95179 32.52607   680.49  4473.76 4.07 3.70  69.2 -0.397    15.80 17.35 02a57809o0039c 0x100002  -1.056437
57809.267552 17.238395      NaN -202   154 c    0   1.13 40.95179 32.52607 10362.08  4487.79 4.01 3.52  82.3 -0.432    16.66 18.23 02a57809o0091c 0x100002  -1.311688
57809.279168 17.326476      NaN -220   142 c    0   1.41 40.95179 32.52607 10428.17  4567.50 3.95 3.41  80.5 -0.474    15.21 16.88 02a57809o0114c 0x100002  -1.549296
57809.286233 15.671578      NaN -680   652 c    0   1.37 40.95179 32.52607   701.69  4446.88 3.90 3.54  80.4 -0.417    15.93 17.40 02a57809o0128c 0x100002  -1.042945
57809.290423 18.142010      NaN -357    67 c    0   1.48 40.95179 32.52607 10445.83  4449.77 3.94 3.41  78.2 -0.481    16.97 18.56 02a57809o0136c 0x100002  -5.328358
57833.243270 18.649074      NaN -113    42 c    0   0.95 40.95179 32.52607 10498.73  3619.13 4.00 3.56  83.9 -0.424    18.47 19.81 02a57833o0035c 0x100002  -2.690476
57833.253655 18.978793      NaN  -99    31 c    0   1.30 40.95179 32.52607 10480.06  3581.68 4.05 3.66  80.6 -0.427    18.45 19.83 02a57833o0055c 0x100002  -3.193548
57837.234359 18.550302      NaN -118    46 c    0   1.33 40.95179 32.52607  9745.09  4688.15 4.28 4.03  81.6 -0.379    18.01 19.12 02a57837o0013c 0x100002  -2.565217
57837.241122 18.847027      NaN -137    35 c    0   1.17 40.95179 32.52607  9727.41  4649.85 4.23 4.01  84.5 -0.384    18.24 19.55 02a57837o0026c 0x100002  -3.914286
57983.614522 20.449472      NaN  -90     8 c    0   3.67 40.95179 32.52607  9883.77  5274.36 2.50 2.39  76.0 -0.448    19.87 21.72 02a57983o0690c 0x000000 -11.250000
57983.627246 20.207197      NaN -115    10 c    0   1.40 40.95179 32.52607  9901.41  5313.35 2.49 2.43  85.6 -0.454    19.72 21.24 02a57983o0707c 0x000000 -11.500000
57983.629649 20.321591      NaN -121     9 c    0   2.65 40.95179 32.52607   169.74  5229.11 2.40 2.18  28.3 -0.402    19.55 20.84 02a57983o0710c 0x000000 -13.444444
57983.638457 18.786693      NaN  -37    37 c    0   1.67 40.95179 32.52607  9838.36  5241.36 2.50 2.43 -50.9 -0.459    17.95 18.78 02a57983o0724c 0x100002  -1.000000
57983.640896 18.243872      NaN -103    61 c    0   1.28 40.95179 32.52607   204.61  5268.67 2.42 2.22  28.9 -0.375    17.38 18.08 02a57983o0727c 0x100002  -1.688525
57987.595678 20.594452      NaN  -20     7 c    0   1.81 40.95179 32.52607 10263.08  5108.38 2.56 2.46  89.2 -0.456    19.86 21.78 02a57987o0520c 0x000000  -2.857143
57987.607878 20.543943      NaN    1     7 c    0   2.65 40.95179 32.52607 10297.74  5147.05 2.59 2.51 -88.4 -0.456    19.82 21.78 02a57987o0537c 0x000000   0.142857
57987.610289 20.449472      NaN  -33     8 c    0   4.24 40.95179 32.52607   566.12  5085.75 2.47 2.33  36.4 -0.422    19.60 21.43 02a57987o0540c 0x000000  -4.125000
57987.620084 20.244005      NaN    2     9 c    0   1.55 40.95179 32.52607 10233.50  5074.50 2.55 2.47 -77.2 -0.455    19.82 21.70 02a57987o0554c 0x000000   0.222222
57987.622503 20.449472      NaN  -15     8 c    0   4.55 40.95179 32.52607   584.50  5123.95 2.43 2.30  27.2 -0.427    19.76 21.54 02a57987o0557c 0x000000  -1.875000
57987.632752 19.766969      NaN  -41    15 c    0   2.45 40.95179 32.52607   258.44  5245.57 2.44 2.29  28.8 -0.408    19.12 20.25 02a57987o0571c 0x000000  -2.733333
57987.634694 19.271854      NaN   20    17 c    0   2.61 40.95179 32.52607   537.20  5046.79 2.41 2.28  23.0 -0.418    18.84 19.86 02a57987o0574c 0x000000   1.176471
58044.522070 17.442003 0.034018  383    12 c    0   1.70 40.95179 32.52607  3127.02  1860.71 3.11 2.88  47.6 -0.391    19.57 21.50 02a58044o0216c 0x000000  31.916667
58044.525532 17.414019 0.030390  393    11 c    0   1.75 40.95179 32.52607  3109.56  1821.53 3.26 3.01  52.6 -0.392    19.51 21.56 02a58044o0223c 0x000000  35.727273
58044.541393 17.394850 0.038001  400    14 c    0   2.00 40.95179 32.52607  3159.27  1899.48 3.36 3.12  50.9 -0.379    19.42 21.51 02a58044o0256c 0x000000  28.571429
58044.544885 17.408507 0.030236  395    11 c    0   1.54 40.95179 32.52607  3190.97  1781.37 3.13 2.77  46.0 -0.431    19.59 21.50 02a58044o0263c 0x000000  35.909091
58076.452280 18.566153 0.279417  136    35 c    0   1.13 40.95179 32.52607  3627.61  2078.09 2.68 2.37  45.9 -0.408    18.38 19.95 02a58076o0525c 0x100002   3.885714
58079.419862 18.657725 0.086859  125    10 c    0   2.07 40.95179 32.52607  6914.01  9365.48 2.66 2.41   5.3 -0.445    19.69 21.46 02a58079o0484c 0x000000  12.500000
58079.429099 18.606822 0.082881  131    10 c    0   1.49 40.95179 32.52607  6897.04  9323.82 2.57 2.36   9.3 -0.444    19.73 21.46 02a58079o0503c 0x000000  13.100000
58079.448261 18.640491 0.085491  127    10 c    0   1.52 40.95179 32.52607  6961.54  9403.36 2.52 2.31   8.4 -0.445    19.76 21.45 02a58079o0541c 0x000000  12.700000
58079.450542 18.693037 0.098703  121    11 c    0   1.31 40.95179 32.52607  6978.32  9286.25 2.51 2.31   8.9 -0.442    19.75 21.44 02a58079o0546c 0x000000  11.000000
58135.342679 20.009244      NaN  -49    12 c    0   1.34 40.95179 32.52607  3023.04   884.92 3.60 3.22  40.8 -0.402    19.43 21.51 02a58135o0313c 0x000000  -4.083333
58135.352895 20.103715      NaN  -44    11 c    0   1.24 40.95179 32.52607  3006.18   845.31 3.21 2.80  41.6 -0.412    19.56 21.49 02a58135o0334c 0x000000  -4.000000
58135.363028 20.207197      NaN  -33    10 c    0   1.57 40.95179 32.52607  3056.22   923.35 3.33 2.94  40.2 -0.408    19.49 21.47 02a58135o0355c 0x000000  -3.300000
58135.373193 20.103715      NaN  -38    11 c    0   1.82 40.95179 32.52607  3072.31   806.60 4.00 3.60  39.2 -0.356    19.28 21.42 02a58135o0376c 0x000000  -3.454545
58163.305130 16.436434      NaN  262   235 c    0   0.85 40.95179 32.52607  3157.05  1708.94 2.95 2.73  50.0 -0.405    16.04 17.32 02a58163o0210c 0x100002   1.114894
58163.315142 15.237659      NaN  229   896 c    0   0.81 40.95179 32.52607  3221.70  1787.83 2.79 2.58  50.5 -0.389    15.02 16.30 02a58163o0231c 0x100002   0.255580
58167.290578 19.696897      NaN  -73    16 c    0   1.06 40.95179 32.52607  9142.77  8895.07 2.70 2.59  -3.4 -0.422    19.32 20.97 02a58167o0177c 0x000000  -4.562500
58167.300670 19.841877      NaN  -56    14 c    0   1.32 40.95179 32.52607  9124.75  8855.47 2.66 2.47  -0.8 -0.442    19.38 21.03 02a58167o0198c 0x000000  -4.000000
58167.310738 19.696897      NaN  -77    16 c    0   1.27 40.95179 32.52607  9172.69  8934.85 2.96 2.75   2.2 -0.411    19.36 21.02 02a58167o0219c 0x000000  -4.812500
58167.320886 18.396507      NaN -137    53 c    0   1.21 40.95179 32.52607  9188.07  8818.97 3.00 2.79   8.4 -0.406    18.24 19.92 02a58167o0240c 0x100002  -2.584906
58375.597588 20.321591      NaN  -92     9 c    0   1.58 40.95179 32.52607  1191.38   822.61 2.77 2.36  41.4 -0.484    19.64 21.48 02a58375o0267c 0x000000 -10.222222
58375.598046 17.203704      NaN  -70   159 c    0   0.10 40.95179 32.52607  6690.24 10529.38 2.81 2.58   8.0 -0.417    19.72 21.52 02a58375o0268c 0x100002  -0.440252
58375.608275 20.207197      NaN  -92    10 c    0   1.22 40.95179 32.52607  1172.60   782.68 2.78 2.36  43.5 -0.489    19.73 21.52 02a58375o0288c 0x000000  -9.200000
58375.608733 19.696897      NaN -108    16 c    0   2.44 40.95179 32.52607  6670.81 10489.91 2.76 2.47   1.1 -0.443    19.69 21.50 02a58375o0289c 0x000000  -6.750000
58375.626697 20.321591      NaN -103     9 c    0   1.50 40.95179 32.52607  1233.60   858.21 2.67 2.29  42.6 -0.478    19.72 21.55 02a58375o0325c 0x000000 -11.444444
58375.633034 20.207197      NaN -108    10 c    0   1.42 40.95179 32.52607  1248.61   739.53 2.77 2.34  41.8 -0.487    19.63 21.19 02a58375o0337c 0x000000 -10.800000
58375.640776 18.847027      NaN -127    35 c    0   1.02 40.95179 32.52607  6744.24 10451.25 2.77 2.53   9.9 -0.466    18.67 19.70 02a58375o0349c 0x100002  -3.628571
58395.576700 20.321591      NaN  -97     9 c    0   1.80 40.95179 32.52607  3245.25   888.03 2.55 2.38  52.2 -0.426    19.58 21.17 02a58395o0785c 0x000000 -10.777778
58395.586000 20.321591      NaN -120     9 c    0   1.68 40.95179 32.52607  3211.41   847.62 2.84 2.64  52.7 -0.405    19.49 21.14 02a58395o0804c 0x000000 -13.333333
58395.587942 20.449472      NaN -124     8 c    0   1.82 40.95179 32.52607  3277.54   925.52 2.60 2.38  47.7 -0.434    19.56 21.15 02a58395o0808c 0x000000 -15.500000
58395.604302 20.207197      NaN  -89    10 c    0   1.49 40.95179 32.52607  3293.49   805.98 2.66 2.43  48.9 -0.425    19.59 21.14 02a58395o0841c 0x000000  -8.900000
58399.544350 20.207197      NaN -123    10 c    0   1.30 40.95179 32.52607  6657.44  9630.88 2.67 2.62  11.2 -0.422    19.55 21.47 02a58399o0051c 0x000000 -12.300000
58399.554716 20.103715      NaN -122    11 c    0   1.02 40.95179 32.52607  6621.88  9592.46 2.63 2.51  12.3 -0.425    19.63 21.44 02a58399o0072c 0x000000 -11.090909
58399.571366 20.207197      NaN -109    10 c    0   2.00 40.95179 32.52607  6681.38  9670.82 2.73 2.59   5.8 -0.427    19.62 21.45 02a58399o0105c 0x000000 -10.900000
58399.576328 20.103715      NaN  -84    11 c    0   1.44 40.95179 32.52607  6696.53  9552.67 2.76 2.64   7.8 -0.428    19.59 21.47 02a58399o0115c 0x000000  -7.636364
58403.554044 17.593889      NaN  -64   111 c    0   1.01 40.95179 32.52607  8651.15  8992.50 2.61 2.50   9.6 -0.422    17.08 18.51 02a58403o0739c 0x100002  -0.576577
58403.563744 18.481707      NaN -127    49 c    0   1.49 40.95179 32.52607  8632.39  8951.59 2.57 2.45   7.9 -0.429    17.93 19.38 02a58403o0759c 0x100002  -2.591837
58403.580283 19.569016      NaN  -90    18 c    0   1.12 40.95179 32.52607  8694.38  9030.90 2.61 2.53  25.7 -0.429    18.99 20.64 02a58403o0793c 0x000000  -5.000000
58403.583966 19.631075      NaN -108    17 c    0   1.60 40.95179 32.52607  8710.17  8914.24 2.52 2.40   9.9 -0.424    19.09 20.67 02a58403o0801c 0x000000  -6.352941
58427.494144 20.449472      NaN -103     8 c    0   2.41 40.95179 32.52607  7992.17  8524.32 2.59 2.42 -62.8 -0.407    19.69 21.59 02a58427o0442c 0x000000 -12.875000
58427.503502 20.449472      NaN -122     8 c    0   1.43 40.95179 32.52607  7958.60  8482.99 2.55 2.47   9.7 -0.441    19.74 21.47 02a58427o0461c 0x000000 -15.250000
58427.520989 20.449472      NaN -110     8 c    0   1.42 40.95179 32.52607  8022.53  8562.49 2.53 2.47   2.1 -0.431    19.73 21.48 02a58427o0497c 0x000000 -13.750000
58427.526096 20.449472      NaN -117     8 c    0   1.85 40.95179 32.52607  8038.67  8445.09 2.52 2.41  -3.7 -0.426    19.71 21.49 02a58427o0508c 0x000000 -14.625000
58431.480903 20.321591      NaN  -97     9 c    0   1.20 40.95179 32.52607  2161.46  2318.03 2.51 2.30  48.5 -0.421    19.73 21.53 02a58431o0619c 0x000000 -10.777778
58431.490373 20.449472      NaN  -92     8 c    0   2.17 40.95179 32.52607  2144.60  2278.11 2.53 2.37  49.7 -0.417    19.69 21.52 02a58431o0639c 0x000000 -11.500000
58431.507553 20.207197      NaN -123    10 c    0   1.47 40.95179 32.52607  2208.39  2353.42 2.50 2.32  49.2 -0.414    19.72 21.50 02a58431o0675c 0x000000 -12.300000
58431.510767 20.594452      NaN -131     7 c    0   2.08 40.95179 32.52607  2225.85  2236.35 2.52 2.29  47.8 -0.420    19.66 21.48 02a58431o0682c 0x000000 -18.714286
58435.480540 20.207197      NaN -139    10 c    0   1.86 40.95179 32.52607  7124.84 10363.02 2.79 2.61  35.5 -0.422    19.51 21.28 02a58435o0618c 0x000000 -13.900000
58435.481009 20.321591      NaN -112     9 c    0   2.30 40.95179 32.52607  1649.13   638.91 2.66 2.35  42.4 -0.448    19.41 21.16 02a58435o0619c 0x000000 -12.444444
58435.489633 19.212347      NaN -106    25 c    0   1.02 40.95179 32.52607  7107.55 10319.55 2.75 2.59  31.4 -0.434    18.82 20.44 02a58435o0637c 0x100002  -4.240000
58435.490090 19.169763      NaN -167    26 c    0   1.06 40.95179 32.52607  1632.46   598.85 2.75 2.39  64.7 -0.449    18.79 20.43 02a58435o0638c 0x100002  -6.423077
58435.491462 19.841877      NaN  -88    14 c    0   1.15 40.95179 32.52607  1699.04   676.64 2.54 2.32  41.8 -0.461    19.40 21.08 02a58435o0641c 0x000000  -6.285714
58435.506867 20.207197      NaN  -99    10 c    0   0.83 40.95179 32.52607  7154.99 10400.08 2.78 2.60  21.6 -0.414    19.63 21.38 02a58435o0673c 0x000000  -9.900000
58435.507324 18.675237 0.114753  123    13 c    0  33.61 40.95179 32.52607  1713.02   555.45 2.70 2.35  45.6 -0.434    19.50 21.32 02a58435o0674c 0x100001   9.461538
58435.511923 20.103715      NaN -110    11 c    0   1.15 40.95179 32.52607  7171.08 10281.60 2.71 2.45  13.7 -0.429    19.67 21.41 02a58435o0684c 0x000000 -10.000000
58455.392642 20.207197      NaN -127    10 c    0   1.23 40.95179 32.52607  4718.38  8930.07 2.48 2.21  -2.9 -0.432    19.53 21.72 02a58455o0369c 0x000000 -12.700000
58455.403203 20.594452      NaN -118     7 c    0   2.61 40.95179 32.52607  4699.37  8890.45 2.61 2.42   3.5 -0.455    19.73 21.58 02a58455o0390c 0x000000 -16.857143
58455.404833 20.449472      NaN -126     8 c    0   2.61 40.95179 32.52607  4747.38  8968.17 2.63 2.42  -9.3 -0.452    19.74 21.61 02a58455o0393c 0x000000 -15.750000
58455.422285 20.594452      NaN -139     7 c    0   1.62 40.95179 32.52607  4760.01  8850.28 2.55 2.35  -4.3 -0.458    19.77 21.59 02a58455o0427c 0x000000 -19.857143
58459.385202 20.761819      NaN -109     6 c    0   2.38 40.95179 32.52607  1130.96  4408.33 2.51 2.42  36.5 -0.431    19.71 21.64 02a58459o0423c 0x000000 -18.166667
58459.394004 20.594452      NaN -115     7 c    0   1.78 40.95179 32.52607  1112.80  4368.52 2.54 2.51  52.9 -0.420    19.67 21.63 02a58459o0441c 0x000000 -16.428571
58459.412550 20.594452      NaN  -83     7 c    0   3.57 40.95179 32.52607  1192.13  4326.62 2.49 2.39  29.8 -0.435    19.69 21.57 02a58459o0477c 0x000000 -11.857143
58459.413007 20.449472      NaN  -97     8 c    0   1.39 40.95179 32.52607  1175.23  4443.48 2.39 2.30  24.7 -0.439    19.75 21.57 02a58459o0478c 0x000000 -12.125000
58487.343836 20.207197      NaN  -84    10 c    0   1.19 40.95179 32.52607  5881.22  2441.46 2.69 2.56 -69.0 -0.400    19.60 21.49 02a58487o0317c 0x000000  -8.400000
58487.345872 20.449472      NaN -108     8 c    0   1.70 40.95179 32.52607  5865.10  2401.91 2.63 2.54 -71.0 -0.397    19.66 21.52 02a58487o0321c 0x000000 -13.500000
58487.363909 20.449472      NaN -101     8 c    0   2.56 40.95179 32.52607  5911.57  2479.43 2.80 2.71 -76.4 -0.396    19.53 21.48 02a58487o0358c 0x000000 -12.625000
58487.368482 20.449472      NaN -110     8 c    0   1.88 40.95179 32.52607  5945.11  2361.68 2.70 2.64 -78.8 -0.398    19.55 21.47 02a58487o0366c 0x000000 -13.750000
58491.335331 20.103715      NaN -107    11 c    0   1.08 40.95179 32.52607  3717.04  8248.24 2.54 2.37 -23.1 -0.423    19.67 21.56 02a58491o0299c 0x000000  -9.727273
58491.344075 20.103715      NaN -103    11 c    0   1.42 40.95179 32.52607  3700.32  8208.70 2.56 2.40 -22.8 -0.430    19.67 21.56 02a58491o0317c 0x000000  -9.363636
58491.352420 20.321591      NaN -108     9 c    0   1.54 40.95179 32.52607  3749.19  8285.13 2.63 2.46 -28.3 -0.419    19.62 21.54 02a58491o0334c 0x000000 -12.000000
58491.361265 20.449472      NaN -133     8 c    0   1.45 40.95179 32.52607  3765.91  8167.45 2.57 2.41 -12.4 -0.438    19.61 21.52 02a58491o0352c 0x000000 -16.625000
58519.292160 20.594452      NaN -104     7 c    0   1.86 40.95179 32.52607  3091.06  4385.66 2.42 2.41 -38.6 -0.410    19.71 21.47 02a58519o0189c 0x000000 -14.857143
58519.300879 20.594452      NaN  -91     7 c    0   2.68 40.95179 32.52607  3058.10  4345.91 2.40 2.39 -80.0 -0.408    19.69 21.45 02a58519o0207c 0x000000 -13.000000
58519.309320 20.321591      NaN -101     9 c    0   0.97 40.95179 32.52607  3124.55  4421.95 2.38 2.37  -0.5 -0.418    19.65 21.42 02a58519o0224c 0x000000 -11.222222
58519.318322 20.449472      NaN  -99     8 c    0   1.60 40.95179 32.52607  3142.58  4304.86 2.62 2.56  28.4 -0.402    19.58 21.38 02a58519o0242c 0x000000 -12.375000
58523.291098 20.009244      NaN -107    12 c    0   1.25 40.95179 32.52607  8672.55  4422.75 2.98 2.83  56.0 -0.416    19.42 21.23 02a58523o0186c 0x000000  -8.916667
58523.299826 20.207197      NaN  -87    10 c    0   1.32 40.95179 32.52607  8655.97  4382.90 2.61 2.53  47.2 -0.449    19.52 21.21 02a58523o0204c 0x000000  -8.700000
58523.308068 20.207197      NaN -100    10 c    0   1.52 40.95179 32.52607  8705.95  4460.85 2.77 2.65  51.9 -0.443    19.52 21.22 02a58523o0221c 0x000000 -10.000000
58523.317081 20.207197      NaN  -96    10 c    0   1.32 40.95179 32.52607  8724.03  4344.29 2.72 2.61  42.8 -0.449    19.48 21.23 02a58523o0239c 0x000000  -9.600000
58707.616388 20.321591      NaN  -84     9 c    0   3.07 40.95179 32.52607  1494.57  8860.68 2.42 2.27 -52.9 -0.435    19.78 21.79 02a58707o0784c 0x000000  -9.333333
58707.628902 19.841877      NaN -121    14 c    0   1.30 40.95179 32.52607  1521.66  8900.71 2.41 2.28 -44.4 -0.437    19.42 20.80 02a58707o0808c 0x000000  -8.642857
58707.635881 18.438271      NaN -116    51 c    0   0.73 40.95179 32.52607  1457.03  8824.28 2.42 2.36 -51.0 -0.448    18.37 19.25 02a58707o0821c 0x100002  -2.274510
58707.639073 17.118376      NaN  162   118 c    0   1.21 40.95179 32.52607  1435.86  8940.63 2.53 2.42 -51.6 -0.492    17.61 18.41 02a58707o0826c 0x100002   1.372881
58723.586276 20.761819      NaN -116     6 c    0   2.79 40.95179 32.52607  6710.58  7254.34 2.53 2.39  47.9 -0.408    19.85 21.89 02a58723o0635c 0x000000 -19.333333
58723.589476 20.761819      NaN -106     6 c    0   4.33 40.95179 32.52607  6730.63  7292.09 2.57 2.39  45.0 -0.406    19.85 21.90 02a58723o0642c 0x000000 -17.666667
58723.596234 20.761819      NaN  -97     6 c    0   3.27 40.95179 32.52607  6672.05  7220.71 2.60 2.38  43.4 -0.404    19.87 21.89 02a58723o0656c 0x000000 -16.166667
58723.606109 20.449472      NaN  -88     8 c    0   2.07 40.95179 32.52607  6654.01  7337.05 2.56 2.43  44.6 -0.408    19.84 21.87 02a58723o0676c 0x000000 -11.000000
58751.499587 20.321591      NaN -100     9 c    0   1.43 40.95179 32.52607  1300.49   785.72 2.70 2.29 -55.5 -0.418    19.77 21.72 02a58751o0503c 0x000000 -11.111111
58751.514408 20.321591      NaN -113     9 c    0   1.61 40.95179 32.52607  1323.48   826.60 2.32 2.21 -89.4 -0.429    19.75 21.71 02a58751o0534c 0x000000 -12.555556
58751.522554 20.321591      NaN -121     9 c    0   2.68 40.95179 32.52607  1266.74   747.28 2.72 2.30 -49.6 -0.429    19.74 21.67 02a58751o0550c 0x000000 -13.444444
58751.526196 20.449472      NaN -112     8 c    0   4.04 40.95179 32.52607  1250.65   867.28 2.68 2.26 -57.1 -0.429    19.75 21.67 02a58751o0556c 0x000000 -14.000000
58751.545202 20.449472      NaN -118     8 c    0   2.04 40.95179 32.52607  9315.19  9773.26 3.11 2.72 -72.3 -0.359    19.69 21.66 02a58751o0592c 0x000000 -14.750000
58755.560056 20.207197      NaN  -87    10 c    0   1.63 40.95179 32.52607  5481.46  9919.30 2.54 2.50 -52.4 -0.417    19.71 21.51 02a58755o0735c 0x000000  -8.700000
58755.565787 20.207197      NaN -120    10 c    0   1.67 40.95179 32.52607  5455.70  9877.94 2.56 2.49 -47.6 -0.412    19.69 21.49 02a58755o0745c 0x000000 -12.000000
58755.578232 20.207197      NaN  -91    10 c    0   1.60 40.95179 32.52607  5508.65  9955.05 2.54 2.39 -48.9 -0.414    19.69 21.47 02a58755o0769c 0x000000  -9.100000
58755.585851 20.207197      NaN -115    10 c    0   2.01 40.95179 32.52607  5523.15  9839.24 2.52 2.49  37.5 -0.416    19.71 21.46 02a58755o0783c 0x000000 -11.500000
58779.417111 20.594452      NaN -101     7 c    0   2.18 40.95179 32.52607  4739.65  5411.97 2.32 2.28  83.6 -0.405    19.66 21.41 02a58779o0492c 0x000000 -14.428571
58779.425193 20.449472      NaN  -88     8 c    0   3.76 40.95179 32.52607  4759.01  5451.62 2.32 2.28  55.5 -0.405    19.68 21.39 02a58779o0508c 0x000000 -11.000000
58779.429069 20.449472      NaN  -98     8 c    0   3.31 40.95179 32.52607  4708.42  5373.98 2.31 2.28 -89.0 -0.411    19.68 21.37 02a58779o0516c 0x000000 -12.250000
58779.445229 20.449472      NaN  -98     8 c    0   2.34 40.95179 32.52607  4693.67  5494.15 2.33 2.27  45.4 -0.409    19.65 21.36 02a58779o0550c 0x000000 -12.250000
58783.371032 20.321591      NaN -127     9 c    0   3.18 40.95179 32.52607  4742.98  5409.80 2.33 2.26 -30.7 -0.409    19.68 21.40 02a58783o0340c 0x000000 -14.111111
58783.376758 20.207197      NaN -100    10 c    0   1.71 40.95179 32.52607  4765.40  5447.80 2.39 2.30  30.2 -0.401    19.69 21.45 02a58783o0351c 0x000000 -10.000000
58783.386652 20.594452      NaN  -96     7 c    0   2.32 40.95179 32.52607  4709.64  5371.90 2.29 2.28  87.3 -0.407    19.71 21.47 02a58783o0371c 0x000000 -13.714286
58783.395859 20.449472      NaN -107     8 c    0   2.10 40.95179 32.52607  4682.43  5491.12 2.31 2.28 -27.4 -0.407    19.71 21.47 02a58783o0388c 0x000000 -13.375000
58787.430466 20.321591      NaN -105     9 c    0   1.96 40.95179 32.52607   911.04  1596.56 2.74 2.25 -56.5 -0.418    19.71 21.50 02a58787o0475c 0x000000 -11.666667
58787.433881 20.449472      NaN -110     8 c    0   1.25 40.95179 32.52607   889.61  1557.60 2.70 2.23 -57.3 -0.418    19.73 21.50 02a58787o0482c 0x000000 -13.750000
58787.440904 20.321591      NaN  -96     9 c    0   2.36 40.95179 32.52607   948.21  1635.16 2.69 2.26 -57.5 -0.420    19.69 21.48 02a58787o0496c 0x000000 -10.666667
58787.451245 20.449472      NaN -100     8 c    0   2.38 40.95179 32.52607   964.64  1516.99 2.64 2.20 -56.7 -0.424    19.39 21.13 02a58787o0517c 0x000000 -12.500000
58788.437792 20.207197      NaN -122    10 c    0   1.42 40.95179 32.52607   900.33  1597.82 2.67 2.22 -58.9 -0.416    19.70 21.46 02a58788o0554c 0x000000 -12.200000
58788.441011 20.449472      NaN -106     8 c    0   1.12 40.95179 32.52607   879.79  1559.10 2.67 2.20 -56.7 -0.419    19.71 21.47 02a58788o0561c 0x000000 -13.250000
58788.446987 20.449472      NaN -116     8 c    0   1.35 40.95179 32.52607   938.53  1636.64 2.63 2.17 -57.7 -0.418    19.72 21.45 02a58788o0574c 0x000000 -14.500000
58788.458466 20.594452      NaN -106     7 c    0   1.82 40.95179 32.52607   957.08  1517.58 2.62 2.17 -59.2 -0.421    19.71 21.40 02a58788o0599c 0x000000 -15.142857
58791.419352 20.207197      NaN -107    10 c    0   2.32 40.95179 32.52607  9697.89  8982.29 2.76 2.60 -59.0 -0.381    19.73 21.48 02a58791o0473c 0x000000 -10.700000
58791.422818 20.449472      NaN -105     8 c    0   1.99 40.95179 32.52607  9718.71  9021.55 2.78 2.59 -58.3 -0.381    19.71 21.51 02a58791o0480c 0x000000 -13.125000
58791.438484 20.449472      NaN  -95     8 c    0   1.55 40.95179 32.52607   942.88  1635.98 2.65 2.20 -56.2 -0.416    19.72 21.51 02a58791o0512c 0x000000 -11.875000
58791.443736 20.449472      NaN -104     8 c    0   1.50 40.95179 32.52607   967.10  1522.77 2.66 2.24 -53.9 -0.417    19.75 21.50 02a58791o0523c 0x000000 -13.000000
58815.362888 20.594452      NaN -114     7 c    0   1.61 40.95179 32.52607  3936.54  5257.59 2.39 2.33  30.4 -0.401    19.76 21.78 02a58815o0364c 0x000000 -16.285714
58815.365979 20.594452      NaN -119     7 c    0   2.14 40.95179 32.52607  3917.82  5222.37 2.42 2.33  36.0 -0.397    19.74 21.78 02a58815o0370c 0x000000 -17.000000
58815.378643 20.594452      NaN -111     7 c    0   1.99 40.95179 32.52607  3969.24  5300.08 2.37 2.31  38.4 -0.399    19.76 21.79 02a58815o0395c 0x000000 -15.857143
58815.384021 20.761819      NaN -118     6 c    0   2.59 40.95179 32.52607  3980.97  5179.96 2.36 2.32 -24.8 -0.398    19.78 21.79 02a58815o0405c 0x000000 -19.666667
58867.342708 20.449472      NaN -119     8 c    0   1.62 40.95179 32.52607  5821.07  3231.52 2.35 2.29  53.9 -0.408    19.75 21.59 02a58867o0319c 0x000000 -14.875000
58867.348243 20.449472      NaN  -91     8 c    0   1.79 40.95179 32.52607  5802.04  3191.15 2.34 2.28  48.0 -0.404    19.73 21.57 02a58867o0331c 0x000000 -11.375000
58867.351450 20.321591      NaN -103     9 c    0   1.07 40.95179 32.52607  5860.55  3268.09 2.36 2.28  47.0 -0.406    19.73 21.56 02a58867o0338c 0x000000 -11.444444
58867.361653 20.594452      NaN -107     7 c    0   1.85 40.95179 32.52607  5881.77  3150.94 2.35 2.28  42.4 -0.404    19.71 21.52 02a58867o0360c 0x000000 -15.285714
58871.254321 20.594452      NaN  -96     7 c    0   2.40 40.95179 32.52607  5826.85  3241.88 2.36 2.23 -57.4 -0.420    19.72 21.52 02a58871o0125c 0x000000 -13.714286
58871.264226 20.321591      NaN -114     9 c    0   1.19 40.95179 32.52607  5807.81  3201.76 2.40 2.26 -63.2 -0.417    19.70 21.51 02a58871o0146c 0x000000 -12.666667
58871.268372 20.594452      NaN -108     7 c    0   2.03 40.95179 32.52607  5865.38  3277.72 2.38 2.24 -59.4 -0.411    19.71 21.50 02a58871o0155c 0x000000 -15.428571
58871.278157 20.449472      NaN -109     8 c    0   1.68 40.95179 32.52607  5877.86  3161.52 2.36 2.17 -61.2 -0.419    19.73 21.51 02a58871o0174c 0x000000 -13.625000
58875.314037 20.103715      NaN -110    11 c    0   1.40 40.95179 32.52607  3379.52  9533.66 2.50 2.20 -40.1 -0.434    19.70 21.38 02a58875o0251c 0x000000 -10.000000
58875.316819 20.321591      NaN  -78     9 c    0   1.52 40.95179 32.52607  3358.50  9494.14 2.47 2.24 -39.0 -0.421    19.65 21.38 02a58875o0257c 0x000000  -8.666667
58875.322987 20.321591      NaN  -81     9 c    0   1.79 40.95179 32.52607  3414.19  9572.40 2.53 2.31 -41.7 -0.418    19.69 21.34 02a58875o0270c 0x000000  -9.000000
58875.334945 20.103715      NaN -112    11 c    0   1.16 40.95179 32.52607  3436.63  9451.99 2.53 2.31 -40.4 -0.414    19.60 21.30 02a58875o0295c 0x000000 -10.181818
58899.297803 19.791368      NaN    2    14 c    0   1.64 40.95179 32.52607  8036.14  5586.08 3.46 3.42  26.6 -0.355    19.09 21.01 02a58899o0158c 0x000000   0.142857
58899.301112 19.696897      NaN   -4    16 c    0   0.97 40.95179 32.52607  8017.91  5546.06 3.78 3.61  19.0 -0.354    19.03 21.01 02a58899o0165c 0x000000  -0.250000
58899.306330 19.569016      NaN  -11    18 c    0   1.11 40.95179 32.52607  8075.71  5624.31 4.01 3.95  19.6 -0.347    18.95 20.99 02a58899o0176c 0x000000  -0.611111
58899.316855 19.128787      NaN   36    15 c    0   1.19 40.95179 32.52607  8095.43  5508.73 3.40 3.34  35.5 -0.363    19.09 20.95 02a58899o0198c 0x000000   2.400000
58903.217057 18.110074      NaN -126    69 c    0   1.08 40.95179 32.52607  8052.35  5597.78 3.24 2.62  36.8 -0.376    17.65 18.65 02a58903o0022c 0x100002  -1.826087
58903.220398 18.459772      NaN   66    28 c    0   1.27 40.95179 32.52607  8033.67  5557.08 2.98 2.56  36.9 -0.385    18.46 19.54 02a58903o0029c 0x100002   2.357143
58903.225535 19.472870      NaN   17    14 c    0   1.40 40.95179 32.52607  8091.39  5634.09 2.85 2.60  37.4 -0.393    19.25 20.59 02a58903o0040c 0x000000   1.214286
58903.235806 19.719755      NaN   14    11 c    0   1.38 40.95179 32.52607  8110.75  5516.16 2.72 2.58  34.6 -0.402    19.52 21.19 02a58903o0062c 0x000000   1.272727
58931.229297 18.729535      NaN   36    27 c    0   2.04 40.95179 32.52607  2930.52  7202.19 2.41 2.38  40.6 -0.384    18.22 19.22 02a58931o0026c 0x100002   1.333333
58931.233006 19.401649      NaN  -22    21 c    0   1.30 40.95179 32.52607  2911.40  7163.00 2.44 2.39 -23.5 -0.385    18.69 19.85 02a58931o0034c 0x000000  -1.047619
58931.239915 19.334813      NaN   16    17 c    0   1.00 40.95179 32.52607  2969.08  7238.92 2.54 2.44 -36.0 -0.391    19.01 20.34 02a58931o0049c 0x000000   0.941176
58931.250680 19.351140      NaN    9    19 c    0   1.14 40.95179 32.52607  2989.77  7122.83 2.62 2.50 -40.0 -0.387    18.98 20.36 02a58931o0072c 0x000000   0.473684
59059.582837 19.979496      NaN   10     9 c    0   2.07 40.95179 32.52607  3202.87   731.68 2.37 2.25 -76.2 -0.426    19.68 21.60 02a59059o0728c 0x000000   1.111111
59059.586057 20.449472      NaN   -4     8 c    0   1.54 40.95179 32.52607  3221.82   771.49 2.40 2.25 -80.5 -0.421    19.70 21.57 02a59059o0735c 0x000000  -0.500000
59059.592012 20.321591      NaN   -1     9 c    0   2.24 40.95179 32.52607  3165.01   692.27 2.38 2.27 -84.4 -0.424    19.65 21.60 02a59059o0748c 0x000000  -0.111111
59059.615550 20.137125      NaN    5     9 c    0   1.35 40.95179 32.52607  3150.55   809.91 2.44 2.30  83.8 -0.425    19.67 21.51 02a59059o0795c 0x000000   0.555556
59079.564608 20.449472      NaN   -4     8 c    0   1.78 40.95179 32.52607  7185.88  1037.57 2.52 2.17 -56.3 -0.411    19.77 21.77 02a59079o0641c 0x000000  -0.500000
59079.566440 19.922338      NaN   12     9 c    0   1.86 40.95179 32.52607  7204.55  1075.90 2.48 2.15 -55.1 -0.408    19.75 21.76 02a59079o0645c 0x000000   1.333333
59083.528206 20.449472      NaN   -6     8 c    0   3.06 40.95179 32.52607  5730.33  3475.71 2.70 2.55  48.5 -0.394    19.58 21.67 02a59083o0599c 0x000000  -0.750000
59083.531431 20.321591      NaN    3     8 c    0   2.79 40.95179 32.52607  5748.91  3514.18 2.53 2.44  44.1 -0.396    19.65 21.67 02a59083o0606c 0x000000   0.375000
59083.552998 20.405150 0.347436   25     8 c    0   2.30 40.95179 32.52607  5691.46  3437.97 2.64 2.53  55.0 -0.395    19.66 21.73 02a59083o0651c 0x000000   3.125000
59083.570484 20.321591      NaN  -10     9 c    0   1.24 40.95179 32.52607  5673.15  3556.66 2.64 2.41  43.7 -0.401    19.69 21.75 02a59083o0687c 0x000000  -1.111111
59087.537250 19.894850      NaN   16     8 c    0   3.00 40.95179 32.52607  5735.79  3474.04 2.52 2.47  52.5 -0.405    19.67 21.60 02a59087o0642c 0x000000   2.000000
59087.540451 20.594452      NaN   -2     7 c    0   4.25 40.95179 32.52607  5754.89  3513.91 2.54 2.46  59.2 -0.406    19.64 21.60 02a59087o0649c 0x000000  -0.285714
59087.543227 20.362567 0.334073   26     8 c    0   2.37 40.95179 32.52607  5697.74  3436.80 2.55 2.47  57.1 -0.402    19.63 21.61 02a59087o0655c 0x000000   3.250000
59087.549203 20.405150      NaN    1     8 c    0   2.42 40.95179 32.52607  5677.87  3552.94 2.54 2.47  61.2 -0.405    19.65 21.63 02a59087o0668c 0x000000   0.125000
59107.569584 19.652575      NaN   23     9 c    0   1.40 40.95179 32.52607  9083.64  1714.05 2.52 2.21 -54.9 -0.410    19.76 21.73 02a59107o0731c 0x000000   2.555556
59107.635823 19.510313      NaN   24    11 c    0   1.73 40.95179 32.52607  9062.33  1676.89 2.47 2.29 -50.9 -0.416    19.39 20.84 02a59107o0761c 0x000000   2.181818
59107.637781 19.766969      NaN    0    15 c    0   1.20 40.95179 32.52607  9122.02  1757.26 2.48 2.28 -54.0 -0.413    19.14 20.46 02a59107o0764c 0x000000   0.000000
59107.641411 19.014394      NaN   15    25 c    0   1.38 40.95179 32.52607  9141.80  1641.18 2.53 2.29 -52.6 -0.415    18.30 19.56 02a59107o0769c 0x100002   0.600000
59108.606231 20.321591      NaN    3     8 c    0   1.60 40.95179 32.52607  9070.97  1710.66 2.62 2.16 -56.8 -0.412    19.75 21.73 02a59108o0835c 0x000000   0.375000
59108.628380 19.271854      NaN    5    22 c    0   0.92 40.95179 32.52607  9050.20  1673.85 2.40 2.23 -52.6 -0.408    18.78 20.51 02a59108o0882c 0x000000   0.227273
59108.634684 19.841877      NaN    6    12 c    0   1.08 40.95179 32.52607  9110.35  1754.48 2.44 2.16 -54.3 -0.415    19.54 21.10 02a59108o0895c 0x000000   0.500000
59108.638114 19.183773      NaN   32    15 c    0   1.20 40.95179 32.52607  9134.96  1639.34 2.54 2.18 -55.0 -0.420    19.13 20.47 02a59108o0901c 0x000000   2.133333
59111.523531 18.598565      NaN   -6    44 c    0   1.71 40.95179 32.52607  1508.68  8860.45 2.56 2.44 -61.1 -0.420    18.15 19.76 02a59111o0643c 0x100002  -0.136364
59111.525360 18.273950      NaN   22    52 c    0   1.03 40.95179 32.52607  1528.11  8900.33 2.61 2.51 -62.9 -0.425    17.94 19.61 02a59111o0647c 0x100002   0.423077
59111.528106 18.459772      NaN  -32    50 c    0   1.29 40.95179 32.52607  1468.67  8821.30 2.54 2.46 -52.1 -0.420    17.85 19.50 02a59111o0653c 0x100002  -0.640000
59111.536788 14.949113      NaN  955   950 c    0   1.24 40.95179 32.52607  1450.05  8937.70 2.54 2.46 -59.7 -0.394    16.24 17.82 02a59111o0671c 0x100002   1.005263
59115.560039 20.321591      NaN   -6     9 c    0   1.46 40.95179 32.52607  6973.48  7498.27 2.65 2.42  47.8 -0.403    19.69 21.50 02a59115o0727c 0x000000  -0.666667
59115.563242 20.071303      NaN    4    10 c    0   1.41 40.95179 32.52607  6955.26  7458.74 2.63 2.42  42.4 -0.399    19.62 21.47 02a59115o0734c 0x000000   0.400000
59115.569198 20.449472      NaN    0     8 c    0   1.79 40.95179 32.52607  7012.90  7538.98 2.61 2.40  42.1 -0.402    19.67 21.50 02a59115o0747c 0x000000   0.000000
59115.613017 20.321591      NaN   -8     9 c    0   1.77 40.95179 32.52607  7023.78  7420.22 2.51 2.37  45.2 -0.404    19.68 21.51 02a59115o0832c 0x000000  -0.888889
59139.486948 19.791368      NaN   11    11 c    0   1.55 40.95179 32.52607  9930.52  3589.93 2.47 2.39 -62.6 -0.397    19.69 21.59 02a59139o0616c 0x000000   1.000000
59139.490394 20.103715      NaN    9     8 c    0   2.27 40.95179 32.52607  9910.63  3551.14 2.45 2.33 -52.9 -0.404    19.71 21.59 02a59139o0623c 0x000000   1.125000
59139.522149 19.271854      NaN   29    14 c    0   1.64 40.95179 32.52607  9965.89  3634.09 2.47 2.34 -52.7 -0.405    19.24 20.92 02a59139o0689c 0x000000   2.071429
59139.529013 19.569016      NaN  -15    18 c    0   1.31 40.95179 32.52607  9988.63  3517.11 2.50 2.39 -49.6 -0.403    19.00 20.66 02a59139o0704c 0x000000  -0.833333
59143.366191 19.816329      NaN    7    12 c    0   1.51 40.95179 32.52607   646.48  6984.01 2.60 2.28  29.2 -0.373    19.00 20.73 02a59143o0369c 0x000000   0.583333
59143.390326 20.039830      NaN    5    10 c    0   2.13 40.95179 32.52607   680.34  7018.58 2.60 2.37  16.2 -0.395    19.45 21.26 02a59143o0419c 0x000000   0.500000
59143.394559 19.950541      NaN    2    12 c    0   1.90 40.95179 32.52607   617.03  6944.28 2.38 2.30 -43.8 -0.400    19.22 20.97 02a59143o0428c 0x000000   0.166667
59143.417366 18.267867      NaN   47    44 c    0   1.01 40.95179 32.52607   596.20  7061.76 2.52 2.33  22.8 -0.371    18.03 19.69 02a59143o0474c 0x100002   1.068182
59147.485355 20.207197      NaN  -17    10 c    0   1.68 40.95179 32.52607  9268.85  9798.26 2.58 2.48 -64.2 -0.384    19.71 21.41 02a59147o0571c 0x000000  -1.700000
59147.489034 20.321591      NaN   -8     9 c    0   1.91 40.95179 32.52607  9249.00  9758.97 2.59 2.51 -76.4 -0.387    19.75 21.48 02a59147o0579c 0x000000  -0.888889
59147.494524 20.321591      NaN  -26     9 c    0   1.45 40.95179 32.52607  9306.94  9840.62 2.61 2.54 -78.1 -0.384    19.76 21.51 02a59147o0591c 0x000000  -2.888889
59147.505704 20.321591      NaN  -16     9 c    0   1.43 40.95179 32.52607  9324.97  9724.35 2.60 2.54  83.1 -0.385    19.77 21.54 02a59147o0615c 0x000000  -1.777778
59147.649560 18.317510      NaN  -33    57 c    0   1.19 40.95179 32.52607  9266.97  9784.98 2.93 2.62  32.2 -0.364    17.81 18.85 02a59147o0909c 0x100002  -0.578947
59191.328819 20.039830      NaN    8     9 c    0   1.18 40.95179 32.52607   886.18  1608.34 2.77 2.55 -61.4 -0.400    19.68 21.60 02a59191o0295c 0x000000   0.888889
59191.332134 19.979496      NaN    7    10 c    0   1.23 40.95179 32.52607   867.02  1573.92 2.65 2.42 -60.9 -0.412    19.71 21.61 02a59191o0302c 0x000000   0.700000
59191.337935 19.979496 0.322786   37    11 c    0   1.38 40.95179 32.52607   928.43  1652.00 2.74 2.53 -60.4 -0.405    19.64 21.63 02a59191o0313c 0x000000   3.363636
59191.351858 19.950541      NaN   14     8 c    0   1.88 40.95179 32.52607   949.11  1533.73 2.55 2.34 -61.3 -0.417    19.75 21.67 02a59191o0342c 0x000000   1.750000
59195.380421 20.321591      NaN  -17     9 c    0   1.69 40.95179 32.52607  8888.85  7447.10 2.81 2.72  55.9 -0.438    19.74 21.75 02a59195o0429c 0x000000  -1.888889
59195.383224 20.405150      NaN    1     8 c    0   1.64 40.95179 32.52607  8870.14  7408.37 2.72 2.68  69.8 -0.395    19.75 21.76 02a59195o0435c 0x000000   0.125000
59195.394454 19.841877      NaN   12    10 c    0   1.37 40.95179 32.52607  8927.56  7488.49 2.81 2.68  55.6 -0.392    19.69 21.75 02a59195o0458c 0x000000   1.200000
59195.403706 20.321591      NaN  -10     9 c    0   1.00 40.95179 32.52607  8947.87  7371.06 2.68 2.60  44.9 -0.400    19.74 21.75 02a59195o0478c 0x000000  -1.111111
59197.333372 20.009244      NaN   12     8 c    0   1.87 40.95179 32.52607  2487.81  5001.24 2.36 2.22  75.9 -0.405    19.86 21.87 01a59197o0153c 0x000000   1.500000
59197.336591 20.137125      NaN    8     8 c    0   3.78 40.95179 32.52607  2509.43  5040.58 2.66 2.53  53.1 -0.368    19.71 21.84 01a59197o0160c 0x000000   1.000000
59197.356672 20.137125      NaN   14     6 c    0   3.51 40.95179 32.52607  2455.70  4962.70 2.40 2.26 -80.7 -0.398    19.82 21.81 01a59197o0201c 0x000000   2.333333
59197.365884 20.594452      NaN   -7     7 c    0   2.92 40.95179 32.52607  2438.61  5077.24 2.48 2.37 -22.9 -0.388    19.77 21.82 01a59197o0221c 0x000000  -1.000000
59199.393990 19.183773      NaN   23    18 c    0   1.34 40.95179 32.52607  8887.82  7449.40 2.80 2.58  42.7 -0.395    18.99 20.68 02a59199o0244c 0x000000   1.277778
59199.399097 19.051202      NaN   15    24 c    0   1.52 40.95179 32.52607  8868.96  7410.00 2.86 2.73  46.4 -0.391    18.60 20.27 02a59199o0255c 0x000000   0.625000
59219.376973 19.950541      NaN    5    11 c    0   1.12 40.95179 32.52607  1470.62  9665.53 2.71 2.49 -48.3 -0.437    19.55 21.46 02a59219o0303c 0x000000   0.454545
59219.381173 19.950541      NaN   11     9 c    0   1.78 40.95179 32.52607  1451.73  9625.10 2.76 2.46 -48.1 -0.425    19.53 21.44 02a59219o0312c 0x000000   1.222222
59219.386709 20.103715      NaN  -19    11 c    0   1.41 40.95179 32.52607  1508.54  9699.45 2.84 2.50 -47.7 -0.432    19.52 21.43 02a59219o0324c 0x000000  -1.727273
59219.401912 19.791368      NaN    5    13 c    0   1.57 40.95179 32.52607  1529.65  9580.94 2.86 2.51 -49.5 -0.432    19.31 20.99 02a59219o0357c 0x000000   0.384615
59220.404279 19.950541      NaN    8    10 c    0   1.46 40.95179 32.52607  1469.06  9670.19 2.40 2.10 -47.3 -0.444    19.63 21.33 02a59220o0461c 0x000000   0.800000
59220.407939 19.696897      NaN   21     9 c    0   1.28 40.95179 32.52607  1450.74  9631.97 2.42 2.22 -45.9 -0.440    19.59 21.30 02a59220o0469c 0x000000   2.333333
59220.420368 20.009244      NaN  -13    12 c    0   1.24 40.95179 32.52607  1507.40  9698.67 2.46 2.22 -43.4 -0.437    19.53 21.21 02a59220o0495c 0x000000  -1.083333
59220.429547 19.491430      NaN   22    12 c    0   1.41 40.95179 32.52607  1521.99  9583.00 2.53 2.35 -46.6 -0.430    19.48 21.14 02a59220o0513c 0x000000   1.833333
59221.280143 19.719755      NaN   23     8 c    0   3.19 40.95179 32.52607  6691.06  7215.94 2.45 2.24 -78.1 -0.389    19.86 21.86 01a59221o0184c 0x000000   2.875000
59221.288431 19.894850      NaN   19     7 c    0   2.87 40.95179 32.52607  6712.62  7253.24 2.38 2.18 -81.5 -0.391    19.91 21.86 01a59221o0200c 0x000000   2.714286
59221.291658 20.594452      NaN    3     6 c    0   2.04 40.95179 32.52607  6654.10  7175.55 2.35 2.12 -82.9 -0.392    19.92 21.86 01a59221o0207c 0x000000   0.500000
59221.304054 19.868040      NaN   20     7 c    0   3.63 40.95179 32.52607  6637.23  7293.19 2.28 2.07 -75.4 -0.393    19.97 21.86 01a59221o0232c 0x000000   2.857143
59223.251708 20.207197      NaN   -8    10 c    0   1.89 40.95179 32.52607  1479.75  9670.40 2.66 2.13 -46.7 -0.440    19.74 21.57 02a59223o0128c 0x000000  -0.800000
59223.254925 20.103715      NaN   -4    11 c    0   1.35 40.95179 32.52607  1461.67  9632.03 2.64 2.14 -49.1 -0.429    19.60 21.44 02a59223o0135c 0x000000  -0.363636
59223.260876 19.454622      NaN  -19    20 c    0   1.07 40.95179 32.52607  1517.58  9711.52 2.60 2.18 -52.2 -0.434    19.02 20.67 02a59223o0148c 0x000000  -0.950000
59223.270808 19.816329      NaN   16     9 c    0   2.12 40.95179 32.52607  1538.19  9591.85 2.59 2.12 -48.8 -0.437    19.61 21.44 02a59223o0168c 0x000000   1.777778
59227.355462 20.244005      NaN    5     8 c    0   2.38 40.95179 32.52607  1895.29  3434.94 2.24 2.20 -61.5 -0.415    19.76 21.69 02a59227o0305c 0x000000   0.625000
59227.360969 19.674510      NaN   22     9 c    0   1.35 40.95179 32.52607  1876.43  3395.48 2.24 2.17 -59.4 -0.419    19.78 21.67 02a59227o0317c 0x000000   2.444444
59227.364666 20.207197      NaN   -2    10 c    0   1.01 40.95179 32.52607  1935.41  3471.97 2.26 2.18 -65.9 -0.420    19.73 21.65 02a59227o0325c 0x000000  -0.200000
59227.379306 20.321591      NaN   -2     9 c    0   1.29 40.95179 32.52607  1957.71  3351.75 2.35 2.22 -58.5 -0.415    19.66 21.60 02a59227o0357c 0x000000  -0.222222
59229.283039 17.793801      NaN   46    77 c    0  53.67 40.95179 32.52607  7604.92  3324.08 2.20 1.98  85.0 -0.496    14.44 18.42 01a59229o0063c 0x100003   0.597403
59229.302919 16.544980 0.315174  875   254 c    0  13.62 40.95179 32.52607  7571.28  3287.90 2.40 2.07 -86.8 -0.523    14.40 17.94 01a59229o0106c 0x100003   3.444882
59231.265031 20.449472      NaN   -7     8 c    0   2.06 40.95179 32.52607  1908.00  3443.88 2.63 2.49 -59.2 -0.395    19.59 21.43 02a59231o0147c 0x000000  -0.875000
59231.268248 20.449472      NaN   -2     8 c    0   1.79 40.95179 32.52607  1888.70  3406.73 2.59 2.48 -58.4 -0.400    19.62 21.44 02a59231o0154c 0x000000  -0.250000
59231.281054 19.743105      NaN   19     9 c    0   2.29 40.95179 32.52607  1946.30  3481.75 2.48 2.40 -64.2 -0.404    19.64 21.43 02a59231o0181c 0x000000   2.111111
59231.286674 20.321591      NaN  -10     9 c    0   2.02 40.95179 32.52607  1966.29  3364.56 2.45 2.37 -64.8 -0.404    19.64 21.43 02a59231o0193c 0x000000  -1.111111
59251.318937 19.743105      NaN   13    11 c    0   1.68 40.95179 32.52607  9993.97  5538.00 2.77 2.40 -55.9 -0.437    19.56 21.23 02a59251o0165c 0x000000   1.181818
59251.320310 19.115465      NaN   13    23 c    0   0.74 40.95179 32.52607    40.40  5544.20 2.49 2.09 -56.7 -0.389    19.50 21.16 02a59251o0168c 0x000000   0.565217
59251.322154 20.103715      NaN  -11    11 c    0   1.52 40.95179 32.52607  9974.99  5498.11 2.76 2.41 -55.1 -0.428    19.56 21.21 02a59251o0172c 0x000000  -1.000000
59251.328138 20.009244      NaN  -11    12 c    0   1.13 40.95179 32.52607 10033.73  5577.31 2.78 2.40 -55.3 -0.430    19.57 21.17 02a59251o0185c 0x000000  -0.916667
59251.331801 19.841877      NaN  -14    14 c    0   2.40 40.95179 32.52607    61.63  5425.82 2.50 2.13 -56.5 -0.386    19.44 21.06 02a59251o0193c 0x000000  -1.000000
59251.340032 19.791368      NaN    8    12 c    0   1.20 40.95179 32.52607 10053.91  5460.24 2.75 2.40 -52.9 -0.429    19.47 21.10 02a59251o0211c 0x000000   0.666667
59253.246801 20.137125      NaN    5     9 c    0   1.90 40.95179 32.52607  5036.93   632.76 2.39 2.35 -71.6 -0.397    19.73 21.52 01a59253o0057c 0x000000   0.555556
59253.266847 20.449472      NaN   -1     8 c    0   1.93 40.95179 32.52607  5059.76   675.21 2.44 2.28 -84.4 -0.404    19.68 21.52 01a59253o0099c 0x000000  -0.125000
59253.270707 20.449472      NaN  -16     8 c    0   1.98 40.95179 32.52607  5001.00   595.63 2.36 2.28  79.7 -0.417    19.67 21.52 01a59253o0107c 0x000000  -2.000000
59255.254906 19.766969      NaN  -18    15 c    0   1.68 40.95179 32.52607    52.37  5553.81 2.51 2.27 -47.4 -0.352    19.50 21.13 02a59255o0106c 0x000000  -1.200000
59255.259965 19.549093      NaN   19    12 c    0   2.15 40.95179 32.52607    72.35  5434.01 2.50 2.28 -49.8 -0.356    19.52 21.12 02a59255o0117c 0x000000   1.583333
59255.260880 20.039830      NaN    2    11 c    0   1.09 40.95179 32.52607 10008.16  5539.73 2.71 2.68 -84.9 -0.400    19.49 21.16 02a59255o0119c 0x000000   0.181818
59255.264083 20.103715      NaN   -8    11 c    0   1.26 40.95179 32.52607  9989.21  5500.21 2.73 2.67 -59.1 -0.402    19.50 21.15 02a59255o0126c 0x000000  -0.727273
59255.271560 20.009244      NaN   -5    12 c    0   1.27 40.95179 32.52607 10047.46  5579.18 2.68 2.63 -61.4 -0.400    19.51 21.12 02a59255o0142c 0x000000  -0.416667
59257.288032 20.103715      NaN    6     9 c    0   2.42 40.95179 32.52607  8599.19  5159.31 2.46 2.29 -75.1 -0.400    19.71 21.52 01a59257o0179c 0x000000   0.666667
59257.292197 20.321591      NaN  -12     9 c    0   1.29 40.95179 32.52607  8618.10  5198.58 2.53 2.36 -81.1 -0.394    19.69 21.50 01a59257o0188c 0x000000  -1.333333
59257.300040 19.674510      NaN   22     9 c    0   2.65 40.95179 32.52607  8558.46  5123.80 2.68 2.48 -71.6 -0.389    19.59 21.46 01a59257o0205c 0x000000   2.444444
59257.316227 20.171596      NaN    4     9 c    0   2.46 40.95179 32.52607  8537.47  5244.01 2.62 2.46 -71.1 -0.385    19.57 21.42 01a59257o0240c 0x000000   0.444444
59261.216184 19.256669      NaN  -63    24 c    0   1.46 40.95179 32.52607  8591.54  5162.14 2.41 2.25 -73.7 -0.402    18.65 19.23 01a59261o0021c 0x000000  -2.625000
59261.226472 20.103715      NaN    3    10 c    0   2.50 40.95179 32.52607  8611.08  5197.13 2.46 2.19 -80.1 -0.408    19.61 21.02 01a59261o0043c 0x000000   0.300000
59261.233959 20.207197      NaN   -3    10 c    0   1.86 40.95179 32.52607  8553.59  5121.55 2.63 2.43 -85.4 -0.393    19.61 21.20 01a59261o0059c 0x000000  -0.300000
59261.237191 20.207197      NaN   -7    10 c    0   1.32 40.95179 32.52607  8533.18  5237.30 2.65 2.33 -74.5 -0.394    19.64 21.22 01a59261o0066c 0x000000  -0.700000
59434.600858 20.594452      NaN   -1     7 c    0   1.85 40.95179 32.52607  9924.19  3563.95 2.58 2.49 -64.4 -0.349    19.86 21.73 01a59434o0791c 0x000000  -0.142857
59434.615631 20.321591      NaN   -4     9 c    0   1.68 40.95179 32.52607  9904.56  3522.30 2.55 2.38 -74.4 -0.361    19.92 21.71 01a59434o0823c 0x000000  -0.444444
59434.620734 20.449472      NaN   -6     8 c    0   1.59 40.95179 32.52607  9963.93  3601.76 2.57 2.43 -69.9 -0.361    19.81 21.51 01a59434o0834c 0x000000  -0.750000
59434.627327 19.454622      NaN   24    12 c    0   1.55 40.95179 32.52607  9983.33  3485.61 2.54 2.46 -62.7 -0.351    19.50 20.62 01a59434o0848c 0x000000   2.000000
59441.583893 20.071303      NaN   10     8 c    0   1.70 40.95179 32.52607  9278.56  9772.11 2.57 2.37  66.2 -0.365    19.85 21.78 01a59441o0739c 0x000000   1.250000
59441.606427 20.039830      NaN   17     6 c    0   2.91 40.95179 32.52607  9261.08  9730.77 2.58 2.30  51.4 -0.361    19.88 21.83 01a59441o0783c 0x000000   2.833333
59441.614803 20.449472      NaN    6     6 c    0   2.16 40.95179 32.52607  9320.79  9809.44 2.58 2.30  51.1 -0.360    19.90 21.81 01a59441o0801c 0x000000   1.000000
59441.616647 20.137125      NaN    8     8 c    0   1.48 40.95179 32.52607  9339.02  9691.97 2.60 2.38  51.5 -0.364    19.86 21.80 01a59441o0805c 0x000000   1.000000
59463.605539 19.302877      NaN   30    13 c    0   1.17 40.95179 32.52607  7365.38  9834.54 2.69 2.60 -58.5 -0.402    19.40 21.24 02a59463o0123c 0x000000   2.307692
59463.608740 19.169763      NaN   18    20 c    0   1.14 40.95179 32.52607  7347.23  9797.72 2.78 2.63 -58.8 -0.399    18.98 20.80 02a59463o0130c 0x000000   0.900000
59463.614882 16.788807      NaN  210   163 c    0   1.43 40.95179 32.52607  7403.20  9878.31 2.86 2.64 -55.4 -0.437    16.60 18.39 02a59463o0143c 0x100002   1.288344
59463.622153 18.910912      NaN  -11    33 c    0   1.19 40.95179 32.52607  7419.60  9758.43 2.85 2.57 -53.4 -0.410    18.41 20.26 02a59463o0156c 0x100002  -0.333333
59467.474909 20.171596 0.315214   31     9 c    0   1.59 40.95179 32.52607  4756.29  7347.93 2.52 2.33  39.2 -0.389    19.69 21.55 02a59467o0539c 0x000000   3.444444
59467.479037 20.282105      NaN    4     8 c    0   2.25 40.95179 32.52607  4775.98  7387.50 2.46 2.28  38.8 -0.400    19.70 21.57 02a59467o0548c 0x000000   0.500000
59467.482268 19.841877      NaN   15     9 c    0   2.21 40.95179 32.52607  4717.79  7309.43 2.51 2.29  40.2 -0.398    19.67 21.55 02a59467o0555c 0x000000   1.666667
59467.487300 20.071303      NaN    7     9 c    0   1.96 40.95179 32.52607  4697.74  7426.39 2.48 2.26  39.3 -0.393    19.70 21.60 02a59467o0566c 0x000000   0.777778
59519.438268 20.282105      NaN    4     8 c    0   1.86 40.95179 32.52607  6965.80  7499.07 2.45 2.34  41.0 -0.405    19.78 21.63 02a59519o0549c 0x000000   0.500000
59519.454724 20.449472      NaN    0     8 c    0   1.66 40.95179 32.52607  6946.65  7465.79 2.55 2.31  42.3 -0.401    19.77 21.64 02a59519o0583c 0x000000   0.000000
59519.458393 20.137125      NaN    5     9 c    0   1.22 40.95179 32.52607  7002.99  7542.28 2.49 2.30  39.6 -0.403    19.78 21.64 02a59519o0591c 0x000000   0.555556
59519.473859 20.009244      NaN    9     9 c    0   1.75 40.95179 32.52607  7023.26  7429.87 2.57 2.38  47.8 -0.401    19.70 21.63 02a59519o0623c 0x000000   1.000000
59523.442995 19.589310      NaN   23    10 c    0   1.59 40.95179 32.52607  3857.66  3321.96 2.85 2.72  16.5 -0.380    19.52 21.45 02a59523o0569c 0x000000   2.300000
59523.446198 19.841877      NaN   15     9 c    0   2.15 40.95179 32.52607  3839.60  3287.81 2.63 2.48  16.2 -0.386    19.55 21.45 02a59523o0576c 0x000000   1.666667
59523.452182 19.766969      NaN   21     8 c    0   1.29 40.95179 32.52607  3898.57  3363.54 2.54 2.41  36.5 -0.394    19.59 21.44 02a59523o0589c 0x000000   2.625000
59523.464883 20.137125 0.339293   32    10 c    0   1.62 40.95179 32.52607  3917.91  3245.98 2.60 2.44  41.5 -0.389    19.61 21.45 02a59523o0615c 0x000000   3.200000
59524.434125 20.282105      NaN    1     9 c    0   2.36 40.95179 32.52607  3853.30  3324.25 2.46 2.29  31.5 -0.398    19.64 21.35 02a59524o0555c 0x000000   0.111111
59524.437343 20.321591      NaN   -5     9 c    0   1.47 40.95179 32.52607  3835.24  3285.51 2.48 2.40  25.8 -0.397    19.61 21.34 02a59524o0562c 0x000000  -0.555556
59524.443764 19.816329      NaN   19     8 c    0   1.62 40.95179 32.52607  3892.87  3362.29 2.49 2.39  37.1 -0.392    19.63 21.34 02a59524o0576c 0x000000   2.375000
59524.453850 19.894850      NaN   10    10 c    0   1.66 40.95179 32.52607  3914.29  3246.44 2.53 2.47  29.9 -0.392    19.60 21.31 02a59524o0598c 0x000000   1.000000
59527.345679 20.207197      NaN  -11    10 c    0   1.14 40.95179 32.52607  6720.40  7246.53 2.57 2.41  59.4 -0.394    19.58 21.38 02a59527o0350c 0x000000  -1.100000
59527.347510 19.529530      NaN   23    11 c    0   1.63 40.95179 32.52607  6740.00  7284.77 2.50 2.36  43.9 -0.400    19.64 21.35 02a59527o0354c 0x000000   2.090909
59527.382963 19.816329      NaN   13    10 c    0   1.42 40.95179 32.52607  6688.84  7215.47 2.66 2.45  40.2 -0.389    19.65 21.44 02a59527o0429c 0x000000   1.300000
59527.385724 19.491430      NaN   28    10 c    0   1.73 40.95179 32.52607  6670.45  7329.82 2.64 2.45  47.4 -0.395    19.68 21.46 02a59527o0435c 0x000000   2.800000