         MJD         m       dm   uJy  duJy F  err  chi/N       RA      Dec        x        y  maj  min   phi  apfit  mag5sig   Sky            Obs     Mask   __tmp_SN
57745.623036 19.569016      NaN   -57    18 c    0   1.53 180.7794 20.80606  5163.36  8859.49 3.76 3.66  28.7 -0.446    19.50 21.31 02a57745o0780c 0x000000  -3.166667
57745.638330 19.569016      NaN   -12    18 c    0   1.26 180.7794 20.80606  5189.19  8898.17 3.52 3.30 -18.9 -0.401    19.54 21.33 02a57745o0803c 0x000000  -0.666667
57745.655038 19.631075      NaN   -24    17 c    0   2.17 180.7794 20.80606  5114.89  8821.43 3.60 3.43 -20.3 -0.400    19.52 21.33 02a57745o0827c 0x000000  -1.411765
57745.669571 18.615142      NaN     1    43 c    0   1.16 180.7794 20.80606  5095.39  8940.97 3.66 3.45 -13.9 -0.412    18.73 19.79 02a57745o0851c 0x100002   0.023256
57753.604469 18.657725      NaN    17    36 c    0   1.32 180.7794 20.80606  7537.51  8119.65 3.76 3.48 -86.6 -0.440    18.72 20.62 02a57753o0630c 0x100002   0.472222
57753.637247 18.125925      NaN -1398    68 c    0   2.21 180.7794 20.80606  7486.02  8082.64 3.62 3.43 -82.9 -0.429    17.47 19.32 02a57753o0677c 0x100002 -20.558824
57753.654249 19.351140      NaN  -241    22 c    0   2.81 180.7794 20.80606  7466.17  8204.61 3.68 3.47 -85.4 -0.448    19.21 21.14 02a57753o0701c 0x000000 -10.954545
57753.670337 17.707197      NaN -1355   100 c    0   1.62 180.7794 20.80606  2999.51  2307.19 3.98 3.90 -87.8 -0.388    17.67 19.11 02a57753o0724c 0x100002 -13.550000
57757.597247 19.841877      NaN   -61    14 c    0   1.26 180.7794 20.80606  5141.31  8082.23 3.49 3.42 -29.5 -0.464    19.79 21.78 02a57757o0721c 0x000000  -4.357143
57757.612949 19.841877      NaN   -56    14 c    0   1.59 180.7794 20.80606  5166.07  8121.86 3.41 3.30 -27.4 -0.415    19.83 21.82 02a57757o0744c 0x000000  -4.000000
57757.630140 19.922338      NaN   -10    13 c    0   2.13 180.7794 20.80606  5109.64  8044.28 3.42 3.30 -24.8 -0.430    19.84 21.84 02a57757o0768c 0x000000  -0.769231
57757.647108 19.922338      NaN   -99    13 c    0  13.51 180.7794 20.80606  5068.45  8165.00 3.49 3.31 -18.2 -0.414    19.82 21.87 02a57757o0792c 0x100001  -7.615385
57757.663216 19.766969      NaN   -28    15 c    0   1.29 180.7794 20.80606  5382.58  2343.13 3.76 3.61 -89.8 -0.388    19.68 21.54 02a57757o0815c 0x000000  -1.866667
57777.565523 19.841877      NaN   -14    14 c    0   1.46 180.7794 20.80606  7928.82  9574.55 4.04 3.90  86.7 -0.408    19.82 22.00 02a57777o0689c 0x000000  -1.000000
57777.575146 19.766969      NaN   -17    15 c    0   1.32 180.7794 20.80606  2546.37   837.59 3.97 3.92 -38.1 -0.404    19.84 21.99 02a57777o0705c 0x000000  -1.133333
57777.584694 19.922338      NaN   -50    13 c    0   1.61 180.7794 20.80606  2619.31   918.18 3.89 3.83 -39.7 -0.411    19.87 21.99 02a57777o0721c 0x000000  -3.846154
57777.605612 19.766969      NaN   -39    15 c    0   1.43 180.7794 20.80606  2634.88   797.17 3.96 3.90 -39.2 -0.402    19.82 21.94 02a57777o0755c 0x000000  -2.600000
57777.623034 19.841877      NaN   -85    14 c    0   1.36 180.7794 20.80606  2597.82   862.45 3.93 3.88 -34.7 -0.404    19.81 21.89 02a57777o0781c 0x000000  -6.071429
57781.549393 19.841877      NaN   -97    14 c    0   2.08 180.7794 20.80606  7571.50  9298.07 3.37 3.00 -48.4 -0.438    19.90 21.99 02a57781o0592c 0x000000  -6.928571
57781.561285 19.841877      NaN   -46    14 c    0   2.12 180.7794 20.80606  7585.98  9341.06 3.37 3.01 -49.9 -0.438    19.91 21.99 02a57781o0614c 0x000000  -3.285714
57781.587048 20.009244      NaN   -66    12 c    0   2.27 180.7794 20.80606  2966.28  1190.78 3.84 3.70 -89.4 -0.413    19.89 21.98 02a57781o0658c 0x000000  -5.500000
57781.599848 19.922338      NaN   -52    13 c    0   1.65 180.7794 20.80606  2983.64  1073.50 3.84 3.70 -86.1 -0.417    19.89 21.96 02a57781o0680c 0x000000  -4.000000
57781.613443 19.922338      NaN  -122    13 c    0   1.79 180.7794 20.80606  2948.86  1134.94 3.85 3.84 -66.6 -0.415    19.86 21.96 02a57781o0702c 0x000000  -9.384615
57809.494925 19.351140      NaN  -163    22 c    0   1.59 180.7794 20.80606  3449.11  1193.98 3.80 3.75 -84.5 -0.416    19.25 21.23 02a57809o0501c 0x000000  -7.409091
57809.524605 18.847027      NaN   -50    35 c    0   1.75 180.7794 20.80606  3431.90  1156.86 3.80 3.77 -72.3 -0.418    18.70 20.60 02a57809o0552c 0x100002  -1.428571
57809.533707 19.128787      NaN    27    18 c    0   1.60 180.7794 20.80606  3504.71  1234.18 3.79 3.74 -65.3 -0.414    19.57 21.58 02a57809o0569c 0x000000   1.500000
57809.546601 19.401649      NaN   -12    21 c    0   1.65 180.7794 20.80606  3525.11  1117.23 3.85 3.82 -59.5 -0.414    19.30 21.26 02a57809o0590c 0x000000  -0.571429
57809.568080 18.878500      NaN  -110    34 c    0   1.14 180.7794 20.80606  3471.95  1174.87 3.82 3.76 -47.6 -0.415    18.98 20.87 02a57809o0628c 0x100002  -3.235294
57817.416907 19.569016      NaN   -65    18 c    0   1.75 180.7794 20.80606  6457.42  9694.15 3.83 3.72 -76.9 -0.437    19.37 21.14 02a57817o0291c 0x000000  -3.611111
57817.438689 19.696897      NaN   -81    16 c    0   1.81 180.7794 20.80606  6471.14  9736.53 3.70 3.67 -48.4 -0.449    19.50 21.39 02a57817o0330c 0x000000  -5.062500
57817.455553 19.841877      NaN   -66    14 c    0   1.88 180.7794 20.80606  6421.39  9665.15 3.62 3.54 -38.9 -0.429    19.71 21.77 02a57817o0360c 0x000000  -4.714286
57817.478121 19.922338      NaN   -84    13 c    0   2.22 180.7794 20.80606  6398.75  9784.73 3.69 3.65 -49.4 -0.441    19.73 21.84 02a57817o0401c 0x000000  -6.461538
57817.486791 19.696897      NaN   -89    16 c    0   1.83 180.7794 20.80606  6433.90  9728.02 3.68 3.62 -28.0 -0.434    19.63 21.73 02a57817o0417c 0x000000  -5.562500
57833.453527 19.351140      NaN   -21    22 c    0   1.84 180.7794 20.80606  3548.25 10133.55 3.58 3.01  -4.1 -0.477    19.04 20.92 02a57833o0415c 0x000000  -0.954545
57833.456687 19.569016      NaN   -19    18 c    0   1.71 180.7794 20.80606  3571.89   282.61 3.96 3.82 -61.3 -0.399    19.04 20.96 02a57833o0421c 0x000000  -1.055556
57833.471674 19.367717      NaN     2    21 c    0   1.22 180.7794 20.80606  3552.24   240.97 4.14 3.96 -21.1 -0.388    18.98 20.95 02a57833o0446c 0x000000   0.095238
57833.477146 19.076453      NaN    19    22 c    0   1.76 180.7794 20.80606  3527.93 10095.44 3.76 3.09  -7.4 -0.455    18.98 20.89 02a57833o0454c 0x000000   0.863636
57833.482358 19.569016      NaN   -50    18 c    0   2.61 180.7794 20.80606  3584.23 10179.55 3.61 2.91  -5.6 -0.475    19.00 20.85 02a57833o0464c 0x000000  -2.777778
57833.486170 19.510313      NaN    -2    19 c    0   1.25 180.7794 20.80606  3608.22   324.04 4.04 3.87 -66.4 -0.392    18.96 20.84 02a57833o0470c 0x000000  -0.105263
57833.498918 19.128787      NaN    18    21 c    0   2.03 180.7794 20.80606  3620.47 10055.84 3.41 2.91  -7.9 -0.492    18.93 20.60 02a57833o0491c 0x000000   0.857143
57833.508058 19.510313      NaN   -16    19 c    0   1.89 180.7794 20.80606  3628.71   205.89 3.89 3.70 -73.2 -0.410    18.89 20.52 02a57833o0507c 0x000000  -0.842105
57833.521190 19.089302      NaN    21    21 c    0   1.29 180.7794 20.80606  3592.70   260.97 3.94 3.85 -58.9 -0.400    18.81 20.41 02a57833o0529c 0x000000   1.000000
57833.521718 18.921935      NaN    32    22 c    0   1.95 180.7794 20.80606  3565.62 10114.44 3.46 2.96  -8.0 -0.475    18.82 20.38 02a57833o0530c 0x000000   1.454545
57837.454253 19.569016      NaN  -140    18 c    0   1.67 180.7794 20.80606  2828.86  1372.97 5.13 4.21  -4.1 -0.350    18.81 20.92 02a57837o0347c 0x000000  -7.777778
57837.463004 19.510313      NaN   -32    19 c    0   1.45 180.7794 20.80606  2811.63  1334.35 5.39 4.12  -4.3 -0.344    18.78 20.90 02a57837o0362c 0x000000  -1.684211
57837.485362 19.510313      NaN  -117    19 c    0   1.35 180.7794 20.80606  2866.13  1414.97 5.48 3.95  -2.7 -0.381    18.82 20.94 02a57837o0400c 0x000000  -6.157895
57837.497474 19.696897      NaN  -103    16 c    0   1.50 180.7794 20.80606  2885.13  1295.04 3.82 3.71 -87.2 -0.410    19.06 20.93 02a57837o0420c 0x000000  -6.437500
57837.508226 19.696897      NaN   -70    16 c    0   1.42 180.7794 20.80606  2850.20  1356.28 3.86 3.74 -86.1 -0.404    19.05 20.94 02a57837o0439c 0x000000  -4.375000
57841.430692 19.696897      NaN   -50    16 c    0   1.47 180.7794 20.80606  2793.56  2719.44 4.02 3.90  82.9 -0.368    18.99 20.90 02a57841o0381c 0x000000  -3.125000
57841.458086 19.696897      NaN   -42    16 c    0   1.18 180.7794 20.80606  2779.79  2679.94 3.98 3.90  59.7 -0.370    18.98 20.88 02a57841o0431c 0x000000  -2.625000
57841.467284 19.609992      NaN     4    16 c    0   1.61 180.7794 20.80606  2835.50  2756.47 3.90 3.73  76.2 -0.382    19.01 20.86 02a57841o0448c 0x000000   0.250000
57841.478465 19.696897      NaN  -138    16 c    0   1.76 180.7794 20.80606  2853.27  2643.44 3.93 3.73  80.4 -0.378    19.00 20.84 02a57841o0468c 0x000000  -8.625000
57841.500832 19.631075      NaN   -28    17 c    0   1.18 180.7794 20.80606  2820.59  2697.86 3.87 3.69  78.3 -0.378    18.96 20.73 02a57841o0507c 0x000000  -1.647059
57869.484130 20.321591      NaN    -7     9 c    0   2.04 180.7794 20.80606  2732.34  2969.11 2.85 2.59  15.7 -0.444    19.34 20.50 02a57869o0283c 0x000000  -0.777778
57869.498898 20.103715      NaN  -116    11 c    0   2.09 180.7794 20.80606  2714.09  2930.70 2.84 2.53  16.2 -0.453    19.28 20.38 02a57869o0311c 0x000000 -10.545455
57869.513731 19.569016      NaN    18    12 c    0   1.71 180.7794 20.80606  2769.41  3009.21 2.89 2.57  15.1 -0.447    19.20 20.27 02a57869o0339c 0x000000   1.500000
57869.528554 19.922338      NaN   -85    13 c    0   3.32 180.7794 20.80606  2789.40  2891.44 3.07 2.72  13.0 -0.443    19.06 20.13 02a57869o0367c 0x000000  -6.538462
57869.542896 19.696897      NaN   -30    16 c    0   1.34 180.7794 20.80606  2753.40  2952.13 3.03 2.75  12.8 -0.442    18.91 19.92 02a57869o0394c 0x000000  -1.875000
57893.338660 20.321591      NaN   -91     9 c    0   6.39 180.7794 20.80606  2381.75  3618.85 2.95 2.28  15.5 -0.473    19.72 21.52 02a57893o0180c 0x000000 -10.111111
57893.353339 20.207197      NaN   -14    10 c    0   3.97 180.7794 20.80606  2364.74  3578.93 2.88 2.29  14.5 -0.483    19.72 21.54 02a57893o0208c 0x000000  -1.400000
57893.363879 19.922338      NaN     9    10 c    0   2.12 180.7794 20.80606  2440.25  3657.12 2.89 2.32  13.7 -0.478    19.75 21.54 02a57893o0228c 0x000000   0.900000
57893.385328 19.791368      NaN    14    10 c    0   2.56 180.7794 20.80606  2459.99  3540.28 2.88 2.30  12.3 -0.479    19.71 21.43 02a57893o0267c 0x000000   1.400000
57893.396867 19.766969      NaN    12    11 c    0   2.41 180.7794 20.80606  2425.00  3595.53 2.91 2.29  12.9 -0.477    19.68 21.37 02a57893o0289c 0x000000   1.090909
57901.336696 20.362567      NaN     2     8 c    0   3.65 180.7794 20.80606  3442.58  2072.94 2.77 2.41  27.1 -0.478    19.79 21.60 02a57901o0113c 0x000000   0.250000
57901.357156 19.652575      NaN    20    10 c    0   2.04 180.7794 20.80606  3516.72  2149.05 3.00 2.63  29.1 -0.509    19.74 21.55 02a57901o0153c 0x000000   2.000000
57901.367120 20.009244      NaN   -18    12 c    0   1.75 180.7794 20.80606  3535.72  2034.79 2.84 2.48  25.0 -0.484    19.78 21.49 02a57901o0172c 0x000000  -1.500000
57901.388758 20.009244      NaN   -10    12 c    0   1.52 180.7794 20.80606  3502.20  2091.68 2.74 2.47  26.6 -0.486    19.70 21.39 02a57901o0213c 0x000000  -0.833333
58135.651212 20.594452      NaN   -18     7 c    0   4.23 180.7794 20.80606  8611.58  7313.38 2.76 2.69  62.5 -0.432    19.77 21.78 02a58135o0935c 0x000000  -2.571429
58135.656289 20.321591      NaN   -80     9 c    0   2.06 180.7794 20.80606  8593.84  7275.68 3.18 2.85   1.8 -0.399    19.64 21.76 02a58135o0945c 0x000000  -8.888889
58163.583816 18.396507      NaN  -547    53 c    0   2.93 180.7794 20.80606  8771.34  8173.39 2.59 2.53  52.7 -0.403    17.41 19.20 02a58163o0676c 0x100002 -10.320755
58163.593551 18.445391      NaN    23    43 c    0   1.24 180.7794 20.80606  8753.43  8133.32 2.69 2.58  49.5 -0.407    17.53 19.39 02a58163o0696c 0x100002   0.534884
58163.615590 19.401649      NaN   -63    21 c    0   1.74 180.7794 20.80606  8810.26  8212.14 2.72 2.64  35.5 -0.413    19.04 21.00 02a58163o0739c 0x000000  -3.000000
58163.624718 20.071303      NaN    10     8 c    0   3.21 180.7794 20.80606  8828.30  8096.44 2.75 2.64  43.5 -0.419    19.80 21.85 02a58163o0757c 0x000000   1.250000
58167.589462 20.449472      NaN   -41     8 c    0   2.93 180.7794 20.80606  9351.80  5560.48 2.56 2.48  73.8 -0.435    19.80 21.85 02a58167o0789c 0x000000  -5.125000
58167.599014 19.841877      NaN  -177    14 c    0   2.57 180.7794 20.80606  9334.08  5522.80 2.55 2.43  69.6 -0.437    19.14 21.01 02a58167o0809c 0x000000 -12.642857
58167.608732 18.816441      NaN  -164    36 c    0   1.86 180.7794 20.80606  9390.01  5601.45 2.49 2.45 -75.3 -0.425    18.20 19.94 02a58167o0828c 0x100002  -4.555556
58167.618341 18.048890      NaN  -146    73 c    0   1.01 180.7794 20.80606  9406.98  5485.81 2.62 2.51  66.6 -0.455    17.60 19.32 02a58167o0848c 0x100002  -2.000000
58171.557482 18.702047      NaN  -106    40 c    0   1.33 180.7794 20.80606  8040.78  5736.63 2.62 2.53  63.6 -0.437    18.08 19.82 02a58171o0501c 0x100002  -2.650000
58171.567909 16.987693      NaN  -937   194 c    0   1.75 180.7794 20.80606  8022.22  5697.48 2.67 2.59  72.3 -0.443    16.32 18.03 02a58171o0521c 0x100002  -4.829897
58171.588845 17.500233      NaN  -182   121 c    0   1.11 180.7794 20.80606  8114.97  5659.79 2.51 2.50  49.1 -0.455    16.86 18.41 02a58171o0560c 0x100002  -1.504132
58227.446211 19.868040      NaN     2    13 c    0   2.18 180.7794 20.80606  9569.28  5498.54 2.60 2.54  12.2 -0.459    19.31 21.08 02a58227o0285c 0x000000   0.153846
58227.455888 18.786693      NaN  -138    37 c    0   1.04 180.7794 20.80606  9551.66  5460.31 2.60 2.57  62.0 -0.444    18.14 19.74 02a58227o0306c 0x100002  -3.729730
58227.465191 19.631075      NaN   -75    17 c    0   2.28 180.7794 20.80606  9604.92  5538.64 2.55 2.52 -87.7 -0.449    18.88 20.49 02a58227o0325c 0x000000  -4.411765
58227.474463 17.187887 0.123379   484    55 c    0   3.11 180.7794 20.80606  9623.20  5422.65 2.63 2.59  29.4 -0.446    17.60 19.14 02a58227o0345c 0x100002   8.800000
58251.399368 20.321591      NaN   -10     9 c    0   1.79 180.7794 20.80606  6726.29  7557.80 2.68 2.57 -36.5 -0.401    19.75 21.68 02a58251o0374c 0x000000  -1.111111
58251.488861 19.841877      NaN     6    12 c    0   2.24 180.7794 20.80606  8583.40  6773.52 2.78 2.65 -41.1 -0.387    19.48 21.15 02a58251o0555c 0x000000   0.500000
58251.498770 19.979496      NaN     4    11 c    0   3.19 180.7794 20.80606  8600.29  6775.67 2.76 2.58 -55.2 -0.398    19.36 21.04 02a58251o0575c 0x000000   0.363636
58251.508857 20.009244      NaN   -52    12 c    0   2.11 180.7794 20.80606  8580.01  6778.97 2.75 2.54 -46.6 -0.398    19.30 20.92 02a58251o0596c 0x000000  -4.333333
58252.442219 20.321591      NaN   -29     9 c    0   2.70 180.7794 20.80606  8592.18  6769.27 2.60 2.52 -44.2 -0.426    19.63 21.33 02a58252o0434c 0x000000  -3.222222
58252.456148 19.791368 0.246758    44    10 c    0   2.78 180.7794 20.80606  8607.33  6770.35 2.68 2.56 -47.2 -0.395    19.58 21.25 02a58252o0464c 0x000000   4.400000
58252.469887 20.321591      NaN    -7     9 c    0   2.90 180.7794 20.80606  8589.25  6768.82 2.60 2.50 -36.2 -0.431    19.53 21.15 02a58252o0490c 0x000000  -0.777778
58252.487552 19.922338      NaN   -11    13 c    0   1.41 180.7794 20.80606  8603.21  6774.40 2.70 2.61 -31.1 -0.417    19.40 21.03 02a58252o0524c 0x000000  -0.846154
58252.501740 19.631075      NaN    15    12 c    0   2.61 180.7794 20.80606  8581.52  6796.31 2.80 2.64 -31.0 -0.404    19.34 20.89 02a58252o0551c 0x000000   1.250000
58253.254429 20.207197      NaN   -99    10 c    0   2.85 180.7794 20.80606  1848.03  3674.16 3.04 3.00  16.4 -0.397    19.47 21.37 02a58253o0011c 0x000000  -9.900000
58253.261890 19.302877      NaN    -4    23 c    0   1.66 180.7794 20.80606  1900.52  3694.38 2.91 2.78  30.5 -0.412    18.59 20.44 02a58253o0025c 0x000000  -0.173913
58255.390571 20.207197      NaN   -23    10 c    0   1.95 180.7794 20.80606  7358.83  6518.45 2.58 2.47 -58.7 -0.422    19.62 21.53 02a58255o0091c 0x000000  -2.300000
58255.401692 20.321591      NaN   -16     9 c    0   2.46 180.7794 20.80606  7341.12  6480.25 2.58 2.47 -48.5 -0.418    19.59 21.49 02a58255o0114c 0x000000  -1.777778
58255.412813 19.367717      NaN    11    18 c    0   1.56 180.7794 20.80606  7395.49  6556.27 2.62 2.52 -45.1 -0.422    18.94 20.78 02a58255o0137c 0x000000   0.611111
58259.342766 19.922338      NaN   -16    13 c    0   2.05 180.7794 20.80606   626.50  6419.21 2.66 2.52 -30.4 -0.391    19.23 20.62 02a58259o0007c 0x000000  -1.230769
58259.354692 19.674510      NaN    10    13 c    0   1.67 180.7794 20.80606   606.86  6381.13 2.47 2.34 -16.0 -0.420    19.32 20.61 02a58259o0029c 0x000000   0.769231
58259.355605 19.766969      NaN     3    14 c    0   1.55 180.7794 20.80606 10231.61  6447.57 2.62 2.58  23.4 -0.454    19.38 20.74 02a58259o0031c 0x000000   0.214286
58259.366168 20.009244      NaN  -103    12 c    0   2.59 180.7794 20.80606   661.30  6476.81 2.56 2.43  -3.2 -0.402    19.34 20.74 02a58259o0050c 0x000000  -8.583333
58259.367652 19.841877      NaN   -57    14 c    0   1.58 180.7794 20.80606 10211.92  6408.78 2.78 2.69  18.5 -0.449    19.31 20.74 02a58259o0053c 0x000000  -4.071429
58259.380679 19.841877      NaN   -32    14 c    0   2.13 180.7794 20.80606 10267.96  6506.18 2.78 2.70  37.8 -0.450    19.32 20.74 02a58259o0078c 0x000000  -2.285714
58259.381135 19.922338      NaN   -12    13 c    0   2.16 180.7794 20.80606   680.58  6358.25 2.65 2.53  -0.8 -0.414    19.23 20.60 02a58259o0079c 0x000000  -0.923077
58259.390824 19.766969      NaN   -96    15 c    0   1.54 180.7794 20.80606 10286.32  6390.76 2.80 2.70  34.7 -0.470    19.35 20.74 02a58259o0100c 0x000000  -6.400000
58279.334966 20.321591      NaN    -5     9 c    0   3.99 180.7794 20.80606   547.72  6280.24 2.51 2.39 -45.6 -0.401    19.47 21.23 02a58279o0198c 0x000000  -0.555556
58279.346331 20.009244      NaN   -51    12 c    0   2.63 180.7794 20.80606   530.00  6241.32 2.50 2.41 -29.8 -0.411    19.43 21.16 02a58279o0221c 0x000000  -4.250000
58279.348810 20.103715      NaN   -32    11 c    0   2.46 180.7794 20.80606 10152.14  6308.73 2.66 2.65 -37.6 -0.432    19.51 21.26 02a58279o0226c 0x000000  -2.909091
58279.357724 20.103715      NaN   -16    11 c    0   2.84 180.7794 20.80606   585.23  6317.46 2.55 2.47  -7.4 -0.423    19.36 21.10 02a58279o0244c 0x000000  -1.454545
58279.360257 19.841877      NaN     6    12 c    0   2.23 180.7794 20.80606 10133.86  6269.45 2.69 2.60 -33.5 -0.431    19.46 21.20 02a58279o0249c 0x000000   0.500000
58279.368903 20.009244      NaN   -43    12 c    0   2.10 180.7794 20.80606   603.69  6201.64 2.50 2.44 -18.3 -0.417    19.37 21.04 02a58279o0267c 0x000000  -3.583333
58279.371438 20.009244      NaN    -8    12 c    0   1.86 180.7794 20.80606 10188.73  6349.00 2.75 2.67 -22.2 -0.427    19.41 21.16 02a58279o0272c 0x000000  -0.666667
58279.382821 19.256669      NaN    33    13 c    0   2.29 180.7794 20.80606 10207.84  6232.90 2.67 2.65   5.3 -0.447    19.38 21.06 02a58279o0295c 0x000000   2.538462
58287.303692 19.212347      NaN    27    16 c    0   1.58 180.7794 20.80606  7410.80  6435.00 2.59 2.48 -45.1 -0.412    19.08 20.36 02a58287o0127c 0x000000   1.687500
58287.314646 19.922338      NaN   -23    13 c    0   1.78 180.7794 20.80606  7392.00  6395.51 2.67 2.51 -46.5 -0.407    19.30 20.65 02a58287o0149c 0x000000  -1.769231
58287.324942 20.103715      NaN   -61    11 c    0   2.52 180.7794 20.80606  7445.75  6472.64 2.62 2.48 -42.9 -0.404    19.19 20.49 02a58287o0170c 0x000000  -5.545455
58287.335693 19.115465      NaN    40    14 c    0   1.60 180.7794 20.80606  7480.40  6358.17 2.71 2.57 -46.7 -0.411    19.22 20.61 02a58287o0192c 0x000000   2.857143
58307.293883 20.103715      NaN   -21    11 c    0   1.81 180.7794 20.80606  8046.16  6319.01 2.98 2.67 -55.0 -0.374    19.50 21.25 02a58307o0090c 0x000000  -1.909091
58307.304456 19.950541      NaN     5    11 c    0   2.23 180.7794 20.80606  8029.95  6279.03 2.84 2.71 -46.4 -0.403    19.49 21.22 02a58307o0112c 0x000000   0.454545
58307.315270 19.212347 0.159241    75    11 c    0   2.85 180.7794 20.80606  8083.32  6356.03 2.82 2.64 -49.8 -0.395    19.48 21.20 02a58307o0135c 0x000000   6.818182
58307.325891 18.990530 0.141618    92    12 c    0   1.69 180.7794 20.80606  8119.68  6239.37 2.81 2.64 -47.5 -0.393    19.46 21.18 02a58307o0157c 0x000000   7.666667
58311.281688 19.841877      NaN   -10    14 c    0   1.63 180.7794 20.80606  6995.22  8655.33 2.70 2.55 -52.5 -0.396    19.45 20.98 02a58311o0085c 0x000000  -0.714286
58311.293553 19.472870      NaN    23    12 c    0   2.35 180.7794 20.80606  6979.55  8615.52 2.76 2.61 -45.7 -0.394    19.43 21.03 02a58311o0108c 0x000000   1.916667
58311.303998 19.816329      NaN     4    13 c    0   2.78 180.7794 20.80606  7052.71  8693.80 2.67 2.54 -46.1 -0.398    19.47 21.01 02a58311o0130c 0x000000   0.307692
58311.314871 19.696897      NaN   -33    16 c    0   1.40 180.7794 20.80606  7072.36  8575.73 2.72 2.58 -41.1 -0.395    19.38 20.97 02a58311o0153c 0x000000  -2.062500
58315.264652 19.696897      NaN   -76    16 c    0   2.17 180.7794 20.80606  8963.04  5671.77 2.68 2.48 -45.0 -0.401    19.23 20.55 02a58315o0051c 0x000000  -4.750000
58315.275405 19.766969 0.313657    45    13 c    0   2.36 180.7794 20.80606  8943.34  5631.59 2.68 2.51 -44.7 -0.384    19.22 20.68 02a58315o0073c 0x000000   3.461538
58315.286493 19.841877      NaN   -11    14 c    0   2.47 180.7794 20.80606  9017.47  5709.75 2.67 2.57 -33.4 -0.409    19.25 20.70 02a58315o0096c 0x000000  -0.785714
58315.296819 19.922338      NaN   -79    13 c    0   2.69 180.7794 20.80606  9036.82  5592.41 2.64 2.49 -44.0 -0.408    19.23 20.67 02a58315o0118c 0x000000  -6.076923
58331.252173 17.785989      NaN    60    73 c    0   1.08 180.7794 20.80606  8582.68  5917.76 2.76 2.62 -43.4 -0.383    17.27 18.43 02a58331o0035c 0x100002   0.821918
58331.260340 18.702047      NaN    21    33 c    0   1.88 180.7794 20.80606  8564.86  5879.22 2.86 2.70 -48.6 -0.390    18.23 19.59 02a58331o0052c 0x100002   0.636364
58331.271571 17.439172      NaN   -99   128 c    0   1.72 180.7794 20.80606  8619.28  5958.11 3.12 2.91 -47.1 -0.383    16.94 18.25 02a58331o0075c 0x100002  -0.773438
58331.282915 17.296315      NaN -1288   146 c    0   1.31 180.7794 20.80606  8638.88  5842.10 3.58 3.35 -15.8 -0.389    16.66 18.04 02a58331o0098c 0x100002  -8.821918
58335.254584 18.142010      NaN    -6    67 c    0   1.09 180.7794 20.80606  9774.92  8523.93 2.86 2.76  11.7 -0.404    16.19 17.36 02a58335o0049c 0x100002  -0.089552
58335.263537 16.292577      NaN  -944   368 c    0   1.61 180.7794 20.80606  9792.34  8408.18 2.83 2.73  19.5 -0.411    16.49 17.77 02a58335o0068c 0x100002  -2.565217
58339.240594 14.999337      NaN   825   936 c    0   1.01 180.7794 20.80606  9129.54  8197.98 2.70 2.54  -0.0 -0.436    15.25 16.09 02a58339o0024c 0x100002   0.881410
58339.243462 15.294193      NaN  -769   923 c    0   0.78 180.7794 20.80606  9113.11  8157.16 2.79 2.72  -2.0 -0.434    15.65 16.49 02a58339o0030c 0x100002  -0.833153
58339.249206 16.602305      NaN   359   157 c    0   1.66 180.7794 20.80606  9169.38  8234.85 2.79 2.66   2.2 -0.419    17.24 18.24 02a58339o0042c 0x100002   2.286624
58339.257488 18.481707      NaN   -42    49 c    0   1.03 180.7794 20.80606  9187.90  8118.78 2.75 2.66   0.1 -0.416    17.46 18.64 02a58339o0059c 0x100002  -0.857143
58459.664861 18.921935      NaN     2    32 c    0   1.57 180.7794 20.80606  5678.26  9520.44 2.77 2.58  11.7 -0.468    18.61 19.56 02a58459o0963c 0x100002   0.062500
58487.613337 19.609992      NaN    22    10 c    0   2.62 180.7794 20.80606  1998.51  1736.79 2.70 2.51  49.8 -0.415    19.66 21.67 02a58487o0843c 0x000000   2.200000
58487.622204 19.652575      NaN    23     9 c    0   2.94 180.7794 20.80606  2015.22  1777.47 2.63 2.50  49.9 -0.417    19.63 21.71 02a58487o0860c 0x000000   2.555556
58487.631473 19.631075      NaN    21    10 c    0   1.97 180.7794 20.80606  1960.29  1700.73 2.73 2.53  54.4 -0.419    19.60 21.68 02a58487o0877c 0x000000   2.100000
58487.640891 19.631075 0.212889    51    10 c    0   2.09 180.7794 20.80606  1942.74  1818.77 2.69 2.53  47.2 -0.409    19.62 21.68 02a58487o0894c 0x000000   5.100000
58491.606055 20.449472      NaN   -35     8 c    0   4.34 180.7794 20.80606  6725.04  5643.86 2.39 2.36 -68.7 -0.423    19.77 21.87 02a58491o0835c 0x000000  -4.375000
58491.614434 19.816329      NaN    19     8 c    0   3.20 180.7794 20.80606  6740.49  5684.33 2.50 2.45  86.0 -0.418    19.72 21.86 02a58491o0851c 0x000000   2.375000
58491.623038 19.589310 0.204856    53    10 c    0   2.34 180.7794 20.80606  6687.41  5606.83 2.44 2.40  84.9 -0.429    19.74 21.85 02a58491o0868c 0x000000   5.300000
58491.632764 20.449472      NaN   -49     8 c    0   3.47 180.7794 20.80606  6668.84  5727.09 2.44 2.38 -70.3 -0.422    19.76 21.86 02a58491o0886c 0x000000  -6.125000
58519.549686 20.207197      NaN   -23    10 c    0   3.06 180.7794 20.80606  3713.04  9520.83 2.64 2.40  -1.4 -0.455    19.83 22.00 02a58519o0700c 0x000000  -2.300000
58519.560933 20.449472      NaN   -66     8 c    0   2.08 180.7794 20.80606  6883.99  1008.71 2.63 2.47  48.9 -0.424    19.86 22.00 02a58519o0723c 0x000000  -8.250000
58519.575010 20.321591      NaN    -2     9 c    0   3.03 180.7794 20.80606  6931.84  1085.24 2.59 2.48  55.5 -0.429    19.85 22.01 02a58519o0751c 0x000000  -0.222222
58519.582281 20.594452      NaN  -116     7 c    0   4.14 180.7794 20.80606  6949.11   970.62 2.64 2.48  55.6 -0.430    19.89 22.01 02a58519o0765c 0x000000 -16.571429
58575.429932 20.321591      NaN   -17     9 c    0   3.74 180.7794 20.80606  2092.19  3003.05 2.56 2.25 -52.5 -0.413    19.70 21.65 02a58575o0218c 0x000000  -1.888889
58575.441363 20.449472      NaN   -87     8 c    0   4.32 180.7794 20.80606  2070.95  2961.54 2.54 2.26 -51.3 -0.412    19.69 21.67 02a58575o0241c 0x000000 -10.875000
58575.455184 20.449472      NaN   -50     8 c    0   3.20 180.7794 20.80606  2124.93  3041.46 2.53 2.24 -49.7 -0.421    19.69 21.68 02a58575o0268c 0x000000  -6.250000
58575.462870 20.449472      NaN   -44     8 c    0   3.82 180.7794 20.80606  2143.06  2923.39 2.49 2.19 -51.8 -0.421    19.70 21.67 02a58575o0284c 0x000000  -5.500000
58579.435244 20.321591      NaN   -88     9 c    0   2.31 180.7794 20.80606   947.29  1061.67 2.66 2.34 -53.5 -0.430    19.73 21.67 02a58579o0457c 0x000000  -9.777778
58579.442775 20.449472      NaN  -116     8 c    0   2.81 180.7794 20.80606   929.15  1021.78 2.64 2.33 -52.0 -0.435    19.73 21.68 02a58579o0472c 0x000000 -14.500000
58579.448909 20.321591      NaN  -102     9 c    0   2.82 180.7794 20.80606   985.07  1098.32 2.72 2.35 -52.3 -0.438    19.72 21.66 02a58579o0485c 0x000000 -11.333333
58579.461799 20.449472      NaN   -24     8 c    0   2.91 180.7794 20.80606  1004.23   980.42 2.61 2.27 -56.3 -0.455    19.74 21.61 02a58579o0510c 0x000000  -3.000000
58583.406445 20.321591      NaN   -28     9 c    0   2.35 180.7794 20.80606  6849.51  6873.44 3.19 3.05 -52.3 -0.386    19.39 21.58 02a58583o0297c 0x000000  -3.111111
58583.410103 19.589310 0.225341    53    11 c    0   2.23 180.7794 20.80606  6830.92  6835.34 3.01 2.86 -50.8 -0.383    19.45 21.55 02a58583o0305c 0x000000   4.818182
58583.419342 20.207197      NaN   -58    10 c    0   1.96 180.7794 20.80606  6881.19  6911.73 2.96 2.80 -46.4 -0.396    19.48 21.54 02a58583o0324c 0x000000  -5.800000
58583.427292 20.103715      NaN   -61    11 c    0   1.75 180.7794 20.80606  6898.33  6798.63 3.05 2.88 -55.9 -0.388    19.43 21.52 02a58583o0341c 0x000000  -5.545455
58603.404698 20.207197      NaN   -20    10 c    0   1.94 180.7794 20.80606  8575.51  6898.31 2.66 2.49 -60.6 -0.416    19.58 21.46 02a58603o0377c 0x000000  -2.000000
58603.410601 19.419021      NaN    29    11 c    0   1.52 180.7794 20.80606  8556.79  6859.11 2.58 2.50 -61.6 -0.414    19.59 21.44 02a58603o0389c 0x000000   2.636364
58603.419967 20.207197      NaN   -23    10 c    0   1.88 180.7794 20.80606  8610.35  6937.80 2.62 2.48 -55.1 -0.410    19.60 21.44 02a58603o0409c 0x000000  -2.300000
58603.428390 20.321591      NaN   -62     9 c    0   2.99 180.7794 20.80606  8628.77  6822.81 2.57 2.45 -55.9 -0.415    19.56 21.41 02a58603o0426c 0x000000  -6.888889
58607.390936 20.103715      NaN   -26    11 c    0   1.64 180.7794 20.80606   109.67  3025.04 3.15 2.51 -50.4 -0.373    19.61 21.59 02a58607o0347c 0x000000  -2.363636
58607.396007 19.696897      NaN    21     9 c    0   3.30 180.7794 20.80606  9724.83  3035.30 2.99 2.38 -55.0 -0.406    19.69 21.64 02a58607o0358c 0x000000   2.333333
58607.397851 18.336727      NaN -1315    56 c    0   7.22 180.7794 20.80606    90.09  2984.92 2.97 2.37 -49.6 -0.388    19.64 21.61 02a58607o0362c 0x100002 -23.482143
58607.410542 20.321591      NaN   -62     9 c    0   2.74 180.7794 20.80606   146.03  3062.22 2.96 2.38 -47.5 -0.377    19.61 21.60 02a58607o0387c 0x000000  -6.888889
58607.411000 20.207197      NaN   -32    10 c    0   1.71 180.7794 20.80606  9706.39  2996.89 2.89 2.36 -54.7 -0.405    19.68 21.66 02a58607o0388c 0x000000  -3.200000
58607.416569 20.103715      NaN   -26    11 c    0   1.55 180.7794 20.80606  9778.56  3074.68 3.10 2.59 -54.4 -0.389    19.58 21.64 02a58607o0400c 0x000000  -2.363636
58607.417027 20.207197      NaN   -19    10 c    0   1.60 180.7794 20.80606   164.65  2943.66 3.01 2.43 -50.5 -0.385    19.62 21.58 02a58607o0401c 0x000000  -1.900000
58607.430349 20.103715      NaN   -17    11 c    0   1.80 180.7794 20.80606  9796.57  2962.62 3.30 2.79 -56.3 -0.390    19.49 21.58 02a58607o0426c 0x000000  -1.545455
58611.387144 20.449472      NaN   -94     8 c    0   2.82 180.7794 20.80606  8882.21  5162.77 2.44 2.41  52.8 -0.401    19.79 21.58 02a58611o0322c 0x000000 -11.750000
58611.389948 20.449472      NaN  -139     8 c    0   5.73 180.7794 20.80606  8865.10  5125.88 2.45 2.37 -64.3 -0.408    19.82 21.57 02a58611o0326c 0x000000 -17.375000
58611.396636 20.449472      NaN   -86     8 c    0   4.22 180.7794 20.80606  8923.12  5203.94 2.48 2.41  44.1 -0.404    19.78 21.57 02a58611o0336c 0x000000 -10.750000
58611.413773 20.321591      NaN   -68     9 c    0   2.82 180.7794 20.80606  8940.20  5084.05 2.50 2.41  42.6 -0.399    19.79 21.56 02a58611o0367c 0x000000  -7.555556
58635.339953 19.743105      NaN    19     9 c    0   2.69 180.7794 20.80606  7395.64  9326.54 2.63 2.56  55.7 -0.408    19.77 21.67 02a58635o0234c 0x000000   2.111111
58635.343348 20.321591      NaN   -20     9 c    0   3.05 180.7794 20.80606  7376.47  9286.76 2.59 2.57 -31.4 -0.406    19.79 21.68 02a58635o0241c 0x000000  -2.222222
58635.359577 20.594452      NaN   -85     7 c    0   3.76 180.7794 20.80606  7434.17  9363.79 2.71 2.54  42.4 -0.396    19.75 21.65 02a58635o0275c 0x000000 -12.142857
58635.375418 19.609992      NaN    19    11 c    0   1.37 180.7794 20.80606  7451.66  9247.69 2.73 2.52  45.3 -0.401    19.73 21.53 02a58635o0308c 0x000000   1.727273
58639.282513 20.321591      NaN   -44     9 c    0   1.87 180.7794 20.80606  7397.90  9326.35 2.72 2.65 -68.7 -0.401    19.68 21.42 02a58639o0084c 0x000000  -4.888889
58639.285978 20.171596 0.315214    31     9 c    0   2.94 180.7794 20.80606  7378.52  9286.48 2.70 2.54 -58.2 -0.413    19.70 21.41 02a58639o0090c 0x000000   3.444444
58639.292152 19.868040      NaN    11    10 c    0   1.65 180.7794 20.80606  7435.55  9365.96 2.75 2.57 -57.3 -0.406    19.67 21.37 02a58639o0102c 0x000000   1.100000
58639.303869 20.207197      NaN   -34    10 c    0   2.02 180.7794 20.80606  7453.91  9248.33 2.69 2.53 -44.4 -0.409    19.71 21.36 02a58639o0125c 0x000000  -3.400000
58663.245917 17.654224      NaN    27    96 c    0   0.85 180.7794 20.80606  5397.22  7460.86 2.50 2.33  43.4 -0.467    17.37 18.15 02a58663o0025c 0x100002   0.281250
58663.248779 18.590371      NaN    19    38 c    0   2.26 180.7794 20.80606  5379.57  7420.28 2.45 2.31  41.2 -0.412    18.02 18.81 02a58663o0031c 0x100002   0.500000
58663.255685 19.696897      NaN   -22    16 c    0   2.04 180.7794 20.80606  5437.88  7496.37 2.42 2.35  44.4 -0.413    19.13 20.15 02a58663o0045c 0x000000  -1.375000
58663.268676 19.569016      NaN    21    11 c    0   2.70 180.7794 20.80606  5448.83  7380.51 2.50 2.32  46.7 -0.408    19.58 21.13 02a58663o0071c 0x000000   1.909091
58667.264463 20.103715      NaN   -80    11 c    0   2.05 180.7794 20.80606  1339.88   876.59 2.38 2.21 -71.2 -0.449    19.60 21.11 02a58667o0062c 0x000000  -7.272727
58667.267721 20.207197      NaN   -43    10 c    0   2.53 180.7794 20.80606  1319.96   837.14 2.39 2.22 -73.6 -0.445    19.64 21.26 02a58667o0069c 0x000000  -4.300000
58667.274157 20.449472      NaN   -75     8 c    0   2.53 180.7794 20.80606  1380.46   913.82 2.50 2.32 -71.8 -0.438    19.65 21.35 02a58667o0083c 0x000000  -9.375000
58667.285835 20.071303      NaN     4    10 c    0   2.32 180.7794 20.80606  1400.54   793.18 2.46 2.27 -70.8 -0.443    19.66 21.35 02a58667o0108c 0x000000   0.400000
58815.607643 19.051202      NaN   -26    29 c    0   1.61 180.7794 20.80606  5966.36  7670.57 2.85 2.45  35.7 -0.381    18.43 20.16 02a58815o0846c 0x100002  -0.896552
58815.611343 19.351140      NaN  -113    22 c    0   1.67 180.7794 20.80606  5988.48  7710.30 2.56 2.46   6.1 -0.392    18.58 20.29 02a58815o0854c 0x000000  -5.136364
58815.618362 19.569016      NaN   -96    18 c    0   1.95 180.7794 20.80606  5927.77  7632.34 2.76 2.36  35.8 -0.384    18.72 20.46 02a58815o0868c 0x000000  -5.333333
58815.630263 19.510313      NaN   -15    19 c    0   1.47 180.7794 20.80606  5907.47  7749.50 2.75 2.43  34.5 -0.386    19.04 20.78 02a58815o0893c 0x000000  -0.789474
58815.661529 18.816441      NaN   -59    36 c    0   1.93 180.7794 20.80606  5947.93  7694.93 2.54 2.41  32.3 -0.407    18.04 18.93 02a58815o0959c 0x100002  -1.638889
58871.623992 20.449472      NaN   -77     8 c    0   4.99 180.7794 20.80606  1324.11   866.67 2.72 2.27 -57.4 -0.419    19.78 21.63 02a58871o0860c 0x000000  -9.625000
58871.631212 20.103715 0.329011    33    10 c    0   2.72 180.7794 20.80606  1304.19   825.44 2.63 2.27 -60.7 -0.419    19.81 21.61 02a58871o0875c 0x000000   3.300000
58871.633955 19.868040 0.238332    41     9 c    0   3.00 180.7794 20.80606  1364.86   903.45 2.59 2.27 -60.4 -0.425    19.78 21.62 02a58871o0881c 0x000000   4.555556
58871.654649 20.449472      NaN   -50     8 c    0   4.21 180.7794 20.80606  1380.11   784.94 2.63 2.28 -61.9 -0.423    19.74 21.59 02a58871o0923c 0x000000  -6.250000
58875.579954 19.922338      NaN    12     9 c    0   4.14 180.7794 20.80606  9314.00  3385.40 2.64 2.34 -59.7 -0.394    19.84 21.97 02a58875o0788c 0x000000   1.333333
58875.583436 18.836735 0.102428   106    10 c    0   2.73 180.7794 20.80606  9334.71  3430.62 2.59 2.40 -59.8 -0.397    19.83 21.98 02a58875o0795c 0x000000  10.600000
58875.590879 19.472870      NaN    26    11 c    0   3.50 180.7794 20.80606  1312.02  7225.47 2.34 2.11 -46.2 -0.449    19.84 21.98 02a58875o0809c 0x000000   2.363636
58875.608051 19.115465 0.119166    82     9 c    0   2.55 180.7794 20.80606  1329.59  7104.26 2.25 2.15 -57.6 -0.435    19.86 21.97 02a58875o0841c 0x000000   9.111111
58879.638634 19.609992      NaN    10    14 c    0   3.13 180.7794 20.80606  1266.40  7184.67 2.28 2.22 -46.7 -0.434    19.05 20.83 02a58879o0891c 0x000000   0.714286
58879.652407 17.323930      NaN   124   101 c    0   1.12 180.7794 20.80606  1245.56  7145.84 2.36 2.30 -43.0 -0.413    16.69 18.25 02a58879o0919c 0x100002   1.227723
58879.667081 19.128787      NaN    18    21 c    0   1.59 180.7794 20.80606  1302.52  7221.74 2.31 2.30 -34.0 -0.424    18.73 20.18 02a58879o0947c 0x000000   0.857143
58879.671892 19.351140      NaN   -41    22 c    0   1.49 180.7794 20.80606  1323.07  7105.80 2.33 2.27 -40.7 -0.426    18.74 19.94 02a58879o0955c 0x000000  -1.863636
58883.652253 20.071303      NaN     7     9 c    0   2.71 180.7794 20.80606  6590.77  4745.71 2.35 2.26 -64.7 -0.414    19.78 21.78 02a58883o0750c 0x000000   0.777778
58883.656759 19.652575 0.217147    50    10 c    0   3.03 180.7794 20.80606  6570.40  4707.47 2.32 2.28 -81.0 -0.413    19.79 21.75 02a58883o0759c 0x000000   5.000000
58883.661789 20.321591      NaN   -12     9 c    0   3.01 180.7794 20.80606  6628.06  4785.85 2.38 2.32  79.0 -0.410    19.74 21.63 02a58883o0769c 0x000000  -1.333333
58883.664991 19.115465 0.105925    82     8 c    0   4.19 180.7794 20.80606  6646.76  4669.66 2.39 2.36  70.5 -0.409    19.67 21.40 02a58883o0776c 0x000000  10.250000
58903.413443 20.282105 0.348987    28     9 c    0   4.28 180.7794 20.80606  1793.30  7350.30 2.55 2.18 -50.3 -0.420    19.73 21.74 02a58903o0409c 0x000000   3.111111
58903.417357 19.791368 0.222082    44     9 c    0   2.44 180.7794 20.80606  1806.78  7389.97 2.62 2.14 -50.1 -0.426    19.73 21.75 02a58903o0417c 0x000000   4.888889
58903.424184 19.169763 0.139197    78    10 c    0   3.07 180.7794 20.80606  1750.56  7312.76 2.44 2.37   3.9 -0.400    19.76 21.76 02a58903o0431c 0x000000   7.800000
58903.434889 19.609992      NaN    22    10 c    0   3.28 180.7794 20.80606  1733.77  7428.13 2.49 2.29 -44.9 -0.427    19.73 21.80 02a58903o0453c 0x000000   2.200000
58931.516885 20.207197      NaN     3     9 c    0   4.21 180.7794 20.80606  4650.78  4847.69 2.40 2.32 -63.2 -0.404    19.74 21.72 02a58931o0583c 0x000000   0.333333
58931.519797 20.321591      NaN    -2     9 c    0   3.35 180.7794 20.80606  4631.90  4807.93 2.56 2.49 -65.4 -0.395    19.67 21.70 02a58931o0589c 0x000000  -0.222222
58931.525773 20.171596      NaN     4     9 c    0   3.49 180.7794 20.80606  4688.03  4886.53 2.77 2.66 -52.2 -0.396    19.57 21.68 02a58931o0600c 0x000000   0.444444
58931.538074 20.449472      NaN    -9     8 c    0   3.12 180.7794 20.80606  4704.08  4769.47 2.50 2.45 -69.3 -0.396    19.65 21.63 02a58931o0624c 0x000000  -1.125000
58959.367567 20.244005 0.336953    29     9 c    0   2.77 180.7794 20.80606  3455.95  7562.08 2.49 2.34  34.4 -0.394    19.71 21.49 02a58959o0287c 0x000000   3.222222
58959.370340 19.472870 0.184023    59    10 c    0   2.65 180.7794 20.80606  3439.56  7525.58 2.42 2.30  36.0 -0.401    19.73 21.49 02a58959o0293c 0x000000   5.900000
58959.375889 19.950541      NaN     8    10 c    0   2.46 180.7794 20.80606  3496.16  7602.75 2.51 2.34  36.1 -0.387    19.72 21.48 02a58959o0303c 0x000000   0.800000
58959.388068 19.766969 0.265402    45    11 c    0   1.57 180.7794 20.80606  3513.93  7481.34 2.52 2.34  39.0 -0.390    19.68 21.45 02a58959o0327c 0x000000   4.090909
58963.379095 13.861391      NaN -1745  3454 c    0   1.50 180.7794 20.80606  2619.29  2972.72 2.54 2.50  67.0 -0.402    14.77 16.21 02a58963o0334c 0x100002  -0.505211
58963.382315 17.963129      NaN  -168    79 c    0   0.98 180.7794 20.80606  2677.95  3050.34 2.49 2.40  63.6 -0.400    17.29 18.77 02a58963o0341c 0x100002  -2.126582
58983.320936 20.282105 0.310210    28     8 c    0   2.45 180.7794 20.80606  6548.34  2815.27 2.51 2.20 -57.4 -0.397    19.75 21.68 02a58983o0171c 0x000000   3.500000
58983.323698 20.594452      NaN   -16     7 c    0   4.65 180.7794 20.80606  6529.11  2777.66 2.44 2.14 -58.2 -0.406    19.78 21.69 02a58983o0177c 0x000000  -2.285714
58983.328800 20.244005 0.299513    29     8 c    0   3.53 180.7794 20.80606  6588.29  2855.36 2.44 2.17 -57.5 -0.398    19.76 21.68 02a58983o0188c 0x000000   3.625000
58983.338985 19.979496 0.234754    37     8 c    0   3.21 180.7794 20.80606  6608.21  2741.20 2.44 2.13 -55.5 -0.398    19.78 21.66 02a58983o0209c 0x000000   4.625000
58987.355281 19.696897 0.203576    48     9 c    0   3.26 180.7794 20.80606  5458.47  9401.49 2.64 2.59 -50.8 -0.394    19.70 21.58 02a58987o0264c 0x000000   5.333333
58987.358959 20.103715      NaN   -57    11 c    0   1.89 180.7794 20.80606  5439.16  9362.88 2.71 2.64  60.0 -0.388    19.67 21.58 02a58987o0272c 0x000000  -5.181818
58987.364503 19.766969      NaN    12    11 c    0   2.68 180.7794 20.80606  5496.33  9440.78 2.62 2.60 -66.6 -0.394    19.65 21.56 02a58987o0284c 0x000000   1.090909
58987.376475 19.197966 0.142860    76    10 c    0   2.31 180.7794 20.80606  5516.39  9323.57 2.69 2.58 -46.8 -0.401    19.64 21.52 02a58987o0310c 0x000000   7.600000
58991.313952 19.491430      NaN    28    10 c    0   2.16 180.7794 20.80606  5463.31  9402.89 2.72 2.65 -78.1 -0.394    19.69 21.67 02a58991o0122c 0x000000   2.800000
58991.319183 19.791368 0.271434    44    11 c    0   2.12 180.7794 20.80606  5443.33  9364.45 2.84 2.71 -60.2 -0.401    19.64 21.65 02a58991o0133c 0x000000   4.000000
58991.322385 19.894850 0.271434    40    10 c    0   2.45 180.7794 20.80606  5501.45  9442.54 2.95 2.73 -57.1 -0.395    19.59 21.62 02a58991o0140c 0x000000   4.000000
58995.343791 20.321591      NaN   -57     9 c    0   3.05 180.7794 20.80606   759.94  5059.99 2.42 2.25 -59.0 -0.419    19.67 21.51 02a58995o0228c 0x000000  -6.333333
58995.349325 19.841877 0.232658    42     9 c    0   4.25 180.7794 20.80606   739.75  5019.41 2.41 2.32  39.5 -0.404    19.65 21.51 02a58995o0240c 0x000000   4.666667
58995.353011 20.449472      NaN   -19     8 c    0   2.71 180.7794 20.80606   799.13  5097.16 2.39 2.25 -51.3 -0.422    19.68 21.48 02a58995o0248c 0x000000  -2.375000
58995.364164 20.405150      NaN     1     8 c    0   3.38 180.7794 20.80606   818.68  4979.49 2.35 2.25 -59.7 -0.422    19.68 21.44 02a58995o0272c 0x000000   0.125000
59008.264993 19.631075      NaN    -9    17 c    0   1.41 180.7794 20.80606  2721.94  4950.15 2.58 2.46  35.0 -0.413    19.01 20.68 02a59008o0055c 0x000000  -0.529412
59008.268698 20.009244      NaN   -11    12 c    0   2.12 180.7794 20.80606  2702.69  4911.65 2.52 2.39  33.9 -0.407    19.29 20.97 02a59008o0063c 0x000000  -0.916667
59008.275223 20.449472      NaN   -68     8 c    0   3.61 180.7794 20.80606  2758.96  4988.61 2.58 2.50  46.6 -0.403    19.45 21.24 02a59008o0077c 0x000000  -8.500000
59008.295717 20.009244      NaN   -71    12 c    0   2.25 180.7794 20.80606  2775.13  4869.58 2.49 2.40 -84.4 -0.414    19.30 21.05 02a59008o0120c 0x000000  -5.916667
59019.291641 18.786693      NaN   -38    37 c    0   1.39 180.7794 20.80606  9238.35  7302.65 2.98 2.97  14.9 -0.381    18.18 19.85 02a59019o0107c 0x100002  -1.027027
59019.295300 18.675237      NaN   -45    41 c    0   1.51 180.7794 20.80606  9219.09  7263.23 2.92 2.83  41.3 -0.396    18.12 19.71 02a59019o0115c 0x100002  -1.097561
59019.301289 18.767304      NaN     5    36 c    0   1.46 180.7794 20.80606  9278.01  7341.81 2.97 2.86  33.6 -0.396    18.22 19.83 02a59019o0128c 0x100002   0.138889
59019.314597 18.481707      NaN  -198    49 c    0   1.66 180.7794 20.80606  9298.84  7225.34 3.07 3.02  26.6 -0.388    17.81 19.43 02a59019o0157c 0x100002  -4.040816
59023.254951 19.318728 0.303367    68    19 c    0   1.78 180.7794 20.80606  9246.23  7303.41 2.76 2.52 -64.3 -0.406    19.11 20.16 02a59023o0025c 0x000000   3.578947
59023.259117 19.841877      NaN   -33    14 c    0   1.92 180.7794 20.80606  9226.92  7263.73 2.86 2.65 -63.4 -0.396    19.41 20.83 02a59023o0034c 0x000000  -2.357143
59023.266004 19.549093 0.197407    55    10 c    0   2.71 180.7794 20.80606  9286.46  7341.51 2.79 2.56 -57.7 -0.400    19.66 21.33 02a59023o0049c 0x000000   5.500000
59023.278403 19.401649 0.172339    63    10 c    0   2.55 180.7794 20.80606  9303.73  7225.22 2.65 2.53 -60.3 -0.402    19.69 21.48 02a59023o0076c 0x000000   6.300000
59043.290237 19.302877 0.204559    69    13 c    0   1.63 180.7794 20.80606  9305.18  9262.25 3.16 2.81  36.7 -0.355    19.40 21.18 02a59043o0042c 0x000000   5.307692
59043.293461 19.631075      NaN    15    12 c    0   2.72 180.7794 20.80606  9285.81  9222.25 3.00 2.73  34.7 -0.362    19.43 21.19 02a59043o0049c 0x000000   1.250000
59043.300809 18.878500 0.138378   102    13 c    0   2.17 180.7794 20.80606  9342.61  9301.47 3.00 2.70  29.6 -0.361    19.41 21.14 02a59043o0065c 0x000000   7.846154
59043.310922 18.944322 0.147027    96    13 c    0   2.26 180.7794 20.80606  9361.22  9183.20 2.82 2.68  -6.7 -0.375    19.36 21.00 02a59043o0087c 0x000000   7.384615
59051.252021 19.014394      NaN   -98    30 c    0   1.66 180.7794 20.80606   685.07  3124.89 2.40 2.21 -64.5 -0.420    18.23 19.26 02a59051o0022c 0x100002  -3.266667
59051.255223 19.197966      NaN    19    19 c    0   2.07 180.7794 20.80606   665.62  3084.79 2.36 2.21 -65.9 -0.413    18.77 19.87 02a59051o0029c 0x000000   1.000000
59051.263011 19.922338      NaN   -29    13 c    0   2.43 180.7794 20.80606   726.82  3159.99 2.44 2.18 -59.0 -0.418    19.34 20.75 02a59051o0046c 0x000000  -2.230769
59051.273152 20.009244      NaN   -20    12 c    0   2.49 180.7794 20.80606   746.43  3041.26 2.44 2.16 -59.8 -0.420    19.36 20.87 02a59051o0068c 0x000000  -1.666667
59195.633359 19.652575 0.217147    50    10 c    0   2.26 180.7794 20.80606  9813.66  5510.39 2.69 2.59  -1.1 -0.400    19.71 21.64 02a59195o0943c 0x000000   5.000000
59195.635189 20.449472      NaN   -12     8 c    0   3.48 180.7794 20.80606  9832.84  5548.92 2.61 2.59  -5.2 -0.406    19.74 21.63 02a59195o0947c 0x000000  -1.500000
59195.638389 19.922338      NaN    12     9 c    0   3.19 180.7794 20.80606  9774.26  5472.12 2.63 2.61 -70.5 -0.399    19.71 21.60 02a59195o0954c 0x000000   1.333333
59195.646150 19.589310      NaN    26     9 c    0   3.41 180.7794 20.80606  9756.50  5590.29 2.64 2.60  32.1 -0.397    19.71 21.56 02a59195o0969c 0x000000   2.888889
59197.578851 20.449472      NaN   -14     8 c    0   4.52 180.7794 20.80606  8779.83  3208.68 2.55 2.44 -66.4 -0.385    19.83 21.83 01a59197o0654c 0x000000  -1.750000
59197.584192 20.137125 0.305363    32     9 c    0   4.00 180.7794 20.80606  8763.70  3172.29 2.67 2.50 -76.0 -0.385    19.76 21.83 01a59197o0664c 0x000000   3.555556
59197.588401 20.449472      NaN     0     8 c    0   2.62 180.7794 20.80606  8825.72  3253.05 3.20 2.60   6.0 -0.342    19.68 21.83 01a59197o0673c 0x000000   0.000000
59197.599196 20.449472      NaN   -73     8 c    0   5.77 180.7794 20.80606  8842.74  3131.85 2.57 2.42 -60.7 -0.386    19.83 21.85 01a59197o0696c 0x000000  -9.125000
59205.594072 20.449472      NaN   -21     8 c    0   4.39 180.7794 20.80606  3574.04  9495.94 2.62 2.41 -67.3 -0.384    19.79 21.67 01a59205o0792c 0x000000  -2.625000
59205.596871 20.449472 0.361912    24     8 c    0   3.49 180.7794 20.80606  3556.47  9457.97 2.48 2.28 -58.2 -0.388    19.79 21.70 01a59205o0798c 0x000000   3.000000
59205.603351 20.321591      NaN     3     8 c    0   3.99 180.7794 20.80606  3613.09  9535.54 2.37 2.16 -68.9 -0.392    19.89 21.70 01a59205o0810c 0x000000   0.375000
59205.610011 20.594452      NaN   -43     7 c    0   4.72 180.7794 20.80606  3632.03  9416.64 2.40 2.16 -68.3 -0.391    19.91 21.81 01a59205o0824c 0x000000  -6.142857
59207.575832 19.589310      NaN    20    11 c    0   2.22 180.7794 20.80606  7857.74  5625.68 2.63 2.46  44.4 -0.391    19.69 21.62 02a59207o0774c 0x000000   1.818182
59207.578119 19.472870      NaN    29    10 c    0   2.57 180.7794 20.80606  7877.44  5663.48 2.59 2.45  44.3 -0.391    19.73 21.63 02a59207o0779c 0x000000   2.900000
59207.591959 20.171596      NaN     4     9 c    0   2.74 180.7794 20.80606  7819.69  5588.77 2.52 2.44  49.2 -0.394    19.78 21.67 02a59207o0805c 0x000000   0.444444
59207.598400 20.207197      NaN   -62    10 c    0   2.66 180.7794 20.80606  7799.36  5705.22 2.54 2.48  42.7 -0.395    19.77 21.67 02a59207o0819c 0x000000  -6.200000
59229.622290 20.594452      NaN   -52     7 c    0   4.25 180.7794 20.80606  5881.13  5725.07 2.35 2.24 -75.3 -0.376    19.99 22.04 01a59229o0599c 0x000000  -7.428571
59229.626049 20.594452      NaN   -31     7 c    0   4.24 180.7794 20.80606  5902.14  5763.02 2.36 2.25 -71.5 -0.373    19.96 22.05 01a59229o0607c 0x000000  -4.428571
59229.661361 20.594452      NaN   -14     7 c    0   3.02 180.7794 20.80606  5854.80  5683.00 2.45 2.37  88.9 -0.365    19.87 21.77 01a59229o0673c 0x000000  -2.000000
59229.667340 19.743105      NaN    19     9 c    0   2.71 180.7794 20.80606  5834.15  5798.58 2.67 2.39 -16.6 -0.349    19.53 20.92 01a59229o0684c 0x000000   2.111111
59231.527956 19.609992      NaN    25     9 c    0   4.03 180.7794 20.80606  2979.62  9508.94 2.49 2.32 -41.8 -0.419    19.76 21.86 02a59231o0684c 0x000000   2.777778
59231.529787 20.207197      NaN   -38    10 c    0   5.05 180.7794 20.80606  2999.53  9548.26 2.44 2.26 -44.2 -0.427    19.79 21.86 02a59231o0688c 0x000000  -3.800000
59231.532538 20.137125      NaN     2    10 c    0   3.80 180.7794 20.80606  2939.95  9469.64 2.41 2.26 -46.3 -0.426    19.79 21.87 02a59231o0694c 0x000000   0.200000
59231.538713 20.321591      NaN   -13     9 c    0   5.47 180.7794 20.80606  2920.52  9589.33 2.51 2.32 -40.6 -0.422    19.79 21.88 02a59231o0707c 0x000000  -1.444444
59233.490268 17.210554      NaN  -875   158 c    0   1.76 180.7794 20.80606  5626.05  1146.05 2.52 2.34  84.1 -0.407    16.56 18.71 01a59233o0147c 0x100002  -5.537975
59233.493950 17.751519      NaN -1158    96 c    0   3.19 180.7794 20.80606  5607.02  1108.38 2.43 2.17  83.4 -0.423    16.79 18.88 01a59233o0155c 0x100002 -12.062500
59233.505676 16.866048      NaN  -979   217 c    0   1.54 180.7794 20.80606  5664.43  1181.74 2.76 2.36  86.5 -0.401    15.99 18.18 01a59233o0178c 0x100002  -4.511521
59235.540940 19.510313      NaN   -20    19 c    0   1.37 180.7794 20.80606  3194.04  1258.27 2.53 2.37 -72.2 -0.429    18.89 20.82 02a59235o0703c 0x000000  -1.052632
59235.543798 19.212347 0.304006    75    21 c    0   1.86 180.7794 20.80606  3213.48  1297.62 2.46 2.34 -86.6 -0.421    18.87 20.74 02a59235o0709c 0x000000   3.571429
59235.560598 19.169763      NaN   -10    26 c    0   2.13 180.7794 20.80606  3159.83  1221.54 2.49 2.40 -79.8 -0.423    18.37 20.19 02a59235o0742c 0x000000  -0.384615
59237.618285 17.607010 0.145205   329    44 c    0   1.58 180.7794 20.80606  4949.80  9412.06 2.23 2.12 -69.6 -0.377    17.62 19.57 01a59237o0023c 0x100002   7.477273
59237.621963 16.993304      NaN  -854   193 c    0   2.17 180.7794 20.80606  4971.08  9453.00 2.30 2.19 -60.2 -0.369    16.07 18.12 01a59237o0031c 0x100002  -4.424870
59253.484474 20.282105 0.310210    28     8 c    0   3.38 180.7794 20.80606  3472.40  7554.98 2.57 2.29 -78.8 -0.403    19.80 22.03 01a59253o0543c 0x000000   3.500000
59253.487727 20.449472      NaN   -56     8 c    0   3.36 180.7794 20.80606  3454.07  7515.70 2.48 2.17 -78.3 -0.405    19.86 22.03 01a59253o0550c 0x000000  -7.000000
59253.490492 20.761819      NaN   -28     6 c    0   5.57 180.7794 20.80606  3511.98  7591.49 2.46 2.21 -78.5 -0.404    19.82 22.03 01a59253o0556c 0x000000  -4.666667
59253.500669 20.594452      NaN   -45     7 c    0   5.73 180.7794 20.80606  3526.92  7475.79 2.48 2.15 -81.4 -0.408    19.85 22.06 01a59253o0577c 0x000000  -6.428571
59253.669517 19.076453      NaN     7    26 c    0   1.85 180.7794 20.80606  7054.07  3018.59 2.75 2.48 -86.5 -0.408    18.47 19.31 01a59253o0924c 0x000000   0.269231
59255.472819 20.449472      NaN   -39     8 c    0   3.56 180.7794 20.80606  9901.84  7450.00 2.65 2.60  18.8 -0.397    19.80 21.88 02a59255o0552c 0x000000  -4.875000
59255.474649 19.950541      NaN    14     8 c    0   4.43 180.7794 20.80606  9924.22  7488.98 2.66 2.56  33.1 -0.396    19.83 21.87 02a59255o0556c 0x000000   1.750000
59255.481806 19.922338      NaN    15     8 c    0   3.53 180.7794 20.80606  9859.59  7414.28 2.78 2.57  34.3 -0.391    19.78 21.89 02a59255o0569c 0x000000   1.875000
59255.486902 20.959772      NaN  -111     5 c    0   8.17 180.7794 20.80606  9841.93  7530.32 2.78 2.59  34.8 -0.393    19.80 21.90 02a59255o0580c 0x000000 -22.200000
59257.543556 20.594452      NaN     0     7 c    0   4.65 180.7794 20.80606  7913.28  7560.64 2.50 2.47 -80.7 -0.376    19.86 22.12 01a59257o0715c 0x000000   0.000000
59257.546784 19.719755      NaN    20     9 c    0   3.19 180.7794 20.80606  7934.23  7598.88 2.61 2.57  81.7 -0.372    19.81 22.12 01a59257o0722c 0x000000   2.222222
59257.576703 20.959772      NaN   -41     5 c    0   7.38 180.7794 20.80606  7881.48  7514.06 2.45 2.34  81.9 -0.377    19.87 22.08 01a59257o0782c 0x000000  -8.200000
59257.583568 20.449472      NaN   -25     8 c    0   3.63 180.7794 20.80606  7863.16  7628.94 2.44 2.35   2.1 -0.385    19.72 22.21 01a59257o0796c 0x000000  -3.125000
59261.457705 20.207197      NaN   -28    10 c    0   6.58 180.7794 20.80606  2640.61  3001.92 2.33 2.07  88.5 -0.426    19.52 21.92 01a59261o0517c 0x000000  -2.800000
59261.459547 19.950541      NaN     5    11 c    0   2.84 180.7794 20.80606  2620.73  2962.65 2.37 2.20  76.7 -0.409    19.62 22.01 01a59261o0521c 0x000000   0.454545
59261.464767 19.868040 0.211851    41     8 c    0   5.97 180.7794 20.80606  2678.90  3039.16 2.21 2.17  77.3 -0.398    19.86 21.88 01a59261o0532c 0x000000   5.125000
59261.469836 20.543943 0.296110    22     6 c    0   8.64 180.7794 20.80606  2697.62  2923.18 2.19 2.17  55.0 -0.403    19.88 21.89 01a59261o0543c 0x000000   3.666667
59263.499951 18.816441      NaN   -68    36 c    0   1.52 180.7794 20.80606  5203.16  3122.57 2.48 2.27  40.0 -0.394    18.13 19.93 02a59263o0329c 0x100002  -1.888889
59263.503153 18.459772      NaN   -61    50 c    0   1.77 180.7794 20.80606  5222.50  3162.11 2.45 2.24  40.0 -0.402    17.78 19.56 02a59263o0336c 0x100002  -1.220000
59263.511486 17.456271      NaN  -198   126 c    0   1.81 180.7794 20.80606  5166.33  3087.14 2.45 2.27  39.9 -0.396    17.37 19.04 02a59263o0354c 0x100002  -1.571429
59263.526544 18.526952      NaN    -3    47 c    0   1.08 180.7794 20.80606  5446.21  7370.86 2.62 2.33  39.8 -0.396    17.96 19.70 02a59263o0384c 0x100002  -0.063830
59291.390860 20.321591      NaN   -28     9 c    0   3.30 180.7794 20.80606  6931.09  9319.84 2.53 2.40 -59.2 -0.410    19.80 21.73 02a59291o0139c 0x000000  -3.111111
59291.393741 20.207197 0.325721    30     9 c    0   2.88 180.7794 20.80606  6951.25  9358.77 2.50 2.44 -66.2 -0.405    19.79 21.73 02a59291o0145c 0x000000   3.333333
59291.396485 20.321591      NaN    -6     9 c    0   5.23 180.7794 20.80606  6891.96  9280.94 2.53 2.51  46.5 -0.404    19.77 21.73 02a59291o0151c 0x000000  -0.666667
59291.431811 19.816329      NaN    19     8 c    0   5.00 180.7794 20.80606  3717.76  1175.38 2.37 2.27 -82.1 -0.424    19.77 21.77 02a59291o0225c 0x000000   2.375000
59309.445801 20.449472      NaN    -4     8 c    0   3.18 180.7794 20.80606  5970.91  7669.66 2.29 2.17 -89.9 -0.381    19.96 22.04 01a59309o0296c 0x000000  -0.500000
59309.448721 20.282105      NaN    10     6 c    0   7.40 180.7794 20.80606  5991.37  7708.56 2.24 2.06 -78.2 -0.388    20.04 22.02 01a59309o0302c 0x000000   1.666667
59309.454027 20.405150      NaN     4     7 c    0   6.86 180.7794 20.80606  5933.33  7630.50 2.37 2.08 -86.2 -0.390    20.02 21.91 01a59309o0313c 0x000000   0.571429
59309.490272 19.922338 0.194876    39     7 c    0   5.64 180.7794 20.80606  5921.21  7742.53 2.29 2.05 -77.1 -0.389    20.03 21.86 01a59309o0388c 0x000000   5.571429
59313.399893 20.594452      NaN   -36     7 c    0   4.49 180.7794 20.80606  1286.29  3331.28 2.27 2.15  76.8 -0.402    19.99 21.75 01a59313o0387c 0x000000  -5.142857
59313.417879 19.922338      NaN    12     9 c    0   3.55 180.7794 20.80606  1311.72  3366.38 2.34 2.20  77.6 -0.399    19.98 21.79 01a59313o0423c 0x000000   1.333333
59313.429868 20.543943 0.345462    22     7 c    0   6.95 180.7794 20.80606  1253.49  3285.58 2.23 2.13  80.6 -0.396    20.02 21.80 01a59313o0446c 0x000000   3.142857
59313.435192 20.449472      NaN   -31     8 c    0   5.58 180.7794 20.80606  1235.55  3401.07 2.31 2.18  79.3 -0.397    19.97 21.78 01a59313o0457c 0x000000  -3.875000
59317.462697 20.449472      NaN   -63     8 c    0   4.49 180.7794 20.80606  1302.73  3315.03 2.54 2.30  83.0 -0.393    19.83 21.65 01a59317o0136c 0x000000  -7.875000
59317.486428 20.594452      NaN    -4     7 c    0   4.75 180.7794 20.80606  1326.94  3351.70 2.32 2.13  82.9 -0.404    19.92 21.63 01a59317o0183c 0x000000  -0.571429
59317.495123 19.436675 0.177990    61    10 c    0   2.82 180.7794 20.80606  1268.20  3272.34 2.49 2.32  80.6 -0.389    19.82 21.56 01a59317o0200c 0x000000   6.100000
59317.498921 19.743105      NaN    19     9 c    0   4.45 180.7794 20.80606  1248.74  3386.84 2.43 2.27  89.0 -0.401    19.83 21.54 01a59317o0208c 0x000000   2.111111
59321.378479 20.594452      NaN   -37     7 c    0   3.88 180.7794 20.80606  2978.07  9547.23 2.44 2.22 -63.3 -0.384    19.93 21.79 01a59321o0301c 0x000000  -5.285714
59321.411248 20.594452      NaN    -4     7 c    0   4.02 180.7794 20.80606  3009.10  9579.62 2.39 2.23 -64.5 -0.383    19.94 21.77 01a59321o0367c 0x000000  -0.571429
59321.416406 20.761819      NaN   -21     6 c    0   6.25 180.7794 20.80606  2950.13  9500.03 2.51 2.34 -61.6 -0.376    19.90 21.76 01a59321o0377c 0x000000  -3.500000
59321.419830 20.449472      NaN   -22     8 c    0   3.75 180.7794 20.80606  2929.57  9616.65 2.59 2.39 -65.2 -0.368    19.83 21.76 01a59321o0384c 0x000000  -2.750000
59339.473891 19.743105      NaN     4    14 c    0   1.80 180.7794 20.80606  5628.24  1158.21 2.43 2.19 -53.5 -0.411    19.13 20.72 02a59339o0202c 0x000000   0.285714
59339.476668 19.510313      NaN   -17    19 c    0   1.21 180.7794 20.80606  5609.52  1117.68 2.41 2.22 -60.6 -0.407    18.82 20.32 02a59339o0208c 0x000000  -0.894737
59339.484997 17.500233      NaN   108    85 c    0   1.05 180.7794 20.80606  5670.60  1196.37 2.45 2.38 -77.0 -0.392    16.92 18.31 02a59339o0225c 0x100002   1.270588
59339.496691 19.014394 0.229211    90    19 c    0   1.50 180.7794 20.80606  5685.40  1080.93 2.47 2.35 -62.6 -0.394    18.88 20.41 02a59339o0249c 0x000000   4.736842
59343.317007 20.594452      NaN   -19     7 c    0   4.81 180.7794 20.80606  5634.57  1167.67 2.30 2.15 -70.7 -0.414    19.76 21.66 02a59343o0169c 0x000000  -2.714286
59343.320680 20.321591      NaN    -1     9 c    0   2.98 180.7794 20.80606  5614.92  1128.31 2.33 2.19 -68.9 -0.411    19.80 21.67 02a59343o0177c 0x000000  -0.111111
59343.328707 20.594452      NaN   -10     7 c    0   4.40 180.7794 20.80606  5675.18  1208.23 2.37 2.20 -68.5 -0.413    19.77 21.63 02a59343o0193c 0x000000  -1.428571
59343.340742 20.449472      NaN   -50     8 c    0   3.00 180.7794 20.80606  5698.14  1093.37 2.34 2.16 -67.3 -0.416    19.75 21.59 02a59343o0219c 0x000000  -6.250000
59347.341191 19.472870      NaN    29    10 c    0   2.80 180.7794 20.80606  7308.58  7375.83 2.62 2.43  45.1 -0.396    19.70 21.49 02a59347o0238c 0x000000   2.900000
59347.344868 19.569016 0.180956    54     9 c    0   3.02 180.7794 20.80606  7288.59  7336.86 2.67 2.50  47.5 -0.393    19.62 21.49 02a59347o0246c 0x000000   6.000000
59347.350436 20.321591      NaN   -22     9 c    0   1.92 180.7794 20.80606  7346.30  7416.46 2.61 2.43  47.2 -0.399    19.70 21.50 02a59347o0258c 0x000000  -2.444444
59347.373720 19.367717      NaN    32    11 c    0   2.75 180.7794 20.80606  7366.14  7300.25 2.63 2.42  42.6 -0.401    19.69 21.49 02a59347o0307c 0x000000   2.909091
59369.298951 20.171596      NaN     7     8 c    0   4.12 180.7794 20.80606  9262.42  3349.92 2.47 2.18 -76.4 -0.411    19.86 21.51 01a59369o0138c 0x000000   0.875000
59369.302185 19.287255 0.139595    70     9 c    0   5.11 180.7794 20.80606  9282.35  3388.84 2.46 2.21 -77.2 -0.407    19.86 21.52 01a59369o0145c 0x000000   7.777778
59369.309113 20.594452      NaN   -45     7 c    0   5.89 180.7794 20.80606  9225.20  3312.04 2.45 2.22 -75.1 -0.406    19.89 21.56 01a59369o0160c 0x000000  -6.428571
59369.322063 20.321591      NaN   -19     9 c    0   2.38 180.7794 20.80606  9208.03  3429.82 2.43 2.21 -71.5 -0.398    19.86 21.55 01a59369o0188c 0x000000  -2.111111
59373.306064 20.761819      NaN   -59     6 c    0   6.94 180.7794 20.80606  9266.95  3349.04 2.53 2.17 -78.0 -0.411    19.94 21.61 01a59373o0150c 0x000000  -9.833333
59373.309287 19.922338      NaN    15     8 c    0   6.76 180.7794 20.80606  9287.33  3388.19 2.47 2.05 -80.5 -0.432    19.98 21.60 01a59373o0157c 0x000000   1.875000
59373.316245 20.362567      NaN     2     8 c    0   3.32 180.7794 20.80606  9229.51  3310.82 2.57 2.20 -78.0 -0.410    19.91 21.60 01a59373o0172c 0x000000   0.250000
59373.329658 20.449472      NaN    -7     8 c    0   3.59 180.7794 20.80606  9208.41  3430.10 2.47 2.07 -80.7 -0.423    19.94 21.60 01a59373o0201c 0x000000  -0.875000
59377.266713 20.594452      NaN   -34     7 c    0   8.51 180.7794 20.80606  3965.80  5836.14 2.14 2.05 -83.9 -0.388    19.92 21.58 01a59377o0064c 0x000000  -4.857143
59377.269478 20.244005      NaN     5     8 c    0   4.25 180.7794 20.80606  3987.08  5874.74 2.16 1.98 -81.7 -0.385    19.91 21.60 01a59377o0070c 0x000000   0.625000
59377.276021 19.979496 0.234754    37     8 c    0   4.10 180.7794 20.80606  3928.01  5797.85 2.13 1.96 -84.0 -0.395    19.91 21.66 01a59377o0084c 0x000000   4.625000
59377.294557 19.816329      NaN    19     8 c    0   5.11 180.7794 20.80606  3911.27  5909.48 2.16 1.92 -77.6 -0.401    19.98 21.68 01a59377o0123c 0x000000   2.375000
59403.259897 19.922338      NaN   -27    13 c    0   2.70 180.7794 20.80606  2723.89  4949.72 2.31 2.19 -61.3 -0.419    19.20 20.35 02a59403o0036c 0x000000  -2.076923
59403.263557 19.841877      NaN    -1    14 c    0   1.30 180.7794 20.80606  2704.01  4910.37 2.36 2.24 -64.4 -0.423    19.34 20.67 02a59403o0044c 0x000000  -0.071429
59403.269538 19.696897      NaN    18    10 c    0   2.84 180.7794 20.80606  2761.02  4986.34 2.32 2.20 -62.6 -0.416    19.47 20.90 02a59403o0057c 0x000000   1.800000
59403.280530 19.816329      NaN    10    11 c    0   3.44 180.7794 20.80606  2779.32  4869.01 2.40 2.28 -67.0 -0.415    19.47 21.01 02a59403o0081c 0x000000   0.909091
59425.247422 19.241693      NaN    10    21 c    0   1.88 180.7794 20.80606  5900.72  5718.95 2.26 2.07 -77.2 -0.356    18.90 19.51 01a59425o0026c 0x000000   0.476190
59425.250650 19.922338      NaN   -19    13 c    0   3.00 180.7794 20.80606  5920.27  5757.08 2.35 2.07 -79.6 -0.364    19.20 20.07 01a59425o0033c 0x000000  -1.461538
59425.258484 19.038793 0.160393    88    13 c    0   2.45 180.7794 20.80606  5859.37  5680.88 2.30 2.06 -79.1 -0.367    19.50 20.68 01a59425o0050c 0x000000   6.769231
59425.270014 20.009244 0.301593    36    10 c    0   4.63 180.7794 20.80606  5839.47  5798.20 2.32 2.06 -80.1 -0.370    19.51 20.71 01a59425o0075c 0x000000   3.600000
59429.246786 19.212347      NaN  -168    25 c    0   1.61 180.7794 20.80606  5903.93  5722.19 2.31 2.01 -82.4 -0.371    18.58 19.07 01a59429o0030c 0x000000  -6.720000
59429.250477 19.334813      NaN    19    16 c    0   2.21 180.7794 20.80606  5922.19  5760.51 2.34 2.07 -79.9 -0.366    18.98 19.72 01a59429o0038c 0x000000   1.187500
59429.256930 19.868040 0.291295    41    11 c    0   2.36 180.7794 20.80606  5863.04  5683.84 2.30 2.02 -79.8 -0.379    19.30 20.30 01a59429o0052c 0x000000   3.727273
59429.267994 20.103715      NaN   -38    11 c    0   4.71 180.7794 20.80606  5842.02  5801.05 2.34 2.08 -79.3 -0.372    19.31 20.45 01a59429o0076c 0x000000  -3.454545
59587.544370 19.868040 0.238332    41     9 c    0   2.27 180.7794 20.80606  5105.36  1171.00 2.51 2.38  84.0 -0.423    19.61 21.67 02a59587o0756c 0x000000   4.555556
59587.574115 19.529530 0.174493    56     9 c    0   4.03 180.7794 20.80606  5127.47  1210.24 2.43 2.30  87.7 -0.426    19.64 21.72 02a59587o0816c 0x000000   6.222222
59587.577354 19.696897 0.203576    48     9 c    0   3.47 180.7794 20.80606  5070.36  1132.83 2.43 2.30 -89.1 -0.435    19.67 21.70 02a59587o0822c 0x000000   5.333333
59587.580114 20.282105 0.310210    28     8 c    0   2.73 180.7794 20.80606  5050.07  1250.04 2.42 2.32 -85.6 -0.427    19.65 21.71 02a59587o0828c 0x000000   3.500000