         MJD         m       dm  uJy  duJy F  err  chi/N        RA      Dec        x        y   maj  min   phi  apfit  mag5sig   Sky            Obs     Mask   __tmp_SN
57718.647762 18.757738      NaN  -61    38 c    0   1.49 196.35004 56.32418  3247.62  8719.44  4.29 4.09  49.9 -0.397    18.51 20.32 02a57718o0872c 0x100002  -1.605263
57718.658639 17.311291      NaN   54   126 c    0   1.33 196.35004 56.32418  3257.96  8759.54  4.69 4.56  51.5 -0.387    17.57 18.72 02a57718o0893c 0x100002   0.428571
57718.666907 13.106513      NaN  650  6706 c    0   1.18 196.35004 56.32418  3204.33  8680.77 36.13 9.22  -4.7 -0.136    16.24 16.21 02a57718o0909c 0x100002   0.096928
57746.590363 19.766969      NaN  -36    15 c    0   1.48 196.35004 56.32418  5164.16  8372.40  4.02 3.95  79.2 -0.402    19.61 21.71 02a57746o0774c 0x000000  -2.400000
57746.601926 19.841877      NaN  -80    14 c    0   2.05 196.35004 56.32418  5184.10  8411.16  4.17 4.08  69.8 -0.395    19.58 21.71 02a57746o0796c 0x000000  -5.714286
57746.613455 19.631075      NaN  -22    17 c    0   1.44 196.35004 56.32418  5119.13  8334.20  4.24 4.15  71.0 -0.379    19.56 21.70 02a57746o0818c 0x000000  -1.294118
57746.624948 19.696897      NaN  -16    16 c    0   1.81 196.35004 56.32418  5094.16  8450.35  3.98 3.88  81.4 -0.409    19.63 21.68 02a57746o0840c 0x000000  -1.000000
57746.636338 19.569016      NaN  -72    18 c    0   1.19 196.35004 56.32418  5138.08  8393.79  4.28 4.16  80.3 -0.382    19.54 21.67 02a57746o0862c 0x000000  -4.000000
57750.584758 19.510313      NaN  -84    19 c    0   1.12 196.35004 56.32418  2965.35  6572.40  4.51 4.39  72.8 -0.358    19.47 21.65 02a57750o0596c 0x000000  -4.421053
57778.555489 19.841877      NaN  -41    14 c    0   1.71 196.35004 56.32418  3291.60  6316.23  3.72 3.64 -76.8 -0.401    19.78 21.84 02a57778o0540c 0x000000  -2.928571
57778.567439 19.766969      NaN  -57    15 c    0   1.66 196.35004 56.32418  3314.09  6355.69  3.75 3.64 -77.3 -0.402    19.77 21.84 02a57778o0562c 0x000000  -3.800000
57778.580806 19.766969      NaN  -44    15 c    0   1.53 196.35004 56.32418  3251.52  6279.84  3.72 3.65 -78.2 -0.401    19.77 21.81 02a57778o0586c 0x000000  -2.933333
57778.593633 19.766969      NaN  -56    15 c    0   1.47 196.35004 56.32418  3241.23  6396.11  3.74 3.66  89.2 -0.402    19.77 21.83 02a57778o0610c 0x000000  -3.733333
57778.606502 19.841877      NaN  -50    14 c    0   2.04 196.35004 56.32418  3272.37  6340.31  3.72 3.66  86.8 -0.401    19.79 21.85 02a57778o0634c 0x000000  -3.571429
57782.546679 19.922338      NaN  -44    13 c    0   3.05 196.35004 56.32418  3768.16  7334.76  3.65 3.57  46.5 -0.426    19.80 21.89 02a57782o0682c 0x000000  -3.384615
57782.557849 19.922338      NaN  -32    13 c    0   2.03 196.35004 56.32418  3788.22  7355.26  3.59 3.51  39.4 -0.432    19.86 21.98 02a57782o0703c 0x000000  -2.461538
57782.572425 19.841877      NaN  -87    14 c    0   1.65 196.35004 56.32418  3725.25  7298.20  3.70 3.62  39.7 -0.419    19.82 21.95 02a57782o0729c 0x000000  -6.214286
57782.586275 19.766969      NaN  -32    15 c    0   1.39 196.35004 56.32418  3705.16  7414.34  3.68 3.60  35.3 -0.423    19.85 22.00 02a57782o0755c 0x000000  -2.133333
57782.600322 19.841877      NaN  -57    14 c    0   1.59 196.35004 56.32418  3749.34  7356.36  3.94 3.81  45.0 -0.398    19.78 21.96 02a57782o0781c 0x000000  -4.071429
57786.537127 19.766969      NaN  -56    15 c    0   1.59 196.35004 56.32418  3503.98  6054.00  3.67 3.57  80.0 -0.394    19.72 21.75 02a57786o0457c 0x000000  -3.733333
57786.557731 19.696897      NaN  -25    16 c    0   1.30 196.35004 56.32418  3528.47  6091.66  3.66 3.58  78.6 -0.391    19.79 21.87 02a57786o0496c 0x000000  -1.562500
57786.570444 19.922338      NaN  -79    13 c    0   1.83 196.35004 56.32418  3463.60  6016.44  3.65 3.57  76.3 -0.394    19.83 21.93 02a57786o0520c 0x000000  -6.076923
57786.583166 19.766969      NaN  -58    15 c    0   1.35 196.35004 56.32418  3454.06  6133.41  3.65 3.56  73.6 -0.397    19.85 21.96 02a57786o0544c 0x000000  -3.866667
57786.596038 19.922338      NaN  -59    13 c    0   2.09 196.35004 56.32418  3486.49  6076.81  3.65 3.59  70.0 -0.395    19.79 21.89 02a57786o0568c 0x000000  -4.538462
57806.520574 19.841877      NaN -110    14 c    0   1.67 196.35004 56.32418  4698.85  7290.56  3.81 3.67 -89.1 -0.398    19.72 21.81 02a57806o0565c 0x000000  -7.857143
57806.523677 19.766969      NaN  -63    15 c    0   1.14 196.35004 56.32418  4724.36  7325.84  3.79 3.68  75.3 -0.401    19.74 21.81 02a57806o0571c 0x000000  -4.200000
57806.534526 19.841877      NaN  -59    14 c    0   1.77 196.35004 56.32418  4660.14  7246.25  3.80 3.68  81.5 -0.395    19.72 21.80 02a57806o0590c 0x000000  -4.214286
57806.549562 19.922338      NaN  -59    13 c    0   1.90 196.35004 56.32418  4639.43  7363.52  3.79 3.67  71.1 -0.401    19.74 21.81 02a57806o0618c 0x000000  -4.538462
57806.570134 19.841877      NaN  -11    14 c    0   1.74 196.35004 56.32418  5796.63  3140.60  3.72 3.64  88.5 -0.391    19.76 21.82 02a57806o0655c 0x000000  -0.785714
57834.474640 19.454622      NaN -116    20 c    0   1.75 196.35004 56.32418  3509.19  9283.13  3.80 3.54  13.5 -0.415    19.04 21.10 02a57834o0408c 0x000000  -5.800000
57834.491853 19.569016      NaN -181    18 c    0   2.16 196.35004 56.32418  3529.21  9324.32  3.74 3.45   8.8 -0.403    19.05 21.10 02a57834o0441c 0x000000 -10.055556
57834.502297 19.766969      NaN  -69    15 c    0   1.72 196.35004 56.32418  7012.48  1203.95  3.95 3.79 -81.1 -0.395    19.08 21.15 02a57834o0461c 0x000000  -4.600000
57834.504361 19.696897      NaN  -72    16 c    0   1.38 196.35004 56.32418  7034.92  1087.73  3.98 3.84 -81.6 -0.391    19.06 21.14 02a57834o0465c 0x000000  -4.500000
57834.528887 19.631075      NaN  -74    17 c    0   1.58 196.35004 56.32418  6979.98  1139.75  3.86 3.72 -86.0 -0.400    19.00 20.91 02a57834o0509c 0x000000  -4.352941
57838.470080 19.696897      NaN  -49    16 c    0   1.82 196.35004 56.32418  6023.52  4404.03  4.29 4.13  86.2 -0.353    18.98 21.21 02a57838o0412c 0x000000  -3.062500
57838.473879 19.569016      NaN -109    18 c    0   1.64 196.35004 56.32418  4490.97  6075.60  4.48 4.34  75.9 -0.333    18.92 21.20 02a57838o0419c 0x000000  -6.055556
57838.484377 19.696897      NaN  -73    16 c    0   1.28 196.35004 56.32418  6057.86  4448.04  4.18 4.00  83.8 -0.358    18.99 21.19 02a57838o0439c 0x000000  -4.562500
57838.507384 19.696897      NaN  -72    16 c    0   1.61 196.35004 56.32418  6069.29  4331.26  4.21 4.12  82.9 -0.353    18.94 21.14 02a57838o0482c 0x000000  -4.500000
57838.523137 19.766969      NaN  -44    15 c    0   1.58 196.35004 56.32418  6037.01  4389.12  3.92 3.73  85.1 -0.375    19.03 21.10 02a57838o0512c 0x000000  -2.933333
57842.466738 19.696897      NaN  -82    16 c    0   1.60 196.35004 56.32418  8546.84   935.61  3.86 3.66 -87.2 -0.409    19.05 21.03 02a57842o0389c 0x000000  -5.125000
57842.523826 19.302877      NaN  -22    23 c    0   1.35 196.35004 56.32418  8611.37   853.62  4.51 4.32  77.4 -0.389    18.85 20.98 02a57842o0443c 0x000000  -0.956522
57842.527992 19.454622      NaN  -80    20 c    0   1.33 196.35004 56.32418  8569.35   911.39  4.35 4.17  84.3 -0.386    18.90 20.96 02a57842o0451c 0x000000  -4.000000
57862.458569 19.351140      NaN   12    18 c    0   1.48 196.35004 56.32418  8195.18  1131.95  4.15 3.94  45.8 -0.406    18.94 20.83 02a57862o0484c 0x000000   0.666667
57862.476148 18.955691      NaN   41    18 c    0   1.50 196.35004 56.32418  8174.83  1090.25  3.90 3.72  50.2 -0.429    18.83 20.42 02a57862o0520c 0x000000   2.277778
57862.479045 19.256669      NaN   15    19 c    0   1.58 196.35004 56.32418  8239.16  1171.78  4.07 3.87  46.6 -0.408    18.75 20.36 02a57862o0526c 0x000000   0.789474
57862.493794 19.302877      NaN  -36    23 c    0   1.12 196.35004 56.32418  8264.64  1054.48  3.84 3.68  51.4 -0.433    18.73 20.17 02a57862o0556c 0x000000  -1.565217
57862.501586 19.302877      NaN  -56    23 c    0   1.15 196.35004 56.32418  8222.28  1111.25  3.98 3.77  50.7 -0.417    18.68 20.12 02a57862o0572c 0x000000  -2.434783
57870.471140 20.321591      NaN  -69     9 c    0   2.02 196.35004 56.32418  6445.05  2681.85  3.16 2.54  34.5 -0.449    19.49 20.67 02a57870o0400c 0x000000  -7.666667
57870.474254 20.321591      NaN  -61     9 c    0   2.77 196.35004 56.32418  6422.89  2641.51  3.17 2.54  34.2 -0.449    19.49 20.66 02a57870o0406c 0x000000  -6.777778
57870.491630 20.207197      NaN  -57    10 c    0   1.72 196.35004 56.32418  6478.47  2720.13  3.15 2.49  33.6 -0.453    19.47 20.58 02a57870o0439c 0x000000  -5.700000
57870.496885 20.321591      NaN  -74     9 c    0   1.90 196.35004 56.32418  6500.71  2601.40  3.26 2.57  35.9 -0.444    19.44 20.57 02a57870o0449c 0x000000  -8.222222
57870.519559 20.103715      NaN  -48    11 c    0   1.78 196.35004 56.32418  6459.17  2657.08  3.35 2.65  32.9 -0.444    19.36 20.48 02a57870o0492c 0x000000  -4.363636
57894.366097 19.922338      NaN  -20    13 c    0   3.06 196.35004 56.32418  5842.12  3773.41  2.95 2.45  44.3 -0.479    19.49 21.30 02a57894o0253c 0x000000  -1.538462
57894.385687 20.321591      NaN  -90     9 c    0   1.76 196.35004 56.32418  5821.79  3732.63  3.00 2.43  46.2 -0.481    19.64 21.46 02a57894o0290c 0x000000 -10.000000
57894.396789 20.207197      NaN  -27    10 c    0   1.62 196.35004 56.32418  5888.17  3809.05  2.97 2.45  46.8 -0.485    19.58 21.41 02a57894o0311c 0x000000  -2.700000
57894.420056 20.321591      NaN  -71     9 c    0   1.90 196.35004 56.32418  5901.42  3688.39  3.02 2.50  45.3 -0.470    19.72 21.58 02a57894o0355c 0x000000  -7.888889
57894.433955 20.207197      NaN  -64    10 c    0   1.49 196.35004 56.32418  5868.18  3744.69  2.97 2.47  43.8 -0.476    19.65 21.48 02a57894o0381c 0x000000  -6.400000
57898.368539 20.207197      NaN  -42    10 c    0   1.64 196.35004 56.32418  6404.84  2790.40  3.63 2.53  46.2 -0.460    19.71 21.63 02a57898o0099c 0x000000  -4.200000
57898.387535 20.207197      NaN  -46    10 c    0   2.11 196.35004 56.32418  6383.21  2748.17  3.63 2.60  46.5 -0.463    19.67 21.60 02a57898o0135c 0x000000  -4.600000
57898.397075 20.207197      NaN  -39    10 c    0   1.61 196.35004 56.32418  6448.14  2825.29  3.49 2.50  46.4 -0.461    19.72 21.60 02a57898o0153c 0x000000  -3.900000
57898.416181 20.207197      NaN  -34    10 c    0   1.77 196.35004 56.32418  6471.97  2706.54  3.62 2.56  44.3 -0.454    19.70 21.56 02a57898o0189c 0x000000  -3.400000
57898.423596 20.207197      NaN  -36    10 c    0   2.13 196.35004 56.32418  6430.64  2763.04  3.55 2.55  45.3 -0.457    19.71 21.54 02a57898o0203c 0x000000  -3.600000
57902.365129 20.207197      NaN  -49    10 c    0   1.84 196.35004 56.32418  9140.47  1740.02  2.81 2.77 -89.4 -0.431    19.74 21.50 02a57902o0256c 0x000000  -4.900000
57902.367663 19.766969      NaN  -45    15 c    0   1.61 196.35004 56.32418  9120.87  1699.38  2.96 2.89  78.3 -0.422    19.55 21.31 02a57902o0261c 0x000000  -3.000000
57902.378420 20.103715      NaN  -70    11 c    0   1.87 196.35004 56.32418  9176.23  1799.56  2.93 2.90 -78.6 -0.425    19.77 21.53 02a57902o0282c 0x000000  -6.363636
57902.400470 20.009244      NaN  -58    12 c    0   1.31 196.35004 56.32418  9211.35  1680.03  3.00 2.91 -86.3 -0.424    19.68 21.39 02a57902o0325c 0x000000  -4.833333
57902.414970 20.103715      NaN  -58    11 c    0   1.63 196.35004 56.32418  9166.36  1735.42  2.91 2.84  77.8 -0.422    19.75 21.51 02a57902o0353c 0x000000  -5.272727
58194.514864 19.334813 0.129640   67     8 c    0   2.15 196.35004 56.32418  6826.16  2968.71  2.54 2.43 -80.6 -0.407    19.80 21.63 02a58194o0640c 0x000000   8.375000
58194.519808 19.549093 0.177666   55     9 c    0   1.77 196.35004 56.32418  6805.74  2933.54  2.51 2.43  71.9 -0.408    19.78 21.63 02a58194o0649c 0x000000   6.111111
58194.529961 20.009244 0.271434   36     9 c    0   1.61 196.35004 56.32418  6869.62  3011.05  2.49 2.40  69.2 -0.412    19.79 21.60 02a58194o0668c 0x000000   4.000000
58194.540349 19.609992 0.208795   52    10 c    0   1.51 196.35004 56.32418  6890.73  2893.54  2.47 2.40  72.0 -0.408    19.75 21.56 02a58194o0686c 0x000000   5.200000
58196.492866 18.955691      NaN   38    19 c    0   1.68 196.35004 56.32418  2037.08  7747.98  2.51 2.31  27.2 -0.449    18.24 20.29 02a58196o0574c 0x000000   2.000000
58196.496515 18.550302      NaN  -46    46 c    0   1.87 196.35004 56.32418  2013.40  7710.02  2.56 2.34  31.5 -0.444    17.91 19.93 02a58196o0582c 0x100002  -1.000000
58196.510444 19.609992      NaN   25     9 c    0   1.85 196.35004 56.32418  2068.92  7786.49  2.47 2.28  27.3 -0.455    19.81 21.89 02a58196o0612c 0x000000   2.777778
58196.516419 18.226218      NaN   54    44 c    0   1.53 196.35004 56.32418  2090.54  7668.60  2.52 2.35  28.1 -0.435    17.27 19.28 02a58196o0625c 0x100002   1.227273
58224.457036 19.950541      NaN   11     9 c    0   1.83 196.35004 56.32418   287.26  8120.57  2.72 2.52 -21.7 -0.387    19.61 21.57 02a58224o0110c 0x000000   1.222222
58224.471959 20.137125      NaN    5     9 c    0   1.78 196.35004 56.32418   265.55  8078.23  2.42 2.31   7.4 -0.395    19.72 21.50 02a58224o0142c 0x000000   0.555556
58224.472872 19.318728 0.207567   68    13 c    0   2.27 196.35004 56.32418  9548.13  8028.26  2.60 2.42  48.4 -0.420    19.42 21.17 02a58224o0144c 0x000000   5.230769
58251.526298 19.979496      NaN    4    11 c    0   1.50 196.35004 56.32418  1242.38  7858.08  2.54 2.37 -31.0 -0.418    19.55 21.31 02a58251o0631c 0x000000   0.363636
58251.534122 20.207197      NaN  -21    10 c    0   1.71 196.35004 56.32418  1242.27  7860.30  2.56 2.41 -43.3 -0.421    19.52 21.29 02a58251o0646c 0x000000  -2.100000
58251.542794 20.207197      NaN  -25    10 c    0   2.08 196.35004 56.32418  1241.82  7864.60  2.57 2.44 -27.2 -0.417    19.46 21.26 02a58251o0663c 0x000000  -2.500000
58251.550845 20.321591      NaN  -43     9 c    0   2.64 196.35004 56.32418  1241.64  7867.42  2.67 2.49 -39.3 -0.404    19.40 21.18 02a58251o0678c 0x000000  -4.777778
58251.553245 19.549093      NaN    7    16 c    0   1.64 196.35004 56.32418 10503.97  7911.25  2.88 2.69  20.7 -0.418    19.47 21.36 02a58251o0683c 0x000000   0.437500
58251.562057 19.510313      NaN  -23    19 c    0   1.36 196.35004 56.32418 10502.18  7896.29  2.95 2.75  11.6 -0.417    19.42 21.30 02a58251o0700c 0x000000  -1.210526
58251.568121 19.510313      NaN  -13    19 c    0   1.21 196.35004 56.32418 10490.23  7896.22  2.97 2.77  21.8 -0.407    19.41 21.24 02a58251o0712c 0x000000  -0.684211
58251.577027 19.454622      NaN    0    20 c    0   1.42 196.35004 56.32418 10499.50  7920.99  2.85 2.65  20.0 -0.418    19.38 21.17 02a58251o0729c 0x000000   0.000000
58252.500684 20.321591      NaN  -21     9 c    0   2.16 196.35004 56.32418  1245.06  7849.79  2.46 2.29 -16.7 -0.435    19.59 21.30 02a58252o0549c 0x000000  -2.333333
58252.514597 20.103715      NaN  -54    11 c    0   1.07 196.35004 56.32418  1243.82  7849.87  2.43 2.26  -5.4 -0.445    19.55 21.22 02a58252o0575c 0x000000  -4.909091
58252.527476 20.449472      NaN   -2     8 c    0   2.71 196.35004 56.32418  1242.49  7855.34  2.43 2.28  -6.3 -0.449    19.53 21.20 02a58252o0599c 0x000000  -0.250000
58252.539603 19.589310      NaN   14    13 c    0   1.23 196.35004 56.32418  1241.46  7860.54  2.46 2.34  -7.3 -0.444    19.43 21.03 02a58252o0622c 0x000000   1.076923
58252.540605 19.569016      NaN  -37    18 c    0   1.41 196.35004 56.32418 10505.22  7903.36  2.81 2.61  33.2 -0.429    19.48 21.16 02a58252o0624c 0x000000  -2.055556
58252.550788 19.569016      NaN  -42    18 c    0   1.59 196.35004 56.32418 10503.29  7888.03  2.73 2.54  23.4 -0.435    19.47 21.11 02a58252o0643c 0x000000  -2.333333
58252.560603 19.631075      NaN  -51    17 c    0   1.74 196.35004 56.32418 10489.95  7892.83  2.77 2.58  26.5 -0.439    19.44 21.03 02a58252o0662c 0x000000  -3.000000
58252.568264 19.510313      NaN  -24    19 c    0   1.56 196.35004 56.32418 10500.17  7914.77  2.85 2.64  24.3 -0.433    19.36 20.98 02a58252o0676c 0x000000  -1.263158
58256.396509 20.207197      NaN  -12    10 c    0   2.00 196.35004 56.32418   329.56  9508.33  2.92 2.60   2.2 -0.416    19.66 21.74 02a58256o0210c 0x000000  -1.200000
58256.400616 20.207197      NaN  -53    10 c    0   1.65 196.35004 56.32418   317.86  9469.29  2.64 2.51  25.7 -0.417    19.70 21.70 02a58256o0219c 0x000000  -5.300000
58256.413294 20.207197      NaN   -4    10 c    0   2.03 196.35004 56.32418   374.33  9544.62  2.67 2.45  18.8 -0.427    19.73 21.68 02a58256o0246c 0x000000  -0.400000
58256.415119 20.103715      NaN  -19    11 c    0   1.77 196.35004 56.32418  9624.58  9428.61  2.88 2.53  44.5 -0.423    19.74 21.73 02a58256o0250c 0x000000  -1.727273
58256.418782 20.321591      NaN  -10     9 c    0   2.14 196.35004 56.32418  9601.12  9387.48  2.95 2.59  44.4 -0.414    19.72 21.72 02a58256o0258c 0x000000  -1.111111
58256.420611 19.950541      NaN    5    11 c    0   1.82 196.35004 56.32418   386.02  9422.74  2.67 2.43  18.5 -0.429    19.74 21.65 02a58256o0262c 0x000000   0.454545
58256.432013 20.071303      NaN    4    10 c    0   1.65 196.35004 56.32418  9657.34  9469.02  2.86 2.51  39.9 -0.432    19.77 21.73 02a58256o0286c 0x000000   0.400000
58256.439363 20.207197      NaN   -2    10 c    0   2.07 196.35004 56.32418  9677.76  9352.85  3.08 2.76  38.1 -0.422    19.65 21.72 02a58256o0302c 0x000000  -0.200000
58280.354948 16.356373      NaN -223   347 c    0   1.34 196.35004 56.32418  2416.14  8954.10  2.52 2.34  -2.2 -0.436    15.91 17.46 02a58280o0240c 0x100002  -0.642651
58280.368977 19.631075      NaN  -60    17 c    0   1.35 196.35004 56.32418  2404.41  8914.19  2.56 2.43   1.1 -0.431    19.10 20.86 02a58280o0270c 0x000000  -3.529412
58280.376413 18.847027      NaN   -5    35 c    0   1.00 196.35004 56.32418  2455.83  8988.17  2.53 2.38  -3.3 -0.443    18.96 20.67 02a58280o0286c 0x100002  -0.142857
58280.386808 20.207197      NaN  -16    10 c    0   1.69 196.35004 56.32418  2480.89  8872.64  2.56 2.36   6.9 -0.437    19.64 21.53 02a58280o0308c 0x000000  -1.600000
58284.370842 20.207197      NaN   -5    10 c    0   2.23 196.35004 56.32418  9273.55  9676.62  3.06 2.68  35.0 -0.403    19.68 21.65 02a58284o0274c 0x000000  -0.500000
58284.385749 20.009244      NaN  -21    12 c    0   1.66 196.35004 56.32418  9251.44  9638.08  2.82 2.51  35.7 -0.423    19.61 21.40 02a58284o0304c 0x000000  -1.750000
58284.393118 19.766969      NaN  -27    15 c    0   1.66 196.35004 56.32418  9304.80  9717.97  2.82 2.50  33.8 -0.423    19.48 21.24 02a58284o0320c 0x000000  -1.800000
58284.403019 20.009244      NaN  -12    12 c    0   1.78 196.35004 56.32418  9326.32  9602.85  2.94 2.61  39.3 -0.421    19.60 21.43 02a58284o0341c 0x000000  -1.000000
58312.304777 20.207197      NaN  -27    10 c    0   1.90 196.35004 56.32418  2194.38  7993.31  2.51 2.33 -32.4 -0.403    19.64 21.36 02a58312o0133c 0x000000  -2.700000
58312.314792 20.009244      NaN  -46    12 c    0   1.62 196.35004 56.32418  2174.40  7952.60  2.46 2.31   0.2 -0.429    19.53 21.26 02a58312o0154c 0x000000  -3.833333
58312.324876 20.009244      NaN  -30    12 c    0   1.25 196.35004 56.32418  2226.53  8024.32  2.47 2.31   7.1 -0.436    19.63 21.38 02a58312o0175c 0x000000  -2.500000
58312.334830 20.207197      NaN  -54    10 c    0   1.66 196.35004 56.32418  2249.32  7905.60  2.48 2.32 -11.5 -0.422    19.56 21.37 02a58312o0196c 0x000000  -5.400000
58316.302542 19.922338      NaN  -33    13 c    0   1.53 196.35004 56.32418   425.01  7546.09  3.22 3.07 -26.0 -0.370    19.20 21.02 02a58316o0129c 0x000000  -2.538462
58316.311929 20.103715      NaN  -80    11 c    0   1.85 196.35004 56.32418   405.11  7503.68  2.87 2.74  12.2 -0.381    19.31 21.01 02a58316o0149c 0x000000  -7.272727
58316.315252 19.922338      NaN  -52    13 c    0   1.52 196.35004 56.32418  9674.67  7482.66  3.44 3.28  42.3 -0.366    19.28 21.15 02a58316o0156c 0x000000  -4.000000
58316.321419 19.841877      NaN  -22    14 c    0   2.35 196.35004 56.32418   459.47  7575.87  3.27 3.17  17.7 -0.346    19.02 20.92 02a58316o0169c 0x000000  -1.571429
58316.324752 19.631075      NaN  -20    17 c    0   1.89 196.35004 56.32418  9652.86  7439.79  3.38 3.19  39.8 -0.373    19.06 20.80 02a58316o0176c 0x000000  -1.176471
58316.331427 19.766969      NaN  -63    15 c    0   1.25 196.35004 56.32418   482.73  7455.32  2.91 2.82  14.2 -0.394    19.11 20.86 02a58316o0190c 0x000000  -4.200000
58316.338907 19.841877      NaN  -11    14 c    0   1.79 196.35004 56.32418  9716.77  7520.97  3.29 3.12  25.5 -0.371    19.30 21.13 02a58316o0206c 0x000000  -0.785714
58316.345989 19.841877      NaN  -75    14 c    0   1.87 196.35004 56.32418  9727.24  7403.72  3.46 3.26  43.2 -0.376    19.32 21.20 02a58316o0221c 0x000000  -5.357143
58344.250167 17.896499      NaN -517    84 c    0   1.76 196.35004 56.32418  1123.35  6756.89  3.02 2.75 -46.7 -0.398    18.93 20.42 02a58344o0042c 0x100002  -6.154762
58344.258134 19.922338      NaN  -16    13 c    0   2.02 196.35004 56.32418  1101.45  6719.72  2.86 2.62 -43.3 -0.386    19.16 20.77 02a58344o0059c 0x000000  -1.230769
58344.266107 19.841877      NaN  -57    14 c    0   1.84 196.35004 56.32418 10364.62  6786.18  2.80 2.72  43.3 -0.412    19.38 21.07 02a58344o0076c 0x000000  -4.071429
58344.267020 19.922338      NaN  -19    13 c    0   1.58 196.35004 56.32418  1153.97  6794.01  2.77 2.48 -42.9 -0.388    19.27 20.90 02a58344o0078c 0x000000  -1.461538
58344.275078 19.922338      NaN  -29    13 c    0   1.88 196.35004 56.32418 10340.94  6744.90  2.75 2.58   4.3 -0.418    19.41 21.03 02a58344o0095c 0x000000  -2.230769
58344.275993 19.841877      NaN  -24    14 c    0   1.44 196.35004 56.32418  1177.50  6670.97  2.57 2.44 -14.4 -0.430    19.33 20.84 02a58344o0097c 0x000000  -1.714286
58344.284308 19.766969      NaN  -14    15 c    0   1.59 196.35004 56.32418 10405.15  6827.69  2.80 2.59   3.5 -0.412    19.09 20.72 02a58344o0114c 0x000000  -0.933333
58344.293342 17.747755      NaN  103    62 c    0   1.61 196.35004 56.32418 10415.18  6709.12  2.77 2.54  13.4 -0.419    17.73 19.29 02a58344o0133c 0x100002   1.661290
58520.626122 20.321591      NaN  -45     9 c    0   1.44 196.35004 56.32418   534.80  2184.76  2.82 2.47  49.0 -0.451    19.82 22.14 02a58520o0194c 0x000000  -5.000000
58520.635931 20.321591      NaN  -39     9 c    0   1.86 196.35004 56.32418   508.40  2143.64  2.76 2.44  46.9 -0.442    19.81 22.10 02a58520o0215c 0x000000  -4.333333
58520.644856 20.594452      NaN  -74     7 c    0   3.05 196.35004 56.32418 10004.21  2182.83  3.04 2.76  60.4 -0.416    19.74 22.09 02a58520o0234c 0x000000 -10.571429
58520.645770 20.449472      NaN  -41     8 c    0   1.95 196.35004 56.32418   573.44  2216.86  2.89 2.57  43.5 -0.429    19.75 22.04 02a58520o0236c 0x000000  -5.125000
58520.654947 20.207197      NaN  -54    10 c    0   1.67 196.35004 56.32418  9981.07  2147.78  3.12 2.69  50.7 -0.430    19.76 22.00 02a58520o0255c 0x000000  -5.400000
58520.655862 20.449472      NaN  -79     8 c    0   1.89 196.35004 56.32418   592.34  2099.05  2.89 2.52  49.9 -0.432    19.75 21.95 02a58520o0257c 0x000000  -9.875000
58520.664711 20.207197      NaN  -54    10 c    0   2.21 196.35004 56.32418 10042.22  2227.51  3.15 2.67  54.4 -0.432    19.57 21.39 02a58520o0276c 0x000000  -5.400000
58520.674610 18.702047      NaN  -93    40 c    0   1.28 196.35004 56.32418 10062.19  2109.59  3.24 2.73  56.2 -0.434    18.15 19.03 02a58520o0297c 0x100002  -2.325000
58576.520281 20.321591      NaN  -47     9 c    0   1.70 196.35004 56.32418  4806.15  3991.09  2.44 2.23  38.2 -0.401    19.76 21.77 02a58576o0640c 0x000000  -5.222222
58576.534787 20.321591      NaN  -64     9 c    0   1.62 196.35004 56.32418  4782.30  3951.23  2.38 2.33  52.9 -0.407    19.70 21.74 02a58576o0671c 0x000000  -7.111111
58576.539819 20.321591      NaN  -36     9 c    0   1.31 196.35004 56.32418  4834.54  4027.63  2.31 2.29  28.1 -0.407    19.73 21.72 02a58576o0682c 0x000000  -4.000000
58576.552155 20.449472      NaN  -37     8 c    0   2.11 196.35004 56.32418  4856.66  3910.97  2.34 2.26  58.6 -0.405    19.72 21.72 02a58576o0708c 0x000000  -4.625000
58580.496132 20.207197      NaN  -53    10 c    0   1.58 196.35004 56.32418  3889.60  2063.44  2.42 2.33  57.2 -0.411    19.64 21.41 02a58580o0587c 0x000000  -5.300000
58580.512508 20.321591      NaN  -61     9 c    0   1.81 196.35004 56.32418  3868.13  2021.76  2.41 2.35 -75.5 -0.401    19.60 21.36 02a58580o0622c 0x000000  -6.777778
58580.515716 20.321591      NaN  -66     9 c    0   1.83 196.35004 56.32418  3932.16  2099.60  2.40 2.31 -62.5 -0.411    19.59 21.33 02a58580o0629c 0x000000  -7.333333
58580.527927 20.449472      NaN  -56     8 c    0   2.48 196.35004 56.32418  3952.42  1981.66  2.43 2.38  79.0 -0.403    19.55 21.28 02a58580o0655c 0x000000  -7.000000
58604.447978 20.009244      NaN  -60    12 c    0   1.04 196.35004 56.32418  5276.50  7864.27  2.51 2.50  33.7 -0.411    19.53 21.62 02a58604o0390c 0x000000  -5.000000
58604.451647 20.321591      NaN  -63     9 c    0   2.29 196.35004 56.32418  5253.40  7824.75  2.47 2.45 -22.7 -0.411    19.55 21.63 02a58604o0398c 0x000000  -7.000000
58604.464734 20.103715      NaN  -51    11 c    0   1.93 196.35004 56.32418  5305.43  7903.89  2.53 2.50 -30.1 -0.412    19.54 21.51 02a58604o0426c 0x000000  -4.636364
58604.472973 19.922338      NaN  -60    13 c    0   1.06 196.35004 56.32418  5326.31  7784.35  2.46 2.38 -43.6 -0.418    19.55 21.51 02a58604o0444c 0x000000  -4.615385
58612.370483 20.449472      NaN  -51     8 c    0   2.41 196.35004 56.32418  4016.84   524.72  2.43 2.28  68.0 -0.400    19.68 21.50 02a58612o0301c 0x000000  -6.375000
58612.372324 20.009244      NaN  -79    12 c    0   1.20 196.35004 56.32418  3995.45   485.29  2.44 2.26  68.2 -0.396    19.69 21.50 02a58612o0305c 0x000000  -6.583333
58612.377822 20.321591      NaN  -82     9 c    0   1.68 196.35004 56.32418  4056.55   561.62  2.40 2.27 -76.7 -0.413    19.73 21.49 02a58612o0317c 0x000000  -9.111111
58612.393963 20.009244      NaN  -67    12 c    0   0.99 196.35004 56.32418  4076.65   442.40  2.38 2.23 -65.2 -0.410    19.71 21.48 02a58612o0352c 0x000000  -5.583333
58636.377175 20.321591      NaN  -35     9 c    0   1.94 196.35004 56.32418  5362.31  6908.76  2.54 2.38  35.0 -0.397    19.66 21.55 02a58636o0316c 0x000000  -3.888889
58636.382334 20.207197      NaN  -65    10 c    0   1.73 196.35004 56.32418  5343.81  6875.24  2.40 2.30 -56.4 -0.413    19.69 21.54 02a58636o0327c 0x000000  -6.500000
58636.385897 20.207197      NaN  -49    10 c    0   1.69 196.35004 56.32418  5389.16  6951.74  2.45 2.31  37.9 -0.399    19.68 21.53 02a58636o0334c 0x000000  -4.900000
58636.397336 20.103715      NaN  -16    11 c    0   1.14 196.35004 56.32418  5417.30  6828.90  2.41 2.32  40.4 -0.404    19.66 21.51 02a58636o0358c 0x000000  -1.454545
58664.278912 20.594452      NaN  -34     7 c    0   2.48 196.35004 56.32418  8610.41  5153.73  2.64 2.26  35.4 -0.384    19.76 21.51 02a58664o0091c 0x000000  -4.857143
58664.281364 20.321591      NaN  -34     9 c    0   2.06 196.35004 56.32418  8592.26  5116.00  2.50 2.33  49.4 -0.395    19.78 21.51 02a58664o0096c 0x000000  -3.777778
58664.286557 20.449472      NaN  -64     8 c    0   1.96 196.35004 56.32418  8648.15  5195.28  2.45 2.34  45.3 -0.401    19.77 21.51 02a58664o0107c 0x000000  -8.000000
58664.298574 20.449472      NaN  -58     8 c    0   2.02 196.35004 56.32418  8662.91  5076.49  2.55 2.32  39.1 -0.393    19.76 21.54 02a58664o0133c 0x000000  -7.250000
58668.333564 20.207197      NaN  -39    10 c    0   1.74 196.35004 56.32418  4113.40  8662.68  2.57 2.34  32.8 -0.389    19.65 21.46 02a58668o0202c 0x000000  -3.900000
58668.336875 20.321591      NaN  -66     9 c    0   2.20 196.35004 56.32418  4093.66  8623.67  2.55 2.36  32.9 -0.393    19.63 21.45 02a58668o0209c 0x000000  -7.333333
58668.342572 20.207197      NaN  -42    10 c    0   2.06 196.35004 56.32418  4148.23  8700.17  2.57 2.38  32.4 -0.393    19.63 21.42 02a58668o0221c 0x000000  -4.200000
58668.354257 20.207197      NaN  -39    10 c    0   1.51 196.35004 56.32418  4165.23  8582.16  2.63 2.44  31.9 -0.386    19.54 21.37 02a58668o0246c 0x000000  -3.900000
58692.272520 20.009244      NaN  -53    12 c    0   1.32 196.35004 56.32418  5920.95  9048.49  2.77 2.70 -44.5 -0.391    19.57 21.56 02a58692o0083c 0x000000  -4.416667
58692.275502 20.321591      NaN  -36     9 c    0   2.40 196.35004 56.32418  5902.13  9011.23  2.83 2.54 -53.4 -0.402    19.60 21.55 02a58692o0089c 0x000000  -4.000000
58692.280834 20.207197      NaN  -59    10 c    0   2.05 196.35004 56.32418  5956.98  9083.93  2.65 2.58 -49.4 -0.395    19.64 21.52 02a58692o0100c 0x000000  -5.900000
58692.291229 20.009244      NaN  -65    12 c    0   1.55 196.35004 56.32418  5975.66  8965.83  2.66 2.58 -53.9 -0.396    19.61 21.46 02a58692o0122c 0x000000  -5.416667
58700.286707 19.922338      NaN  -42    13 c    0   1.68 196.35004 56.32418  7971.12   849.07  2.57 2.33 -55.7 -0.394    19.42 20.98 02a58700o0121c 0x000000  -3.230769
58700.289933 18.550302      NaN  -24    46 c    0   1.09 196.35004 56.32418  7950.58   804.06  2.54 2.33 -59.0 -0.400    18.85 20.45 02a58700o0128c 0x100002  -0.521739
58700.295548 19.014394      NaN   -8    30 c    0   1.11 196.35004 56.32418  8011.04   889.07  2.55 2.39 -56.6 -0.395    18.57 19.97 02a58700o0140c 0x100002  -0.266667
58700.306245 20.207197      NaN  -32    10 c    0   2.39 196.35004 56.32418  8031.90   770.62  2.49 2.38 -62.7 -0.378    19.47 21.01 02a58700o0163c 0x000000  -3.200000
58708.271971 18.459772      NaN -101    50 c    0   1.04 196.35004 56.32418  1572.51  7189.31  2.67 2.35  31.6 -0.366    17.99 18.84 02a58708o0102c 0x100002  -2.020000
58708.275199 18.757738      NaN  -34    38 c    0   1.57 196.35004 56.32418  1553.09  7155.81  2.73 2.38  37.4 -0.360    17.98 18.87 02a58708o0109c 0x100002  -0.894737
58708.280888 18.702047      NaN  -10    40 c    0   1.34 196.35004 56.32418  1612.94  7224.03  2.44 2.21 -48.5 -0.418    17.97 18.83 02a58708o0121c 0x100002  -0.250000
58708.291111 18.356290      NaN -139    55 c    0   0.71 196.35004 56.32418  1629.94  7123.14  2.66 2.34  36.1 -0.386    17.90 18.72 02a58708o0142c 0x100002  -2.527273
58816.582496 19.922338      NaN  -64    13 c    0   1.80 196.35004 56.32418  6586.08 10066.16  2.84 2.79  26.0 -0.394    19.43 21.26 02a58816o0851c 0x000000  -4.923077
58816.585405 19.766969      NaN  -57    15 c    0   1.35 196.35004 56.32418  6606.66 10105.89  2.98 2.78 -40.0 -0.396    19.42 21.26 02a58816o0857c 0x000000  -3.800000
58816.591616 19.922338      NaN  -19    13 c    0   2.06 196.35004 56.32418  6542.36 10027.39  2.87 2.72 -32.8 -0.397    19.46 21.29 02a58816o0870c 0x000000  -1.461538
58816.603538 20.009244      NaN  -65    12 c    0   2.18 196.35004 56.32418  6520.31 10146.31  2.91 2.81 -29.6 -0.390    19.46 21.31 02a58816o0895c 0x000000  -5.416667
58872.582815 20.449472      NaN  -74     8 c    0   2.22 196.35004 56.32418  6461.10  1910.48  2.51 2.36 -69.1 -0.398    19.84 22.07 02a58872o0820c 0x000000  -9.250000
58872.586838 20.449472      NaN  -52     8 c    0   2.39 196.35004 56.32418  6475.35  1947.57  2.58 2.41  56.6 -0.392    19.79 22.08 02a58872o0827c 0x000000  -6.500000
58872.594039 20.449472      NaN  -52     8 c    0   1.80 196.35004 56.32418  6424.38  1867.14  2.54 2.38 -66.5 -0.396    19.83 22.07 02a58872o0840c 0x000000  -6.500000
58872.604043 20.594452      NaN  -42     7 c    0   2.89 196.35004 56.32418  6407.43  1990.28  2.49 2.36 -74.6 -0.395    19.83 22.04 02a58872o0860c 0x000000  -6.000000
58884.599714 20.449472      NaN  -40     8 c    0   1.89 196.35004 56.32418   699.54  2487.96  2.64 2.13 -57.1 -0.411    19.85 21.94 02a58884o0839c 0x000000  -5.000000
58884.606891 20.594452      NaN  -40     7 c    0   3.05 196.35004 56.32418   671.51  2445.86  2.57 2.19 -55.8 -0.404    19.85 21.95 02a58884o0854c 0x000000  -5.714286
58884.609689 20.449472      NaN  -73     8 c    0   2.25 196.35004 56.32418   730.77  2518.86  2.50 2.18 -56.4 -0.410    19.87 21.94 02a58884o0860c 0x000000  -9.125000
58884.620195 20.449472      NaN  -62     8 c    0   1.82 196.35004 56.32418   749.24  2399.83  2.55 2.20 -55.6 -0.408    19.85 21.93 02a58884o0882c 0x000000  -7.750000
58900.516435 19.950541      NaN    8    10 c    0   2.74 196.35004 56.32418  2625.83  9737.01  2.87 2.60 -54.1 -0.393    19.67 21.91 02a58900o0624c 0x000000   0.800000
58900.519070 19.922338      NaN   -5    13 c    0   1.34 196.35004 56.32418  2646.81  9776.81  3.08 2.78 -50.5 -0.403    19.57 21.89 02a58900o0629c 0x000000  -0.384615
58900.523921 20.103715      NaN   -1    11 c    0   2.56 196.35004 56.32418  2587.40  9693.93  3.14 2.83 -54.1 -0.400    19.53 21.89 02a58900o0638c 0x000000  -0.090909
58900.536922 20.009244      NaN    0    12 c    0   1.80 196.35004 56.32418  2566.34  9812.42  3.17 2.82 -54.7 -0.396    19.51 21.83 02a58900o0664c 0x000000   0.000000
58932.480032 19.922338      NaN   12     9 c    0   1.70 196.35004 56.32418  8608.25  2535.80  2.65 2.37 -64.1 -0.399    19.71 21.70 02a58932o0560c 0x000000   1.333333
58932.483700 20.207197      NaN  -13    10 c    0   1.67 196.35004 56.32418  8588.21  2496.53  2.70 2.44 -60.5 -0.398    19.70 21.71 02a58932o0568c 0x000000  -1.300000
58932.489222 20.321591      NaN  -26     9 c    0   1.65 196.35004 56.32418  8647.98  2574.63  2.62 2.47 -61.6 -0.395    19.67 21.70 02a58932o0580c 0x000000  -2.888889
58932.499339 20.207197      NaN  -11    10 c    0   1.38 196.35004 56.32418  8668.96  2457.49  2.49 2.36 -62.3 -0.400    19.72 21.67 02a58932o0602c 0x000000  -1.100000
58956.456794 20.321591      NaN   -7     9 c    0   2.02 196.35004 56.32418  6628.71  5192.46  2.54 2.43  40.5 -0.398    19.70 21.71 02a58956o0481c 0x000000  -0.777778
58956.459736 20.244005      NaN    2     9 c    0   1.61 196.35004 56.32418  6611.31  5152.91  2.51 2.49  89.0 -0.403    19.70 21.71 02a58956o0487c 0x000000   0.222222
58956.465425 20.103715      NaN    6     9 c    0   1.79 196.35004 56.32418  6663.71  5229.21  2.61 2.45  31.9 -0.395    19.69 21.70 02a58956o0499c 0x000000   0.666667
58956.477932 19.841877      NaN   15     9 c    0   2.10 196.35004 56.32418  6681.82  5112.90  2.82 2.41  35.4 -0.384    19.61 21.67 02a58956o0525c 0x000000   1.666667
58960.483246 20.449472      NaN  -13     8 c    0   2.19 196.35004 56.32418  6627.96  5184.06  2.67 2.32  34.3 -0.397    19.72 21.56 02a58960o0482c 0x000000  -1.625000
58960.486028 20.009244      NaN    9     9 c    0   1.96 196.35004 56.32418  6608.79  5144.75  2.63 2.30  35.3 -0.398    19.71 21.56 02a58960o0488c 0x000000   1.000000
58960.492483 20.449472      NaN    0     8 c    0   3.07 196.35004 56.32418  6666.40  5223.91  2.52 2.25  32.5 -0.397    19.76 21.53 02a58960o0502c 0x000000   0.000000
58960.502757 20.321591      NaN  -33     9 c    0   1.69 196.35004 56.32418  6683.58  5107.06  2.46 2.22  33.1 -0.401    19.75 21.52 02a58960o0524c 0x000000  -3.666667
58964.405720 20.103715      NaN   -4    11 c    0   1.79 196.35004 56.32418  1889.54   677.78  2.72 2.32 -58.0 -0.399    19.54 21.35 02a58964o0372c 0x000000  -0.363636
58964.408922 19.384550      NaN    1    21 c    0   1.22 196.35004 56.32418  1868.45   638.79  2.80 2.50 -62.5 -0.387    18.78 20.48 02a58964o0379c 0x000000   0.047619
58964.414410 19.766969      NaN  -19    15 c    0   1.72 196.35004 56.32418  1927.90   711.34  2.73 2.45 -64.2 -0.393    18.77 20.53 02a58964o0391c 0x000000  -1.266667
58964.425006 18.598565      NaN   27    35 c    0   1.02 196.35004 56.32418  1952.32   591.60  2.74 2.44 -61.9 -0.389    18.02 19.69 02a58964o0414c 0x100002   0.771429
58984.368092 19.384550      NaN   28    12 c    0   1.68 196.35004 56.32418  6047.07   420.79  2.36 2.14 -65.4 -0.428    19.78 21.63 02a58984o0213c 0x000000   2.333333
58984.371293 19.631075      NaN   18    11 c    0   1.20 196.35004 56.32418  6027.02   381.22  2.36 2.15 -68.0 -0.416    19.76 21.63 02a58984o0220c 0x000000   1.636364
58984.377241 19.589310      NaN   17    12 c    0   1.73 196.35004 56.32418  6088.89   459.73  2.37 2.16 -66.7 -0.431    19.77 21.62 02a58984o0233c 0x000000   1.416667
58984.388715 20.282105      NaN    1     9 c    0   2.53 196.35004 56.32418  6110.95   342.16  2.41 2.16 -66.8 -0.421    19.75 21.61 02a58984o0258c 0x000000   0.111111
58988.377164 20.449472      NaN  -11     8 c    0   1.93 196.35004 56.32418  3439.15  7030.59  2.39 2.37 -11.3 -0.392    19.70 21.63 02a58988o0310c 0x000000  -1.375000
58988.380371 19.841877      NaN   12    10 c    0   1.52 196.35004 56.32418  3418.86  6988.66  2.54 2.37  28.9 -0.383    19.69 21.63 02a58988o0317c 0x000000   1.200000
58988.385892 20.207197      NaN   -5    10 c    0   1.62 196.35004 56.32418  3476.48  7067.45  2.49 2.38 -37.6 -0.394    19.66 21.62 02a58988o0329c 0x000000  -0.500000
58988.396077 20.207197      NaN   -5    10 c    0   1.42 196.35004 56.32418  3494.42  6948.35  2.42 2.37 -13.5 -0.390    19.69 21.58 02a58988o0351c 0x000000  -0.500000
58992.330918 20.321591      NaN   -6     9 c    0   1.98 196.35004 56.32418  3441.39  7036.04  2.52 2.31  31.0 -0.385    19.77 21.77 02a58992o0209c 0x000000  -0.666667
58992.334118 19.841877      NaN   15     9 c    0   1.79 196.35004 56.32418  3422.44  6997.58  2.48 2.31  24.9 -0.386    19.76 21.77 02a58992o0216c 0x000000   1.666667
58992.340075 19.589310      NaN   23    10 c    0   2.08 196.35004 56.32418  3478.26  7072.88  2.53 2.33  29.6 -0.383    19.78 21.76 02a58992o0229c 0x000000   2.300000
58992.350596 20.321591      NaN    3     8 c    0   2.51 196.35004 56.32418  3498.56  6953.35  2.59 2.39  30.4 -0.380    19.69 21.73 02a58992o0252c 0x000000   0.375000
59011.337551 20.207197      NaN  -14    10 c    0   1.32 196.35004 56.32418  3977.08   515.03  2.64 2.50 -77.0 -0.387    19.69 21.78 02a59011o0205c 0x000000  -1.400000
59011.341233 20.207197      NaN  -42    10 c    0   1.79 196.35004 56.32418  3957.70   476.12  2.98 2.82 -77.9 -0.371    19.55 21.78 02a59011o0213c 0x000000  -4.200000
59011.347710 20.071303      NaN    4    10 c    0   1.55 196.35004 56.32418  4018.74   552.88  2.95 2.81 -80.8 -0.369    19.57 21.75 02a59011o0227c 0x000000   0.400000
59011.360169 19.791368      NaN   14    10 c    0   1.96 196.35004 56.32418  4040.09   429.46  3.00 2.87  80.9 -0.375    19.49 21.75 02a59011o0254c 0x000000   1.400000
59015.302152 19.979496      NaN   10     9 c    0   1.77 196.35004 56.32418  3976.02   514.79  2.46 2.32 -88.6 -0.400    19.77 21.78 02a59015o0131c 0x000000   1.111111
59015.304943 20.321591      NaN   -8     9 c    0   1.90 196.35004 56.32418  3956.28   478.14  2.48 2.34 -70.2 -0.402    19.74 21.76 02a59015o0137c 0x000000  -0.888889
59015.310937 20.009244      NaN   -8    12 c    0   0.98 196.35004 56.32418  4018.32   555.61  2.53 2.37 -69.5 -0.399    19.75 21.75 02a59015o0150c 0x000000  -0.666667
59015.321044 20.321591      NaN   -5     9 c    0   1.81 196.35004 56.32418  4038.59   435.26  2.66 2.51 -75.0 -0.398    19.65 21.74 02a59015o0172c 0x000000  -0.555556
59020.297510 17.381362      NaN  -17   135 c    0   1.20 196.35004 56.32418  2806.42  4914.91  2.77 2.38  34.3 -0.378    17.12 18.62 02a59020o0060c 0x100002  -0.125926
59020.301288 19.351140      NaN  -41    22 c    0   1.40 196.35004 56.32418  2786.61  4876.62  2.72 2.31  35.9 -0.379    18.84 20.46 02a59020o0068c 0x000000  -1.863636
59020.308628 16.242605      NaN  262   298 c    0   1.36 196.35004 56.32418  2844.36  4950.27  2.81 2.37  31.7 -0.379    15.91 17.34 02a59020o0084c 0x100002   0.879195
59020.321534 19.454622      NaN  -12    20 c    0   1.29 196.35004 56.32418  2864.95  4830.84  2.65 2.29  33.7 -0.388    18.36 20.15 02a59020o0112c 0x000000  -0.600000
59040.259183 19.719755      NaN    2    15 c    0   1.79 196.35004 56.32418  5340.79  6915.83  2.83 2.72  44.9 -0.371    19.17 20.60 02a59040o0035c 0x000000   0.133333
59040.262401 20.009244      NaN   -6    12 c    0   1.42 196.35004 56.32418  5321.98  6875.83  2.76 2.47  39.2 -0.385    19.41 21.06 02a59040o0042c 0x000000  -0.500000
59040.267917 20.207197      NaN  -16    10 c    0   2.20 196.35004 56.32418  5378.65  6952.56  2.74 2.56  35.3 -0.389    19.54 21.45 02a59040o0054c 0x000000  -1.600000
59040.280116 19.791368 0.271434   44    11 c    0   1.91 196.35004 56.32418  5394.74  6834.13  2.95 2.70  35.6 -0.370    19.50 21.52 02a59040o0080c 0x000000   4.000000
59044.301450 19.529530      NaN   26    10 c    0   1.62 196.35004 56.32418  7221.73  6843.09  2.64 2.40  40.5 -0.395    19.61 21.56 02a59044o0124c 0x000000   2.600000
59044.305584 20.071303 0.255467   34     8 c    0   2.42 196.35004 56.32418  7205.19  6807.02  2.55 2.51  51.5 -0.404    19.62 21.65 02a59044o0133c 0x000000   4.250000
59044.311103 20.103715      NaN  -12    11 c    0   2.12 196.35004 56.32418  7263.13  6885.22  2.48 2.45  65.5 -0.405    19.64 21.63 02a59044o0145c 0x000000  -1.090909
59044.321746 20.207197      NaN   -6    10 c    0   2.01 196.35004 56.32418  7280.35  6764.66  2.75 2.59  36.3 -0.390    19.60 21.66 02a59044o0168c 0x000000  -0.600000
59048.283688 19.674510      NaN   19    10 c    0   1.44 196.35004 56.32418  7232.99  6846.78  2.79 2.36  34.9 -0.385    19.62 21.44 02a59048o0090c 0x000000   1.900000
59048.287832 20.103715      NaN   -4    11 c    0   1.76 196.35004 56.32418  7212.29  6807.45  2.72 2.33  40.4 -0.389    19.56 21.35 02a59048o0099c 0x000000  -0.363636
59048.294746 19.719755      NaN   14    11 c    0   1.70 196.35004 56.32418  7265.65  6882.93  2.90 2.36  37.9 -0.374    19.49 21.35 02a59048o0114c 0x000000   1.272727
59048.305326 19.766969      NaN   12    11 c    0   1.76 196.35004 56.32418  7288.80  6766.28  2.84 2.31  37.0 -0.385    19.64 21.53 02a59048o0137c 0x000000   1.090909
59206.482272 19.472870      NaN   11    16 c    0   1.50 196.35004 56.32418  1554.17  7161.84  3.26 3.02 -68.1 -0.370    19.17 21.11 01a59206o0606c 0x000000   0.687500
59206.494824 19.922338      NaN   -9    13 c    0   1.47 196.35004 56.32418  1537.27  7122.56  3.20 2.80 -66.1 -0.376    19.36 21.46 01a59206o0633c 0x000000  -0.692308
59206.502718 20.321591      NaN  -16     9 c    0   2.61 196.35004 56.32418  1594.20  7197.83  3.05 2.74 -61.4 -0.373    19.42 21.53 01a59206o0650c 0x000000  -1.777778
59206.508273 20.009244      NaN  -21    12 c    0   1.40 196.35004 56.32418  1614.67  7080.88  3.10 2.74 -66.6 -0.375    19.45 21.61 01a59206o0662c 0x000000  -1.750000
59208.627926 19.950541      NaN    8    10 c    0   2.06 196.35004 56.32418  3974.64  8009.31  2.97 2.49  46.4 -0.366    19.63 21.58 02a59208o0936c 0x000000   0.800000
59208.632073 20.321591      NaN  -10     9 c    0   3.02 196.35004 56.32418  3995.49  8048.70  2.90 2.46  46.4 -0.369    19.62 21.60 02a59208o0945c 0x000000  -1.111111
59208.651839 20.103715      NaN  -21    11 c    0   1.35 196.35004 56.32418  3936.76  7970.56  2.91 2.45  40.8 -0.365    19.68 21.66 02a59208o0988c 0x000000  -1.909091
59208.662897 20.009244      NaN    6    10 c    0   1.55 196.35004 56.32418  3919.05  8088.05  2.93 2.48  43.6 -0.360    19.50 21.14 02a59208o1012c 0x000000   0.600000
59226.608559 20.282105      NaN    1     9 c    0   2.13 196.35004 56.32418  8599.24  2497.18  3.22 3.09 -76.4 -0.354    19.59 22.23 01a59226o0855c 0x000000   0.111111
59226.614026 20.103715      NaN   -7    11 c    0   1.71 196.35004 56.32418  8579.68  2455.97  3.83 3.52 -56.7 -0.300    19.45 22.23 01a59226o0866c 0x000000  -0.636364
59226.617250 20.321591      NaN   -1     9 c    0   1.46 196.35004 56.32418  8638.39  2535.76  2.75 2.71 -31.4 -0.362    19.81 22.23 01a59226o0873c 0x000000  -0.111111
59226.630213 20.137125      NaN    5     9 c    0   1.91 196.35004 56.32418  8651.67  2423.98  3.06 2.92 -55.2 -0.358    19.65 22.24 01a59226o0901c 0x000000   0.555556
59228.615093 20.137125      NaN    2    10 c    0   2.07 196.35004 56.32418 10200.84  1556.64  2.72 2.28 -56.9 -0.404    19.75 21.88 02a59228o0833c 0x000000   0.200000
59228.617838 20.321591      NaN  -22     9 c    0   2.15 196.35004 56.32418 10219.94  1594.94  2.73 2.30 -57.3 -0.412    19.78 21.88 02a59228o0839c 0x000000  -2.444444
59228.620581 20.207197      NaN  -20    10 c    0   2.34 196.35004 56.32418 10164.62  1521.17  2.87 2.53 -57.3 -0.390    19.62 21.88 02a59228o0845c 0x000000  -2.000000
59228.626068 20.137125      NaN    5     9 c    0   2.80 196.35004 56.32418 10146.12  1641.25  2.74 2.34 -56.9 -0.402    19.74 21.90 02a59228o0857c 0x000000   0.555556
59228.628812 20.321591      NaN   -9     9 c    0   1.80 196.35004 56.32418   945.53  1588.08  2.54 2.36 -71.5 -0.425    19.76 21.89 02a59228o0863c 0x000000  -1.000000
59228.632018 20.039830      NaN    8     9 c    0   2.19 196.35004 56.32418   964.44  1628.59  2.50 2.36 -75.8 -0.417    19.75 21.89 02a59228o0870c 0x000000   0.888889
59228.634778 20.449472      NaN   -2     8 c    0   2.61 196.35004 56.32418   908.79  1545.85  2.53 2.36 -70.9 -0.425    19.71 21.88 02a59228o0876c 0x000000  -0.250000
59228.652571 19.609992      NaN   22    10 c    0   1.38 196.35004 56.32418   896.40  1666.33  2.54 2.39 -73.3 -0.422    19.78 21.89 02a59228o0914c 0x000000   2.200000
59230.574365 20.321591      NaN   -4     9 c    0   1.57 196.35004 56.32418  8604.99  2498.86  2.96 2.72  83.0 -0.388    19.74 22.15 01a59230o0808c 0x000000  -0.444444
59230.576251 19.696897      NaN   18    10 c    0   1.66 196.35004 56.32418  8583.76  2461.87  3.24 3.03  45.9 -0.355    19.61 22.15 01a59230o0812c 0x000000   1.800000
59230.579550 19.894850      NaN   10    10 c    0   1.68 196.35004 56.32418  8643.89  2541.73  3.12 2.99  34.5 -0.363    19.65 22.16 01a59230o0819c 0x000000   1.000000
59230.590262 20.207197      NaN  -17    10 c    0   2.16 196.35004 56.32418  8659.80  2425.34  2.99 2.68 -88.0 -0.420    19.73 22.28 01a59230o0842c 0x000000  -1.700000
59254.555699 20.449472      NaN    0     8 c    0   1.98 196.35004 56.32418  6627.78  5167.64  2.68 2.40 -79.0 -0.395    19.80 22.21 01a59254o0752c 0x000000   0.000000
59254.558467 20.449472      NaN   -7     8 c    0   1.92 196.35004 56.32418  6607.03  5129.05  2.64 2.41 -73.7 -0.381    19.80 22.19 01a59254o0758c 0x000000  -0.875000
59254.563550 20.449472      NaN  -38     8 c    0   1.61 196.35004 56.32418  6666.45  5206.66  2.67 2.51 -75.2 -0.364    19.75 22.20 01a59254o0769c 0x000000  -4.750000
59254.569072 20.321591      NaN   -9     9 c    0   1.56 196.35004 56.32418  6684.13  5093.75  2.83 2.40 -78.7 -0.389    19.75 22.19 01a59254o0781c 0x000000  -1.000000
59256.521832 19.894850      NaN    7    11 c    0   1.91 196.35004 56.32418   544.05  9737.48  2.42 2.25 -57.5 -0.451    19.80 21.98 02a59256o0679c 0x000000   0.636364
59256.524118 19.841877      NaN   12    10 c    0   2.31 196.35004 56.32418   564.76  9777.68  2.46 2.28 -60.4 -0.453    19.78 21.98 02a59256o0684c 0x000000   1.200000
59256.526862 20.207197      NaN  -13    10 c    0   2.23 196.35004 56.32418   502.26  9693.79  2.43 2.23 -57.8 -0.448    19.81 21.98 02a59256o0690c 0x000000  -1.300000
59256.531914 20.207197      NaN  -28    10 c    0   1.98 196.35004 56.32418   480.23  9812.25  2.55 2.36 -61.2 -0.446    19.77 21.98 02a59256o0701c 0x000000  -2.800000
59258.529589 20.449472      NaN   -2     8 c    0   1.99 196.35004 56.32418  1867.87   679.97  2.49 2.32  24.7 -0.404    19.77 21.96 01a59258o0700c 0x000000  -0.250000
59258.531429 20.449472      NaN   -1     8 c    0   2.65 196.35004 56.32418  1846.49   640.63  2.43 2.27  27.5 -0.407    19.78 21.96 01a59258o0704c 0x000000  -0.125000
59258.534198 20.449472      NaN   -4     8 c    0   1.92 196.35004 56.32418  1910.24   717.30  2.46 2.32  28.6 -0.401    19.75 21.96 01a59258o0710c 0x000000  -0.500000
59258.540191 20.071303      NaN    7     9 c    0   1.48 196.35004 56.32418  1928.64   599.03  2.54 2.37  24.6 -0.404    19.75 21.97 01a59258o0723c 0x000000   0.777778
59262.469561 20.321591      NaN  -12     9 c    0   2.12 196.35004 56.32418  1883.91   664.46  2.35 2.21  35.0 -0.414    19.76 21.80 01a59262o0553c 0x000000  -1.333333
59262.471867 20.207197      NaN   -1    10 c    0   1.70 196.35004 56.32418  1861.48   627.38  2.43 2.34  33.5 -0.403    19.72 21.80 01a59262o0558c 0x000000  -0.100000
59262.474631 19.868040      NaN   14     9 c    0   2.15 196.35004 56.32418  1923.17   705.30  2.48 2.34  18.9 -0.426    19.69 21.81 01a59262o0564c 0x000000   1.555556
59262.480623 20.171596      NaN    4     9 c    0   2.25 196.35004 56.32418  1941.46   588.58  2.29 2.17  22.4 -0.414    19.79 21.78 01a59262o0577c 0x000000   0.444444
59266.638946 20.362567      NaN    2     8 c    0   1.56 196.35004 56.32418  1391.78  3816.93  2.35 2.30  30.6 -0.386    19.82 22.07 01a59266o0378c 0x000000   0.250000
59266.643589 20.103715      NaN    9     8 c    0   1.99 196.35004 56.32418  1412.76  3855.40  2.35 2.27  20.1 -0.378    19.83 22.07 01a59266o0388c 0x000000   1.125000
59266.646860 20.137125      NaN    5     9 c    0   1.51 196.35004 56.32418  1354.63  3775.78  2.32 2.28  35.9 -0.383    19.81 22.04 01a59266o0395c 0x000000   0.555556
59266.651937 20.207197      NaN    6     8 c    0   2.50 196.35004 56.32418  1338.49  3891.19  2.41 2.37  28.7 -0.382    19.78 21.97 01a59266o0406c 0x000000   0.750000
59288.440518 19.816329      NaN   10    11 c    0   1.58 196.35004 56.32418  9904.72  8080.74  2.89 2.67  49.3 -0.383    19.78 21.92 02a59288o0484c 0x000000   0.909091
59288.443721 20.207197      NaN   -7    10 c    0   1.98 196.35004 56.32418  9926.07  8118.81  2.90 2.59  43.3 -0.385    19.76 21.94 02a59288o0491c 0x000000  -0.700000
59288.450790 20.207197      NaN  -16    10 c    0   1.95 196.35004 56.32418  9863.18  8044.51  2.92 2.63  50.1 -0.383    19.75 21.92 02a59288o0506c 0x000000  -1.600000
59288.473202 20.207197      NaN  -22    10 c    0   2.61 196.35004 56.32418  9848.85  8166.16  2.91 2.65  40.2 -0.389    19.75 21.88 02a59288o0554c 0x000000  -2.200000
59292.439746 20.137125      NaN    8     8 c    0   2.49 196.35004 56.32418  4665.67  1520.71  2.49 2.36  89.8 -0.394    19.74 21.81 02a59292o0467c 0x000000   1.000000
59292.442949 20.321591      NaN    3     8 c    0   2.49 196.35004 56.32418  4687.80  1558.78  2.44 2.33  77.3 -0.397    19.75 21.81 02a59292o0474c 0x000000   0.375000
59292.447088 20.207197      NaN    0    10 c    0   1.56 196.35004 56.32418  4630.25  1481.39  2.44 2.34  81.1 -0.399    19.73 21.83 02a59292o0483c 0x000000   0.000000
59292.452119 20.321591      NaN  -24     9 c    0   2.03 196.35004 56.32418  4614.88  1598.29  2.57 2.33  60.5 -0.392    19.69 21.82 02a59292o0494c 0x000000  -2.666667
59310.407393 20.594452      NaN  -12     7 c    0   2.40 196.35004 56.32418  3942.99   522.23  2.39 2.23  17.0 -0.408    19.94 21.90 01a59310o0335c 0x000000  -1.714286
59310.409236 20.449472      NaN   -8     8 c    0   1.95 196.35004 56.32418  3921.22   482.94  2.46 2.26  11.0 -0.407    19.93 21.89 01a59310o0339c 0x000000  -1.000000
59310.412000 20.594452      NaN  -24     7 c    0   2.15 196.35004 56.32418  3983.22   560.23  2.44 2.33   5.8 -0.413    19.91 21.87 01a59310o0345c 0x000000  -3.428571
59310.417527 20.449472      NaN    3     7 c    0   1.94 196.35004 56.32418  4000.34   445.18  2.40 2.21   5.5 -0.415    19.93 21.89 01a59310o0357c 0x000000   0.428571
59314.390481 20.009244      NaN  -28    12 c    0   1.34 196.35004 56.32418  2806.43  4924.82  2.29 2.24 -83.5 -0.382    19.39 21.16 01a59314o0369c 0x000000  -2.333333
59314.392790 20.449472      NaN    0     8 c    0   1.76 196.35004 56.32418  2788.30  4887.15  2.34 2.25   2.5 -0.370    19.86 21.69 01a59314o0374c 0x000000   0.000000
59314.396202 20.594452      NaN  -21     7 c    0   2.03 196.35004 56.32418  2845.31  4963.05  2.23 2.19 -24.4 -0.375    19.92 21.74 01a59314o0380c 0x000000  -3.000000
59314.401914 20.449472      NaN   -5     8 c    0   2.01 196.35004 56.32418  2863.20  4847.80  2.24 2.19 -45.3 -0.382    19.93 21.73 01a59314o0391c 0x000000  -0.625000
59318.383357 20.449472      NaN   -9     8 c    0   1.50 196.35004 56.32418  2804.75  4929.90  2.33 2.20 -75.6 -0.398    19.85 21.54 01a59318o0349c 0x000000  -1.125000
59318.385201 19.791368      NaN   14    10 c    0   1.57 196.35004 56.32418  2785.35  4888.82  2.39 2.27 -78.9 -0.390    19.81 21.54 01a59318o0353c 0x000000   1.400000
59318.387978 20.321591      NaN   -3     9 c    0   1.88 196.35004 56.32418  2845.42  4964.69  2.52 2.39 -81.6 -0.386    19.78 21.54 01a59318o0359c 0x000000  -0.333333
59318.407676 20.321591      NaN   -4     9 c    0   1.78 196.35004 56.32418  2865.21  4852.05  2.49 2.32 -79.6 -0.389    19.81 21.50 01a59318o0400c 0x000000  -0.444444
59344.412606 20.207197      NaN  -10    10 c    0   1.84 196.35004 56.32418  7764.64  9008.41  2.70 2.47  43.4 -0.392    19.72 21.66 02a59344o0370c 0x000000  -1.000000
59344.415850 20.103715      NaN    0    11 c    0   1.55 196.35004 56.32418  7747.74  8967.38  2.60 2.53  81.2 -0.397    19.70 21.66 02a59344o0377c 0x000000   0.000000
59344.423176 20.103715      NaN  -11    11 c    0   2.16 196.35004 56.32418  7804.22  9047.48  2.60 2.50 -80.9 -0.402    19.73 21.64 02a59344o0393c 0x000000  -1.000000
59344.457723 20.207197      NaN   -2    10 c    0   2.32 196.35004 56.32418  7824.68  8930.98  2.66 2.58  54.8 -0.396    19.69 21.56 02a59344o0465c 0x000000  -0.200000
59370.322262 20.137125      NaN    8     8 c    0   1.89 196.35004 56.32418  5798.17  5773.96  2.40 2.23 -87.7 -0.382    19.96 21.94 01a59370o0187c 0x000000   1.000000
59370.325490 20.137125      NaN   11     7 c    0   2.35 196.35004 56.32418  5818.61  5812.98  2.37 2.19 -88.2 -0.385    19.99 21.93 01a59370o0194c 0x000000   1.571429
59370.331028 20.449472      NaN    3     7 c    0   2.35 196.35004 56.32418  5760.59  5736.35  2.35 2.18 -84.9 -0.379    19.99 21.93 01a59370o0206c 0x000000   0.428571
59370.342087 20.594452      NaN   -8     7 c    0   2.54 196.35004 56.32418  5742.69  5852.48  2.38 2.27 -80.6 -0.374    19.96 21.99 01a59370o0230c 0x000000  -1.142857
59374.304425 19.841877      NaN   18     8 c    0   3.07 196.35004 56.32418  5798.71  5776.03  2.23 2.15 -86.3 -0.384    19.99 21.82 01a59374o0146c 0x000000   2.250000
59374.307651 20.362567 0.334073   26     8 c    0   2.26 196.35004 56.32418  5818.75  5814.43  2.30 2.12 -87.0 -0.391    20.00 21.85 01a59374o0153c 0x000000   3.250000
59374.314651 20.405150      NaN    1     8 c    0   2.50 196.35004 56.32418  5761.94  5738.26  2.34 2.22 -87.3 -0.378    19.94 21.81 01a59374o0168c 0x000000   0.125000
59374.324788 20.009244      NaN   12     8 c    0   1.81 196.35004 56.32418  5743.46  5854.20  2.41 2.21 -84.3 -0.384    19.91 21.83 01a59374o0190c 0x000000   1.500000
59378.295886 20.449472      NaN  -26     8 c    0   1.93 196.35004 56.32418  9897.49  8006.49  2.44 2.26  84.0 -0.380    19.91 21.56 01a59378o0126c 0x000000  -3.250000
59378.299108 20.321591      NaN   -1     9 c    0   2.39 196.35004 56.32418  9918.91  8044.45  2.39 2.27  85.0 -0.383    19.92 21.56 01a59378o0133c 0x000000  -0.111111
59378.304634 19.950541      NaN    8    10 c    0   1.64 196.35004 56.32418  9858.08  7970.76  2.46 2.25  87.5 -0.381    19.92 21.57 01a59378o0145c 0x000000   0.800000
59378.316622 20.207197      NaN    0    10 c    0   1.70 196.35004 56.32418  9839.86  8087.20  2.48 2.24  82.0 -0.371    19.91 21.56 01a59378o0171c 0x000000   0.000000
59404.260739 19.743105      NaN    4    14 c    0   1.28 196.35004 56.32418  6591.19  2568.60  2.26 2.18 -68.3 -0.400    19.46 20.82 02a59404o0037c 0x000000   0.285714
59404.264436 20.103715      NaN    6     9 c    0   1.65 196.35004 56.32418  6570.54  2527.50  2.40 2.10 -56.5 -0.401    19.57 21.15 02a59404o0045c 0x000000   0.666667
59404.269941 20.103715      NaN   -4    11 c    0   1.16 196.35004 56.32418  6630.49  2605.45  2.24 2.18 -77.6 -0.397    19.66 21.35 02a59404o0057c 0x000000  -0.363636
59404.280977 20.282105      NaN    1     9 c    0   2.12 196.35004 56.32418  6654.16  2490.51  2.33 2.12 -59.1 -0.402    19.70 21.42 02a59404o0081c 0x000000   0.111111
59408.253789 18.944322      NaN   30    22 c    0   0.90 196.35004 56.32418  6597.64  2570.42  2.35 2.20 -67.6 -0.393    18.67 19.73 02a59408o0023c 0x000000   1.363636
59408.257494 19.743105 0.330441   46    14 c    0   1.44 196.35004 56.32418  6575.76  2529.05  2.33 2.14 -60.3 -0.396    19.21 20.38 02a59408o0031c 0x000000   3.285714
59408.264871 19.652575      NaN   20    10 c    0   2.12 196.35004 56.32418  6637.18  2608.01  2.33 2.17 -62.9 -0.396    19.55 21.10 02a59408o0047c 0x000000   2.000000
59408.275020 20.171596      NaN    1    10 c    0   1.36 196.35004 56.32418  6657.57  2488.51  2.39 2.23 -60.8 -0.398    19.61 21.27 02a59408o0069c 0x000000   0.100000
59434.256616 20.321591      NaN  -29     9 c    0   1.88 196.35004 56.32418  2744.37  1595.96  2.37 2.29  37.0 -0.393    19.69 21.40 01a59434o0055c 0x000000  -3.222222
59434.259840 19.979496      NaN    7    10 c    0   1.58 196.35004 56.32418  2762.63  1635.67  2.29 2.20  38.0 -0.392    19.74 21.48 01a59434o0062c 0x000000   0.700000
59434.266760 20.207197      NaN  -20    10 c    0   1.65 196.35004 56.32418  2708.13  1555.06  2.24 2.15  37.3 -0.400    19.77 21.52 01a59434o0077c 0x000000  -2.000000
59434.277390 19.950541      NaN    8    10 c    0   1.65 196.35004 56.32418  2691.08  1672.08  2.26 2.17  43.0 -0.401    19.75 21.53 01a59434o0100c 0x000000   0.800000
59588.620641 19.696897      NaN   18    10 c    0   2.06 196.35004 56.32418  7126.14  3548.22  2.67 2.40  51.1 -0.397    19.59 21.83 02a59588o0934c 0x000000   1.800000
59588.623855 20.449472      NaN   -6     8 c    0   2.93 196.35004 56.32418  7145.99  3587.39  2.54 2.39  57.8 -0.402    19.65 21.83 02a59588o0941c 0x000000  -0.750000
59588.629426 19.922338      NaN   12     9 c    0   1.78 196.35004 56.32418  7093.26  3508.30  2.55 2.39  59.9 -0.398    19.63 21.84 02a59588o0953c 0x000000   1.333333
59588.640056 20.405150      NaN    1     8 c    0   3.61 196.35004 56.32418  7075.72  3625.52  2.57 2.40  54.7 -0.401    19.60 21.82 02a59588o0975c 0x000000   0.125000