         MJD         m       dm   uJy  duJy F  err  chi/N        RA      Dec        x        y  maj  min   phi  apfit  mag5sig   Sky            Obs     Mask   __tmp_SN
57713.296405 16.440934      NaN  -126   321 c    0   1.34 359.09121 32.45665   584.84  3705.83 4.15 3.77  70.0 -0.374    16.60 18.18 02a57713o0228c 0x100002  -0.392523
57713.305477 17.430723      NaN  -495   129 c    0   1.16 359.09121 32.45665   567.70  3666.24 4.56 4.30  68.8 -0.363    17.25 19.02 02a57713o0244c 0x100002  -3.837209
57713.316064 18.191747      NaN  -406    64 c    0   1.22 359.09121 32.45665 10242.99  3736.89 4.32 3.98  85.2 -0.395    17.92 19.78 02a57713o0264c 0x100002  -6.343750
57713.325652 17.909502      NaN  -612    83 c    0   1.90 359.09121 32.45665   616.13  3741.93 4.17 3.88  71.1 -0.374    17.37 19.17 02a57713o0282c 0x100002  -7.373494
57713.326678 17.896499      NaN  -496    84 c    0   1.32 359.09121 32.45665 10226.28  3696.74 4.24 3.86  81.8 -0.404    17.33 19.20 02a57713o0284c 0x100002  -5.904762
57713.327699 18.910912      NaN  -371    33 c    0   1.53 359.09121 32.45665   650.29  3625.09 4.24 4.01  71.4 -0.375    18.37 20.28 02a57713o0286c 0x100002 -11.242424
57713.346085 18.847027      NaN  -348    35 c    0   1.63 359.09121 32.45665   603.63  3682.64 4.10 3.74  66.5 -0.383    18.43 20.23 02a57713o0320c 0x100002  -9.942857
57713.346601 18.729535      NaN  -140    39 c    0   1.18 359.09121 32.45665 10275.47  3776.51 4.05 3.56  84.5 -0.418    18.64 20.49 02a57713o0321c 0x100002  -3.589744
57713.349939 18.944322      NaN  -377    32 c    0   1.58 359.09121 32.45665 10310.32  3660.90 4.07 3.61  85.7 -0.425    18.65 20.49 02a57713o0327c 0x100002 -11.781250
57713.367465 19.089302      NaN  -232    28 c    0   1.61 359.09121 32.45665 10261.38  3718.13 4.58 4.27  76.4 -0.392    18.91 20.98 02a57713o0359c 0x100002  -8.285714
57721.296797 19.922338      NaN  -259    13 c    0   1.51 359.09121 32.45665  1319.02  6831.24 3.93 3.73  44.8 -0.424    19.70 21.69 02a57721o0204c 0x000000 -19.923077
57721.308323 19.922338      NaN  -275    13 c    0   1.67 359.09121 32.45665  1302.14  6792.02 3.88 3.67  39.9 -0.435    19.72 21.71 02a57721o0226c 0x000000 -21.153846
57721.309346 19.841877      NaN  -205    14 c    0   1.27 359.09121 32.45665  1352.00  6868.01 3.98 3.77  47.7 -0.422    19.69 21.70 02a57721o0228c 0x000000 -14.642857
57721.329199 19.696897      NaN  -205    16 c    0   1.17 359.09121 32.45665  1370.25  6750.81 3.83 3.63  45.9 -0.433    19.70 21.65 02a57721o0264c 0x000000 -12.812500
57721.332625 19.766969      NaN  -200    15 c    0   1.27 359.09121 32.45665  1338.01  6809.47 3.79 3.59  45.3 -0.439    19.71 21.66 02a57721o0270c 0x000000 -13.333333
57745.250207 19.922338      NaN  -152    13 c    0   1.17 359.09121 32.45665  3411.88  4837.47 3.85 3.68  68.1 -0.382    19.64 21.54 02a57745o0128c 0x000000 -11.692308
57745.265277 19.922338      NaN  -159    13 c    0   1.45 359.09121 32.45665  3381.07  4797.73 3.78 3.62  72.0 -0.393    19.64 21.53 02a57745o0157c 0x000000 -12.230769
57745.267874 19.696897      NaN  -170    16 c    0   1.06 359.09121 32.45665  3446.79  4874.17 3.81 3.72  60.3 -0.387    19.63 21.52 02a57745o0162c 0x000000 -10.625000
57745.285080 19.766969      NaN  -165    15 c    0   1.16 359.09121 32.45665  3464.99  4756.06 4.02 3.83  12.1 -0.373    19.53 21.45 02a57745o0195c 0x000000 -11.000000
57745.305562 19.766969      NaN  -138    15 c    0   1.27 359.09121 32.45665  3435.21  4811.63 3.81 3.65  73.7 -0.385    19.56 21.39 02a57745o0234c 0x000000  -9.200000
57753.248224 17.623637      NaN  -544   108 c    0   1.28 359.09121 32.45665  1031.76  5565.45 4.27 3.88  53.8 -0.402    17.32 19.00 02a57753o0006c 0x100002  -5.037037
57753.271613 15.705404      NaN  -248   632 c    0   1.46 359.09121 32.45665  1115.09  5523.10 4.10 3.74  67.7 -0.409    15.39 16.85 02a57753o0049c 0x100002  -0.392405
57753.288288 16.610182      NaN   242   194 c    0   1.35 359.09121 32.45665  1066.98  5579.27 4.24 3.99  75.6 -0.383    16.61 18.24 02a57753o0081c 0x100002   1.247423
57757.228044 19.569016      NaN  -162    18 c    0   1.03 359.09121 32.45665  3417.70  5605.61 3.77 3.63  69.3 -0.391    19.33 20.90 02a57757o0073c 0x000000  -9.000000
57757.239704 19.631075      NaN  -180    17 c    0   1.28 359.09121 32.45665  3401.77  5565.44 3.81 3.68  62.8 -0.379    19.30 20.87 02a57757o0095c 0x000000 -10.588235
57757.250703 19.569016      NaN  -146    18 c    0   1.09 359.09121 32.45665  3467.71  5640.21 3.75 3.61  71.4 -0.382    19.31 20.86 02a57757o0116c 0x000000  -8.111111
57757.255064 19.569016      NaN  -193    18 c    0   1.12 359.09121 32.45665  3484.93  5524.96 3.81 3.67  73.5 -0.376    19.29 20.86 02a57757o0124c 0x000000 -10.722222
57757.276379 19.631075      NaN  -204    17 c    0   1.21 359.09121 32.45665  3453.44  5581.40 3.75 3.60  76.3 -0.380    19.26 20.79 02a57757o0163c 0x000000 -12.000000
57777.216804 19.454622      NaN  -247    20 c    0   1.33 359.09121 32.45665   657.54  4165.74 4.42 3.92  73.3 -0.387    18.99 20.55 02a57777o0039c 0x000000 -12.350000
57777.223279 19.569016      NaN  -219    18 c    0   1.22 359.09121 32.45665   640.12  4127.45 4.47 3.97  76.2 -0.371    19.28 21.11 02a57777o0052c 0x000000 -12.166667
57777.226750 19.631075      NaN  -223    17 c    0   1.22 359.09121 32.45665 10309.19  4207.94 4.39 3.77  83.8 -0.429    19.41 21.29 02a57777o0059c 0x000000 -13.117647
57777.232674 19.766969      NaN  -220    15 c    0   1.57 359.09121 32.45665   688.89  4203.52 4.43 4.04  77.5 -0.376    19.32 21.20 02a57777o0071c 0x000000 -14.666667
57777.236654 19.696897      NaN  -197    16 c    0   1.67 359.09121 32.45665 10293.63  4167.03 4.34 3.80  84.0 -0.440    19.41 21.31 02a57777o0079c 0x000000 -12.312500
57777.242528 19.569016      NaN  -212    18 c    0   1.07 359.09121 32.45665   706.17  4085.69 4.31 3.88  81.8 -0.384    19.33 21.19 02a57777o0091c 0x000000 -11.777778
57777.247070 19.631075      NaN  -219    17 c    0   1.27 359.09121 32.45665 10342.66  4245.08 4.28 3.50  84.5 -0.425    19.45 21.33 02a57777o0100c 0x000000 -12.882353
57777.253544 19.569016      NaN  -178    18 c    0   1.07 359.09121 32.45665   672.47  4143.33 4.27 3.91  82.5 -0.382    19.32 21.18 02a57777o0113c 0x000000  -9.888889
57777.258526 19.569016      NaN  -244    18 c    0   1.24 359.09121 32.45665 10359.74  4129.14 4.25 3.44  84.8 -0.429    19.44 21.32 02a57777o0123c 0x000000 -13.555556
57777.270063 19.569016      NaN  -246    18 c    0   1.33 359.09121 32.45665 10325.04  4186.68 4.28 3.54  84.3 -0.425    19.39 21.28 02a57777o0146c 0x000000 -13.666667
57781.237126 19.631075      NaN  -212    17 c    0   1.42 359.09121 32.45665  1077.48  4348.54 4.16 3.69  64.7 -0.419    19.45 21.26 02a57781o0015c 0x000000 -12.470588
57781.246946 19.696897      NaN  -242    16 c    0   1.29 359.09121 32.45665  1026.05  4407.22 4.14 3.73  63.7 -0.398    19.41 21.23 02a57781o0035c 0x000000 -15.125000
57983.527615 20.959772      NaN  -157     5 c    0   2.09 359.09121 32.45665  1446.95  5130.26 2.40 2.28  31.9 -0.449    19.90 21.91 02a57983o0534c 0x000000 -31.400000
57983.530225 20.959772      NaN  -120     5 c    0   2.79 359.09121 32.45665  1430.72  5091.34 2.44 2.32  29.5 -0.441    19.90 21.91 02a57983o0539c 0x000000 -24.000000
57983.540395 20.959772      NaN  -153     5 c    0   2.84 359.09121 32.45665  1476.29  5167.08 2.42 2.31  30.1 -0.440    19.89 21.88 02a57983o0558c 0x000000 -30.600000
57983.559758 20.594452      NaN  -131     7 c    0   1.10 359.09121 32.45665  1493.09  5049.54 2.47 2.36  27.8 -0.440    19.87 21.90 02a57983o0595c 0x000000 -18.714286
57987.519182 20.761819      NaN  -115     6 c    0   4.08 359.09121 32.45665  1053.48  5318.25 2.50 2.39  25.3 -0.433    19.88 21.85 02a57987o0380c 0x000000 -19.166667
57987.520149 20.959772      NaN  -134     5 c    0   2.60 359.09121 32.45665  1036.92  5279.62 2.45 2.32  29.0 -0.442    19.87 21.85 02a57987o0382c 0x000000 -26.800000
57987.530931 20.761819      NaN  -137     6 c    0   2.53 359.09121 32.45665  1099.83  5354.54 2.47 2.38  24.8 -0.437    19.84 21.84 02a57987o0402c 0x000000 -22.833333
57987.532886 20.761819      NaN  -158     6 c    0   2.19 359.09121 32.45665  1117.02  5238.03 2.48 2.37  30.2 -0.436    19.90 21.85 02a57987o0406c 0x000000 -26.333333
57991.525336 20.207197      NaN  -165    10 c    0   1.40 359.09121 32.45665  1765.88  1118.04 2.44 2.29  60.5 -0.439    19.29 21.03 02a57991o0427c 0x000000 -16.500000
57991.544408 19.766969      NaN  -130    15 c    0   1.20 359.09121 32.45665  1730.93  1078.38 2.47 2.30  65.6 -0.433    18.92 20.62 02a57991o0460c 0x000000  -8.666667
57991.557073 20.761819      NaN  -144     6 c    0   2.70 359.09121 32.45665  1797.50  1153.58 2.44 2.29  70.4 -0.474    19.85 21.73 02a57991o0482c 0x000000 -24.000000
57991.558582 20.761819      NaN  -115     6 c    0   3.06 359.09121 32.45665  1813.74  1035.90 2.46 2.32  61.4 -0.439    19.82 21.76 02a57991o0485c 0x000000 -19.166667
58019.442784 20.449472      NaN   -12     8 c    0   1.75 359.09121 32.45665  1886.93  1825.47 2.45 2.28  62.3 -0.425    19.82 21.67 02a58019o0455c 0x000000  -1.500000
58019.446566 20.137125      NaN    11     7 c    0   2.71 359.09121 32.45665  1871.59  1786.34 2.39 2.23  62.8 -0.427    19.84 21.68 02a58019o0462c 0x000000   1.571429
58019.455840 20.594452      NaN   -21     7 c    0   1.84 359.09121 32.45665  1919.12  1861.68 2.39 2.29  64.7 -0.423    19.83 21.63 02a58019o0480c 0x000000  -3.000000
58019.456875 20.594452      NaN   -26     7 c    0   2.35 359.09121 32.45665  1951.97  1744.84 2.41 2.28  58.4 -0.424    19.84 21.67 02a58019o0482c 0x000000  -3.714286
58071.351715 17.949472 0.045239   240    10 c    0   2.38 359.09121 32.45665   445.93  2185.99 2.88 2.39  43.2 -0.469    19.74 21.60 02a58071o0258c 0x000000  24.000000
58071.355148 18.005163 0.047620   228    10 c    0   1.87 359.09121 32.45665   429.31  2145.61 3.00 2.42  42.1 -0.463    19.71 21.54 02a58071o0264c 0x000000  22.800000
58071.362539 19.256669      NaN    33    13 c    0   4.76 359.09121 32.45665 10502.67  2217.91 3.07 2.69  53.0 -0.471    19.71 21.59 02a58071o0279c 0x000000   2.538462
58071.363008 17.862567 0.041759   260    10 c    0   2.11 359.09121 32.45665   479.82  2223.28 2.98 2.42  44.1 -0.463    19.71 21.59 02a58071o0280c 0x000000  26.000000
58071.380776 17.845990 0.041126   264    10 c    0   2.73 359.09121 32.45665   513.50  2102.86 2.90 2.35  40.1 -0.471    19.77 21.57 02a58071o0315c 0x000000  26.400000
58071.382170 18.438271 0.092252   153    13 c    0   2.95 359.09121 32.45665 10471.85  2176.01 2.91 2.54  54.8 -0.476    19.80 21.61 02a58071o0318c 0x000000  11.769231
58075.334395 18.261819 0.060319   180    10 c    0   2.10 359.09121 32.45665   454.18  1127.36 2.80 2.27  41.8 -0.514    19.84 21.71 02a58075o0232c 0x000000  18.000000
58075.346923 18.220396 0.052255   187     9 c    0   2.36 359.09121 32.45665   422.51  1086.17 2.91 2.30  40.4 -0.506    19.79 21.66 02a58075o0257c 0x000000  20.777778
58075.362408 18.115332 0.057976   206    11 c    0   2.20 359.09121 32.45665   491.85  1161.61 2.92 2.34  40.0 -0.505    19.75 21.57 02a58075o0290c 0x000000  18.727273
58075.362864 19.454622      NaN   -39    20 c    0   4.52 359.09121 32.45665 10515.89  1155.87 3.00 2.55  44.8 -0.451    19.77 21.61 02a58075o0291c 0x000000  -1.950000
58075.363320 19.841877      NaN   -22    14 c    0   5.20 359.09121 32.45665 10499.81  1116.15 3.02 2.55  45.3 -0.446    19.78 21.61 02a58075o0292c 0x000000  -1.571429
58075.364689 18.203116 0.062858   190    11 c    0   1.57 359.09121 32.45665   507.95  1043.30 2.97 2.33  42.5 -0.504    19.78 21.56 02a58075o0295c 0x000000  17.272727
58079.354272 18.232071 0.070426   185    12 c    0   1.32 359.09121 32.45665   503.51  9342.47 2.80 2.27  18.6 -0.443    19.76 21.63 02a58079o0348c 0x000000  15.416667
58079.358971 18.389700 0.074644   160    11 c    0   2.23 359.09121 32.45665  9911.37  9402.83 2.72 2.59  -7.7 -0.440    19.74 21.66 02a58079o0358c 0x000000  14.545455
58079.362684 18.191747 0.067859   192    12 c    0   1.45 359.09121 32.45665   569.87  9417.81 2.85 2.27  20.0 -0.444    19.77 21.61 02a58079o0365c 0x000000  16.000000
58079.368064 18.582238 0.081025   134    10 c    0   2.31 359.09121 32.45665  9879.08  9361.53 2.66 2.52 -11.6 -0.450    19.75 21.62 02a58079o0376c 0x000000  13.400000
58079.373209 18.286218 0.067859   176    11 c    0   2.26 359.09121 32.45665  9947.16  9440.79 2.58 2.45  -7.6 -0.468    19.77 21.59 02a58079o0386c 0x000000  16.000000
58079.373665 18.431198 0.070502   154    10 c    0   2.86 359.09121 32.45665   589.18  9296.76 2.81 2.23  23.0 -0.447    19.74 21.56 02a58079o0387c 0x000000  15.400000
58079.387510 18.767304 0.086475   113     9 c    0   4.22 359.09121 32.45665  9964.65  9325.11 2.60 2.45  -7.9 -0.456    19.78 21.56 02a58079o0416c 0x000000  12.555556
58135.256755 20.103715      NaN   -13    11 c    0   1.51 359.09121 32.45665  1713.41   863.36 3.08 2.63  42.1 -0.450    19.60 21.47 02a58135o0133c 0x000000  -1.181818
58135.266872 20.207197      NaN   -48    10 c    0   2.12 359.09121 32.45665  1696.12   825.04 3.12 2.64  38.9 -0.446    19.59 21.39 02a58135o0154c 0x000000  -4.800000
58135.276942 20.207197      NaN   -92    10 c    0   1.78 359.09121 32.45665  1761.23   904.19 3.07 2.62  38.8 -0.450    19.59 21.39 02a58135o0175c 0x000000  -9.200000
58135.281300 16.971031      NaN -1002   197 c    0   1.06 359.09121 32.45665  2075.63 10522.25 3.08 2.53  13.6 -0.398    19.51 21.35 02a58135o0184c 0x100002  -5.086294
58135.286898 20.103715      NaN   -39    11 c    0   1.82 359.09121 32.45665  1776.36   788.02 3.37 2.92  36.1 -0.429    19.44 21.35 02a58135o0196c 0x000000  -3.545455
58335.614014 20.207197      NaN  -116    10 c    0   1.78 359.09121 32.45665  2865.46  1978.61 2.59 2.48  82.6 -0.397    19.53 21.08 02a58335o0781c 0x000000 -11.600000
58335.624411 20.103715      NaN  -145    11 c    0   1.71 359.09121 32.45665  2830.65  1938.70 2.57 2.51  74.6 -0.399    19.34 20.68 02a58335o0802c 0x000000 -13.181818
58335.625987 20.207197      NaN  -161    10 c    0   1.81 359.09121 32.45665  2896.68  2015.71 2.53 2.48  88.3 -0.393    19.28 20.48 02a58335o0805c 0x000000 -16.100000
58335.637084 17.785989      NaN     0    93 c    0   1.08 359.09121 32.45665  2913.21  1898.00 2.57 2.52 -75.7 -0.449    17.12 18.00 02a58335o0827c 0x100002   0.000000
58339.589065 18.757738      NaN  -202    38 c    0   1.39 359.09121 32.45665  2245.03  1711.23 2.52 2.41  68.5 -0.422    17.80 19.56 02a58339o0745c 0x100002  -5.315789
58339.598550 19.014394      NaN  -114    30 c    0   1.64 359.09121 32.45665  2225.51  1670.66 2.52 2.40  61.3 -0.421    18.14 19.98 02a58339o0764c 0x100002  -3.800000
58339.615610 18.878500      NaN  -169    34 c    0   1.29 359.09121 32.45665  2288.11  1748.41 2.51 2.39  67.6 -0.416    18.25 19.97 02a58339o0800c 0x100002  -4.970588
58339.618809 18.757738      NaN  -184    38 c    0   1.10 359.09121 32.45665  2305.49  1631.17 2.51 2.39  56.6 -0.419    18.18 19.85 02a58339o0807c 0x100002  -4.842105
58343.578801 20.959772      NaN  -156     5 c    0   4.01 359.09121 32.45665  3411.66  8874.93 2.69 2.55  -4.0 -0.438    19.83 22.08 02a58343o0339c 0x000000 -31.200000
58343.589675 20.449472      NaN  -118     8 c    0   2.07 359.09121 32.45665  3392.24  8836.27 2.59 2.44  -2.4 -0.448    19.85 22.08 02a58343o0361c 0x000000 -14.750000
58343.606464 20.449472      NaN  -102     8 c    0   2.16 359.09121 32.45665  3434.53  8915.06 2.84 2.73  -1.4 -0.426    19.73 22.07 02a58343o0395c 0x000000 -12.750000
58343.609905 20.449472      NaN  -130     8 c    0   1.70 359.09121 32.45665  3468.23  8794.39 2.75 2.58  -3.6 -0.438    19.78 22.08 02a58343o0402c 0x000000 -16.250000
58375.528637 20.207197      NaN  -118    10 c    0   1.54 359.09121 32.45665  9933.59   841.99 3.02 2.74  42.3 -0.422    19.72 21.66 02a58375o0126c 0x000000 -11.800000
58375.529552 20.207197      NaN   -96    10 c    0   2.14 359.09121 32.45665  9917.65   802.29 3.11 2.67  43.5 -0.424    19.70 21.67 02a58375o0128c 0x000000  -9.600000
58375.530010 19.051202      NaN  -954    29 c    0  13.89 359.09121 32.45665  9667.16 10530.36 3.16 2.83  32.6 -0.389    19.68 21.66 02a58375o0129c 0x100003 -32.896552
58375.530964 19.841877      NaN  -149    14 c    0   3.61 359.09121 32.45665   330.12 10486.10 3.08 2.71   5.2 -0.374    19.65 21.63 02a58375o0131c 0x000000 -10.642857
58375.546612 20.207197      NaN  -134    10 c    0   1.67 359.09121 32.45665  9979.35   881.23 2.98 2.61  45.2 -0.433    19.75 21.66 02a58375o0163c 0x000000 -13.400000
58375.549366 20.207197      NaN  -133    10 c    0   2.04 359.09121 32.45665  9998.39   763.46 3.08 2.69  46.9 -0.424    19.71 21.64 02a58375o0169c 0x000000 -13.300000
58375.550279 19.841877      NaN  -319    14 c    0   3.84 359.09121 32.45665  9729.28 10492.42 3.00 2.69  32.4 -0.393    19.73 21.65 02a58375o0171c 0x000000 -22.785714
58395.480631 20.449472      NaN  -129     8 c    0   1.74 359.09121 32.45665  1923.25   866.66 2.76 2.58  50.3 -0.416    19.60 21.66 02a58395o0585c 0x000000 -16.125000
58395.490125 20.594452      NaN  -125     7 c    0   1.94 359.09121 32.45665  1907.38   824.86 2.62 2.44  53.7 -0.434    19.67 21.63 02a58395o0605c 0x000000 -17.857143
58395.491980 20.449472      NaN  -180     8 c    0   2.03 359.09121 32.45665  1958.22   902.09 2.75 2.45  43.9 -0.442    19.67 21.62 02a58395o0609c 0x000000 -22.500000
58395.506847 17.654224      NaN  -196   105 c    0   0.08 359.09121 32.45665  2286.87 10513.43 2.85 2.57  -2.6 -0.407    19.57 21.39 02a58395o0640c 0x100002  -1.866667
58395.507304 20.594452      NaN  -114     7 c    0   3.34 359.09121 32.45665  1989.84   783.49 2.71 2.47  49.9 -0.433    19.60 21.39 02a58395o0641c 0x000000 -16.285714
58403.456088 20.321591      NaN  -104     9 c    0   2.83 359.09121 32.45665  2279.79  8925.56 2.57 2.40 -14.0 -0.421    19.68 21.70 02a58403o0540c 0x000000 -11.555556
58403.466829 20.009244      NaN  -116    12 c    0   1.44 359.09121 32.45665  2246.68  8887.75 2.56 2.43  -6.7 -0.427    19.35 21.25 02a58403o0561c 0x000000  -9.666667
58403.477419 20.321591      NaN  -132     9 c    0   1.26 359.09121 32.45665  2311.39  8963.41 2.60 2.46  -8.5 -0.431    19.75 21.76 02a58403o0582c 0x000000 -14.666667
58403.487995 20.207197      NaN  -170    10 c    0   2.02 359.09121 32.45665  2329.14  8845.12 2.60 2.46  -7.5 -0.432    19.42 21.24 02a58403o0603c 0x000000 -17.000000
58427.394288 20.761819      NaN  -120     6 c    0   4.25 359.09121 32.45665  1615.18  8489.34 2.60 2.41 -10.9 -0.432    19.69 21.43 02a58427o0238c 0x000000 -20.000000
58427.404965 20.207197      NaN  -135    10 c    0   1.60 359.09121 32.45665  1598.02  8450.67 2.61 2.44  -8.8 -0.430    19.65 21.42 02a58427o0259c 0x000000 -13.500000
58427.415385 20.321591      NaN  -136     9 c    0   1.37 359.09121 32.45665  1645.15  8526.34 2.61 2.44 -10.4 -0.428    19.66 21.39 02a58427o0280c 0x000000 -15.111111
58427.425884 20.321591      NaN  -142     9 c    0   1.55 359.09121 32.45665  1662.57  8408.02 2.60 2.40  -7.4 -0.435    19.66 21.38 02a58427o0301c 0x000000 -15.777778
58431.389630 20.449472      NaN  -136     8 c    0   2.42 359.09121 32.45665   860.63  2307.46 2.46 2.24  40.0 -0.468    19.78 21.63 02a58431o0433c 0x000000 -17.000000
58431.399871 20.761819      NaN  -117     6 c    0   2.87 359.09121 32.45665   842.60  2268.01 2.43 2.22  38.4 -0.465    19.74 21.63 02a58431o0454c 0x000000 -19.500000
58431.410217 20.594452      NaN  -125     7 c    0   1.53 359.09121 32.45665   892.62  2343.79 2.46 2.24  43.2 -0.466    19.76 21.59 02a58431o0475c 0x000000 -17.857143
58431.420635 20.761819      NaN  -129     6 c    0   2.82 359.09121 32.45665   908.34  2224.65 2.43 2.21  40.1 -0.469    19.76 21.58 02a58431o0496c 0x000000 -21.500000
58435.379058 18.944322      NaN  -127    32 c    0   1.02 359.09121 32.45665   720.22 10375.13 2.67 2.32  -7.3 -0.415    18.44 19.96 02a58435o0414c 0x100002  -3.968750
58435.380988 18.675237      NaN  -154    41 c    0   1.23 359.09121 32.45665   337.25   647.27 2.56 2.25  47.5 -0.518    18.19 19.71 02a58435o0418c 0x100002  -3.756098
58435.389650 20.321591      NaN  -140     9 c    0   2.73 359.09121 32.45665   703.69 10336.07 2.72 2.28   0.5 -0.417    18.87 20.59 02a58435o0435c 0x000000 -15.555556
58435.391662 19.631075      NaN  -149    17 c    0   1.19 359.09121 32.45665   303.35   607.21 2.59 2.29  37.7 -0.515    19.20 20.93 02a58435o0439c 0x000000  -8.764706
58435.397024 19.169763      NaN  -126    26 c    0   1.23 359.09121 32.45665 10117.35 10410.39 2.94 2.43  32.3 -0.430    18.77 20.39 02a58435o0450c 0x100002  -4.846154
58435.399038 19.766969      NaN  -188    15 c    0   1.22 359.09121 32.45665 10406.04   675.82 2.67 2.64  29.3 -0.433    19.38 21.21 02a58435o0454c 0x000000 -12.533333
58435.400237 20.009244      NaN   -89    12 c    0   1.64 359.09121 32.45665   751.51 10411.80 2.84 2.48   2.5 -0.409    19.30 21.11 02a58435o0456c 0x000000  -7.416667
58435.402296 19.696897      NaN  -108    16 c    0   0.93 359.09121 32.45665   370.01   683.27 2.64 2.29  38.5 -0.504    19.12 20.79 02a58435o0460c 0x000000  -6.750000
58435.407600 19.922338      NaN  -119    13 c    0   1.85 359.09121 32.45665 10099.24 10371.37 2.82 2.47  25.7 -0.409    19.08 20.80 02a58435o0471c 0x000000  -9.153846
58435.409582 19.351140      NaN  -183    22 c    0   1.08 359.09121 32.45665 10388.96   635.32 2.74 2.63  43.1 -0.419    19.05 20.78 02a58435o0475c 0x000000  -8.318182
58435.410736 19.401649      NaN  -149    21 c    0   1.24 359.09121 32.45665   785.52 10291.22 2.75 2.41  -4.3 -0.424    18.89 20.58 02a58435o0477c 0x000000  -7.095238
58435.412792 20.009244      NaN  -174    12 c    0   1.67 359.09121 32.45665   385.84   563.02 2.56 2.32  45.4 -0.518    19.16 20.86 02a58435o0481c 0x000000 -14.500000
58435.418158 19.922338      NaN  -185    13 c    0   2.04 359.09121 32.45665 10165.84 10452.43 3.08 2.64  31.7 -0.413    19.36 21.20 02a58435o0492c 0x000000 -14.230769
58435.420148 19.256669      NaN  -247    24 c    0   1.78 359.09121 32.45665 10454.11   714.92 2.75 2.61  31.3 -0.430    18.80 20.52 02a58435o0496c 0x100002 -10.291667
58435.428837 18.978793      NaN  -138    31 c    0   0.90 359.09121 32.45665 10181.11 10333.90 2.87 2.51  31.0 -0.426    18.80 20.41 02a58435o0513c 0x100002  -4.451613
58435.430810 18.598565      NaN  -227    44 c    0   1.32 359.09121 32.45665 10473.02   595.89 2.82 2.55  28.0 -0.437    18.49 20.08 02a58435o0517c 0x100002  -5.159091
58455.320757 20.321591      NaN  -163     9 c    0   1.30 359.09121 32.45665  7756.32  8827.25 2.65 2.54  11.5 -0.430    19.78 21.78 02a58455o0241c 0x000000 -18.111111
58455.329778 20.594452      NaN  -138     7 c    0   2.40 359.09121 32.45665  7739.08  8788.33 2.65 2.53  -0.4 -0.436    19.77 21.75 02a58455o0259c 0x000000 -19.714286
58455.338451 20.449472      NaN  -156     8 c    0   1.56 359.09121 32.45665  7788.15  8866.36 2.71 2.58   9.8 -0.428    19.74 21.73 02a58455o0276c 0x000000 -19.500000
58459.313546 20.449472      NaN  -144     8 c    0   2.08 359.09121 32.45665  3115.75  4248.80 2.63 2.56 -54.8 -0.394    19.63 21.56 02a58459o0277c 0x000000 -18.000000
58459.322022 20.449472      NaN  -167     8 c    0   1.37 359.09121 32.45665  3100.21  4209.27 2.66 2.64 -25.5 -0.399    19.63 21.54 02a58459o0294c 0x000000 -20.875000
58459.330587 20.449472      NaN  -136     8 c    0   1.69 359.09121 32.45665  3149.18  4285.47 2.58 2.54 -13.9 -0.405    19.65 21.50 02a58459o0311c 0x000000 -17.000000
58459.339127 20.449472      NaN  -149     8 c    0   2.39 359.09121 32.45665  3166.03  4168.36 2.60 2.55  11.9 -0.399    19.63 21.47 02a58459o0328c 0x000000 -18.625000
58487.273009 20.449472      NaN  -128     8 c    0   1.49 359.09121 32.45665  6768.92  2311.81 2.87 2.74 -61.1 -0.386    19.45 21.36 02a58487o0173c 0x000000 -16.000000
58487.281172 20.207197      NaN  -139    10 c    0   2.02 359.09121 32.45665  6753.71  2271.50 2.91 2.82 -59.7 -0.390    19.40 21.31 02a58487o0190c 0x000000 -13.900000
58487.289354 20.207197      NaN  -111    10 c    0   1.74 359.09121 32.45665  6803.91  2349.25 2.95 2.87 -66.7 -0.385    19.43 21.28 02a58487o0207c 0x000000 -11.100000
58487.297663 19.922338      NaN  -151    13 c    0   1.02 359.09121 32.45665  6822.05  2232.26 3.02 2.86 -60.0 -0.383    19.35 21.26 02a58487o0224c 0x000000 -11.615385
58491.267390 20.207197      NaN  -113    10 c    0   1.37 359.09121 32.45665  6754.05  8124.47 2.66 2.52 -38.8 -0.402    19.60 21.50 02a58491o0159c 0x000000 -11.300000
58491.275968 20.321591      NaN   -86     9 c    0   2.17 359.09121 32.45665  6737.65  8084.78 2.66 2.52 -44.5 -0.404    19.62 21.46 02a58491o0177c 0x000000  -9.555556
58491.284264 20.103715      NaN  -110    11 c    0   1.24 359.09121 32.45665  6786.85  8161.62 2.75 2.61 -36.3 -0.398    19.53 21.44 02a58491o0194c 0x000000 -10.000000
58491.293022 20.321591      NaN   -95     9 c    0   2.31 359.09121 32.45665  6803.90  8044.09 2.66 2.54 -35.0 -0.402    19.56 21.38 02a58491o0212c 0x000000 -10.555556
58519.222301 20.009244      NaN  -164    12 c    0   2.06 359.09121 32.45665  5068.62  4239.98 2.51 2.31 -63.6 -0.400    19.31 20.60 02a58519o0041c 0x000000 -13.666667
58519.228816 20.449472      NaN  -157     8 c    0   2.49 359.09121 32.45665  5051.94  4201.48 2.50 2.34 -62.0 -0.405    19.51 21.04 02a58519o0055c 0x000000 -19.625000
58519.236792 20.103715      NaN  -129    11 c    0   1.07 359.09121 32.45665  5100.64  4279.36 2.65 2.55 -64.8 -0.405    19.40 21.06 02a58519o0072c 0x000000 -11.727273
58519.245298 20.207197      NaN  -149    10 c    0   2.39 359.09121 32.45665  5133.71  4162.95 2.52 2.49 -51.4 -0.412    19.40 21.02 02a58519o0090c 0x000000 -14.900000
58523.216655 18.847027      NaN  -131    35 c    0   0.99 359.09121 32.45665  1171.86  4281.71 2.60 2.44 -70.8 -0.427    17.99 18.89 02a58523o0027c 0x100002  -3.742857
58523.221269 19.454622      NaN  -138    20 c    0   0.97 359.09121 32.45665  1139.19  4240.76 2.71 2.62 -84.8 -0.422    18.71 19.89 02a58523o0037c 0x000000  -6.900000
58523.227361 19.922338      NaN  -198    13 c    0   1.66 359.09121 32.45665  1205.29  4316.65 2.63 2.58  80.4 -0.427    19.12 20.53 02a58523o0050c 0x000000 -15.230769
58523.235351 19.922338      NaN  -157    13 c    0   1.49 359.09121 32.45665  1222.35  4198.97 2.83 2.69  45.5 -0.423    19.17 20.65 02a58523o0067c 0x000000 -12.076923
58663.462415 20.207197      NaN  -107    10 c    0   1.63 359.09121 32.45665  2281.82   858.63 2.75 2.24 -51.5 -0.424    19.55 21.36 02a58663o0448c 0x000000 -10.700000
58663.473111 20.449472      NaN  -135     8 c    0   2.50 359.09121 32.45665  2310.59   900.91 2.40 2.31  79.3 -0.420    19.62 21.44 02a58663o0470c 0x000000 -16.875000
58663.476077 20.321591      NaN  -132     9 c    0   1.56 359.09121 32.45665  2241.95   819.13 2.81 2.32 -48.9 -0.412    19.61 21.45 02a58663o0476c 0x000000 -14.666667
58663.487882 20.449472      NaN  -136     8 c    0   2.21 359.09121 32.45665  2225.38   935.34 2.69 2.27 -51.8 -0.421    19.57 21.42 02a58663o0500c 0x000000 -17.000000
58691.518613 20.449472      NaN  -165     8 c    0   2.16 359.09121 32.45665  4005.54  7098.82 2.58 2.44 -48.7 -0.405    19.65 21.64 02a58691o0493c 0x000000 -20.625000
58691.521920 20.959772      NaN  -144     5 c    0   2.17 359.09121 32.45665  4025.87  7138.45 2.43 2.36 -60.6 -0.411    19.70 21.62 02a58691o0500c 0x000000 -28.800000
58691.527467 20.449472      NaN  -149     8 c    0   1.72 359.09121 32.45665  3968.10  7060.73 2.48 2.35 -50.7 -0.415    19.65 21.63 02a58691o0511c 0x000000 -18.625000
58691.537359 20.594452      NaN  -127     7 c    0   1.98 359.09121 32.45665  3950.76  7177.43 2.38 2.34 -61.6 -0.418    19.70 21.62 02a58691o0531c 0x000000 -18.142857
58699.612483 20.761819      NaN  -139     6 c    0   3.32 359.09121 32.45665  6663.55  5416.59 2.49 2.33  41.2 -0.397    19.86 21.96 02a58699o0681c 0x000000 -23.166667
58699.616773 20.449472      NaN  -112     8 c    0   1.50 359.09121 32.45665  6644.71  5376.79 2.55 2.34  35.4 -0.389    19.80 21.89 02a58699o0689c 0x000000 -14.000000
58699.617727 20.594452      NaN  -120     7 c    0   1.98 359.09121 32.45665  6644.56  5376.96 2.47 2.30  41.7 -0.398    19.85 21.86 02a58699o0691c 0x000000 -17.142857
58699.621538 20.761819      NaN  -129     6 c    0   3.20 359.09121 32.45665  6693.32  5453.37 2.67 2.32  36.6 -0.386    19.74 21.63 02a58699o0698c 0x000000 -21.500000
58699.630159 19.841877      NaN  -150    14 c    0   1.90 359.09121 32.45665  6713.39  5337.91 2.58 2.29  39.4 -0.384    19.07 20.13 02a58699o0712c 0x000000 -10.714286
58703.435732 20.594452      NaN  -132     7 c    0   1.17 359.09121 32.45665  3920.63  5156.92 2.37 2.34  42.3 -0.404    19.74 21.64 02a58703o0406c 0x000000 -18.857143
58703.439057 20.321591      NaN  -158     9 c    0   1.78 359.09121 32.45665  3939.54  5196.06 2.50 2.46 -76.8 -0.398    19.67 21.79 02a58703o0413c 0x000000 -17.555556
58703.448267 20.761819      NaN  -182     6 c    0   2.29 359.09121 32.45665  3884.97  5117.00 2.42 2.38 -62.6 -0.404    19.78 21.93 02a58703o0431c 0x000000 -30.333333
58703.458652 20.594452      NaN  -112     7 c    0   1.80 359.09121 32.45665  3868.63  5231.57 2.45 2.41 -83.9 -0.398    19.79 21.97 02a58703o0452c 0x000000 -16.000000
58703.635815 18.550302      NaN  -169    46 c    0   1.37 359.09121 32.45665  6666.49  5400.72 2.65 2.33  42.0 -0.391    17.91 18.72 02a58703o0805c 0x100002  -3.673913
58707.532513 19.766969      NaN  -100    15 c    0   1.69 359.09121 32.45665  4124.75  9040.40 2.48 2.45  22.2 -0.399    19.21 20.32 02a58707o0619c 0x000000  -6.666667
58707.539878 19.841877      NaN  -148    14 c    0   1.60 359.09121 32.45665  4143.98  9085.36 2.58 2.47  17.5 -0.393    19.24 20.41 02a58707o0633c 0x000000 -10.571429
58707.543061 19.922338      NaN  -120    13 c    0   2.24 359.09121 32.45665  4087.00  9001.61 2.53 2.42  22.7 -0.398    19.27 20.46 02a58707o0639c 0x000000  -9.230769
58707.557091 20.449472      NaN  -134     8 c    0   2.75 359.09121 32.45665  6545.86  1459.50 2.43 2.38 -87.0 -0.398    19.44 20.82 02a58707o0667c 0x000000 -16.750000
58723.604608 20.761819      NaN  -155     6 c    0   2.33 359.09121 32.45665  2461.26  3199.06 2.40 2.32  55.7 -0.413    19.80 21.87 02a58723o0673c 0x000000 -25.833333
58723.608096 20.959772      NaN  -152     5 c    0   2.96 359.09121 32.45665  2438.88  3160.72 2.42 2.34  54.2 -0.411    19.78 21.86 02a58723o0680c 0x000000 -30.400000
58723.615108 20.761819      NaN  -157     6 c    0   2.33 359.09121 32.45665  2504.97  3240.90 2.40 2.31  52.5 -0.410    19.80 21.82 02a58723o0694c 0x000000 -26.166667
58723.628817 20.449472      NaN  -139     8 c    0   1.96 359.09121 32.45665  2523.08  3120.73 2.39 2.28  48.2 -0.405    19.64 21.32 02a58723o0721c 0x000000 -17.375000
58727.477436 20.761819      NaN  -153     6 c    0   2.08 359.09121 32.45665  8122.69  7373.60 2.64 2.51  53.9 -0.401    19.79 21.91 02a58727o0468c 0x000000 -25.500000
58727.482220 20.761819      NaN  -128     6 c    0   3.27 359.09121 32.45665  8144.22  7414.43 2.65 2.50  46.7 -0.399    19.81 21.92 02a58727o0478c 0x000000 -21.333333
58727.488447 20.959772      NaN  -167     5 c    0   3.07 359.09121 32.45665  2527.44  3245.24 2.34 2.30 -73.6 -0.405    19.85 21.93 02a58727o0490c 0x000000 -33.400000
58727.500557 20.959772      NaN  -172     5 c    0   3.24 359.09121 32.45665  2542.91  3128.13 2.35 2.29 -58.5 -0.408    19.84 21.96 02a58727o0514c 0x000000 -34.400000
58751.379243 20.207197      NaN  -134    10 c    0   2.07 359.09121 32.45665 10118.60   911.26 2.82 2.15 -58.6 -0.428    19.80 21.89 02a58751o0264c 0x000000 -13.400000
58751.382801 20.321591      NaN  -122     9 c    0   1.96 359.09121 32.45665 10134.54   952.26 2.81 2.17 -54.9 -0.429    19.84 21.89 02a58751o0271c 0x000000 -13.555556
58751.393155 20.321591      NaN  -186     9 c    0   2.12 359.09121 32.45665 10076.14   875.87 2.75 2.18 -52.8 -0.420    19.84 21.90 02a58751o0291c 0x000000 -20.666667
58751.406373 20.449472      NaN  -171     8 c    0   1.94 359.09121 32.45665 10060.31   998.03 2.46 2.19 -54.5 -0.425    19.80 21.91 02a58751o0317c 0x000000 -21.375000
58755.438577 20.449472      NaN  -142     8 c    0   2.35 359.09121 32.45665  6380.39  9788.36 2.57 2.51  75.0 -0.409    19.77 21.62 02a58755o0493c 0x000000 -17.750000
58755.442025 20.321591      NaN  -129     9 c    0   1.70 359.09121 32.45665  6360.61  9747.49 2.55 2.51 -77.2 -0.403    19.73 21.61 02a58755o0500c 0x000000 -14.333333
58755.447323 20.321591      NaN  -156     9 c    0   2.25 359.09121 32.45665  6416.87  9829.71 2.62 2.55  54.4 -0.406    19.73 21.61 02a58755o0511c 0x000000 -17.333333
58755.458559 20.449472      NaN  -173     8 c    0   1.99 359.09121 32.45665  6431.95  9713.50 2.62 2.56  63.6 -0.406    19.72 21.59 02a58755o0534c 0x000000 -21.625000
58779.411002 20.761819      NaN  -171     6 c    0   3.02 359.09121 32.45665  4432.93  5025.95 2.28 2.23  51.1 -0.404    19.72 21.49 02a58779o0479c 0x000000 -28.500000
58779.413777 20.594452      NaN  -135     7 c    0   2.19 359.09121 32.45665  4415.35  4987.47 2.30 2.23  40.5 -0.401    19.71 21.48 02a58779o0485c 0x000000 -19.285714
58779.432926 20.449472      NaN  -126     8 c    0   1.76 359.09121 32.45665  4465.10  5062.68 2.35 2.27  40.5 -0.396    19.70 21.39 02a58779o0524c 0x000000 -15.750000
58779.440917 20.449472      NaN  -142     8 c    0   1.37 359.09121 32.45665  4485.72  4945.91 2.39 2.26  40.1 -0.400    19.67 21.37 02a58779o0541c 0x000000 -17.750000
58783.338218 20.761819      NaN  -149     6 c    0   2.73 359.09121 32.45665  4457.08  5027.28 2.27 2.22 -44.8 -0.404    19.74 21.44 02a58783o0275c 0x000000 -24.833333
58783.341871 20.449472      NaN  -135     8 c    0   1.86 359.09121 32.45665  6169.86  5603.03 2.34 2.28  40.9 -0.402    19.74 21.47 02a58783o0282c 0x000000 -16.875000
58783.348417 20.761819      NaN  -130     6 c    0   3.45 359.09121 32.45665  4490.38  5060.57 2.27 2.24  -4.8 -0.401    19.74 21.50 02a58783o0294c 0x000000 -21.666667
58783.365513 20.449472      NaN  -147     8 c    0   1.51 359.09121 32.45665  4501.27  4946.85 2.74 2.26  35.2 -0.376    19.72 21.53 02a58783o0329c 0x000000 -18.375000
58787.406042 20.321591      NaN  -115     9 c    0   1.74 359.09121 32.45665  8457.26  1465.70 2.54 2.15 -58.0 -0.415    19.75 21.57 02a58787o0427c 0x000000 -12.777778
58787.412739 20.321591      NaN  -120     9 c    0   2.40 359.09121 32.45665  8438.56  1425.49 2.48 2.12 -55.9 -0.415    19.75 21.53 02a58787o0440c 0x000000 -13.333333
58787.423434 20.449472      NaN  -108     8 c    0   1.79 359.09121 32.45665  8497.63  1502.54 2.50 2.15 -55.0 -0.414    19.73 21.47 02a58787o0461c 0x000000 -13.500000
58787.426953 20.761819      NaN  -123     6 c    0   3.81 359.09121 32.45665  8518.42  1385.18 2.49 2.14 -55.4 -0.419    19.72 21.48 02a58787o0468c 0x000000 -20.500000
58815.323875 20.761819      NaN  -138     6 c    0   1.89 359.09121 32.45665  2508.77  5138.53 2.32 2.28 -29.9 -0.411    19.77 21.74 02a58815o0286c 0x000000 -23.000000
58815.330065 20.594452      NaN  -135     7 c    0   2.55 359.09121 32.45665  2496.77  5100.46 2.37 2.31  39.9 -0.403    19.79 21.78 02a58815o0298c 0x000000 -19.285714
58815.341911 20.761819      NaN  -127     6 c    0   3.08 359.09121 32.45665  2554.84  5174.38 2.28 2.24  33.0 -0.408    19.82 21.78 02a58815o0322c 0x000000 -21.166667
58815.344886 20.761819      NaN  -137     6 c    0   2.92 359.09121 32.45665  2574.12  5056.70 2.34 2.28  42.9 -0.405    19.79 21.79 02a58815o0328c 0x000000 -22.833333
58867.245426 20.594452      NaN  -145     7 c    0   1.49 359.09121 32.45665  4424.98  3092.21 2.30 2.23 -57.1 -0.406    19.69 21.42 02a58867o0111c 0x000000 -20.714286
58867.249654 20.449472      NaN  -132     8 c    0   3.76 359.09121 32.45665  4405.45  3053.05 2.29 2.23 -53.9 -0.406    19.71 21.43 02a58867o0120c 0x000000 -16.500000
58867.255222 20.761819      NaN  -126     6 c    0   2.59 359.09121 32.45665  4463.90  3130.33 2.31 2.27 -70.2 -0.404    19.68 21.43 02a58867o0132c 0x000000 -21.000000
58867.266338 20.594452      NaN  -160     7 c    0   2.55 359.09121 32.45665  4485.24  3013.13 2.39 2.32  49.3 -0.398    19.66 21.41 02a58867o0156c 0x000000 -22.857143
58875.222936 20.103715      NaN  -147    11 c    0   2.05 359.09121 32.45665  4282.32  9391.70 2.48 2.40 -46.5 -0.397    19.52 20.98 02a58875o0055c 0x000000 -13.363636
58875.226619 20.207197      NaN  -133    10 c    0   1.92 359.09121 32.45665  4263.17  9352.26 2.48 2.37 -43.3 -0.398    19.57 21.07 02a58875o0063c 0x000000 -13.300000
58875.233028 20.009244      NaN  -113    12 c    0   1.38 359.09121 32.45665  4319.03  9430.57 2.53 2.46 -56.0 -0.392    19.55 21.10 02a58875o0077c 0x000000  -9.416667
58875.243147 19.922338      NaN  -141    13 c    0   1.30 359.09121 32.45665  4340.34  9310.50 2.63 2.48 -43.8 -0.392    19.52 21.08 02a58875o0099c 0x000000 -10.846154
59023.552670 17.229035      NaN    88   126 c    0   1.41 359.09121 32.45665  8172.42  1065.16 2.57 2.30 -45.4 -0.395    17.16 18.86 02a59023o0626c 0x100002   0.698413
59023.556373 17.590634      NaN    58    92 c    0   1.41 359.09121 32.45665  8189.39  1103.78 2.68 2.44 -50.0 -0.394    17.40 19.32 02a59023o0634c 0x100002   0.630435
59023.563076 18.847027      NaN     3    34 c    0   1.26 359.09121 32.45665  8140.58  1027.11 2.64 2.37 -51.0 -0.405    17.81 19.58 02a59023o0647c 0x100002   0.088235
59023.580140 17.156927      NaN  -148   166 c    0   1.05 359.09121 32.45665  8123.26  1147.74 2.50 2.27 -49.8 -0.392    16.20 17.83 02a59023o0681c 0x100002  -0.891566
59027.561638 20.594452      NaN   -17     7 c    0   4.24 359.09121 32.45665 10081.37  7243.12 2.74 2.56 -58.9 -0.399    19.79 21.76 02a59027o0651c 0x000000  -2.428571
59027.566168 20.594452      NaN   -13     7 c    0   2.66 359.09121 32.45665 10104.95  7281.93 2.69 2.53 -56.7 -0.397    19.78 21.76 02a59027o0660c 0x000000  -1.857143
59027.576345 20.449472      NaN    -1     8 c    0   1.78 359.09121 32.45665 10038.71  7207.84 2.70 2.49 -60.9 -0.402    19.82 21.78 02a59027o0680c 0x000000  -0.125000
59027.590781 19.950541      NaN    14     8 c    0   2.61 359.09121 32.45665 10021.91  7326.39 2.71 2.56 -65.1 -0.397    19.81 21.78 02a59027o0711c 0x000000   1.750000
59027.594241 20.207197      NaN   -50    10 c    0   5.93 359.09121 32.45665    68.38  7221.77 2.45 2.17 -51.4 -0.386    19.74 21.73 02a59027o0718c 0x000000  -5.000000
59027.605019 20.449472      NaN   -61     8 c    0   4.69 359.09121 32.45665    85.81  7263.86 2.46 2.24 -51.1 -0.393    19.71 21.61 02a59027o0739c 0x000000  -7.625000
59028.588966 20.321591      NaN   -15     9 c    0   8.04 359.09121 32.45665    64.64  7218.69 2.32 2.27  22.3 -0.378    19.79 21.88 02a59028o0744c 0x000000  -1.666667
59028.592944 20.449472      NaN   -20     8 c    0   5.60 359.09121 32.45665    83.63  7261.84 2.27 2.24 -55.1 -0.387    19.82 21.88 02a59028o0752c 0x000000  -2.500000
59031.587634 20.103715      NaN   -20    11 c    0   3.31 359.09121 32.45665    70.54  7220.47 2.50 2.25 -57.9 -0.382    19.72 21.77 02a59031o0707c 0x000000  -1.818182
59031.591813 20.449472      NaN   -12     8 c    0   4.30 359.09121 32.45665    90.79  7259.66 2.49 2.25 -56.8 -0.390    19.68 21.76 02a59031o0716c 0x000000  -1.500000
59031.595203 20.449472      NaN   -22     8 c    0   2.09 359.09121 32.45665 10090.70  7245.88 2.85 2.73 -71.0 -0.393    19.71 21.84 02a59031o0723c 0x000000  -2.750000
59031.597147 20.449472      NaN   -18     8 c    0   3.05 359.09121 32.45665 10109.61  7284.39 2.86 2.69 -65.9 -0.394    19.71 21.84 02a59031o0727c 0x000000  -2.250000
59031.597605 17.577708      NaN    26   104 c    0   0.02 359.09121 32.45665    36.09  7178.85 2.48 2.27 -56.5 -0.385    19.71 21.79 02a59031o0728c 0x100002   0.250000
59031.614267 19.384550      NaN    22    14 c    0   1.39 359.09121 32.45665 10053.26  7211.89 3.02 2.84 -64.9 -0.385    19.36 20.89 02a59031o0761c 0x000000   1.571429
59031.619181 18.878500      NaN    33    23 c    0   1.47 359.09121 32.45665 10033.14  7329.97 2.93 2.74 -63.1 -0.396    18.82 19.89 02a59031o0771c 0x100002   1.434783
59047.537601 20.009244      NaN    -6    12 c    0   1.31 359.09121 32.45665  8327.19  9319.70 2.69 2.62 -48.0 -0.389    19.60 21.41 02a59047o0517c 0x000000  -0.500000
59047.540819 20.207197      NaN   -35    10 c    0   1.50 359.09121 32.45665  8346.66  9359.99 2.76 2.63 -60.9 -0.393    19.63 21.47 02a59047o0524c 0x000000  -3.500000
59047.543578 19.696897      NaN    15    11 c    0   1.41 359.09121 32.45665  8286.37  9281.30 2.75 2.64 -61.6 -0.395    19.62 21.51 02a59047o0530c 0x000000   1.363636
59047.568818 19.719755      NaN    17    10 c    0   1.73 359.09121 32.45665  8271.78  9406.74 2.72 2.60 -67.1 -0.393    19.72 21.67 02a59047o0577c 0x000000   1.700000
59051.577993 20.362567      NaN     2     8 c    0   2.26 359.09121 32.45665  1992.97  5230.33 2.30 2.27  81.9 -0.424    19.78 21.84 02a59051o0706c 0x000000   0.250000
59051.604310 20.449472      NaN   -28     8 c    0   1.75 359.09121 32.45665  2015.96  5272.61 2.33 2.29 -70.0 -0.418    19.79 21.90 02a59051o0757c 0x000000  -3.500000
59051.617819 20.207197      NaN    -8    10 c    0   1.60 359.09121 32.45665  8627.87  5388.35 2.51 2.45  74.5 -0.392    19.64 21.46 02a59051o0783c 0x000000  -0.800000
59051.627132 19.169763      NaN   -57    26 c    0   0.91 359.09121 32.45665  8647.12  5272.09 2.51 2.48  88.8 -0.391    18.59 19.69 02a59051o0800c 0x100002  -2.192308
59059.535392 20.009244      NaN    12     8 c    0   2.57 359.09121 32.45665  2313.21   858.28 2.44 2.29 -77.4 -0.427    19.81 21.96 02a59059o0628c 0x000000   1.500000
59059.537222 20.137125      NaN    11     7 c    0   3.33 359.09121 32.45665  2332.42   898.58 2.46 2.33 -79.6 -0.425    19.80 21.97 02a59059o0632c 0x000000   1.571429
59059.540427 20.321591      NaN    -4     9 c    0   2.69 359.09121 32.45665  2275.43   819.08 2.46 2.32 -70.9 -0.422    19.78 21.98 02a59059o0639c 0x000000  -0.444444
59059.575682 19.631075      NaN    21    10 c    0   1.58 359.09121 32.45665  8329.19  9642.45 2.78 2.47  32.5 -0.387    19.80 22.11 02a59059o0714c 0x000000   2.100000
59079.487558 20.137125      NaN     8     8 c    0   2.57 359.09121 32.45665  6301.17  1179.23 2.50 2.31 -53.9 -0.409    19.73 21.89 02a59079o0525c 0x000000   1.000000
59079.489843 20.449472      NaN   -27     8 c    0   2.13 359.09121 32.45665  6320.00  1219.56 2.68 2.47 -54.8 -0.398    19.71 21.91 02a59079o0530c 0x000000  -3.375000
59079.492603 20.321591      NaN   -37     9 c    0   1.70 359.09121 32.45665  6263.24  1142.81 2.60 2.38 -59.5 -0.400    19.76 21.93 02a59079o0536c 0x000000  -4.111111
59079.497633 20.594452      NaN   -36     7 c    0   2.94 359.09121 32.45665  6244.08  1260.84 2.55 2.33 -60.5 -0.402    19.76 21.94 02a59079o0547c 0x000000  -5.142857
59083.430629 20.449472      NaN    -9     8 c    0   2.62 359.09121 32.45665  5969.73  3609.10 2.55 2.46  43.4 -0.393    19.67 21.88 02a59083o0402c 0x000000  -1.125000
59083.433832 20.594452      NaN   -48     7 c    0   3.00 359.09121 32.45665  5988.81  3647.51 2.56 2.41  30.2 -0.392    19.74 21.90 02a59083o0409c 0x000000  -6.857143
59083.436580 20.244005 0.299513    29     8 c    0   3.26 359.09121 32.45665  5931.50  3570.42 2.56 2.42  49.1 -0.396    19.71 21.91 02a59083o0415c 0x000000   3.625000
59083.461909 20.594452      NaN   -17     7 c    0   2.51 359.09121 32.45665  5918.24  3689.22 2.48 2.36  43.9 -0.400    19.77 21.92 02a59083o0462c 0x000000  -2.428571
59087.460652 20.761819      NaN   -12     6 c    0   3.00 359.09121 32.45665  5978.09  3611.32 2.45 2.43  77.0 -0.405    19.67 21.83 02a59087o0486c 0x000000  -2.000000
59087.463424 20.594452      NaN   -22     7 c    0   3.29 359.09121 32.45665  5997.86  3649.21 2.58 2.56  51.3 -0.400    19.66 21.84 02a59087o0492c 0x000000  -3.142857
59087.466167 20.594452      NaN   -15     7 c    0   3.02 359.09121 32.45665  5940.24  3573.02 2.78 2.73  79.4 -0.398    19.62 21.83 02a59087o0498c 0x000000  -2.142857
59087.491825 20.594452      NaN   -26     7 c    0   3.46 359.09121 32.45665  5924.63  3699.09 2.60 2.46  52.3 -0.403    19.70 21.80 02a59087o0550c 0x000000  -3.714286
59107.468458 19.868040      NaN    17     8 c    0   3.06 359.09121 32.45665  6457.54  1538.42 2.39 2.24 -54.5 -0.399    19.77 21.82 02a59107o0520c 0x000000   2.125000
59107.471661 20.449472 0.361912    24     8 c    0   2.73 359.09121 32.45665  6438.51  1500.48 2.40 2.26 -59.5 -0.400    19.74 21.82 02a59107o0527c 0x000000   3.000000
59107.481564 20.103715      NaN    12     7 c    0   2.50 359.09121 32.45665  6496.37  1577.30 2.38 2.25 -59.4 -0.400    19.78 21.82 02a59107o0548c 0x000000   1.714286
59107.493551 20.594452 0.361912    21     7 c    0   3.49 359.09121 32.45665  6518.29  1462.90 2.43 2.26 -60.1 -0.401    19.74 21.84 02a59107o0574c 0x000000   3.000000
59111.397381 18.944322      NaN    18    26 c    0   1.19 359.09121 32.45665  4128.83  9033.74 2.61 2.55  44.7 -0.391    18.85 20.70 02a59111o0394c 0x100002   0.692308
59111.399667 18.878500      NaN   -46    34 c    0   1.57 359.09121 32.45665  4148.86  9073.71 2.66 2.57  56.4 -0.381    18.26 20.05 02a59111o0399c 0x100002  -1.352941
59111.402869 18.978793      NaN   -78    31 c    0   1.12 359.09121 32.45665  4088.83  8994.29 2.80 2.73  73.1 -0.384    18.50 20.34 02a59111o0406c 0x100002  -2.516129
59111.440399 20.207197 0.325721    30     9 c    0   1.73 359.09121 32.45665  6521.31  1458.03 2.62 2.52 -62.0 -0.393    19.59 21.68 02a59111o0477c 0x000000   3.333333
59115.495650 20.449472      NaN    -9     8 c    0   1.66 359.09121 32.45665  6732.90  7355.57 2.66 2.45  40.1 -0.403    19.69 21.63 02a59115o0588c 0x000000  -1.125000
59115.502073 20.449472      NaN   -14     8 c    0   2.11 359.09121 32.45665  6714.58  7316.00 2.70 2.42  39.8 -0.399    19.71 21.63 02a59115o0602c 0x000000  -1.750000
59115.510823 19.979496      NaN     7    10 c    0   1.52 359.09121 32.45665  6772.69  7395.63 2.64 2.45  41.8 -0.399    19.63 21.52 02a59115o0621c 0x000000   0.700000
59115.514023 19.472870 0.184023    59    10 c    0   1.92 359.09121 32.45665  6792.18  7279.37 2.67 2.43  39.9 -0.399    19.64 21.55 02a59115o0628c 0x000000   5.900000
59132.388774 20.207197      NaN    -1    10 c    0   1.41 359.09121 32.45665  2685.35  7075.80 2.59 2.54  26.0 -0.393    19.73 21.72 02a59132o0418c 0x000000  -0.100000
59132.393896 20.449472      NaN   -13     8 c    0   1.68 359.09121 32.45665  2665.25  7037.67 2.52 2.48  16.0 -0.397    19.72 21.72 02a59132o0429c 0x000000  -1.625000
59132.412265 20.321591      NaN   -27     9 c    0   2.00 359.09121 32.45665  2722.14  7112.26 2.43 2.34  11.2 -0.404    19.79 21.68 02a59132o0468c 0x000000  -3.000000
59132.415978 20.449472      NaN   -34     8 c    0   2.21 359.09121 32.45665  2740.64  6996.20 2.44 2.39   9.4 -0.401    19.72 21.65 02a59132o0476c 0x000000  -4.250000
59135.475118 19.436675 0.320381    61    18 c    0   1.38 359.09121 32.45665  2682.23  7071.81 2.37 2.33  17.3 -0.400    18.73 20.64 02a59135o0215c 0x000000   3.388889
59135.480213 17.909502      NaN   117    44 c    0   0.93 359.09121 32.45665  2662.79  7032.42 2.69 2.62 -59.4 -0.391    17.86 19.59 02a59135o0226c 0x100002   2.659091
59135.511617 20.103715      NaN   -40    11 c    0   1.81 359.09121 32.45665  2738.63  6991.24 2.59 2.51 -17.5 -0.385    19.22 21.03 02a59135o0249c 0x000000  -3.636364
59139.408884 20.594452      NaN   -12     7 c    0   3.00 359.09121 32.45665  8516.95  3418.79 2.38 2.36  83.3 -0.390    19.81 21.74 02a59139o0453c 0x000000  -1.714286
59139.412136 20.449472      NaN    -8     8 c    0   2.28 359.09121 32.45665  8499.08  3378.39 2.36 2.33 -87.6 -0.389    19.82 21.72 02a59139o0460c 0x000000  -1.000000
59139.426526 20.594452      NaN   -11     7 c    0   3.14 359.09121 32.45665  8558.76  3456.15 2.37 2.35 -49.3 -0.390    19.79 21.68 02a59139o0490c 0x000000  -1.571429
59139.433415 19.868040      NaN    17     8 c    0   2.90 359.09121 32.45665  8578.71  3340.43 2.41 2.37 -40.5 -0.387    19.80 21.67 02a59139o0505c 0x000000   2.125000
59143.360941 20.449472      NaN   -14     8 c    0   2.22 359.09121 32.45665  8519.97  3415.51 2.50 2.45 -13.3 -0.377    19.67 21.58 02a59143o0358c 0x000000  -1.750000
59143.364671 20.071303 0.319334    34    10 c    0   1.54 359.09121 32.45665  8500.81  3380.94 2.50 2.45   0.2 -0.379    19.46 21.28 02a59143o0366c 0x000000   3.400000
59143.398982 19.631075      NaN    -1    17 c    0   1.81 359.09121 32.45665  8555.83  3460.96 2.50 2.45  29.3 -0.380    18.86 20.58 02a59143o0437c 0x000000  -0.058824
59143.404547 19.102305      NaN    20    21 c    0   1.14 359.09121 32.45665  8578.95  3344.93 2.45 2.41  28.9 -0.385    18.87 20.51 02a59143o0449c 0x000000   0.952381
59160.325167 16.375311      NaN  -449   341 c    0   1.25 359.09121 32.45665  6427.23  9715.66 2.75 2.59  45.1 -0.393    15.45 16.80 02a59160o0309c 0x100002  -1.316716
59163.373943 19.950541 0.257148    38     9 c    0   1.89 359.09121 32.45665   532.71  5271.63 2.47 2.20 -55.8 -0.422    19.68 21.58 02a59163o0240c 0x000000   4.222222
59163.377618 20.594452      NaN    -9     7 c    0   3.22 359.09121 32.45665   513.05  5232.58 2.41 2.16 -51.1 -0.425    19.74 21.56 02a59163o0248c 0x000000  -1.285714
59163.383582 20.449472      NaN   -24     8 c    0   2.30 359.09121 32.45665   571.15  5308.59 2.41 2.18 -52.9 -0.424    19.71 21.52 02a59163o0261c 0x000000  -3.000000
59163.399163 19.491430      NaN    16    14 c    0   0.96 359.09121 32.45665   597.47  5188.04 4.03 3.60 -56.4 -0.319    19.34 21.49 02a59163o0294c 0x000000   1.142857
59163.453614 19.212347      NaN  -120    25 c    0   1.17 359.09121 32.45665 10516.70  5272.17 3.36 3.20 -47.8 -0.388    19.34 21.43 02a59163o0412c 0x100002  -4.800000
59191.260596 20.761819      NaN   -17     6 c    0   4.08 359.09121 32.45665  8457.70  1476.10 2.53 2.19 -57.2 -0.404    19.76 21.75 02a59191o0152c 0x000000  -2.833333
59191.263804 20.449472      NaN    -7     8 c    0   3.09 359.09121 32.45665  8437.61  1436.96 2.52 2.18 -56.1 -0.407    19.79 21.75 02a59191o0159c 0x000000  -0.875000
59191.275923 20.449472      NaN    -7     8 c    0   1.84 359.09121 32.45665  8494.22  1513.25 2.44 2.18 -58.9 -0.407    19.81 21.72 02a59191o0184c 0x000000  -0.875000
59191.281919 20.244005      NaN     8     7 c    0   3.58 359.09121 32.45665  8516.79  1398.03 2.44 2.16 -57.0 -0.409    19.82 21.70 02a59191o0197c 0x000000   1.142857
59195.297165 20.449472      NaN   -17     8 c    0   3.18 359.09121 32.45665  8660.66  7300.00 2.73 2.62  47.8 -0.396    19.71 21.66 02a59195o0248c 0x000000  -2.125000
59195.300372 20.449472      NaN    -2     8 c    0   2.49 359.09121 32.45665  8643.41  7259.85 2.69 2.62  46.4 -0.396    19.74 21.65 02a59195o0255c 0x000000  -0.250000
59195.306787 20.207197      NaN   -27    10 c    0   1.74 359.09121 32.45665  8700.69  7338.59 2.73 2.62  46.0 -0.397    19.71 21.62 02a59195o0269c 0x000000  -2.700000
59195.317354 19.743105      NaN    22     8 c    0   3.16 359.09121 32.45665  8719.10  7223.40 2.71 2.61  41.0 -0.395    19.68 21.60 02a59195o0292c 0x000000   2.750000
59197.276646 19.816329      NaN    19     8 c    0   2.87 359.09121 32.45665  3897.00  5136.66 2.53 2.40 -84.9 -0.374    19.85 22.02 01a59197o0034c 0x000000   2.375000
59197.291823 20.761819      NaN    -9     6 c    0   3.57 359.09121 32.45665  3920.50  5176.25 2.30 2.06 -85.3 -0.401    19.93 22.02 01a59197o0066c 0x000000  -1.500000
59197.303686 20.647425      NaN     2     6 c    0   3.13 359.09121 32.45665  3862.71  5099.02 2.62 2.23 -84.4 -0.384    19.85 21.98 01a59197o0091c 0x000000   0.333333
59197.306482 20.449472      NaN   -41     8 c    0   3.17 359.09121 32.45665  3841.46  5215.73 2.76 2.63  -0.4 -0.386    19.69 21.97 01a59197o0097c 0x000000  -5.125000
59199.292589 20.207197      NaN   -11    10 c    0   1.80 359.09121 32.45665  8666.82  7301.92 2.73 2.68  86.3 -0.398    19.66 21.65 02a59199o0177c 0x000000  -1.100000
59199.295791 20.321591      NaN    -7     9 c    0   1.56 359.09121 32.45665  8647.60  7262.53 2.67 2.65 -83.4 -0.402    19.70 21.64 02a59199o0184c 0x000000  -0.777778
59199.318995 19.529530      NaN    26    10 c    0   2.17 359.09121 32.45665  8703.85  7339.67 2.79 2.71  42.3 -0.392    19.59 21.51 02a59199o0189c 0x000000   2.600000
59199.321933 19.631075      NaN    21    10 c    0   1.53 359.09121 32.45665  8722.72  7223.74 2.74 2.63  37.0 -0.395    19.61 21.46 02a59199o0195c 0x000000   2.100000
59219.275101 20.009244      NaN     3    11 c    0   2.19 359.09121 32.45665  2376.61  9513.88 2.52 2.34 -45.8 -0.427    19.65 21.49 02a59219o0082c 0x000000   0.272727
59219.279685 20.321591      NaN   -22     9 c    0   2.61 359.09121 32.45665  2359.87  9473.27 2.45 2.26 -40.2 -0.422    19.67 21.47 02a59219o0092c 0x000000  -2.444444
59219.285173 20.321591      NaN   -14     9 c    0   2.19 359.09121 32.45665  2419.13  9548.43 2.53 2.29 -42.7 -0.427    19.62 21.44 02a59219o0104c 0x000000  -1.555556
59219.295264 20.103715      NaN   -57    11 c    0   1.61 359.09121 32.45665  2439.93  9428.64 2.42 2.24 -39.5 -0.427    19.63 21.39 02a59219o0126c 0x000000  -5.181818
59221.202309 19.334813      NaN    13    18 c    0   1.60 359.09121 32.45665  8100.00  7324.11 2.36 2.16 -77.5 -0.386    18.89 19.53 01a59221o0022c 0x000000   0.722222
59221.206019 19.696897      NaN    12    12 c    0   1.94 359.09121 32.45665  8118.70  7359.71 2.47 2.29 -72.2 -0.377    19.36 20.47 01a59221o0030c 0x000000   1.000000
59221.212060 20.449472      NaN    -1     8 c    0   1.64 359.09121 32.45665  8059.84  7284.22 2.36 2.11 -80.1 -0.401    19.82 21.44 01a59221o0043c 0x000000  -0.125000
59221.231441 20.449472      NaN   -12     8 c    0   1.49 359.09121 32.45665  8043.66  7402.04 2.42 2.20 -77.4 -0.387    19.87 21.80 01a59221o0084c 0x000000  -1.500000
59223.207401 18.526952      NaN  -130    47 c    0   1.31 359.09121 32.45665  2386.48  9518.94 2.56 2.16 -45.5 -0.439    18.10 19.16 02a59223o0032c 0x100002  -2.765957
59223.212449 18.336727      NaN   -53    56 c    0   0.66 359.09121 32.45665  2368.28  9477.73 2.57 2.20 -44.6 -0.451    18.06 19.35 02a59223o0043c 0x100002  -0.946429
59223.224377 20.009244      NaN   -30    12 c    0   1.35 359.09121 32.45665  2425.90  9551.84 2.54 2.15 -44.3 -0.440    19.40 21.09 02a59223o0069c 0x000000  -2.500000
59223.231719 19.841877      NaN   -12    14 c    0   1.29 359.09121 32.45665  2446.23  9432.85 2.51 2.14 -41.3 -0.435    19.45 21.14 02a59223o0085c 0x000000  -0.857143
59227.259415 20.449472      NaN   -21     8 c    0   2.18 359.09121 32.45665   489.89  3327.45 2.41 2.25 -60.4 -0.401    19.69 21.56 02a59227o0140c 0x000000  -2.625000
59227.263075 20.449472      NaN    -5     8 c    0   1.61 359.09121 32.45665   470.39  3288.73 2.37 2.23 -58.1 -0.403    19.67 21.54 02a59227o0148c 0x000000  -0.625000
59227.266284 19.922338      NaN   -28    13 c    0   2.36 359.09121 32.45665 10500.07  3366.59 2.68 2.37 -49.6 -0.419    19.70 21.61 02a59227o0155c 0x000000  -2.153846
59227.269492 20.449472      NaN    -2     8 c    0   1.76 359.09121 32.45665   531.84  3363.54 2.41 2.24 -60.4 -0.411    19.66 21.52 02a59227o0162c 0x000000  -0.250000
59227.269948 20.207197      NaN    -5    10 c    0   2.20 359.09121 32.45665 10480.99  3327.05 2.62 2.37 -46.7 -0.410    19.69 21.60 02a59227o0163c 0x000000  -0.500000
59227.299509 19.674510 0.199421    49     9 c    0   2.78 359.09121 32.45665   552.15  3245.56 2.39 2.33  75.8 -0.399    19.61 21.46 02a59227o0183c 0x000000   5.444444
59231.208469 17.896499      NaN    45    69 c    0   0.83 359.09121 32.45665 10512.12  3370.05 3.14 2.74 -56.0 -0.405    18.55 19.73 02a59231o0025c 0x100002   0.652174
59231.211672 19.212347      NaN   -31    25 c    0   0.97 359.09121 32.45665 10494.14  3330.07 2.99 2.60 -56.2 -0.405    19.08 20.40 02a59231o0032c 0x100002  -1.240000
59251.245096 19.922338      NaN   -20    13 c    0   1.99 359.09121 32.45665  8597.60  5355.08 2.60 2.49  20.9 -0.391    19.41 20.98 02a59251o0004c 0x000000  -1.538462
59251.248302 19.922338      NaN   -28    13 c    0   1.33 359.09121 32.45665  8577.61  5317.28 2.65 2.57   6.6 -0.386    19.37 20.95 02a59251o0011c 0x000000  -2.153846
59251.254709 20.009244      NaN   -18    12 c    0   1.91 359.09121 32.45665  8634.20  5396.12 2.67 2.57 -35.6 -0.395    19.33 20.87 02a59251o0025c 0x000000  -1.500000
59251.264788 19.631075      NaN     6    15 c    0   1.62 359.09121 32.45665  8652.92  5278.51 2.85 2.58 -47.1 -0.397    19.17 20.77 02a59251o0047c 0x000000   0.400000
59257.216445 18.702047      NaN   -27    40 c    0   1.43 359.09121 32.45665  9998.50  5264.03 2.59 2.36 -81.4 -0.371    17.95 18.57 01a59257o0024c 0x100002  -0.675000
59257.219675 18.847027      NaN    27    26 c    0   1.06 359.09121 32.45665 10017.76  5302.70 2.56 2.32 -82.2 -0.372    18.69 19.43 01a59257o0031c 0x100002   1.038462
59257.227048 19.922338      NaN   -16    13 c    0   0.98 359.09121 32.45665  9956.54  5229.03 2.59 2.37 -80.6 -0.375    19.33 20.67 01a59257o0047c 0x000000  -1.230769
59257.237204 19.183773      NaN    38    13 c    0   1.49 359.09121 32.45665  9936.29  5349.49 2.63 2.40 -81.1 -0.373    19.38 20.93 01a59257o0069c 0x000000   2.923077
59351.589341 20.009244      NaN    -1    12 c    0   1.85 359.09121 32.45665   382.29   904.77 2.78 2.60 -61.9 -0.390    19.13 20.80 02a59351o0740c 0x000000  -0.083333
59351.590266 15.950403 0.017223  1513    24 c    0 170.44 359.09121 32.45665 10089.96   909.79 2.94 2.51 -45.2 -0.388    19.26 20.97 02a59351o0742c 0x100003  63.041667
59351.595807 19.631075      NaN   -11    17 c    0   1.34 359.09121 32.45665 10110.16   949.83 3.04 2.65 -44.9 -0.383    19.20 21.02 02a59351o0754c 0x000000  -0.647059
59351.605502 19.841877      NaN   -16    14 c    0   1.43 359.09121 32.45665   399.63   944.22 3.42 3.28 -18.4 -0.361    18.91 20.79 02a59351o0775c 0x000000  -1.142857
59351.608246 19.569016      NaN   -57    18 c    0   1.11 359.09121 32.45665 10054.73   874.33 3.29 2.81 -24.9 -0.372    19.09 20.85 02a59351o0781c 0x000000  -3.166667
59351.609617 19.142275      NaN     8    24 c    0   1.76 359.09121 32.45665   341.37   863.16 3.12 2.90 -11.9 -0.363    18.28 19.80 02a59351o0784c 0x100002   0.333333
59377.577237 20.761819      NaN   -31     6 c    0   3.45 359.09121 32.45665  4609.23  6944.31 2.28 2.10 -77.9 -0.389    19.89 21.60 01a59377o0708c 0x000000  -5.166667
59377.592955 20.103715      NaN    12     7 c    0   3.50 359.09121 32.45665  4594.61  6906.46 2.30 2.10 -75.5 -0.386    19.90 21.63 01a59377o0742c 0x000000   1.714286
59377.608654 20.449472      NaN    -3     8 c    0   2.52 359.09121 32.45665  4655.48  6985.89 2.26 2.12 -70.3 -0.379    19.72 21.06 01a59377o0775c 0x000000  -0.375000
59381.537090 20.321591      NaN   -13     9 c    0   1.70 359.09121 32.45665  4603.46  6940.12 2.56 2.35 -71.1 -0.374    19.67 21.57 01a59381o0612c 0x000000  -1.444444
59381.540322 20.321591      NaN   -58     9 c    0   2.85 359.09121 32.45665  4585.09  6902.35 2.92 2.75 -74.7 -0.363    19.55 21.61 01a59381o0619c 0x000000  -6.444444
59381.548394 20.449472      NaN   -20     8 c    0   2.05 359.09121 32.45665  4647.70  6983.75 2.50 2.29 -74.4 -0.374    19.76 21.66 01a59381o0636c 0x000000  -2.500000
59381.558725 20.321591      NaN     0     9 c    0   2.36 359.09121 32.45665  4663.24  6863.60 2.47 2.30 -75.4 -0.370    19.76 21.66 01a59381o0658c 0x000000   0.000000
59403.559276 20.449472      NaN   -22     8 c    0   2.32 359.09121 32.45665  9815.64  3370.97 2.62 2.41 -54.5 -0.404    19.74 21.73 02a59403o0655c 0x000000  -2.750000
59403.584138 20.321591      NaN   -15     9 c    0   1.92 359.09121 32.45665  9844.98  3410.57 2.51 2.34 -57.7 -0.408    19.79 21.78 02a59403o0704c 0x000000  -1.666667
59403.586423 20.449472      NaN   -53     8 c    0   1.71 359.09121 32.45665  9786.61  3334.60 2.52 2.30 -57.9 -0.408    19.79 21.79 02a59403o0709c 0x000000  -6.625000
59403.604885 20.321591      NaN    -7     9 c    0   1.54 359.09121 32.45665  9772.16  3451.83 2.50 2.32 -59.6 -0.404    19.81 21.82 02a59403o0747c 0x000000  -0.777778
59404.576549 20.594452      NaN   -31     7 c    0   2.55 359.09121 32.45665  9820.56  3368.77 2.52 2.40 -51.2 -0.401    19.77 21.83 02a59404o0715c 0x000000  -4.428571
59404.579753 20.321591      NaN    -9     9 c    0   1.72 359.09121 32.45665  9840.84  3406.53 2.53 2.37 -61.5 -0.401    19.80 21.85 02a59404o0722c 0x000000  -1.000000
59404.586173 19.979496      NaN    13     8 c    0   2.00 359.09121 32.45665  9784.22  3332.19 2.49 2.37 -51.2 -0.404    19.78 21.87 02a59404o0736c 0x000000   1.625000
59404.601113 20.321591      NaN   -19     9 c    0   1.50 359.09121 32.45665  9771.07  3448.61 2.47 2.39 -69.0 -0.401    19.81 21.90 02a59404o0768c 0x000000  -2.111111
59407.539266 18.757738      NaN    48    22 c    0   2.56 359.09121 32.45665  9820.45  3366.50 2.53 2.27 -56.5 -0.401    18.11 19.71 02a59407o0614c 0x000000   2.181818
59407.541554 20.103715      NaN   -42    11 c    0   2.14 359.09121 32.45665  9839.94  3405.92 2.49 2.22 -56.8 -0.407    19.67 21.46 02a59407o0619c 0x000000  -3.818182
59407.544770 17.637125      NaN   122    66 c    0   0.71 359.09121 32.45665  9782.00  3329.63 2.49 2.25 -56.4 -0.403    17.67 19.26 02a59407o0626c 0x100002   1.848485
59407.549832 19.841877      NaN    -5    14 c    0   1.27 359.09121 32.45665  9761.22  3447.78 2.60 2.38 -56.8 -0.401    18.95 20.74 02a59407o0637c 0x000000  -0.357143
59415.574655 20.244005      NaN     2     9 c    0   2.32 359.09121 32.45665  8094.68  5446.73 2.54 2.45  50.9 -0.392    19.73 21.60 02a59415o0679c 0x000000   0.222222
59415.594015 20.449472      NaN    -1     8 c    0   1.59 359.09121 32.45665  8117.73  5490.79 2.51 2.37  47.1 -0.395    19.73 21.72 02a59415o0717c 0x000000  -0.125000
59415.611609 20.594452      NaN   -17     7 c    0   2.31 359.09121 32.45665  2533.98  5161.40 2.39 2.30  35.6 -0.410    19.77 21.71 02a59415o0752c 0x000000  -2.428571
59415.625743 19.696897      NaN   -38    16 c    0   1.79 359.09121 32.45665  2552.56  5046.31 2.39 2.31  26.8 -0.403    18.99 20.13 02a59415o0780c 0x000000  -2.375000
59433.528324 19.979496      NaN    16     7 c    0   2.28 359.09121 32.45665  8502.61  3390.44 2.70 2.58 -79.5 -0.384    19.82 22.07 01a59433o0621c 0x000000   2.285714
59433.541658 20.594452      NaN   -10     7 c    0   2.41 359.09121 32.45665  8482.03  3351.00 2.81 2.74 -74.9 -0.367    19.86 22.11 01a59433o0649c 0x000000  -1.428571
59433.543501 20.761819      NaN   -20     6 c    0   3.80 359.09121 32.45665  8541.57  3429.27 2.77 2.68 -70.8 -0.370    19.87 22.11 01a59433o0653c 0x000000  -3.333333
59433.546281 20.594452      NaN   -16     7 c    0   3.01 359.09121 32.45665  8560.75  3312.95 2.70 2.63 -52.1 -0.370    19.86 22.13 01a59433o0659c 0x000000  -2.285714
59437.556553 20.761819      NaN   -15     6 c    0  10.64 359.09121 32.45665  2036.37  7208.87 2.21 1.99 -48.4 -0.390    20.00 21.81 01a59437o0415c 0x100001  -2.500000
59437.568892 20.761819      NaN    -6     6 c    0   3.08 359.09121 32.45665  2057.88  7245.57 2.20 2.00 -46.4 -0.391    19.97 21.77 01a59437o0440c 0x000000  -1.000000
59437.574088 20.594452      NaN   -11     7 c    0   3.50 359.09121 32.45665  2000.27  7166.92 2.22 1.98 -47.8 -0.394    19.98 21.78 01a59437o0451c 0x000000  -1.571429
59437.580249 20.703116 0.342864    19     6 c    0   5.41 359.09121 32.45665  1982.32  7282.18 2.25 2.01 -49.6 -0.388    19.99 21.78 01a59437o0464c 0x000000   3.166667
59437.630889 19.743105      NaN    16    10 c    0   3.51 359.09121 32.45665  2030.68  7216.14 2.29 2.01 -49.1 -0.389    19.27 20.06 01a59437o0567c 0x000000   1.600000
59441.484663 20.594452      NaN   -39     7 c    0   2.62 359.09121 32.45665   481.14  9663.18 2.53 2.13 -51.0 -0.434    19.95 22.04 01a59441o0541c 0x000000  -5.571429
59441.486507 20.103715      NaN     9     8 c    0   2.51 359.09121 32.45665   462.19  9624.29 2.51 2.14 -49.6 -0.435    19.96 22.05 01a59441o0545c 0x000000   1.125000
59441.486967 20.449472      NaN    -1     8 c    0   1.52 359.09121 32.45665 10185.30  9653.59 2.59 2.35  60.3 -0.368    19.96 22.03 01a59441o0546c 0x000000  -0.125000
59441.521927 20.594452      NaN   -27     7 c    0   1.43 359.09121 32.45665  9979.79   846.17 2.55 2.53 -24.8 -0.364    19.90 22.09 01a59441o0615c 0x000000  -3.857143
59441.522653 20.449472      NaN     3     7 c    0   2.12 359.09121 32.45665 10169.07  9605.87 2.63 2.42  57.4 -0.368    19.95 22.09 01a59441o0616c 0x000000   0.428571
59441.530117 20.594452      NaN    -7     7 c    0   2.09 359.09121 32.45665 10228.30  9688.93 2.70 2.47  54.6 -0.357    19.95 22.09 01a59441o0632c 0x000000  -1.000000
59441.535209 20.761819      NaN   -12     6 c    0   2.93 359.09121 32.45665 10246.72  9572.36 2.73 2.48  54.3 -0.349    19.96 22.10 01a59441o0643c 0x000000  -2.000000
59441.545804 20.594452      NaN   -44     7 c    0   2.87 359.09121 32.45665  9969.55   963.78 2.52 2.48 -57.9 -0.400    19.95 22.10 01a59441o0665c 0x000000  -6.285714
59463.553620 19.014394      NaN    12    26 c    0   1.34 359.09121 32.45665  8258.30  9714.56 2.95 2.88  70.8 -0.374    18.74 20.62 02a59463o0013c 0x100002   0.461538
59463.577934 19.696897      NaN   -10    16 c    0   1.22 359.09121 32.45665  8236.41  9684.32 2.84 2.65 -53.6 -0.387    19.15 20.95 02a59463o0064c 0x000000  -0.625000
59463.589077 18.816441      NaN     6    34 c    0   1.37 359.09121 32.45665  8296.21  9757.11 2.89 2.70 -53.7 -0.386    18.41 20.19 02a59463o0088c 0x100002   0.176471
59463.596533 18.978793      NaN    36    19 c    0   1.34 359.09121 32.45665  8314.78  9640.15 2.92 2.70 -55.8 -0.391    19.01 20.87 02a59463o0104c 0x000000   1.894737
59467.396351 20.321591      NaN   -15     9 c    0   2.17 359.09121 32.45665  6162.72  7487.24 2.44 2.30  43.5 -0.404    19.76 21.71 02a59467o0382c 0x000000  -1.666667
59467.398181 20.449472      NaN   -18     8 c    0   1.65 359.09121 32.45665  6182.95  7525.68 2.42 2.31  42.9 -0.408    19.78 21.70 02a59467o0386c 0x000000  -2.250000
59467.401058 20.321591      NaN   -10     9 c    0   2.15 359.09121 32.45665  6125.27  7448.70 2.38 2.29  45.8 -0.406    19.79 21.71 02a59467o0392c 0x000000  -1.111111
59467.429552 20.449472      NaN   -14     8 c    0   2.39 359.09121 32.45665  6114.04  7566.35 2.55 2.32  43.5 -0.403    19.79 21.77 02a59467o0448c 0x000000  -1.750000
59519.382610 20.321591      NaN    -5     9 c    0   1.65 359.09121 32.45665  6731.84  7363.00 3.15 2.52  82.6 -0.365    19.58 21.63 02a59519o0431c 0x000000  -0.555556
59519.401542 20.449472      NaN   -19     8 c    0   1.64 359.09121 32.45665  6711.10  7322.43 2.63 2.40  38.3 -0.397    19.75 21.65 02a59519o0471c 0x000000  -2.375000
59519.404744 20.244005      NaN     8     7 c    0   4.37 359.09121 32.45665  6770.62  7402.77 2.53 2.36  38.9 -0.407    19.77 21.66 02a59519o0478c 0x000000   1.142857
59519.418243 20.244005 0.336953    29     9 c    0   2.04 359.09121 32.45665  6791.29  7283.88 2.56 2.41  38.0 -0.405    19.75 21.66 02a59519o0506c 0x000000   3.222222
59523.350210 19.950541      NaN     8    10 c    0   1.83 359.09121 32.45665  2453.83  3205.50 2.96 2.85  86.7 -0.373    19.47 21.53 02a59523o0372c 0x000000   0.800000
59523.374156 19.979496      NaN     4    11 c    0   1.35 359.09121 32.45665  2429.79  3165.35 3.03 2.94  53.0 -0.382    19.42 21.50 02a59523o0423c 0x000000   0.363636
59523.377360 20.103715      NaN   -22    11 c    0   1.52 359.09121 32.45665  2490.85  3243.75 3.02 2.96  71.3 -0.378    19.43 21.50 02a59523o0430c 0x000000  -2.000000
59523.384720 20.207197      NaN   -36    10 c    0   1.67 359.09121 32.45665  2510.79  3125.93 2.95 2.90 -89.6 -0.383    19.44 21.48 02a59523o0446c 0x000000  -3.600000