         MJD         m       dm   uJy  duJy F  err  chi/N       RA      Dec       x        y  maj  min   phi  apfit  mag5sig   Sky            Obs     Mask   __tmp_SN
57716.366225 19.454622      NaN   -15    20 c    0   1.04 18.82545 -6.85904 1422.04  6458.51 4.01 3.81  56.0 -0.402    19.34 21.23 02a57716o0360c 0x000000  -0.750000
57716.396194 19.631075      NaN   -32    17 c    0   1.08 18.82545 -6.85904 1465.31  6495.65 4.71 4.15   7.5 -0.362    19.41 21.47 02a57716o0417c 0x000000  -1.882353
57716.411515 19.436675      NaN     7    18 c    0   1.10 18.82545 -6.85904 1487.39  6377.45 4.36 4.30  20.9 -0.371    19.35 21.39 02a57716o0445c 0x000000   0.388889
57744.300717 19.589310      NaN    11    14 c    0   1.15 18.82545 -6.85904 3244.62  5218.82 3.80 3.64  72.6 -0.383    19.58 21.40 02a57744o0225c 0x000000   0.785714
57744.313168 19.696897      NaN    -8    16 c    0   0.97 18.82545 -6.85904 3226.93  5179.61 3.84 3.66  72.6 -0.381    19.56 21.38 02a57744o0249c 0x000000  -0.500000
57744.325784 19.256669      NaN    24    16 c    0   0.96 18.82545 -6.85904 3285.32  5255.71 3.83 3.67  71.9 -0.384    19.54 21.37 02a57744o0273c 0x000000   1.500000
57744.338372 19.652575      NaN     2    16 c    0   1.01 18.82545 -6.85904 3307.15  5138.38 3.80 3.67  67.9 -0.384    19.52 21.32 02a57744o0297c 0x000000   0.125000
57744.351505 19.609992      NaN     4    16 c    0   1.03 18.82545 -6.85904 3271.04  5193.86 3.86 3.79  60.4 -0.377    19.46 21.29 02a57744o0322c 0x000000   0.250000
57756.261587 19.569016      NaN    -6    18 c    0   0.86 18.82545 -6.85904 4206.37  4854.55 3.79 3.65  73.8 -0.374    19.47 21.19 02a57756o0135c 0x000000  -0.333333
57756.274620 19.569016      NaN     6    16 c    0   0.92 18.82545 -6.85904 4187.86  4815.19 3.79 3.64  78.8 -0.378    19.46 21.17 02a57756o0160c 0x000000   0.375000
57756.289058 19.569016      NaN    -2    18 c    0   0.93 18.82545 -6.85904 4248.28  4890.27 3.74 3.60  81.1 -0.383    19.44 21.11 02a57756o0186c 0x000000  -0.111111
57756.317969 19.569016      NaN   -13    18 c    0   0.89 18.82545 -6.85904 4231.80  4830.97 3.76 3.63  84.8 -0.379    19.39 21.07 02a57756o0237c 0x000000  -0.722222
57776.251044 19.569016      NaN   -18    18 c    0   0.95 18.82545 -6.85904 2786.49  5615.55 3.86 3.64  64.5 -0.385    19.46 21.25 02a57776o0079c 0x000000  -1.000000
57776.263500 19.384550      NaN    13    17 c    0   0.94 18.82545 -6.85904 2770.53  5574.20 3.82 3.63  59.9 -0.386    19.45 21.23 02a57776o0104c 0x000000   0.764706
57776.277124 16.110974      NaN   102   401 c    0   0.90 18.82545 -6.85904 2830.72  5650.95 3.86 3.68  58.1 -0.398    16.63 18.20 02a57776o0131c 0x100002   0.254364
57776.291406 13.694473      NaN  -193  4028 c    0   0.92 18.82545 -6.85904 2853.00  5533.23 3.81 3.65  61.5 -0.344    14.80 16.27 02a57776o0159c 0x100002  -0.047915
57780.242814 19.241693      NaN    19    18 c    0   0.98 18.82545 -6.85904 2629.35  7143.12 3.96 3.72  33.9 -0.402    19.42 21.26 02a57780o0060c 0x000000   1.055556
57780.254799 19.569016      NaN    -6    18 c    0   1.17 18.82545 -6.85904 2594.03  7102.42 4.24 3.78  12.4 -0.397    19.36 21.26 02a57780o0084c 0x000000  -0.333333
57780.269135 19.609992      NaN     1    17 c    0   1.16 18.82545 -6.85904 2671.93  7178.90 3.87 3.67  34.2 -0.404    19.41 21.23 02a57780o0112c 0x000000   0.058824
57982.583420 20.039830      NaN     8     9 c    0   1.11 18.82545 -6.85904 2273.22  5747.53 2.50 2.38  16.9 -0.424    19.72 21.42 02a57982o0669c 0x000000   0.888889
57982.592833 20.321591      NaN   -10     9 c    0   0.78 18.82545 -6.85904 2254.93  5709.04 2.47 2.35  24.1 -0.429    19.73 21.43 02a57982o0687c 0x000000  -1.111111
57982.601514 19.766969      NaN    15    10 c    0   1.06 18.82545 -6.85904 2313.91  5787.37 2.50 2.38  25.6 -0.432    19.72 21.43 02a57982o0704c 0x000000   1.500000
57982.610728 20.321591      NaN    -4     9 c    0   1.30 18.82545 -6.85904 2333.11  5671.68 2.39 2.34  31.0 -0.431    19.75 21.41 02a57982o0722c 0x000000  -0.444444
57986.575704 19.226921      NaN    23    17 c    0   0.90 18.82545 -6.85904 5225.90  7966.57 2.57 2.52  11.4 -0.427    19.05 20.85 02a57986o0633c 0x000000   1.352941
58018.446511 19.979496      NaN     1    12 c    0   1.19 18.82545 -6.85904 9735.89 10485.25 2.81 2.32  48.9 -0.449    19.75 21.50 02a58018o0189c 0x000000   0.083333
58018.452383 20.103715      NaN    -9    11 c    0   1.02 18.82545 -6.85904 9204.23   734.19 3.11 2.83 -65.5 -0.372    19.59 21.50 02a58018o0201c 0x000000  -0.818182
58018.453296 22.707197      NaN   -38     1 c    0   9.05 18.82545 -6.85904 9754.06 10527.15 3.10 2.56  53.2 -0.449    19.64 21.51 02a58018o0203c 0x000000 -38.000000
58018.456165 20.103715      NaN    -2    11 c    0   1.15 18.82545 -6.85904 9693.83 10447.91 2.99 2.54  51.3 -0.446    19.67 21.52 02a58018o0209c 0x000000  -0.181818
58018.457117 19.631075      NaN    24     9 c    0   1.15 18.82545 -6.85904 9222.16   773.96 2.87 2.57 -64.9 -0.392    19.68 21.50 02a58018o0211c 0x000000   2.666667
58018.465881 19.894850      NaN    10    10 c    0   0.89 18.82545 -6.85904 9162.35   698.67 2.81 2.54 -63.1 -0.378    19.67 21.50 02a58018o0230c 0x000000   1.000000
58018.472616 20.321591      NaN   -10     9 c    0   1.12 18.82545 -6.85904 9140.06   817.19 2.76 2.50 -59.5 -0.389    19.72 21.47 02a58018o0244c 0x000000  -1.111111
58074.358332 20.137125      NaN     2    10 c    0   1.08 18.82545 -6.85904 1719.80   781.74 3.04 2.59  40.3 -0.470    19.70 21.56 02a58074o0264c 0x000000   0.200000
58074.364047 16.838059      NaN   245   141 c    0   0.32 18.82545 -6.85904 2232.05 10520.04 2.94 2.27  18.6 -0.430    19.75 21.55 02a58074o0276c 0x100002   1.737589
58074.366399 20.449472      NaN    -2     8 c    0   1.56 18.82545 -6.85904 1701.82   741.60 3.03 2.63  47.5 -0.461    19.71 21.55 02a58074o0281c 0x000000  -0.250000
58074.372151 19.696897      NaN     6    14 c    0   0.99 18.82545 -6.85904 2213.69 10480.04 2.93 2.34  15.2 -0.422    19.72 21.55 02a58074o0293c 0x000000   0.428571
58074.374530 20.103715      NaN    -4    11 c    0   1.04 18.82545 -6.85904 1761.36   820.34 3.28 2.92  40.4 -0.433    19.57 21.58 02a58074o0298c 0x000000  -0.363636
58074.382680 20.137125      NaN     5     9 c    0   1.18 18.82545 -6.85904 1782.37   703.52 2.97 2.54  36.0 -0.481    19.71 21.52 02a58074o0315c 0x000000   0.555556
58074.389516 20.103715      NaN    -9    11 c    0   1.28 18.82545 -6.85904 2295.85 10440.46 3.03 2.39  12.4 -0.420    19.67 21.47 02a58074o0327c 0x000000  -0.818182
58078.368195 20.009244      NaN     9     9 c    0   1.01 18.82545 -6.85904 2501.79  1064.88 2.77 2.39  46.3 -0.449    19.82 21.62 02a58078o0396c 0x000000   1.000000
58078.376367 20.449472      NaN     0     8 c    0   1.55 18.82545 -6.85904 2522.06   948.44 2.77 2.37  46.5 -0.463    19.78 21.59 02a58078o0413c 0x000000   0.000000
58082.333238 18.417189      NaN    -8    52 c    0   1.78 18.82545 -6.85904 1358.73  3314.07 2.58 2.31  39.4 -0.448    17.48 18.61 02a58082o0327c 0x100002  -0.153846
58082.341357 13.267625      NaN -1772  5968 c    0   0.90 18.82545 -6.85904 1342.08  3274.55 6.91 1.14 -87.9 -0.406    13.16 14.26 02a58082o0344c 0x100002  -0.296917
58082.349527 17.357499      NaN  -225   138 c    0   1.18 18.82545 -6.85904 1402.14  3351.36 2.54 2.32  41.1 -0.486    16.95 18.08 02a58082o0361c 0x100002  -1.630435
58110.288802 20.449472      NaN    -6     8 c    0   1.01 18.82545 -6.85904 2617.06  2117.05 2.50 2.33  44.9 -0.420    19.72 21.35 02a58110o0207c 0x000000  -0.750000
58110.296859 20.449472      NaN    -3     8 c    0   1.46 18.82545 -6.85904 2600.38  2076.99 2.50 2.32  58.7 -0.405    19.69 21.36 02a58110o0224c 0x000000  -0.375000
58110.304869 20.321591      NaN     3     8 c    0   1.45 18.82545 -6.85904 2660.75  2156.47 2.56 2.39  59.0 -0.400    19.70 21.38 02a58110o0241c 0x000000   0.375000
58134.284747 20.039830      NaN     8     9 c    0   1.17 18.82545 -6.85904 2501.53  2750.34 2.52 2.37  47.3 -0.432    19.65 21.41 02a58134o0190c 0x000000   0.888889
58134.294485 19.868040      NaN    14     9 c    0   1.23 18.82545 -6.85904 2484.54  2709.48 2.57 2.41  49.4 -0.428    19.59 21.38 02a58134o0211c 0x000000   1.555556
58134.304294 20.207197      NaN   -11    10 c    0   1.50 18.82545 -6.85904 2544.09  2787.66 3.00 2.84  50.2 -0.391    19.43 21.37 02a58134o0232c 0x000000  -1.100000
58134.314145 19.472870 0.239230    59    13 c    0   1.53 18.82545 -6.85904 2564.49  2670.79 3.76 3.61  53.6 -0.342    19.16 21.31 02a58134o0253c 0x000000   4.538462
58162.225182 19.334813      NaN    22    15 c    0   1.37 18.82545 -6.85904 1269.07  1294.01 2.78 2.46  46.4 -0.487    19.08 20.32 02a58162o0042c 0x000000   1.466667
58162.233751 19.922338      NaN    -1    13 c    0   1.11 18.82545 -6.85904 1248.41  1254.85 2.92 2.57  44.6 -0.471    19.32 20.80 02a58162o0060c 0x000000  -0.076923
58162.243712 19.841877      NaN   -37    14 c    0   1.07 18.82545 -6.85904 1307.02  1334.13 2.87 2.53  42.2 -0.483    19.32 20.79 02a58162o0081c 0x000000  -2.642857
58162.253945 19.631075      NaN   -14    17 c    0   0.89 18.82545 -6.85904 1327.30  1216.63 2.95 2.59  41.4 -0.486    19.24 20.75 02a58162o0103c 0x000000  -0.823529
58342.631408 19.631075      NaN     0    17 c    0   1.42 18.82545 -6.85904 1068.84   251.07 2.80 2.35  43.9 -0.508    19.02 20.20 02a58342o0855c 0x000000   0.000000
58342.637139 18.142010      NaN   -19    67 c    0   1.35 18.82545 -6.85904 1590.46  9996.63 2.63 2.44   2.6 -0.474    17.62 18.65 02a58342o0867c 0x100002  -0.283582
58402.489609 17.283991 0.026960   443    11 c    0   1.56 18.82545 -6.85904 1067.40  1145.17 2.62 2.25  41.3 -0.501    19.72 21.47 02a58402o0425c 0x000000  40.272727
58402.500338 17.331585 0.030728   424    12 c    0   1.51 18.82545 -6.85904 1046.73  1105.56 2.62 2.27  45.2 -0.497    19.73 21.47 02a58402o0447c 0x000000  35.333333
58430.431659 18.110074 0.047206   207     9 c    0   1.26 18.82545 -6.85904 3492.74  3036.29 2.45 2.36  55.6 -0.400    19.70 21.41 02a58430o0497c 0x000000  23.000000
58430.441675 18.197417 0.056845   191    10 c    0   1.14 18.82545 -6.85904 3474.69  2998.39 2.42 2.34  74.3 -0.397    19.70 21.40 02a58430o0518c 0x000000  19.100000
58430.451793 18.079051 0.050974   213    10 c    0   1.16 18.82545 -6.85904 3532.66  3075.62 2.44 2.35  64.7 -0.396    19.65 21.37 02a58430o0539c 0x000000  21.300000
58430.461892 18.043943 0.049352   220    10 c    0   1.31 18.82545 -6.85904 3551.14  2959.08 2.45 2.34  89.6 -0.394    19.66 21.32 02a58430o0560c 0x000000  22.000000
58434.413836 18.197417 0.062529   191    11 c    0   0.87 18.82545 -6.85904 3626.63  2842.91 2.55 2.46  71.7 -0.397    19.71 21.55 02a58434o0494c 0x000000  17.363636
58434.423798 18.292405 0.062042   175    10 c    0   1.21 18.82545 -6.85904 3609.23  2803.34 2.56 2.48  69.8 -0.396    19.65 21.50 02a58434o0515c 0x000000  17.500000
58434.433870 18.169360 0.055395   196    10 c    0   1.00 18.82545 -6.85904 3667.88  2881.13 2.67 2.57  71.9 -0.393    19.65 21.48 02a58434o0536c 0x000000  19.600000
58434.443981 18.249822 0.059656   182    10 c    0   1.14 18.82545 -6.85904 3687.55  2764.43 2.62 2.51  83.8 -0.393    19.61 21.47 02a58434o0557c 0x000000  18.200000
58454.357840 18.606822 0.132609   131    16 c    0   1.18 18.82545 -6.85904 1455.31    97.39 2.90 2.38  38.1 -0.428    19.08 20.93 02a58454o0370c 0x000000   8.187500
58454.363637 17.927085      NaN   119    42 c    0   1.15 18.82545 -6.85904 1977.34  9839.11 2.65 2.40   5.9 -0.456    18.11 19.66 02a58454o0382c 0x100002   2.833333
58454.366966 18.675237 0.158888   123    18 c    0   1.47 18.82545 -6.85904 1435.33    58.40 2.91 2.46  39.9 -0.428    19.17 21.02 02a58454o0389c 0x000000   6.833333
58454.372728 18.631975 0.093305   128    11 c    0   1.77 18.82545 -6.85904 1958.37  9799.52 2.69 2.44   1.2 -0.446    19.55 21.45 02a58454o0401c 0x000000  11.636364
58454.376104 18.459772 0.079621   150    11 c    0   1.66 18.82545 -6.85904 1495.12   137.60 2.99 2.48  41.1 -0.432    19.45 21.36 02a58454o0408c 0x000000  13.636364
58454.381820 18.776955 0.096941   112    10 c    0   1.18 18.82545 -6.85904 2016.01  9877.38 2.71 2.46   0.5 -0.445    19.71 21.63 02a58454o0420c 0x000000  11.200000
58454.390897 18.720295 0.092012   118    10 c    0   1.12 18.82545 -6.85904 2038.12  9759.74 2.66 2.39   1.4 -0.443    19.67 21.62 02a58454o0439c 0x000000  11.800000
58458.342150 18.566153 0.071850   136     9 c    0   1.29 18.82545 -6.85904 3710.99  5524.58 2.75 2.58 -74.1 -0.403    19.66 21.65 02a58458o0015c 0x000000  15.111111
58458.350340 18.684100 0.071196   122     8 c    0   1.76 18.82545 -6.85904 3766.68  5602.10 2.65 2.47 -70.3 -0.402    19.70 21.65 02a58458o0032c 0x000000  15.250000
58458.359051 18.693037 0.098703   121    11 c    0   0.79 18.82545 -6.85904 3785.85  5486.34 2.56 2.46 -71.8 -0.413    19.69 21.63 02a58458o0050c 0x000000  11.000000
58462.333904 18.836735 0.102428   106    10 c    0   1.35 18.82545 -6.85904 1789.74  7492.53 2.97 2.90 -47.3 -0.394    19.51 21.59 02a58462o0321c 0x000000  10.600000
58462.342471 18.711133 0.091238   119    10 c    0   1.23 18.82545 -6.85904 1770.64  7453.60 2.79 2.77 -31.1 -0.408    19.50 21.61 02a58462o0339c 0x000000  11.900000
58462.350543 18.921935 0.121868    98    11 c    0   1.03 18.82545 -6.85904 1828.63  7531.24 3.10 3.03 -26.7 -0.398    19.43 21.55 02a58462o0356c 0x000000   8.909091
58462.359149 19.026525 0.146391    89    12 c    0   1.02 18.82545 -6.85904 1849.26  7415.30 2.79 2.71 -25.6 -0.419    19.53 21.53 02a58462o0374c 0x000000   7.416667
58486.302572 19.318728 0.175634    68    11 c    0   0.91 18.82545 -6.85904 7541.05  3636.08 2.77 2.57 -65.5 -0.403    19.53 21.45 02a58486o0240c 0x000000   6.181818
58486.311078 19.197966 0.157146    76    11 c    0   0.97 18.82545 -6.85904 7522.57  3597.55 2.90 2.66 -60.5 -0.400    19.49 21.43 02a58486o0258c 0x000000   6.909091
58486.319230 19.384550 0.186611    64    11 c    0   1.23 18.82545 -6.85904 7580.99  3675.21 2.85 2.67 -64.8 -0.410    19.49 21.41 02a58486o0275c 0x000000   5.818182
58486.327865 19.287255 0.186126    70    12 c    0   1.05 18.82545 -6.85904 7602.33  3559.11 2.90 2.78 -62.8 -0.411    19.42 21.36 02a58486o0293c 0x000000   5.833333
58490.291886 19.287255 0.170616    70    11 c    0   1.35 18.82545 -6.85904 7532.81  9456.18 2.68 2.62  49.2 -0.419    19.55 21.35 02a58490o0213c 0x000000   6.363636
58490.300345 19.401649 0.206807    63    12 c    0   1.04 18.82545 -6.85904 7514.12  9417.76 2.64 2.58   4.4 -0.432    19.55 21.30 02a58490o0231c 0x000000   5.250000
58490.308327 19.529530 0.193881    56    10 c    0   1.37 18.82545 -6.85904 7573.78  9495.79 2.66 2.60   6.3 -0.433    19.50 21.25 02a58490o0248c 0x000000   5.600000
58490.316871 19.454622 0.217147    60    12 c    0   1.26 18.82545 -6.85904 7593.72  9378.20 2.72 2.59 -10.1 -0.437    19.48 21.25 02a58490o0266c 0x000000   5.000000
58494.258430 19.696897 0.294054    48    13 c    0   0.97 18.82545 -6.85904 7532.43  7505.26 2.92 2.77 -83.2 -0.396    19.35 21.05 02a58494o0137c 0x000000   3.692308
58494.266365 19.589310 0.245827    53    12 c    0   1.01 18.82545 -6.85904 7514.57  7466.75 3.01 2.83 -78.2 -0.385    19.28 21.03 02a58494o0154c 0x000000   4.416667
58494.274388 19.472870 0.220828    59    12 c    0   1.24 18.82545 -6.85904 7574.04  7545.25 2.89 2.76 -70.4 -0.397    19.31 21.00 02a58494o0171c 0x000000   4.916667
58494.282359 19.766969 0.361912    45    15 c    0   0.79 18.82545 -6.85904 7595.13  7428.95 3.28 3.14 -83.0 -0.380    19.14 20.98 02a58494o0188c 0x000000   3.000000
58518.242293 19.472870      NaN    23    12 c    0   0.96 18.82545 -6.85904 5662.24  5576.26 3.03 2.57 -68.9 -0.391    19.43 21.12 02a58518o0059c 0x000000   1.916667
58518.250751 20.009244 0.331753    36    11 c    0   1.35 18.82545 -6.85904 5643.16  5536.61 2.93 2.53 -74.6 -0.394    19.41 21.11 02a58518o0077c 0x000000   3.272727
58518.258790 19.631075 0.255467    51    12 c    0   1.08 18.82545 -6.85904 5703.09  5612.61 2.91 2.51 -71.2 -0.400    19.41 21.08 02a58518o0094c 0x000000   4.250000
58518.267292 19.287255      NaN    34    12 c    0   1.23 18.82545 -6.85904 5725.69  5494.57 2.81 2.50 -68.6 -0.417    19.39 21.05 02a58518o0112c 0x000000   2.833333
58666.592573 19.841877      NaN    15     9 c    0   0.77 18.82545 -6.85904 3379.37  2269.19 2.49 2.32  53.2 -0.404    19.65 21.52 02a58666o0757c 0x000000   1.666667
58666.595319 20.405150      NaN     1     8 c    0   1.17 18.82545 -6.85904 3398.58  2307.95 2.43 2.31  58.1 -0.407    19.69 21.52 02a58666o0763c 0x000000   0.125000
58666.603299 20.207197      NaN    -1    10 c    0   0.80 18.82545 -6.85904 3341.43  2230.28 2.39 2.33  65.3 -0.407    19.68 21.47 02a58666o0779c 0x000000  -0.100000
58666.613203 20.103715      NaN    -4    11 c    0   0.79 18.82545 -6.85904 3323.25  2345.37 2.47 2.28  50.5 -0.404    19.40 20.74 02a58666o0800c 0x000000  -0.363636
58694.494428 20.449472      NaN    -6     8 c    0   1.69 18.82545 -6.85904  967.43  1878.58 2.45 2.40 -77.3 -0.408    19.62 21.54 02a58694o0537c 0x000000  -0.750000
58694.497642 19.816329      NaN    19     8 c    0   1.40 18.82545 -6.85904  988.21  1917.81 2.36 2.31 -68.0 -0.412    19.66 21.56 02a58694o0544c 0x000000   2.375000
58694.503483 20.282105      NaN     4     8 c    0   1.30 18.82545 -6.85904  927.70  1839.30 2.40 2.29 -58.4 -0.411    19.67 21.60 02a58694o0556c 0x000000   0.500000
58694.514096 20.321591      NaN    -6     9 c    0   0.97 18.82545 -6.85904  908.82  1955.84 2.54 2.37 -58.2 -0.401    19.68 21.66 02a58694o0579c 0x000000  -0.666667
58702.517787 19.950541      NaN    11     9 c    0   1.07 18.82545 -6.85904 1438.66 10143.92 2.64 2.01 -47.8 -0.438    19.74 21.62 02a58702o0582c 0x000000   1.222222
58702.520940 19.743105      NaN    22     8 c    0   1.14 18.82545 -6.85904 1463.60 10179.86 2.56 2.04 -52.3 -0.434    19.74 21.62 02a58702o0588c 0x000000   2.750000
58702.527164 20.103715      NaN     9     8 c    0   1.27 18.82545 -6.85904 1402.29 10103.44 2.32 2.13 -54.3 -0.454    19.72 21.65 02a58702o0601c 0x000000   1.125000
58702.537315 19.950541      NaN    14     8 c    0   0.92 18.82545 -6.85904 1376.57 10221.38 2.30 2.26 -55.1 -0.449    19.66 21.70 02a58702o0623c 0x000000   1.750000
58706.487606 16.309426      NaN   217   290 c    0   0.87 18.82545 -6.85904 1081.56  3815.53 2.52 2.33  33.0 -0.411    15.98 16.71 02a58706o0497c 0x100002   0.748276
58706.491079 17.821591      NaN   -17    90 c    0   0.99 18.82545 -6.85904 1102.16  3854.23 2.45 2.36  22.8 -0.399    16.80 17.58 02a58706o0504c 0x100002  -0.188889
58706.497692 17.019879      NaN   220   115 c    0   1.46 18.82545 -6.85904 1042.79  3776.95 2.44 2.33  18.3 -0.403    16.59 17.41 02a58706o0518c 0x100002   1.913043
58706.508145 19.696897      NaN   -22    16 c    0   1.35 18.82545 -6.85904 1023.76  3894.29 2.39 2.28  12.7 -0.412    18.86 19.84 02a58706o0539c 0x000000  -1.375000
58726.498160 20.009244      NaN    12     8 c    0   1.29 18.82545 -6.85904 5338.59  2171.09 2.39 2.30  50.4 -0.396    19.67 21.60 02a58726o0581c 0x000000   1.500000
58726.501555 20.009244      NaN     6    10 c    0   0.93 18.82545 -6.85904 5357.51  2210.63 2.39 2.30  45.5 -0.398    19.57 21.42 02a58726o0588c 0x000000   0.600000
58726.508011 20.594452      NaN    -2     7 c    0   1.06 18.82545 -6.85904 5300.61  2132.40 2.39 2.32  50.9 -0.390    19.77 21.71 02a58726o0602c 0x000000  -0.285714
58726.521282 20.321591      NaN   -14     9 c    0   0.89 18.82545 -6.85904 5279.09  2251.14 2.73 2.33  34.2 -0.395    19.72 21.74 02a58726o0630c 0x000000  -1.555556
58730.472191 20.321591      NaN    -8     9 c    0   1.18 18.82545 -6.85904 5174.71  8467.66 2.53 2.42  31.9 -0.394    19.67 21.42 02a58730o0530c 0x000000  -0.888889
58730.477313 20.039830      NaN     8     9 c    0   1.07 18.82545 -6.85904 5193.87  8506.31 2.43 2.37  33.0 -0.408    19.73 21.43 02a58730o0541c 0x000000   0.888889
58730.481797 19.766969      NaN    18     9 c    0   1.46 18.82545 -6.85904 5133.97  8430.23 2.42 2.39  25.4 -0.400    19.71 21.45 02a58730o0550c 0x000000   2.000000
58730.491778 20.282105 0.310210    28     8 c    0   1.51 18.82545 -6.85904 5114.16  8544.95 2.46 2.43  25.1 -0.400    19.75 21.49 02a58730o0571c 0x000000   3.500000
58750.559400 20.207197      NaN     0    10 c    0   0.75 18.82545 -6.85904 3094.52  4605.14 2.59 2.45  54.2 -0.392    19.60 21.34 02a58750o0706c 0x000000   0.000000
58750.562295 20.449472      NaN   -13     8 c    0   1.40 18.82545 -6.85904 3075.03  4567.39 2.71 2.44  48.0 -0.385    19.58 21.31 02a58750o0712c 0x000000  -1.625000
58750.567597 19.868040      NaN    11    10 c    0   1.10 18.82545 -6.85904 3132.92  4644.97 2.65 2.49  50.6 -0.384    19.50 21.29 02a58750o0723c 0x000000   1.100000
58750.577662 20.009244      NaN     6    10 c    0   1.08 18.82545 -6.85904 3152.72  4529.95 2.61 2.34  49.0 -0.394    19.57 21.26 02a58750o0743c 0x000000   0.600000
58778.403178 19.631075      NaN    12    13 c    0   1.12 18.82545 -6.85904 7312.53 10248.08 2.70 2.65 -45.0 -0.403    19.45 21.08 02a58778o0397c 0x000000   0.923077
58778.403635 19.014394      NaN   -28    30 c    0   0.41 18.82545 -6.85904 6808.43    39.37 2.56 2.13 -56.6 -0.434    19.52 21.18 02a58778o0398c 0x100002  -0.933333
58778.408309 20.207197      NaN    -6    10 c    0   1.21 18.82545 -6.85904 7291.89 10207.37 2.67 2.65  27.5 -0.398    19.63 21.29 02a58778o0407c 0x000000  -0.600000
58778.411547 20.244005      NaN     2     9 c    0   1.97 18.82545 -6.85904 7354.95 10288.64 2.66 2.66 -55.0 -0.401    19.68 21.32 02a58778o0414c 0x000000   0.222222
58778.412006 19.652575      NaN    20    10 c    0   1.07 18.82545 -6.85904 6850.05    79.43 2.58 2.12 -55.8 -0.428    19.62 21.32 02a58778o0415c 0x000000   2.000000
58778.430051 20.207197      NaN    -9    10 c    0   1.28 18.82545 -6.85904 7365.21 10172.43 2.67 2.59  80.5 -0.401    19.63 21.25 02a58778o0453c 0x000000  -0.900000
58782.420168 16.708013      NaN   -58   251 c    0   0.60 18.82545 -6.85904 6808.22    37.70 2.42 2.12 -65.5 -0.397    17.24 18.68 02a58782o0423c 0x100002  -0.231076
58782.424432 17.593889      NaN  -281   111 c    0   1.13 18.82545 -6.85904 7310.26 10247.09 2.81 2.68  65.2 -0.415    17.05 18.52 02a58782o0432c 0x100002  -2.531532
58782.427752 17.587388      NaN    77    86 c    0   0.93 18.82545 -6.85904 7289.42 10208.59 2.82 2.75 -85.6 -0.418    17.18 18.71 02a58782o0439c 0x100002   0.895349
58782.430096 17.419558      NaN   166    75 c    0   1.60 18.82545 -6.85904 6844.88    77.15 2.60 2.21 -58.5 -0.395    17.42 18.91 02a58782o0444c 0x100002   2.213333
58782.433328 18.191747      NaN    21    57 c    0   1.21 18.82545 -6.85904 7348.81 10288.30 2.81 2.70  74.4 -0.374    17.70 19.23 02a58782o0451c 0x100002   0.368421
58782.443631 20.207197      NaN    -3    10 c    0   1.13 18.82545 -6.85904 7362.27 10169.17 2.77 2.68  74.6 -0.380    18.41 19.95 02a58782o0473c 0x000000  -0.300000
58814.328381 19.766969      NaN     0    15 c    0   1.12 18.82545 -6.85904 5366.46 10339.37 2.64 2.60  77.4 -0.408    19.44 21.39 02a58814o0230c 0x000000   0.000000
58814.328837 19.589310      NaN     5    16 c    0   1.35 18.82545 -6.85904 4885.36   135.71 2.70 2.29 -56.2 -0.396    19.38 21.26 02a58814o0231c 0x000000   0.312500
58814.331589 19.026525      NaN    14    25 c    0   1.29 18.82545 -6.85904 5347.41 10300.90 2.72 2.66 -76.0 -0.416    18.87 20.76 02a58814o0237c 0x100002   0.560000
58814.332046 19.102305      NaN     8    25 c    0   1.11 18.82545 -6.85904 4866.27    97.16 2.67 2.28 -57.4 -0.414    18.69 20.51 02a58814o0238c 0x100002   0.320000
58814.336801 18.649074      NaN   -18    42 c    0   1.15 18.82545 -6.85904 5405.96 10379.72 2.66 2.60 -83.9 -0.427    18.57 20.35 02a58814o0248c 0x100002  -0.428571
58814.337258 18.675237      NaN   -81    41 c    0   1.65 18.82545 -6.85904 4924.40   175.81 2.58 2.25 -60.5 -0.408    18.13 19.84 02a58814o0249c 0x100002  -1.975610
58814.346961 19.436675      NaN    25    12 c    0   1.38 18.82545 -6.85904 5428.72 10263.92 2.60 2.52 -86.7 -0.410    19.22 21.06 02a58814o0267c 0x000000   2.083333
58814.347884 19.609992      NaN    10    14 c    0   1.29 18.82545 -6.85904 4947.31    59.53 2.59 2.26 -58.6 -0.397    19.17 21.00 02a58814o0269c 0x000000   0.714286
58817.307733 19.791368      NaN    11    11 c    0   0.86 18.82545 -6.85904 5364.60 10338.89 2.70 2.42  52.3 -0.392    19.75 21.80 02a58817o0270c 0x000000   1.000000
58817.310937 20.103715      NaN    -2    11 c    0   0.79 18.82545 -6.85904 5344.32 10299.68 2.90 2.46  48.6 -0.372    19.70 21.80 02a58817o0277c 0x000000  -0.181818
58817.316905 20.207197      NaN     0    10 c    0   1.14 18.82545 -6.85904 5400.97 10377.33 2.72 2.66 -79.1 -0.410    19.72 21.78 02a58817o0290c 0x000000   0.000000
58817.328805 20.171596      NaN     1    10 c    0   1.39 18.82545 -6.85904 5418.91 10261.62 2.72 2.52  58.8 -0.397    19.73 21.83 02a58817o0316c 0x000000   0.100000
58818.349716 17.224385      NaN  -123   156 c    0   0.88 18.82545 -6.85904 5042.75  4510.97 2.53 2.35 -59.7 -0.399    16.62 18.21 02a58818o0356c 0x100002  -0.788462
58818.352528 16.074970      NaN   260   363 c    0   1.18 18.82545 -6.85904 5023.76  4473.54 2.68 2.57 -65.8 -0.386    15.47 17.08 02a58818o0362c 0x100002   0.716253
58818.368579 16.729859      NaN  -171   246 c    0   1.21 18.82545 -6.85904 5102.65  4433.67 2.94 2.82 -67.5 -0.380    15.81 17.56 02a58818o0396c 0x100002  -0.695122
58846.265546 20.449472      NaN    -2     8 c    0   1.41 18.82545 -6.85904 5128.98  6447.28 2.50 2.39  52.1 -0.390    19.73 21.60 02a58846o0171c 0x000000  -0.250000
58846.268383 20.543943      NaN     1     7 c    0   1.85 18.82545 -6.85904 5110.13  6408.84 2.45 2.36  55.5 -0.397    19.73 21.60 02a58846o0177c 0x000000   0.142857
58846.273550 20.171596      NaN     7     8 c    0   1.40 18.82545 -6.85904 5169.09  6487.54 2.43 2.33  57.1 -0.400    19.77 21.59 02a58846o0188c 0x000000   0.875000
58846.286008 20.449472      NaN     0     8 c    0   1.75 18.82545 -6.85904 5191.96  6372.92 2.43 2.35  77.2 -0.398    19.73 21.56 02a58846o0215c 0x000000   0.000000
58866.298362 19.674510      NaN    13    12 c    0   1.12 18.82545 -6.85904 7187.12  8298.44 3.03 2.73  43.6 -0.373    19.48 21.42 02a58866o0007c 0x000000   1.083333
58866.301571 19.950541      NaN     5    11 c    0   1.12 18.82545 -6.85904 7167.06  8259.68 3.01 2.76  43.1 -0.371    19.48 21.40 02a58866o0014c 0x000000   0.454545
58866.308528 20.103715      NaN    -5    11 c    0   1.09 18.82545 -6.85904 7224.58  8337.64 2.80 2.66  42.7 -0.383    19.52 21.36 02a58866o0029c 0x000000  -0.454545
58866.319634 20.009244      NaN   -10    12 c    0   1.09 18.82545 -6.85904 7242.79  8220.00 2.71 2.66 -53.0 -0.392    19.49 21.29 02a58866o0053c 0x000000  -0.833333
58870.233903 20.207197      NaN   -12    10 c    0   1.35 18.82545 -6.85904 7187.46  8302.17 2.64 2.37  55.3 -0.400    19.63 21.26 02a58870o0084c 0x000000  -1.200000
58870.237134 19.674510      NaN    16    11 c    0   0.95 18.82545 -6.85904 7169.05  8263.13 2.62 2.44  58.7 -0.403    19.65 21.27 02a58870o0091c 0x000000   1.454545
58870.242268 19.791368      NaN    11    11 c    0   1.01 18.82545 -6.85904 7227.98  8341.19 2.73 2.38  49.5 -0.391    19.63 21.27 02a58870o0102c 0x000000   1.000000
58870.252397 19.950541      NaN    11     9 c    0   1.13 18.82545 -6.85904 7251.21  8223.71 2.57 2.50  80.9 -0.403    19.61 21.29 02a58870o0124c 0x000000   1.222222
58873.240638 20.103715      NaN   -21    11 c    0   1.06 18.82545 -6.85904 7173.29  8300.46 2.63 2.59  85.1 -0.398    19.58 21.26 02a58873o0089c 0x000000  -1.909091
58873.246072 20.039830      NaN     2    11 c    0   0.92 18.82545 -6.85904 7154.95  8260.77 2.68 2.58  64.5 -0.392    19.56 21.25 02a58873o0100c 0x000000   0.181818
58873.248873 19.922338      NaN     9    10 c    0   1.33 18.82545 -6.85904 7214.28  8338.87 2.67 2.54 -68.3 -0.403    19.55 21.25 02a58873o0106c 0x000000   0.900000
58873.260608 19.569016      NaN    24    10 c    0   1.09 18.82545 -6.85904 7235.34  8221.22 2.54 2.50 -79.2 -0.403    19.58 21.22 02a58873o0130c 0x000000   2.400000
58874.262670 20.071303      NaN     1    11 c    0   1.20 18.82545 -6.85904 6956.78  4426.68 2.38 2.25 -71.9 -0.403    19.58 21.18 02a58874o0141c 0x000000   0.090909
58874.265915 20.137125      NaN     2    10 c    0   1.13 18.82545 -6.85904 6938.48  4387.82 2.35 2.25 -73.6 -0.401    19.62 21.17 02a58874o0148c 0x000000   0.200000
58874.271983 20.321591      NaN     0     9 c    0   1.33 18.82545 -6.85904 6996.54  4464.46 2.41 2.35  84.4 -0.394    19.52 21.14 02a58874o0161c 0x000000   0.000000
58874.282162 20.207197      NaN    -1    10 c    0   0.93 18.82545 -6.85904 7018.29  4347.22 2.39 2.31 -88.1 -0.392    19.51 21.11 02a58874o0183c 0x000000  -0.100000
59022.586979 18.396507      NaN   -56    53 c    0   1.16 18.82545 -6.85904 5534.12  6050.40 2.72 2.37  36.0 -0.407    17.91 19.58 02a59022o0740c 0x100002  -1.056604
59022.591110 18.550302      NaN  -107    46 c    0   1.28 18.82545 -6.85904 5546.05  6088.90 3.02 2.39  33.8 -0.384    17.86 19.55 02a59022o0749c 0x100002  -2.326087
59022.601384 17.518329      NaN    21   112 c    0   1.15 18.82545 -6.85904 5492.47  6012.85 2.66 2.30  36.0 -0.400    17.62 19.22 02a59022o0771c 0x100002   0.187500
59022.612423 15.037970      NaN  1454   684 c    0   1.12 18.82545 -6.85904 5468.59  6127.28 2.68 2.33  38.0 -0.397    15.28 16.55 02a59022o0795c 0x100002   2.125731
59030.585240 20.207197      NaN   -24    10 c    0   0.70 18.82545 -6.85904 7266.14  2081.01 2.48 2.42  75.4 -0.390    19.56 21.27 02a59030o0727c 0x000000  -2.400000
59030.595832 20.321591      NaN   -19     9 c    0   0.93 18.82545 -6.85904 7288.35  2119.48 2.42 2.24 -59.0 -0.398    19.56 21.26 02a59030o0750c 0x000000  -2.111111
59030.606876 20.207197      NaN    -2    10 c    0   1.34 18.82545 -6.85904 7228.80  2041.07 2.39 2.36 -79.8 -0.396    19.51 21.14 02a59030o0774c 0x000000  -0.200000
59030.614218 19.791368      NaN     2    14 c    0   1.01 18.82545 -6.85904 7208.24  2157.74 2.48 2.35  40.4 -0.388    19.23 20.40 02a59030o0790c 0x000000   0.142857
59050.575139 20.321591      NaN   -22     9 c    0   0.96 18.82545 -6.85904 9595.21 10262.85 2.77 2.65 -60.0 -0.378    19.67 21.62 02a59050o0715c 0x000000  -2.444444
59050.578358 20.207197      NaN   -20    10 c    0   1.31 18.82545 -6.85904 9615.20 10303.81 2.81 2.66 -66.2 -0.382    19.68 21.63 02a59050o0722c 0x000000  -2.000000
59050.580655 20.103715      NaN   -30    11 c    0   1.20 18.82545 -6.85904 9169.28    60.84 2.58 2.20 -59.9 -0.384    19.66 21.68 02a59050o0727c 0x000000  -2.727273
59050.585752 20.207197      NaN    -4    10 c    0   1.02 18.82545 -6.85904 9556.26 10223.44 2.84 2.67 -71.6 -0.377    19.68 21.63 02a59050o0738c 0x000000  -0.400000
59050.605634 20.321591      NaN   -19     9 c    0   1.34 18.82545 -6.85904 9536.45 10343.95 2.83 2.59 -64.6 -0.371    19.68 21.61 02a59050o0780c 0x000000  -2.111111
59050.606092 20.207197      NaN    -8    10 c    0   1.04 18.82545 -6.85904 9090.12   103.24 2.63 2.18 -58.5 -0.393    19.66 21.65 02a59050o0781c 0x000000  -0.800000
59058.531835 20.103715      NaN    -7    11 c    0   1.04 18.82545 -6.85904 9425.08  5869.58 3.12 2.80  37.5 -0.378    19.49 21.44 02a59058o0620c 0x000000  -0.636364
59058.535513 20.207197      NaN   -17    10 c    0   1.05 18.82545 -6.85904 9443.56  5908.82 2.93 2.60  35.7 -0.385    19.55 21.42 02a59058o0628c 0x000000  -1.700000
59058.541055 20.207197      NaN   -14    10 c    0   1.26 18.82545 -6.85904 9384.83  5830.31 3.07 2.71  39.2 -0.390    19.52 21.43 02a59058o0640c 0x000000  -1.400000
59058.555721 20.207197      NaN   -24    10 c    0   0.97 18.82545 -6.85904 9363.25  5945.61 2.97 2.67  34.6 -0.381    19.56 21.53 02a59058o0672c 0x000000  -2.400000
59078.529377 20.321591      NaN    -1     9 c    0   1.20 18.82545 -6.85904 3613.04  6133.46 2.47 2.37  25.4 -0.389    19.64 21.66 02a59078o0643c 0x000000  -0.111111
59078.532652 20.405150      NaN     4     7 c    0   2.71 18.82545 -6.85904 3631.50  6173.56 2.48 2.39  33.6 -0.388    19.61 21.65 02a59078o0650c 0x000000   0.571429
59078.537263 20.244005      NaN     2     9 c    0   1.07 18.82545 -6.85904 3573.59  6095.02 2.41 2.32  23.9 -0.393    19.66 21.65 02a59078o0660c 0x000000   0.222222
59078.542773 20.449472      NaN     0     8 c    0   1.40 18.82545 -6.85904 3553.19  6211.74 2.43 2.27  24.4 -0.395    19.73 21.69 02a59078o0672c 0x000000   0.000000
59082.528220 20.449472      NaN   -19     8 c    0   1.49 18.82545 -6.85904 3229.00  8560.17 2.39 2.27 -40.5 -0.406    19.71 21.60 02a59082o0647c 0x000000  -2.375000
59082.530157 20.321591      NaN   -11     9 c    0   1.24 18.82545 -6.85904 3247.98  8600.32 2.42 2.30 -30.6 -0.400    19.67 21.61 02a59082o0651c 0x000000  -1.222222
59082.534429 20.207197      NaN   -25    10 c    0   1.12 18.82545 -6.85904 3193.90  8521.01 2.43 2.34 -33.5 -0.400    19.68 21.61 02a59082o0660c 0x000000  -2.500000
59082.541369 20.321591      NaN    -9     9 c    0   1.23 18.82545 -6.85904 3174.38  8638.99 2.39 2.27 -36.9 -0.405    19.70 21.60 02a59082o0675c 0x000000  -1.000000
59086.506031 20.449472      NaN   -18     8 c    0   1.36 18.82545 -6.85904 3233.06  8558.67 2.42 2.15 -48.7 -0.413    19.72 21.63 02a59086o0061c 0x000000  -2.250000
59086.508813 19.894850      NaN     7    11 c    0   0.77 18.82545 -6.85904 3252.43  8597.98 2.44 2.15 -47.3 -0.409    19.72 21.63 02a59086o0067c 0x000000   0.636364
59086.513442 20.207197      NaN   -10    10 c    0   1.02 18.82545 -6.85904 3194.86  8519.21 2.46 2.22 -49.2 -0.406    19.66 21.63 02a59086o0077c 0x000000  -1.000000
59086.518578 20.103715      NaN    -3    11 c    0   1.11 18.82545 -6.85904 3174.47  8637.71 2.67 2.41 -49.7 -0.394    19.63 21.63 02a59086o0088c 0x000000  -0.272727
59106.481329 20.594452      NaN   -10     7 c    0   1.51 18.82545 -6.85904 1079.57  3814.54 2.47 2.40 -49.0 -0.412    19.70 21.72 02a59106o0584c 0x000000  -1.428571
59106.508463 20.594452      NaN   -13     7 c    0   1.38 18.82545 -6.85904 1101.62  3854.17 2.40 2.34 -61.2 -0.419    19.73 21.72 02a59106o0642c 0x000000  -1.857143
59106.536681 20.207197      NaN   -21    10 c    0   0.80 18.82545 -6.85904 9535.52  6780.51 2.80 2.58  39.6 -0.398    19.72 21.77 02a59106o0703c 0x000000  -2.100000
59106.540497 20.449472      NaN    -7     8 c    0   1.11 18.82545 -6.85904 9555.92  6665.82 2.75 2.59  46.4 -0.400    19.68 21.76 02a59106o0711c 0x000000  -0.875000
59110.455500 20.321591      NaN   -16     9 c    0   0.95 18.82545 -6.85904 1078.16  3815.55 2.42 2.31  27.3 -0.409    19.67 21.58 02a59110o0531c 0x000000  -1.777778
59110.457340 20.321591      NaN   -10     9 c    0   0.96 18.82545 -6.85904 1098.23  3852.91 2.38 2.30  19.4 -0.406    19.69 21.59 02a59110o0535c 0x000000  -1.111111
59110.471666 20.449472      NaN   -14     8 c    0   1.13 18.82545 -6.85904 1039.40  3775.12 2.33 2.30  -7.2 -0.421    19.72 21.58 02a59110o0565c 0x000000  -1.750000
59110.477231 20.594452      NaN    -6     7 c    0   1.56 18.82545 -6.85904 1019.11  3894.37 2.46 2.37  19.6 -0.408    19.63 21.56 02a59110o0577c 0x000000  -0.857143
59113.354599 18.702047      NaN   -40    40 c    0   1.08 18.82545 -6.85904 1065.98  3819.84 2.75 2.47  31.1 -0.397    17.57 19.46 02a59113o0323c 0x100002  -1.000000
59113.367044 17.918258      NaN    76    57 c    0   1.49 18.82545 -6.85904 1095.94  3856.20 2.60 2.54 -35.6 -0.396    17.44 19.32 02a59113o0350c 0x100002   1.333333
59113.380840 18.068904      NaN    11    68 c    0   1.07 18.82545 -6.85904 1036.08  3777.21 2.61 2.56   1.0 -0.392    16.97 18.81 02a59113o0380c 0x100002   0.161765
59113.403900 18.089294      NaN     7    68 c    0   1.20 18.82545 -6.85904 1008.40  3895.04 2.63 2.49  18.2 -0.394    17.29 19.09 02a59113o0429c 0x100002   0.102941
59114.453396 20.321591      NaN    -7     9 c    0   1.30 18.82545 -6.85904  771.56  8187.09 2.43 2.17 -46.2 -0.431    19.62 21.40 02a59114o0530c 0x000000  -0.777778
59114.456597 20.207197      NaN   -26    10 c    0   0.85 18.82545 -6.85904  790.40  8225.30 2.39 2.18 -42.7 -0.437    19.62 21.39 02a59114o0537c 0x000000  -2.600000
59114.479562 20.207197      NaN    -1    10 c    0   1.03 18.82545 -6.85904  728.74  8151.18 2.40 2.13 -45.1 -0.433    19.64 21.45 02a59114o0586c 0x000000  -0.100000
59114.482313 20.449472      NaN    -6     8 c    0   1.67 18.82545 -6.85904  710.16  8267.63 2.45 2.19 -47.2 -0.533    19.63 21.46 02a59114o0592c 0x000000  -0.750000
59117.496791 20.321591      NaN   -15     9 c    0   1.43 18.82545 -6.85904 9807.46  2369.11 2.85 2.43 -57.3 -0.412    19.61 21.54 02a59117o0529c 0x000000  -1.666667
59117.500603 20.449472      NaN   -24     8 c    0   1.70 18.82545 -6.85904 9788.01  2333.07 2.87 2.62 -58.8 -0.467    19.53 21.55 02a59117o0537c 0x000000  -3.000000
59117.514264 20.321591      NaN    -8     9 c    0   1.44 18.82545 -6.85904 9844.38  2409.35 2.99 2.58 -59.9 -0.400    19.55 21.52 02a59117o0566c 0x000000  -0.888889
59117.520257 20.103715      NaN   -30    11 c    0   0.84 18.82545 -6.85904 9865.14  2293.62 2.94 2.46 -58.1 -0.407    19.55 21.52 02a59117o0579c 0x000000  -2.727273
59133.430864 20.321591      NaN    -8     9 c    0   0.88 18.82545 -6.85904 5398.22  2092.69 2.54 2.40 -72.4 -0.393    19.67 21.58 02a59133o0452c 0x000000  -0.888889
59133.434766 20.449472      NaN   -25     8 c    0   1.33 18.82545 -6.85904 5380.33  2053.94 2.86 2.70 -70.5 -0.392    19.56 21.59 02a59133o0460c 0x000000  -3.125000
59133.439543 20.207197      NaN   -37    10 c    0   0.78 18.82545 -6.85904 5436.99  2134.10 2.75 2.63 -72.1 -0.391    19.60 21.60 02a59133o0470c 0x000000  -3.700000
59133.446166 20.449472      NaN   -16     8 c    0   1.07 18.82545 -6.85904 5457.23  2018.49 2.72 2.58 -72.2 -0.391    19.62 21.61 02a59133o0484c 0x000000  -2.000000
59138.427533 18.786693      NaN   -54    37 c    0   1.33 18.82545 -6.85904 1325.83  8572.90 2.35 2.28  11.4 -0.426    18.38 20.09 02a59138o0514c 0x100002  -1.459459
59138.430736 19.569016      NaN    -2    18 c    0   1.39 18.82545 -6.85904 1307.35  8535.90 2.34 2.25  26.3 -0.426    18.79 20.54 02a59138o0521c 0x000000  -0.111111
59138.437693 19.256669      NaN   -42    24 c    0   1.21 18.82545 -6.85904 1366.15  8613.21 2.37 2.30  25.4 -0.420    18.82 20.61 02a59138o0536c 0x000000  -1.750000
59138.452028 19.401649      NaN   -12    21 c    0   1.16 18.82545 -6.85904 1390.47  8499.03 2.33 2.29  41.0 -0.423    18.82 20.56 02a59138o0567c 0x000000  -0.571429
59142.411453 20.103715      NaN   -22    11 c    0   0.79 18.82545 -6.85904 1329.01  8572.26 2.40 2.32  14.1 -0.415    19.66 21.50 02a59142o0481c 0x000000  -2.000000
59142.446442 20.207197      NaN   -16    10 c    0   1.19 18.82545 -6.85904 1305.35  8537.26 2.44 2.36  57.2 -0.415    19.64 21.42 02a59142o0556c 0x000000  -1.600000
59142.449399 20.207197      NaN   -16    10 c    0   0.96 18.82545 -6.85904 1365.25  8615.73 2.45 2.39  54.3 -0.416    19.67 21.44 02a59142o0562c 0x000000  -1.600000
59142.455246 20.449472      NaN    -8     8 c    0   1.47 18.82545 -6.85904 1385.21  8496.85 2.41 2.37  57.5 -0.420    19.67 21.44 02a59142o0574c 0x000000  -1.000000
59161.368265 20.321591      NaN   -10     9 c    0   1.28 18.82545 -6.85904 9398.55  4800.93 2.95 2.59  37.0 -0.370    19.54 21.39 02a59161o0402c 0x000000  -1.111111
59161.373774 20.207197      NaN    -8    10 c    0   1.00 18.82545 -6.85904 9378.94  4759.73 2.67 2.57  66.0 -0.387    19.60 21.39 02a59161o0414c 0x000000  -0.800000
59161.392116 19.950541      NaN    14     8 c    0   2.22 18.82545 -6.85904 9435.82  4840.14 2.62 2.50  59.3 -0.392    19.65 21.48 02a59161o0454c 0x000000   1.750000
59161.401293 20.103715      NaN   -15    11 c    0   0.83 18.82545 -6.85904 9454.90  4723.94 2.63 2.54  80.2 -0.389    19.62 21.47 02a59161o0474c 0x000000  -1.363636
59170.335257 20.244005      NaN     2     9 c    0   1.09 18.82545 -6.85904 7068.67  6351.50 2.63 2.36  39.8 -0.400    19.67 21.45 02a59170o0260c 0x000000   0.222222
59170.338483 20.103715      NaN     3    10 c    0   0.99 18.82545 -6.85904 7050.21  6314.03 2.66 2.39  42.4 -0.398    19.70 21.44 02a59170o0267c 0x000000   0.300000
59170.348651 20.449472      NaN   -20     8 c    0   1.56 18.82545 -6.85904 7108.84  6393.69 2.66 2.34  42.1 -0.400    19.71 21.46 02a59170o0289c 0x000000  -2.500000
59170.354633 20.282105      NaN     1     9 c    0   1.11 18.82545 -6.85904 7128.75  6280.06 2.69 2.37  44.5 -0.395    19.64 21.47 02a59170o0302c 0x000000   0.111111
59173.355861 20.449472      NaN   -16     8 c    0   1.24 18.82545 -6.85904 7064.91  6357.67 2.84 2.45  43.9 -0.388    19.70 21.63 02a59173o0357c 0x000000  -2.000000
59173.359062 20.449472      NaN   -17     8 c    0   1.36 18.82545 -6.85904 7043.47  6318.66 2.78 2.43  45.6 -0.391    19.70 21.65 02a59173o0364c 0x000000  -2.125000
59173.364546 20.321591      NaN    -3     9 c    0   1.15 18.82545 -6.85904 7101.40  6396.82 2.81 2.44  44.5 -0.387    19.69 21.67 02a59173o0376c 0x000000  -0.333333
59173.376457 20.321591      NaN    -9     9 c    0   0.91 18.82545 -6.85904 7121.23  6282.31 2.61 2.44  52.8 -0.399    19.68 21.61 02a59173o0402c 0x000000  -1.000000
59190.295930 20.362567      NaN     2     8 c    0   1.42 18.82545 -6.85904 1242.52  6628.10 2.43 2.40 -62.6 -0.431    19.68 21.55 02a59190o0185c 0x000000   0.250000
59190.299593 20.594452      NaN   -22     7 c    0   2.00 18.82545 -6.85904 1223.39  6589.41 2.35 2.33  84.7 -0.436    19.70 21.55 02a59190o0193c 0x000000  -3.142857
59190.307009 20.321591      NaN   -12     9 c    0   0.94 18.82545 -6.85904 1281.01  6667.30 2.47 2.41 -66.7 -0.429    19.67 21.53 02a59190o0209c 0x000000  -1.333333
59190.319419 20.449472      NaN   -14     8 c    0   1.50 18.82545 -6.85904 1298.04  6549.21 2.39 2.34  62.0 -0.426    19.70 21.54 02a59190o0236c 0x000000  -1.750000
59194.303478 20.449472      NaN    -5     8 c    0   1.01 18.82545 -6.85904 1529.48  2264.34 2.58 2.43 -69.3 -0.417    19.67 21.70 02a59194o0260c 0x000000  -0.625000
59194.306681 20.449472      NaN   -12     8 c    0   1.06 18.82545 -6.85904 1510.11  2225.12 2.55 2.37 -65.6 -0.421    19.73 21.70 02a59194o0267c 0x000000  -1.500000
59194.313598 20.594452      NaN   -21     7 c    0   1.15 18.82545 -6.85904 1568.02  2303.30 2.48 2.35 -71.9 -0.416    19.75 21.71 02a59194o0282c 0x000000  -3.000000
59194.323391 20.449472      NaN   -25     8 c    0   1.16 18.82545 -6.85904 1588.19  2184.27 2.51 2.38 -69.7 -0.421    19.75 21.69 02a59194o0303c 0x000000  -3.125000
59198.272952 20.449472      NaN    -4     8 c    0   1.69 18.82545 -6.85904 1536.66  2262.03 2.60 2.28 -58.9 -0.427    19.70 21.51 02a59198o0192c 0x000000  -0.500000
59198.276158 20.449472      NaN   -10     8 c    0   1.24 18.82545 -6.85904 1517.25  2225.37 2.55 2.29 -60.3 -0.422    19.68 21.52 02a59198o0199c 0x000000  -1.250000
59198.282571 20.449472      NaN    -5     8 c    0   1.50 18.82545 -6.85904 1577.43  2305.86 2.55 2.31 -62.0 -0.416    19.68 21.52 02a59198o0213c 0x000000  -0.625000
59198.300057 20.207197      NaN     0    10 c    0   1.07 18.82545 -6.85904 1595.90  2190.81 2.55 2.33 -62.5 -0.423    19.68 21.48 02a59198o0251c 0x000000   0.000000
59200.302337 16.726921      NaN   257   161 c    0   0.84 18.82545 -6.85904 1044.81  3846.92 2.36 2.16  75.8 -0.382    17.64 19.46 01a59200o0144c 0x100002   1.596273
59200.305607 18.967180      NaN    10    28 c    0   1.29 18.82545 -6.85904 1066.09  3886.69 2.36 2.18  77.9 -0.391    19.50 21.37 01a59200o0151c 0x100002   0.357143
59200.311142 18.481707      NaN     9    46 c    0   0.91 18.82545 -6.85904 1007.76  3809.47 2.70 2.50  70.7 -0.375    18.72 20.76 01a59200o0163c 0x100002   0.195652
59200.321751 19.510313      NaN   -25    19 c    0   1.09 18.82545 -6.85904  989.57  3925.26 2.63 2.38  82.5 -0.369    19.25 21.18 01a59200o0186c 0x000000  -1.315789
59218.330160 20.009244      NaN     0    12 c    0   0.99 18.82545 -6.85904 5029.51  4515.41 2.59 2.51  62.7 -0.386    19.45 21.15 02a59218o0271c 0x000000   0.000000
59218.334292 20.207197      NaN   -20    10 c    0   1.02 18.82545 -6.85904 5009.21  4477.03 2.59 2.45  49.4 -0.388    19.46 21.13 02a59218o0280c 0x000000  -2.000000
59218.350399 19.841877      NaN     6    12 c    0   0.96 18.82545 -6.85904 5068.79  4553.27 2.61 2.53  59.2 -0.392    19.40 21.01 02a59218o0315c 0x000000   0.500000
59218.359568 19.743105      NaN     1    15 c    0   0.88 18.82545 -6.85904 5088.16  4437.15 2.72 2.60  45.8 -0.373    19.18 20.61 02a59218o0335c 0x000000   0.066667
59220.248870 20.594452      NaN   -30     7 c    0   0.82 18.82545 -6.85904 5292.18  2169.59 2.33 2.27 -47.4 -0.397    19.89 21.65 01a59220o0124c 0x000000  -4.285714
59220.254409 20.761819      NaN   -13     6 c    0   1.47 18.82545 -6.85904 5312.86  2208.05 2.38 2.29 -23.8 -0.390    19.87 21.64 01a59220o0136c 0x000000  -2.166667
59220.257634 20.594452      NaN   -25     7 c    0   1.13 18.82545 -6.85904 5253.95  2130.72 2.38 2.33 -26.6 -0.395    19.82 21.64 01a59220o0143c 0x000000  -3.571429
59220.272891 20.362567      NaN     2     8 c    0   1.25 18.82545 -6.85904 5235.75  2246.94 2.38 2.32 -60.9 -0.394    19.77 21.65 01a59220o0176c 0x000000   0.250000
59222.283104 20.449472      NaN   -30     8 c    0   1.59 18.82545 -6.85904 5022.26  4515.57 2.61 2.51  77.9 -0.387    19.53 21.35 02a59222o0196c 0x000000  -3.750000
59222.286774 20.321591      NaN   -25     9 c    0   1.42 18.82545 -6.85904 5003.77  4476.32 2.55 2.44  64.9 -0.395    19.57 21.33 02a59222o0204c 0x000000  -2.777778
59222.293230 20.321591      NaN   -14     9 c    0   1.41 18.82545 -6.85904 5061.50  4554.75 2.56 2.46  64.6 -0.386    19.48 21.23 02a59222o0218c 0x000000  -1.555556
59222.305164 19.922338      NaN     3    12 c    0   1.35 18.82545 -6.85904 5082.90  4438.24 2.60 2.52  69.9 -0.394    19.19 20.87 02a59222o0244c 0x000000   0.250000
59224.274713 20.449472      NaN   -27     8 c    0   1.49 18.82545 -6.85904 5182.85  8459.08 2.47 2.28 -83.7 -0.398    19.68 21.49 01a59224o0113c 0x000000  -3.375000
59224.280252 20.321591      NaN   -15     9 c    0   0.95 18.82545 -6.85904 5202.20  8498.92 2.40 2.15 -84.5 -0.405    19.70 21.45 01a59224o0125c 0x000000  -1.666667
59224.284403 20.244005      NaN     2     9 c    0   1.35 18.82545 -6.85904 5143.46  8422.25 2.45 2.16 -82.6 -0.399    19.63 21.35 01a59224o0134c 0x000000   0.222222
59224.299603 20.207197      NaN   -20    10 c    0   0.85 18.82545 -6.85904 5123.97  8542.06 2.54 2.25 -81.0 -0.396    19.66 21.47 01a59224o0167c 0x000000  -2.000000
59226.265605 20.207197      NaN   -10    10 c    0   1.31 18.82545 -6.85904 3287.77  8479.49 2.52 2.48  66.6 -0.401    19.63 21.47 02a59226o0154c 0x000000  -1.000000
59226.269730 20.207197      NaN   -21    10 c    0   1.47 18.82545 -6.85904 3269.14  8440.62 2.70 2.67 -67.9 -0.391    19.56 21.47 02a59226o0163c 0x000000  -2.100000
59226.275685 20.009244      NaN   -13    12 c    0   1.04 18.82545 -6.85904 3327.67  8518.51 2.76 2.73 -41.7 -0.393    19.51 21.47 02a59226o0176c 0x000000  -1.083333
59226.288066 20.103715      NaN   -19    11 c    0   0.82 18.82545 -6.85904 3348.00  8401.66 2.55 2.51  53.1 -0.389    19.63 21.43 02a59226o0203c 0x000000  -1.727273
59230.225955 20.449472      NaN    -5     8 c    0   1.87 18.82545 -6.85904 3292.19  8479.28 2.44 2.37 -75.4 -0.406    19.64 21.36 02a59230o0064c 0x000000  -0.625000
59230.229624 20.207197      NaN    -8    10 c    0   1.10 18.82545 -6.85904 3272.79  8441.60 2.47 2.41 -67.5 -0.405    19.58 21.37 02a59230o0072c 0x000000  -0.800000
59230.235587 20.449472      NaN   -21     8 c    0   1.59 18.82545 -6.85904 3331.04  8518.43 2.41 2.31 -63.3 -0.419    19.65 21.36 02a59230o0085c 0x000000  -2.625000
59230.245752 20.321591      NaN   -12     9 c    0   1.78 18.82545 -6.85904 3353.80  8402.21 2.56 2.43 -64.3 -0.404    19.58 21.35 02a59230o0107c 0x000000  -1.333333
59248.263754 19.922338      NaN   -11    13 c    0   1.09 18.82545 -6.85904 1157.46  5778.80 3.25 3.02 -89.1 -0.352    19.32 21.25 01a59248o0074c 0x000000  -0.846154
59248.266988 19.841877      NaN   -26    14 c    0   0.92 18.82545 -6.85904 1176.12  5817.28 3.18 2.88  83.7 -0.361    19.30 21.24 01a59248o0081c 0x000000  -1.857143
59248.272553 20.103715      NaN   -24    11 c    0   1.37 18.82545 -6.85904 1116.39  5740.43 2.89 2.76 -72.9 -0.363    19.36 21.22 01a59248o0093c 0x000000  -2.181818
59248.285497 19.631075      NaN   -10    17 c    0   0.91 18.82545 -6.85904 1094.59  5857.13 4.36 3.96  62.1 -0.279    18.95 21.15 01a59248o0121c 0x000000  -0.588235
59252.243093 20.207197      NaN   -17    10 c    0   1.06 18.82545 -6.85904 1154.77  5781.19 2.43 2.25 -83.0 -0.402    19.54 21.16 01a59252o0085c 0x000000  -1.700000
59252.246781 20.103715      NaN   -10    11 c    0   1.46 18.82545 -6.85904 1172.41  5819.83 2.57 2.39 -84.1 -0.391    19.46 21.15 01a59252o0093c 0x000000  -0.909091
59252.252776 20.009244      NaN   -15    12 c    0   1.00 18.82545 -6.85904 1114.40  5742.89 2.43 2.24 -84.3 -0.410    19.51 21.11 01a59252o0106c 0x000000  -1.250000
59252.264318 20.009244      NaN   -19    12 c    0   1.02 18.82545 -6.85904 1093.69  5859.12 2.53 2.29 -89.6 -0.403    19.47 21.03 01a59252o0131c 0x000000  -1.583333
59254.225521 19.454622      NaN    -5    20 c    0   1.22 18.82545 -6.85904 1402.98 10496.56 2.69 2.26 -52.9 -0.426    19.20 20.55 02a59254o0042c 0x000000  -0.250000
59254.229183 19.696897      NaN    12    12 c    0   1.11 18.82545 -6.85904  986.78   294.96 2.69 2.27 -61.9 -0.407    19.28 20.72 02a59254o0050c 0x000000   1.000000
59254.232400 20.321591      NaN   -12     9 c    0   1.61 18.82545 -6.85904  967.14   254.93 2.62 2.22 -60.6 -0.409    19.36 20.78 02a59254o0057c 0x000000  -1.333333
59254.237905 20.103715      NaN   -15    11 c    0   1.08 18.82545 -6.85904 1025.97   334.56 2.59 2.22 -61.1 -0.420    19.32 20.81 02a59254o0069c 0x000000  -1.363636
59254.268055 20.207197      NaN   -20    10 c    0   1.30 18.82545 -6.85904 1047.33   212.73 2.61 2.25 -62.5 -0.406    19.18 20.69 02a59254o0081c 0x000000  -2.000000
59256.227658 20.009244      NaN   -53    12 c    0   1.40 18.82545 -6.85904 7129.97   123.63 2.61 2.49 -50.6 -0.372    19.37 20.76 01a59256o0049c 0x000000  -4.416667
59256.229522 20.103715      NaN    -8    11 c    0   1.09 18.82545 -6.85904 7669.15 10325.43 2.51 2.31  75.8 -0.357    19.38 20.79 01a59256o0053c 0x000000  -0.727273
59256.230444 19.743105      NaN     7    13 c    0   0.86 18.82545 -6.85904 7149.84   162.86 2.79 2.60 -51.0 -0.384    19.26 20.88 01a59256o0055c 0x000000   0.538462
59256.232294 20.321591      NaN   -29     9 c    0   1.87 18.82545 -6.85904 7688.12 10365.17 2.62 2.37  79.7 -0.346    19.35 20.84 01a59256o0059c 0x000000  -3.222222
59256.235977 19.436675      NaN    13    16 c    0   1.21 18.82545 -6.85904 7092.33    85.12 2.85 2.74 -66.8 -0.355    19.27 20.94 01a59256o0067c 0x000000   0.812500
59256.237821 20.009244      NaN   -16    12 c    0   1.33 18.82545 -6.85904 7629.58 10286.16 2.75 2.53  83.8 -0.347    19.29 20.87 01a59256o0071c 0x000000  -1.333333
59256.246123 20.103715      NaN    -5    11 c    0   1.03 18.82545 -6.85904 7070.99   203.99 2.59 2.51 -68.3 -0.368    19.38 20.92 01a59256o0089c 0x000000  -0.454545
59256.247968 20.009244      NaN    -1    12 c    0   1.06 18.82545 -6.85904 7607.49 10404.65 2.70 2.47 -82.3 -0.347    19.28 20.83 01a59256o0093c 0x000000  -0.083333
59406.573501 17.542936      NaN     1   116 c    0   1.39 18.82545 -6.85904 7035.98  8459.66 2.56 2.40  40.9 -0.419    17.37 18.96 02a59406o0714c 0x100002   0.008621
59414.553600 19.841877      NaN   -12    14 c    0   1.31 18.82545 -6.85904 5707.94 10431.04 2.99 2.75 -21.1 -0.401    19.45 21.24 02a59414o0667c 0x000000  -0.857143
59414.555428 19.631075      NaN    -1    17 c    0   0.92 18.82545 -6.85904 5221.73   224.77 2.78 2.55 -21.6 -0.377    19.45 21.25 02a59414o0671c 0x000000  -0.058824
59414.556799 19.454622      NaN   -14    20 c    0   0.86 18.82545 -6.85904 5728.17 10469.90 2.97 2.72 -22.8 -0.398    19.44 21.24 02a59414o0674c 0x000000  -0.700000
59414.558649 19.841877      NaN    -9    14 c    0   1.25 18.82545 -6.85904 5241.81   264.13 2.80 2.60 -35.4 -0.386    19.43 21.25 02a59414o0678c 0x000000  -0.642857
59414.563681 19.922338      NaN   -22    13 c    0   1.11 18.82545 -6.85904 5670.62 10390.72 2.97 2.73 -18.6 -0.406    19.43 21.26 02a59414o0689c 0x000000  -1.692308
59414.565075 19.631075      NaN   -43    17 c    0   0.95 18.82545 -6.85904 5184.25   185.26 2.86 2.66 -18.3 -0.374    19.44 21.27 02a59414o0692c 0x000000  -2.529412
59414.575628 18.623526      NaN   -48    43 c    0   0.44 18.82545 -6.85904 5649.42 10509.92 2.85 2.73 -25.2 -0.408    19.49 21.28 02a59414o0715c 0x100002  -1.116279
59414.580208 19.922338      NaN   -17    13 c    0   1.12 18.82545 -6.85904 5163.40   302.73 2.75 2.62 -20.5 -0.385    19.47 21.28 02a59414o0725c 0x000000  -1.307692
59432.555945 20.594452      NaN   -14     7 c    0   1.22 18.82545 -6.85904 1342.55  8581.11 2.63 2.58  -7.4 -0.349    19.73 21.72 01a59432o0695c 0x000000  -2.000000
59432.558729 20.321591      NaN   -18     9 c    0   1.09 18.82545 -6.85904 1323.60  8541.89 3.56 2.72   2.3 -0.324    19.53 21.73 01a59432o0701c 0x000000  -2.000000
59432.574752 20.594452      NaN   -13     7 c    0   1.45 18.82545 -6.85904 1384.54  8619.60 2.75 2.54  -3.3 -0.355    19.70 21.79 01a59432o0735c 0x000000  -1.857143
59432.580288 20.449472      NaN   -13     8 c    0   1.05 18.82545 -6.85904 1405.15  8502.37 2.79 2.66 -11.6 -0.358    19.70 21.81 01a59432o0747c 0x000000  -1.625000
59436.532086 20.594452      NaN   -18     7 c    0   1.18 18.82545 -6.85904 1341.62  8583.92 2.23 1.99 -69.5 -0.391    19.91 21.80 01a59436o0632c 0x000000  -2.571429
59436.534392 20.594452      NaN   -10     7 c    0   1.49 18.82545 -6.85904 1322.69  8545.63 2.33 2.08 -71.1 -0.387    19.87 21.81 01a59436o0637c 0x000000  -1.428571
59436.537159 20.594452      NaN    -6     7 c    0   1.10 18.82545 -6.85904 1381.47  8622.99 2.23 2.00 -70.9 -0.393    19.90 21.81 01a59436o0643c 0x000000  -0.857143
59436.542248 20.594452      NaN    -6     7 c    0   0.90 18.82545 -6.85904 1402.68  8506.85 2.21 1.97 -68.0 -0.392    19.92 21.82 01a59436o0654c 0x000000  -0.857143
59440.550645 20.449472      NaN   -26     8 c    0   1.19 18.82545 -6.85904 3094.93  4611.67 3.25 2.42  -2.0 -0.370    19.65 21.80 01a59440o0688c 0x000000  -3.250000
59440.552490 20.321591      NaN    -4     9 c    0   1.07 18.82545 -6.85904 3074.27  4571.51 3.92 2.50  -0.6 -0.364    19.53 21.77 01a59440o0692c 0x000000  -0.444444
59440.555712 20.321591      NaN   -20     9 c    0   0.91 18.82545 -6.85904 3133.07  4649.21 3.42 2.48   0.3 -0.381    19.65 21.75 01a59440o0699c 0x000000  -2.222222
59440.566265 20.449472      NaN   -12     8 c    0   1.53 18.82545 -6.85904 3153.49  4533.22 3.05 2.95 -58.3 -0.374    19.60 21.78 01a59440o0721c 0x000000  -1.500000
59461.501265 20.321591      NaN   -23     9 c    0   1.21 18.82545 -6.85904 9427.92  5881.57 2.52 2.43  37.1 -0.396    19.71 21.57 02a59461o0610c 0x000000  -2.555556
59461.520084 20.137125      NaN     8     8 c    0   1.25 18.82545 -6.85904 9453.22  5917.82 2.57 2.50  32.9 -0.399    19.76 21.63 02a59461o0649c 0x000000   1.000000
59461.523766 20.449472      NaN   -13     8 c    0   1.25 18.82545 -6.85904 9394.59  5839.57 2.57 2.46  38.5 -0.398    19.72 21.63 02a59461o0657c 0x000000  -1.625000
59461.534998 20.207197      NaN    -8    10 c    0   1.33 18.82545 -6.85904 1203.99  4596.65 2.57 2.50 -67.5 -0.426    19.65 21.62 02a59461o0681c 0x000000  -0.800000
59462.485631 20.321591      NaN   -14     9 c    0   0.99 18.82545 -6.85904 9435.75  5879.60 2.48 2.45  54.0 -0.407    19.71 21.54 02a59462o0490c 0x000000  -1.555556
59462.488416 20.321591      NaN    -9     9 c    0   1.02 18.82545 -6.85904 9455.59  5918.15 2.50 2.48  85.0 -0.405    19.74 21.54 02a59462o0496c 0x000000  -1.000000
59462.499100 20.137125      NaN     5     9 c    0   1.14 18.82545 -6.85904 9397.01  5839.72 2.48 2.39  39.8 -0.400    19.76 21.54 02a59462o0518c 0x000000   0.555556
59462.504620 20.594452      NaN    -7     7 c    0   1.39 18.82545 -6.85904 9378.97  5957.04 2.48 2.38  51.3 -0.403    19.75 21.54 02a59462o0530c 0x000000  -1.000000
59466.479504 20.594452      NaN   -15     7 c    0   1.62 18.82545 -6.85904 3401.16  2266.08 2.32 2.29 -83.8 -0.404    19.76 21.59 02a59466o0569c 0x000000  -2.142857
59466.481347 20.449472      NaN    -4     8 c    0   1.08 18.82545 -6.85904 3420.10  2305.92 2.34 2.31  63.6 -0.405    19.72 21.57 02a59466o0573c 0x000000  -0.500000
59466.486858 20.449472      NaN    -4     8 c    0   1.37 18.82545 -6.85904 3363.07  2227.63 2.33 2.30  68.5 -0.403    19.70 21.59 02a59466o0585c 0x000000  -0.500000
59466.497819 20.761819      NaN   -19     6 c    0   2.29 18.82545 -6.85904 3342.94  2345.80 2.28 2.26 -85.2 -0.407    19.75 21.63 02a59466o0608c 0x000000  -3.166667
59470.456583 20.449472      NaN   -19     8 c    0   1.56 18.82545 -6.85904 3400.78  2264.47 2.32 2.28  75.6 -0.402    19.66 21.46 02a59470o0524c 0x000000  -2.375000
59470.458881 20.449472      NaN    -4     8 c    0   0.95 18.82545 -6.85904 3420.63  2302.72 2.30 2.27  84.6 -0.404    19.70 21.46 02a59470o0529c 0x000000  -0.500000
59470.468910 20.449472      NaN    -8     8 c    0   1.12 18.82545 -6.85904 3358.57  2227.65 2.31 2.28  43.8 -0.405    19.73 21.47 02a59470o0550c 0x000000  -1.000000
59470.479085 20.449472      NaN    -5     8 c    0   1.37 18.82545 -6.85904 3341.55  2343.71 2.30 2.28  64.9 -0.403    19.68 21.46 02a59470o0572c 0x000000  -0.625000
59518.392643 20.449472      NaN   -28     8 c    0   1.39 18.82545 -6.85904 9804.80  2372.30 2.49 2.21 -62.1 -0.415    19.74 21.61 02a59518o0452c 0x000000  -3.500000
59518.395859 20.321591      NaN    -4     9 c    0   1.24 18.82545 -6.85904 9786.19  2334.03 2.46 2.22 -61.0 -0.415    19.76 21.61 02a59518o0459c 0x000000  -0.444444
59518.402935 20.207197      NaN     0    10 c    0   0.66 18.82545 -6.85904 9844.14  2412.16 2.52 2.23 -61.4 -0.410    19.70 21.61 02a59518o0474c 0x000000   0.000000
59518.416955 20.594452      NaN    -9     7 c    0   1.61 18.82545 -6.85904 9867.61  2296.54 2.56 2.30 -58.1 -0.408    19.72 21.61 02a59518o0504c 0x000000  -1.285714
59522.389618 20.207197      NaN   -13    10 c    0   1.39 18.82545 -6.85904 5221.66  8383.86 2.56 2.42  44.0 -0.404    19.57 21.16 02a59522o0457c 0x000000  -1.300000
59522.392847 20.207197      NaN   -31    10 c    0   1.02 18.82545 -6.85904 5206.54  8345.20 2.63 2.43  45.0 -0.394    19.54 21.17 02a59522o0464c 0x000000  -3.100000
59522.402950 20.103715      NaN   -10    11 c    0   1.08 18.82545 -6.85904 5264.17  8423.95 2.66 2.50  49.4 -0.394    19.54 21.23 02a59522o0486c 0x000000  -0.909091
59522.409407 19.631075      NaN   -13    17 c    0   1.07 18.82545 -6.85904 5285.77  8308.76 2.68 2.52  49.6 -0.392    19.45 21.15 02a59522o0500c 0x000000  -0.764706
59526.376272 20.321591      NaN   -21     9 c    0   1.56 18.82545 -6.85904 5225.99  8384.47 2.60 2.44  45.4 -0.391    19.65 21.41 02a59526o0427c 0x000000  -2.333333
59526.379053 20.321591      NaN   -25     9 c    0   1.17 18.82545 -6.85904 5207.01  8344.78 2.63 2.44  44.6 -0.392    19.65 21.41 02a59526o0433c 0x000000  -2.777778
59526.401437 20.207197      NaN   -16    10 c    0   1.17 18.82545 -6.85904 5261.87  8423.44 2.68 2.54  63.9 -0.387    19.62 21.44 02a59526o0478c 0x000000  -1.600000
59526.408434 20.207197      NaN    -9    10 c    0   0.86 18.82545 -6.85904 5281.55  8308.06 2.69 2.49  53.4 -0.396    19.65 21.45 02a59526o0493c 0x000000  -0.900000