         MJD         m       dm   uJy  duJy F  err  chi/N       RA       Dec        x        y  maj  min   phi  apfit  mag5sig   Sky            Obs     Mask   __tmp_SN
57715.577481 19.401649      NaN   -84    21 c    0   1.45 96.76571 -25.63984  6719.44  8281.26 4.15 4.07  51.2 -0.415    19.22 21.09 02a57715o0643c 0x000000  -4.000000
57715.593407 19.401649      NaN   -71    21 c    0   1.34 96.76571 -25.63984  6664.53  8342.56 4.73 4.55   9.0 -0.355    19.19 21.21 02a57715o0671c 0x000000  -3.380952
57747.453860 19.569016      NaN   -27    18 c    0   1.25 96.76571 -25.63984  6671.22  8619.39 3.71 3.68  84.8 -0.448    19.61 21.60 02a57747o0535c 0x000000  -1.500000
57747.466810 19.696897      NaN   -38    16 c    0   1.15 96.76571 -25.63984  6654.45  8581.27 3.64 3.60 -10.0 -0.459    19.62 21.62 02a57747o0561c 0x000000  -2.375000
57747.479846 19.569016      NaN   -46    18 c    0   1.49 96.76571 -25.63984  6723.86  8661.53 4.26 3.81   7.4 -0.427    19.56 21.65 02a57747o0587c 0x000000  -2.555556
57747.492844 19.569016      NaN   -87    18 c    0   1.12 96.76571 -25.63984  6741.93  8545.94 4.57 3.86   4.0 -0.410    19.52 21.68 02a57747o0613c 0x000000  -4.833333
57747.506311 19.454622      NaN   -53    20 c    0   1.29 96.76571 -25.63984  6709.15  8603.55 4.56 3.92   4.3 -0.391    19.51 21.68 02a57747o0640c 0x000000  -2.650000
57751.502349 19.696897      NaN   -69    16 c    0   1.35 96.76571 -25.63984 10154.74  7533.69 3.93 3.42 -86.4 -0.427    19.72 21.83 02a57751o0152c 0x000000  -4.312500
57755.428058 19.302877      NaN   -73    23 c    0   2.06 96.76571 -25.63984  1263.99    65.42 4.06 3.87 -25.0 -0.399    19.74 21.76 02a57755o0451c 0x000000  -3.173913
57755.440066 19.510313      NaN   -32    19 c    0   1.17 96.76571 -25.63984  8920.28  9921.73 3.82 3.58  81.4 -0.443    19.72 21.74 02a57755o0474c 0x000000  -1.684211
57755.453014 19.631075      NaN  -133    17 c    0   1.26 96.76571 -25.63984  8903.16  9884.94 3.74 3.50  88.0 -0.457    19.73 21.76 02a57755o0499c 0x000000  -7.823529
57755.455083 19.696897      NaN   -13    16 c    0   1.67 96.76571 -25.63984  1301.81   107.13 4.04 3.89 -33.3 -0.397    19.77 21.81 02a57755o0503c 0x000000  -0.812500
57755.466376 19.631075      NaN   -63    17 c    0   1.52 96.76571 -25.63984  8957.62  9964.85 3.74 3.49 -85.7 -0.452    19.72 21.75 02a57755o0524c 0x000000  -3.705882
57755.479942 19.696897      NaN  -161    16 c    0   1.50 96.76571 -25.63984  8975.66  9847.60 3.80 3.51 -86.8 -0.448    19.72 21.76 02a57755o0550c 0x000000 -10.062500
57755.480967 16.828350      NaN   170   168 c    0   0.18 96.76571 -25.63984  1287.41    46.79 4.15 3.95 -26.5 -0.391    19.73 21.79 02a57755o0552c 0x100002   1.011905
57755.493365 19.569016      NaN   -85    18 c    0   1.35 96.76571 -25.63984  8942.31  9907.37 3.89 3.74  88.6 -0.435    19.68 21.74 02a57755o0575c 0x000000  -4.722222
57779.369443 19.766969      NaN   -83    15 c    0   1.22 96.76571 -25.63984   757.89   394.29 4.21 3.91  87.2 -0.397    19.71 21.80 02a57779o0298c 0x000000  -5.533333
57779.379811 19.631075      NaN   -92    17 c    0   1.44 96.76571 -25.63984  8379.16 10271.62 3.49 3.25 -39.0 -0.424    19.70 21.74 02a57779o0318c 0x000000  -5.411765
57779.382475 19.256669      NaN   -79    24 c    0   1.15 96.76571 -25.63984 10173.87   423.35 4.02 3.59  85.9 -0.446    19.67 21.73 02a57779o0323c 0x000000  -3.291667
57779.384064 19.569016      NaN   -28    18 c    0   1.40 96.76571 -25.63984   741.85   354.30 4.15 3.89  86.3 -0.404    19.72 21.79 02a57779o0326c 0x000000  -1.555556
57779.394365 19.569016      NaN   -81    18 c    0   1.31 96.76571 -25.63984  8364.00 10233.13 3.51 3.22 -24.8 -0.416    19.70 21.74 02a57779o0346c 0x000000  -4.500000
57779.397010 19.271854      NaN     5    22 c    0   1.21 96.76571 -25.63984 10159.05   385.03 3.91 3.58  85.2 -0.447    19.69 21.74 02a57779o0351c 0x000000   0.227273
57779.398567 19.631075      NaN   -51    17 c    0   1.23 96.76571 -25.63984   798.71   435.66 4.17 3.81  84.5 -0.402    19.72 21.78 02a57779o0354c 0x000000  -3.000000
57779.408904 19.569016      NaN  -100    18 c    0   1.37 96.76571 -25.63984  8436.01 10313.16 3.74 3.56 -18.1 -0.411    19.65 21.72 02a57779o0374c 0x000000  -5.555556
57779.411543 19.351140      NaN   -91    22 c    0   1.44 96.76571 -25.63984 10213.84   464.43 3.98 3.67  88.3 -0.442    19.66 21.72 02a57779o0379c 0x000000  -4.136364
57779.413103 19.631075      NaN   -75    17 c    0   1.19 96.76571 -25.63984   817.76   316.69 4.20 3.89  83.9 -0.397    19.68 21.75 02a57779o0382c 0x000000  -4.411765
57779.423978 19.454622      NaN   -66    20 c    0   1.01 96.76571 -25.63984  8455.19 10193.94 3.82 3.53  -7.7 -0.424    19.63 21.71 02a57779o0403c 0x000000  -3.300000
57779.426556 19.401649      NaN   -95    21 c    0   1.51 96.76571 -25.63984 10235.37   345.08 4.05 3.99  14.3 -0.428    19.59 21.69 02a57779o0408c 0x000000  -4.523810
57779.428114 19.696897      NaN   -51    16 c    0   1.26 96.76571 -25.63984   786.21   373.57 4.35 4.02  76.1 -0.385    19.64 21.73 02a57779o0411c 0x000000  -3.187500
57779.439047 19.631075      NaN   -57    17 c    0   1.86 96.76571 -25.63984  8406.17 10252.90 3.80 3.26  -6.5 -0.418    19.61 21.65 02a57779o0432c 0x000000  -3.352941
57779.441610 19.128787      NaN  -117    27 c    0   1.29 96.76571 -25.63984 10201.42   404.53 4.09 3.95  -6.6 -0.433    19.56 21.65 02a57779o0437c 0x000000  -4.333333
57783.374361 19.510313      NaN   -27    19 c    0   1.03 96.76571 -25.63984  7426.11  8431.81 3.98 3.70  82.7 -0.417    19.54 21.49 02a57783o0303c 0x000000  -1.421053
57783.389667 19.631075      NaN   -59    17 c    0   1.63 96.76571 -25.63984  7410.85  8391.90 4.08 3.76  85.2 -0.407    19.52 21.49 02a57783o0332c 0x000000  -3.470588
57783.404836 19.569016      NaN   -89    18 c    0   1.37 96.76571 -25.63984  7465.59  8471.38 4.02 3.85  84.9 -0.410    19.52 21.52 02a57783o0361c 0x000000  -4.944444
57783.420038 19.454622      NaN   -53    20 c    0   1.10 96.76571 -25.63984  7502.42  8353.76 4.02 3.87  85.1 -0.414    19.50 21.48 02a57783o0390c 0x000000  -2.650000
57783.435231 19.569016      NaN   -16    18 c    0   1.36 96.76571 -25.63984  7453.03  8411.25 4.03 3.84  87.3 -0.408    19.46 21.44 02a57783o0419c 0x000000  -0.888889
57787.334922 19.401649      NaN  -126    21 c    0   1.53 96.76571 -25.63984  6591.88  7229.45 3.98 3.79  76.9 -0.390    19.17 20.80 02a57787o0232c 0x000000  -6.000000
57787.352674 19.256669      NaN   -94    24 c    0   0.88 96.76571 -25.63984  6576.17  7193.38 3.95 3.73  78.2 -0.393    19.20 20.83 02a57787o0267c 0x000000  -3.916667
57787.363479 19.351140      NaN   -67    22 c    0   0.90 96.76571 -25.63984  6645.80  7271.14 3.94 3.73  81.5 -0.394    19.22 20.88 02a57787o0289c 0x000000  -3.045455
57787.377314 19.256669      NaN   -41    24 c    0   1.12 96.76571 -25.63984  6665.56  7153.08 4.23 4.00  80.7 -0.380    19.14 20.89 02a57787o0317c 0x000000  -1.708333
57803.363005 19.569016      NaN   -82    18 c    0   0.97 96.76571 -25.63984  9484.56  8639.86 3.91 3.55 -88.6 -0.436    19.61 21.62 02a57803o0276c 0x000000  -4.555556
57803.386852 19.510313      NaN   -69    19 c    0   1.33 96.76571 -25.63984  9540.67  8678.08 4.19 3.91  84.7 -0.404    19.50 21.57 02a57803o0323c 0x000000  -3.631579
57803.398425 19.510313      NaN   -29    19 c    0   1.29 96.76571 -25.63984  9559.52  8558.91 3.89 3.60 -88.9 -0.432    19.53 21.52 02a57803o0346c 0x000000  -1.526316
57803.410066 19.454622      NaN   -56    20 c    0   1.19 96.76571 -25.63984  9508.46  8615.58 4.10 3.79  87.2 -0.413    19.45 21.49 02a57803o0369c 0x000000  -2.800000
57807.345683 19.569016      NaN   -41    18 c    0   1.13 96.76571 -25.63984  6705.05 10374.70 3.79 3.78  -8.1 -0.439    19.59 21.59 02a57807o0229c 0x000000  -2.277778
57807.348345 19.256669      NaN   -39    24 c    0   1.06 96.76571 -25.63984  8539.56   560.91 3.84 3.80  58.8 -0.440    19.59 21.59 02a57807o0234c 0x000000  -1.625000
57807.360709 19.510313      NaN   -74    19 c    0   1.43 96.76571 -25.63984  6689.82 10332.82 3.74 3.68 -10.8 -0.439    19.57 21.57 02a57807o0258c 0x000000  -3.894737
57807.363331 19.169763      NaN  -122    26 c    0   1.27 96.76571 -25.63984  8524.57   520.66 3.98 3.92  30.5 -0.421    19.55 21.56 02a57807o0263c 0x000000  -4.692308
57807.375102 19.569016      NaN   -77    18 c    0   1.29 96.76571 -25.63984  6744.88 10409.64 3.78 3.74 -27.7 -0.432    19.55 21.53 02a57807o0286c 0x000000  -4.277778
57807.377666 19.212347      NaN   -48    25 c    0   1.11 96.76571 -25.63984  8597.05   596.60 3.90 3.83  21.4 -0.434    19.54 21.54 02a57807o0291c 0x000000  -1.920000
57807.390582 19.569016      NaN  -100    18 c    0   1.48 96.76571 -25.63984  6764.68 10288.76 3.93 3.87 -55.4 -0.423    19.47 21.47 02a57807o0316c 0x000000  -5.555556
57807.393130 19.051202      NaN   -84    29 c    0   1.46 96.76571 -25.63984  8617.02   476.58 3.89 3.86  -1.0 -0.439    19.50 21.48 02a57807o0321c 0x000000  -2.896552
57807.406197 19.401649      NaN   -58    21 c    0   1.19 96.76571 -25.63984  6732.59 10344.77 3.91 3.84  89.6 -0.420    19.42 21.37 02a57807o0346c 0x000000  -2.761905
57807.408855 19.051202      NaN   -97    29 c    0   1.34 96.76571 -25.63984  8564.77   534.43 3.96 3.89  15.0 -0.429    19.46 21.41 02a57807o0351c 0x000000  -3.344828
57811.337631 19.696897      NaN   -54    16 c    0   1.97 96.76571 -25.63984  7003.97  8010.59 3.94 3.65  81.4 -0.433    19.63 21.69 02a57811o0220c 0x000000  -3.375000
57811.352667 19.510313      NaN   -59    19 c    0   1.25 96.76571 -25.63984  6988.75  7969.88 4.03 3.72  84.6 -0.422    19.59 21.67 02a57811o0249c 0x000000  -3.105263
57811.367201 19.510313      NaN   -59    19 c    0   1.29 96.76571 -25.63984  7046.82  8044.06 3.86 3.60  86.7 -0.434    19.59 21.61 02a57811o0277c 0x000000  -3.105263
57811.382771 19.696897      NaN   -91    16 c    0   1.47 96.76571 -25.63984  7065.25  7925.80 3.87 3.63  87.2 -0.426    19.54 21.55 02a57811o0307c 0x000000  -5.687500
57811.398347 19.454622      NaN  -102    20 c    0   1.44 96.76571 -25.63984  7032.06  7982.19 3.95 3.71  89.0 -0.419    19.37 21.37 02a57811o0337c 0x000000  -5.100000
57835.281082 19.256669      NaN   -88    24 c    0   1.10 96.76571 -25.63984  7780.30  9666.64 3.94 3.85  73.1 -0.420    18.79 20.61 02a57835o0038c 0x000000  -3.666667
57835.295788 19.302877      NaN   -22    23 c    0   1.54 96.76571 -25.63984  7763.82  9627.50 4.05 3.93  82.8 -0.408    18.77 20.62 02a57835o0067c 0x000000  -0.956522
57835.310996 19.169763      NaN   -78    26 c    0   1.51 96.76571 -25.63984  7835.06  9703.40 4.10 3.98  78.9 -0.411    18.72 20.58 02a57835o0096c 0x000000  -3.000000
57835.341975 19.302877      NaN  -145    23 c    0   1.79 96.76571 -25.63984  7806.04  9638.44 4.00 3.98 -81.1 -0.406    18.64 20.44 02a57835o0155c 0x000000  -6.304348
57839.269233 19.256669      NaN  -131    24 c    0   1.49 96.76571 -25.63984  7908.14  9195.60 4.14 4.06  69.0 -0.406    18.73 20.58 02a57839o0100c 0x000000  -5.458333
57839.284523 19.169763      NaN   -51    26 c    0   1.27 96.76571 -25.63984  7891.98  9154.58 4.01 3.92  82.2 -0.421    18.72 20.53 02a57839o0129c 0x000000  -1.961538
57839.298320 19.212347      NaN   -32    25 c    0   1.18 96.76571 -25.63984  7947.18  9230.56 3.95 3.88  80.9 -0.429    18.67 20.44 02a57839o0154c 0x000000  -1.280000
57839.313709 17.922662      NaN  -519    82 c    0   0.94 96.76571 -25.63984  7982.41  9111.24 4.22 4.10  80.4 -0.400    17.76 19.48 02a57839o0183c 0x100002  -6.329268
57839.329099 19.089302      NaN  -140    28 c    0   1.04 96.76571 -25.63984  7930.74  9167.60 4.05 3.97  81.8 -0.404    18.52 20.28 02a57839o0212c 0x000000  -5.000000
57843.269218 19.401649      NaN   -86    21 c    0   1.91 96.76571 -25.63984  1209.70   797.73 4.13 3.83  88.8 -0.398    18.71 20.34 02a57843o0074c 0x000000  -4.095238
57843.283852 19.302877      NaN  -136    23 c    0   1.50 96.76571 -25.63984  1263.56   875.95 4.21 3.97  89.4 -0.387    18.64 20.28 02a57843o0102c 0x000000  -5.913043
57843.298432 19.256669      NaN  -101    24 c    0   1.25 96.76571 -25.63984  1285.14   757.43 4.13 3.91 -82.1 -0.397    18.63 20.23 02a57843o0130c 0x000000  -4.208333
57843.313547 19.128787      NaN  -167    27 c    0   1.41 96.76571 -25.63984  1250.35   813.86 4.19 4.02 -79.9 -0.389    18.54 20.16 02a57843o0159c 0x000000  -6.185185
57847.252795 18.438271      NaN   -52    51 c    0   1.08 96.76571 -25.63984  8667.47  9287.03 3.53 3.31 -35.4 -0.419    18.13 19.13 02a57847o0051c 0x100002  -1.019608
57847.267416 18.226218      NaN   -94    62 c    0   1.02 96.76571 -25.63984  8649.33  9246.25 3.59 3.43 -44.6 -0.439    18.09 19.08 02a57847o0079c 0x100002  -1.516129
57847.282505 18.261819      NaN  -101    60 c    0   1.21 96.76571 -25.63984  8703.97  9322.17 3.77 3.72 -38.4 -0.454    18.01 19.02 02a57847o0108c 0x100002  -1.683333
57847.296561 18.125925      NaN    -6    68 c    0   1.08 96.76571 -25.63984  8723.69  9202.47 4.25 4.16  79.1 -0.399    17.86 18.92 02a57847o0135c 0x100002  -0.088235
57847.311644 17.870951      NaN  -168    86 c    0   0.77 96.76571 -25.63984  8690.00  9259.48 4.32 4.27 -67.8 -0.399    17.75 18.79 02a57847o0164c 0x100002  -1.953488
57863.239493 18.467034      NaN    32    39 c    0   1.37 96.76571 -25.63984  7005.03 10458.58 3.84 3.10  -7.5 -0.481    18.10 19.31 02a57863o0011c 0x100002   0.820513
57863.244216 18.438271      NaN    54    33 c    0   1.04 96.76571 -25.63984  8837.66   642.19 4.34 4.06 -89.4 -0.417    18.34 19.84 02a57863o0020c 0x100002   1.636364
57863.247367 17.976960      NaN  -313    78 c    0   0.96 96.76571 -25.63984  6986.57 10417.26 4.26 4.17  61.0 -0.520    17.41 19.03 02a57863o0025c 0x100002  -4.012821
57863.254703 18.403357 0.281742   158    41 c    0   1.04 96.76571 -25.63984  8818.50   602.47 4.11 3.84 -83.1 -0.431    18.47 20.03 02a57863o0039c 0x100002   3.853659
57863.257332 18.550302      NaN   -34    46 c    0   1.34 96.76571 -25.63984  7038.36 10494.39 3.80 3.20  -1.1 -0.455    18.42 19.94 02a57863o0044c 0x100002  -0.739130
57863.265729 18.748255      NaN    31    28 c    0   1.28 96.76571 -25.63984  8868.01   679.59 4.00 3.80 -83.8 -0.444    18.45 19.99 02a57863o0060c 0x000000   1.107143
57863.269418 19.014394      NaN   -52    30 c    0   0.98 96.76571 -25.63984  7055.33 10373.60 3.89 3.48  -0.1 -0.419    18.37 19.92 02a57863o0067c 0x100002  -1.733333
57863.278399 18.489118      NaN    41    35 c    0   1.36 96.76571 -25.63984  8885.16   559.64 3.96 3.83 -82.5 -0.456    18.42 19.95 02a57863o0084c 0x100002   1.171429
58013.637159 19.076453      NaN    22    21 c    0   1.49 96.76571 -25.63984  8935.89  7483.75 2.72 2.57  55.6 -0.416    19.02 20.18 02a58013o0912c 0x000000   1.047619
58013.638984 18.978793      NaN   -37    31 c    0   1.37 96.76571 -25.63984  8952.18  7524.32 2.81 2.64  44.3 -0.420    18.73 19.72 02a58013o0916c 0x100002  -1.193548
58017.646567 17.729132      NaN   -50    98 c    0   1.30 96.76571 -25.63984  8564.54  6278.72 2.69 2.47  68.0 -0.483    17.28 18.09 02a58017o0794c 0x100002  -0.510204
58073.515790 20.321591      NaN   -31     9 c    0   2.72 96.76571 -25.63984  8398.92  4687.53 2.80 2.47  65.5 -0.448    19.66 21.61 02a58073o0293c 0x000000  -3.444444
58081.479268 20.103715      NaN   -34    11 c    0   3.25 96.76571 -25.63984  8765.14  6922.87 2.95 2.69  65.7 -0.433    19.53 21.53 02a58081o0454c 0x000000  -3.090909
58081.481093 19.922338      NaN   -26    13 c    0   1.52 96.76571 -25.63984  8728.88  6883.59 2.81 2.52  63.5 -0.432    19.60 21.53 02a58081o0458c 0x000000  -2.000000
58081.489805 20.009244      NaN   -45    12 c    0   1.24 96.76571 -25.63984  8692.63  6846.50 2.86 2.57  65.8 -0.431    19.58 21.49 02a58081o0477c 0x000000  -3.750000
58081.493000 20.009244      NaN   -40    12 c    0   1.32 96.76571 -25.63984  8676.28  6962.83 2.89 2.63  66.3 -0.429    19.58 21.48 02a58081o0484c 0x000000  -3.333333
58109.437456 20.009244      NaN    -2    12 c    0  14.11 96.76571 -25.63984  5879.83  6082.92 5.13 4.51  39.8 -0.393    19.30 22.11 02a58109o0160c 0x100001  -0.166667
58109.439284 19.841877      NaN    -3    14 c    0  11.38 96.76571 -25.63984  5898.60  6120.59 5.28 4.62  44.0 -0.347    19.22 22.09 02a58109o0164c 0x100001  -0.214286
58109.446161 19.841877      NaN   -13    14 c    0   9.51 96.76571 -25.63984  5845.55  6042.68 5.16 4.48  52.7 -0.348    19.25 22.09 02a58109o0179c 0x000000  -0.928571
58109.453048 19.841877      NaN   -19    14 c    0   9.97 96.76571 -25.63984  5827.17  6161.50 5.20 4.53  48.1 -0.330    19.07 22.12 02a58109o0194c 0x000000  -1.357143
58161.362121 20.321591      NaN   -34     9 c    0   2.51 96.76571 -25.63984  1837.36  4644.42 2.46 2.29  47.8 -0.467    19.76 21.70 02a58161o0334c 0x000000  -3.777778
58161.370421 20.321591      NaN   -31     9 c    0   2.90 96.76571 -25.63984  1822.78  4603.57 2.59 2.44  47.9 -0.453    19.74 21.69 02a58161o0352c 0x000000  -3.444444
58161.379185 20.321591      NaN   -17     9 c    0   3.22 96.76571 -25.63984  1876.85  4680.70 2.52 2.33  51.8 -0.460    19.72 21.63 02a58161o0371c 0x000000  -1.888889
58161.387455 20.321591      NaN   -27     9 c    0   2.73 96.76571 -25.63984  1896.86  4562.93 2.52 2.36  51.7 -0.460    19.71 21.62 02a58161o0389c 0x000000  -3.000000
58193.286027 18.131260 0.058833   203    11 c    0   1.91 96.76571 -25.63984  5016.28  5381.38 2.51 2.40  56.9 -0.437    19.64 21.36 02a58193o0119c 0x000000  18.454545
58193.293021 18.255804 0.071983   181    12 c    0   1.55 96.76571 -25.63984  4983.15  5341.82 2.53 2.42  64.0 -0.442    19.64 21.35 02a58193o0134c 0x000000  15.083333
58193.299530 18.180496 0.055966   194    10 c    0   2.83 96.76571 -25.63984  5055.55  5417.22 2.44 2.34  69.8 -0.448    19.66 21.34 02a58193o0148c 0x000000  19.400000
58193.306472 18.169360 0.060934   196    11 c    0   3.42 96.76571 -25.63984  5074.82  5301.05 2.42 2.33  68.4 -0.454    19.64 21.32 02a58193o0163c 0x000000  17.818182
58221.230155 17.023729 0.079068   563    41 c    0   1.25 96.76571 -25.63984  4607.93  2166.21 2.64 2.46 -83.5 -0.385    18.08 19.09 02a58221o0020c 0x100002  13.731707
58221.232948 16.877785 0.043834   644    26 c    0   1.18 96.76571 -25.63984  4591.24  2125.33 2.74 2.59 -79.0 -0.391    18.59 19.74 02a58221o0026c 0x000000  24.769231
58221.238160 16.980256 0.031497   586    17 c    0   1.27 96.76571 -25.63984  4643.35  2201.32 2.72 2.56 -81.7 -0.393    19.28 20.70 02a58221o0037c 0x000000  34.470588
58221.245772 17.053049 0.027738   548    14 c    0   2.25 96.76571 -25.63984  4661.70  2083.42 2.72 2.63  81.9 -0.397    19.51 21.22 02a58221o0053c 0x000000  39.142857
58225.236821 17.303777 0.147261   435    59 c    0   1.13 96.76571 -25.63984  2548.66  5315.33 2.71 2.50 -68.6 -0.386    17.79 19.00 02a58225o0030c 0x100002   7.372881
58225.242780 17.143924 0.103403   504    48 c    0   1.98 96.76571 -25.63984  2515.71  5272.17 2.61 2.42 -72.5 -0.398    17.92 19.24 02a58225o0043c 0x100002  10.500000
58225.250808 17.137480 0.115641   507    54 c    0   1.56 96.76571 -25.63984  2584.72  5348.09 2.62 2.46 -75.7 -0.398    17.63 18.98 02a58225o0060c 0x100002   9.388889
58225.258699 16.232323      NaN    24   381 c    0   0.99 96.76571 -25.63984  2604.47  5230.67 2.62 2.43 -75.5 -0.405    15.66 16.97 02a58225o0077c 0x100002   0.062992
58401.563740 19.894850      NaN     4    12 c    0   1.37 96.76571 -25.63984  6682.16  6921.95 2.57 2.56 -86.6 -0.413    19.57 21.30 02a58401o0796c 0x000000   0.333333
58401.571598 20.207197      NaN    -8    10 c    0   2.44 96.76571 -25.63984  6715.05  6959.26 2.61 2.58  59.3 -0.414    19.59 21.33 02a58401o0813c 0x000000  -0.800000
58401.579445 20.207197      NaN   -40    10 c    0   3.56 96.76571 -25.63984  6643.89  6882.70 2.55 2.51 -23.3 -0.409    19.63 21.34 02a58401o0830c 0x000000  -4.000000
58401.589371 20.321591      NaN   -37     9 c    0   2.66 96.76571 -25.63984  6624.95  6999.85 2.62 2.52 -38.2 -0.403    19.64 21.35 02a58401o0847c 0x000000  -4.111111
58429.617841 20.321591      NaN   -40     9 c    0   3.27 96.76571 -25.63984  2090.57  5019.33 2.46 2.38  47.7 -0.434    19.77 21.71 02a58429o0928c 0x000000  -4.444444
58429.628063 20.009244      NaN   -11    12 c    0   1.95 96.76571 -25.63984  2074.11  4982.12 2.50 2.44  77.4 -0.415    19.25 21.13 02a58429o0950c 0x000000  -0.916667
58429.638766 20.321591      NaN   -16     9 c    0   3.40 96.76571 -25.63984  2127.72  5062.03 2.49 2.42  73.8 -0.428    19.66 21.57 02a58429o0973c 0x000000  -1.777778
58429.648535 20.103715      NaN    -2    11 c    0   1.93 96.76571 -25.63984  2148.29  4945.26 2.49 2.44  60.5 -0.433    19.27 20.57 02a58429o0994c 0x000000  -0.181818
58433.612882 15.490970      NaN -5092   770 c    0   1.38 96.76571 -25.63984  4142.78  3423.41 2.62 2.50  85.1 -0.390    15.02 16.54 02a58433o0894c 0x100002  -6.612987
58433.623054 13.918506      NaN -4028  3277 c    0   0.83 96.76571 -25.63984  4126.53  3383.60 2.68 2.53 -86.5 -0.397    14.06 15.56 02a58433o0916c 0x100002  -1.229173
58433.632933 17.785989      NaN  -194    93 c    0   0.79 96.76571 -25.63984  4180.33  3461.12 2.53 2.41  73.3 -0.406    17.24 18.74 02a58433o0937c 0x100002  -2.086022
58433.643177 16.817132      NaN   279   134 c    0   1.50 96.76571 -25.63984  4199.42  3346.91 2.59 2.48  73.0 -0.398    16.89 18.37 02a58433o0959c 0x100002   2.082090
58485.457985 19.950541      NaN     5    11 c    0   1.28 96.76571 -25.63984  3526.93  4034.54 2.59 2.49  82.6 -0.397    19.61 21.71 02a58485o0573c 0x000000   0.454545
58485.467155 20.207197      NaN    -6    10 c    0   2.66 96.76571 -25.63984  3491.49  3997.17 2.63 2.52 -88.8 -0.399    19.59 21.71 02a58485o0593c 0x000000  -0.600000
58485.476408 20.321591      NaN   -14     9 c    0   1.91 96.76571 -25.63984  3562.43  4075.83 2.58 2.44 -87.8 -0.399    19.62 21.71 02a58485o0613c 0x000000  -1.555556
58485.485580 20.207197      NaN   -15    10 c    0   2.02 96.76571 -25.63984  3582.10  3960.40 2.79 2.63 -82.1 -0.391    19.52 21.70 02a58485o0633c 0x000000  -1.500000
58489.463379 20.207197      NaN   -30    10 c    0   2.18 96.76571 -25.63984  7745.63  5979.53 3.11 2.85 -65.1 -0.362    19.49 21.66 02a58489o0200c 0x000000  -3.000000
58489.472165 20.103715      NaN   -34    11 c    0   1.64 96.76571 -25.63984  7730.51  5942.19 2.84 2.62 -68.7 -0.374    19.59 21.63 02a58489o0219c 0x000000  -3.090909
58489.481484 20.321591      NaN    -9     9 c    0   2.64 96.76571 -25.63984  7782.06  6021.50 2.70 2.51 -72.5 -0.391    19.55 21.58 02a58489o0239c 0x000000  -1.000000
58489.491187 20.207197      NaN    -7    10 c    0   1.99 96.76571 -25.63984  7800.87  5904.94 2.84 2.63 -70.6 -0.377    19.55 21.57 02a58489o0259c 0x000000  -0.700000
58493.412949 20.321591      NaN   -10     9 c    0   2.90 96.76571 -25.63984  5210.12  2107.71 2.71 2.60  59.6 -0.399    19.57 21.55 02a58493o0469c 0x000000  -1.111111
58493.421226 20.009244      NaN     0    12 c    0   1.62 96.76571 -25.63984  5175.88  2070.10 2.84 2.70  66.0 -0.391    19.53 21.51 02a58493o0487c 0x000000   0.000000
58493.429024 20.207197      NaN   -39    10 c    0   2.24 96.76571 -25.63984  5245.11  2150.84 2.68 2.58  76.5 -0.393    19.55 21.48 02a58493o0504c 0x000000  -3.900000
58493.437299 20.321591      NaN   -11     9 c    0   3.74 96.76571 -25.63984  5264.79  2035.99 2.73 2.59  70.0 -0.396    19.58 21.53 02a58493o0522c 0x000000  -1.222222
58573.260055 19.841877      NaN   -24    14 c    0   1.70 96.76571 -25.63984  6001.72  5995.45 2.95 2.35  49.3 -0.381    19.40 21.19 02a58573o0088c 0x000000  -1.714286
58573.267975 19.841877      NaN   -22    14 c    0   1.28 96.76571 -25.63984  5985.14  5958.22 2.81 2.41  52.5 -0.388    19.41 21.16 02a58573o0105c 0x000000  -1.571429
58573.275476 19.922338      NaN   -30    13 c    0   1.76 96.76571 -25.63984  6038.01  6035.06 2.85 2.45  54.3 -0.384    19.39 21.13 02a58573o0121c 0x000000  -2.307692
58573.282954 20.009244      NaN   -38    12 c    0   1.72 96.76571 -25.63984  6056.47  5919.24 2.81 2.44  54.6 -0.382    19.39 21.13 02a58573o0137c 0x000000  -3.166667
58577.262040 19.302877      NaN    21    16 c    0   1.02 96.76571 -25.63984  3409.59   148.33 2.58 2.34 -72.6 -0.394    19.44 21.11 02a58577o0090c 0x000000   1.312500
58577.263869 19.922338      NaN   -15    13 c    0   1.67 96.76571 -25.63984  8618.16  9878.80 3.07 2.67  57.5 -0.376    19.32 21.06 02a58577o0094c 0x000000  -1.153846
58577.270467 19.454622 0.289530    60    16 c    0   1.47 96.76571 -25.63984  3392.50   108.92 2.72 2.44 -68.0 -0.387    19.34 21.04 02a58577o0108c 0x000000   3.750000
58577.272319 19.696897      NaN   -31    16 c    0   1.23 96.76571 -25.63984  8600.53  9838.71 3.11 2.69  54.8 -0.373    19.29 21.01 02a58577o0112c 0x000000  -1.937500
58577.278514 19.436675      NaN    25    12 c    0   2.10 96.76571 -25.63984  3447.58   188.85 2.69 2.42 -69.5 -0.386    19.35 20.99 02a58577o0125c 0x000000   2.083333
58577.280369 19.766969      NaN   -39    15 c    0   1.22 96.76571 -25.63984  8672.45  9917.21 3.15 2.78  54.5 -0.367    19.26 20.96 02a58577o0129c 0x000000  -2.600000
58577.286981 19.212347      NaN    30    15 c    0   2.21 96.76571 -25.63984  3467.03    69.98 2.84 2.44 -59.5 -0.380    19.30 20.94 02a58577o0143c 0x000000   2.000000
58577.288876 19.696897      NaN   -47    16 c    0   1.25 96.76571 -25.63984  8691.91  9798.20 2.99 2.87  85.9 -0.376    19.27 20.91 02a58577o0147c 0x000000  -2.937500
58581.244002 20.009244      NaN   -23    12 c    0   3.33 96.76571 -25.63984   153.04  7862.80 2.66 2.31  43.6 -0.359    19.24 20.63 02a58581o0049c 0x000000  -1.916667
58581.253950 19.256669      NaN    18    18 c    0   1.30 96.76571 -25.63984   135.54  7823.44 2.61 2.37  36.5 -0.349    19.26 20.65 02a58581o0069c 0x000000   1.000000
58581.259224 19.922338      NaN   -21    13 c    0   1.90 96.76571 -25.63984  9708.54  7913.91 2.88 2.49  48.7 -0.386    19.30 20.72 02a58581o0080c 0x000000  -1.615385
58581.263184 19.841877      NaN    -6    14 c    0   1.79 96.76571 -25.63984   189.89  7900.36 2.61 2.37  49.4 -0.358    19.24 20.67 02a58581o0088c 0x000000  -0.428571
58581.268513 20.009244      NaN    -3    12 c    0   1.84 96.76571 -25.63984  9692.08  7875.68 2.81 2.52  49.8 -0.391    19.28 20.75 02a58581o0099c 0x000000  -0.250000
58581.272272 19.922338      NaN    -5    13 c    0   1.92 96.76571 -25.63984   210.68  7784.17 2.54 2.33  49.9 -0.345    19.27 20.68 02a58581o0107c 0x000000  -0.384615
58581.277513 20.009244      NaN   -24    12 c    0   2.70 96.76571 -25.63984  9763.53  7953.96 2.77 2.59  49.6 -0.391    19.31 20.78 02a58581o0118c 0x000000  -2.000000
58581.286022 19.766969      NaN     3    14 c    0   1.78 96.76571 -25.63984  9781.19  7836.64 2.67 2.52  54.3 -0.399    19.37 20.85 02a58581o0136c 0x000000   0.214286
58765.605525 20.103715      NaN     3    10 c    0   2.47 96.76571 -25.63984   856.17  6037.99 2.38 2.17 -44.4 -0.415    19.66 21.39 02a58765o0854c 0x000000   0.300000
58765.609581 20.207197      NaN   -29    10 c    0   2.21 96.76571 -25.63984   879.36  6073.90 2.34 2.18 -40.9 -0.418    19.65 21.41 02a58765o0862c 0x000000  -2.900000
58765.616911 20.009244      NaN    -3    12 c    0   2.17 96.76571 -25.63984   811.46  6001.24 2.46 2.22  13.6 -0.396    19.63 21.42 02a58765o0877c 0x000000  -0.250000
58765.629376 20.103715      NaN   -35    11 c    0   3.14 96.76571 -25.63984   790.34  6118.63 2.39 2.26 -34.9 -0.407    19.64 21.43 02a58765o0903c 0x000000  -3.181818
58789.509263 20.009244      NaN   -44    12 c    0   2.03 96.76571 -25.63984  5660.18  9802.52 2.57 2.43  51.1 -0.404    19.56 21.28 02a58789o0601c 0x000000  -3.666667
58789.512467 20.207197      NaN   -28    10 c    0   2.95 96.76571 -25.63984  5678.43  9841.85 2.58 2.44  53.5 -0.404    19.56 21.29 02a58789o0608c 0x000000  -2.800000
58789.518936 19.271854      NaN    35    12 c    0   1.57 96.76571 -25.63984  5622.82  9760.90 2.62 2.47 -64.5 -0.405    19.56 21.32 02a58789o0622c 0x000000   2.916667
58789.529107 20.103715      NaN   -30    11 c    0   2.44 96.76571 -25.63984  5600.43  9880.71 2.66 2.52  56.5 -0.398    19.60 21.40 02a58789o0644c 0x000000  -2.727273
58813.577330 20.321591      NaN   -18     9 c    0   1.91 96.76571 -25.63984  1660.43  4408.77 2.46 2.35  58.6 -0.410    19.69 21.67 02a58813o0392c 0x000000  -2.000000
58813.580570 20.321591      NaN    -8     9 c    0   2.50 96.76571 -25.63984  1641.11  4369.88 2.45 2.33  57.1 -0.411    19.73 21.66 02a58813o0399c 0x000000  -0.888889
58813.586597 20.449472      NaN   -22     8 c    0   2.99 96.76571 -25.63984  1699.04  4449.39 2.48 2.36  58.0 -0.408    19.69 21.63 02a58813o0412c 0x000000  -2.750000
58813.597289 20.321591      NaN    -6     9 c    0   2.71 96.76571 -25.63984  1719.07  4337.30 2.48 2.35  60.4 -0.408    19.64 21.55 02a58813o0435c 0x000000  -0.666667
58817.596392 15.293017      NaN -2644   924 c    0   0.75 96.76571 -25.63984  1698.25  4451.26 3.09 2.66  41.0 -0.351    14.10 15.85 02a58817o0592c 0x100002  -2.861472
58817.606205 19.051202      NaN     9    26 c    0   1.34 96.76571 -25.63984  1718.26  4335.10 2.74 2.59  48.0 -0.383    18.55 20.45 02a58817o0613c 0x000000   0.346154
58841.459808 20.009244      NaN   -44    12 c    0   1.55 96.76571 -25.63984  6800.51   653.28 2.79 2.39 -59.6 -0.410    19.70 21.76 02a58841o0589c 0x000000  -3.666667
58841.463514 19.841877      NaN   -70    14 c    0   0.94 96.76571 -25.63984  6782.42   615.58 2.84 2.46 -61.8 -0.408    19.66 21.75 02a58841o0597c 0x000000  -5.000000
58841.469476 20.207197      NaN   -40    10 c    0   2.50 96.76571 -25.63984  6840.73   696.19 2.84 2.53 -63.2 -0.405    19.60 21.73 02a58841o0610c 0x000000  -4.000000
58841.480119 20.207197      NaN   -16    10 c    0   2.02 96.76571 -25.63984  6864.17   581.11 2.89 2.49 -58.3 -0.409    19.63 21.73 02a58841o0633c 0x000000  -1.600000
58845.483209 19.922338      NaN     0    13 c    0   2.63 96.76571 -25.63984  8717.04   546.91 2.61 2.15 -61.0 -0.407    19.77 21.85 02a58845o0630c 0x000000   0.000000
58845.488617 20.103715      NaN   -10    11 c    0   2.32 96.76571 -25.63984  8700.40   507.79 2.56 2.12 -59.6 -0.409    19.74 21.85 02a58845o0641c 0x000000  -0.909091
58845.491394 20.103715      NaN   -12    11 c    0   3.00 96.76571 -25.63984  8759.17   585.08 2.71 2.21 -58.6 -0.404    19.75 21.86 02a58845o0647c 0x000000  -1.090909
58845.502132 19.436675      NaN    13    16 c    0   2.03 96.76571 -25.63984  8780.79   469.86 2.78 2.19 -56.4 -0.400    19.65 21.85 02a58845o0670c 0x000000   0.812500
58869.413903 20.594452      NaN   -16     7 c    0   3.91 96.76571 -25.63984   908.42  2351.75 2.63 2.33 -64.2 -0.419    19.75 21.98 02a58869o0452c 0x000000  -2.285714
58869.416763 20.321591      NaN   -40     9 c    0   2.76 96.76571 -25.63984   889.36  2312.36 2.73 2.40 -59.3 -0.419    19.77 22.00 02a58869o0458c 0x000000  -4.444444
58869.423583 20.594452      NaN   -41     7 c    0   3.01 96.76571 -25.63984   947.19  2392.33 2.60 2.31 -65.2 -0.422    19.78 21.98 02a58869o0472c 0x000000  -5.857143
58869.436497 20.449472      NaN   -13     8 c    0   2.84 96.76571 -25.63984   967.03  2276.30 2.67 2.42 -65.9 -0.418    19.76 21.96 02a58869o0498c 0x000000  -1.625000
58873.392026 20.321591      NaN   -33     9 c    0   2.33 96.76571 -25.63984   907.71  2346.78 2.55 2.32 -68.1 -0.423    19.70 21.69 02a58873o0403c 0x000000  -3.666667
58873.394850 20.449472      NaN   -10     8 c    0   3.09 96.76571 -25.63984   888.39  2305.53 2.54 2.31 -65.9 -0.422    19.75 21.68 02a58873o0409c 0x000000  -1.250000
58873.400039 20.137125      NaN     2    10 c    0   2.23 96.76571 -25.63984   948.17  2388.06 2.52 2.31 -72.0 -0.426    19.74 21.68 02a58873o0420c 0x000000   0.200000
58873.411161 20.207197      NaN   -20    10 c    0   1.47 96.76571 -25.63984   970.13  2273.21 2.59 2.33 -71.5 -0.426    19.72 21.66 02a58873o0444c 0x000000  -2.000000
58877.331578 20.103715      NaN   -35    11 c    0   1.37 96.76571 -25.63984  4574.81  1841.27 2.74 2.59  42.4 -0.374    19.63 21.79 02a58877o0272c 0x000000  -3.181818
58877.334823 20.321591      NaN   -27     9 c    0   1.83 96.76571 -25.63984  4595.39  1880.01 2.75 2.60  44.3 -0.381    19.63 21.80 02a58877o0279c 0x000000  -3.000000
58877.343498 20.594452      NaN   -37     7 c    0   2.55 96.76571 -25.63984  4533.31  1806.22 2.51 2.42  41.1 -0.390    19.72 21.79 02a58877o0297c 0x000000  -5.285714
58877.352967 20.321591      NaN   -37     9 c    0   2.95 96.76571 -25.63984  6034.96  8627.28 3.06 2.68  41.7 -0.377    19.65 21.81 02a58877o0317c 0x000000  -4.111111
58905.298141 20.321591      NaN   -11     9 c    0   2.51 96.76571 -25.63984  5815.19  4740.38 2.60 2.47 -73.6 -0.402    19.63 21.70 02a58905o0196c 0x000000  -1.222222
58905.300885 20.321591      NaN    -6     9 c    0   3.27 96.76571 -25.63984  5796.96  4702.06 2.52 2.42 -78.5 -0.404    19.66 21.70 02a58905o0202c 0x000000  -0.666667
58905.305458 20.207197      NaN    -6    10 c    0   1.86 96.76571 -25.63984  5855.21  4782.19 2.64 2.42 -63.0 -0.401    19.63 21.70 02a58905o0212c 0x000000  -0.600000
58905.313251 20.321591      NaN    -1     9 c    0   1.50 96.76571 -25.63984  5876.21  4665.90 2.79 2.56 -62.5 -0.392    19.62 21.70 02a58905o0229c 0x000000  -0.111111
58929.300100 20.009244 0.361912    36    12 c    0   1.48 96.76571 -25.63984  8847.37  2499.19 2.59 2.22 -60.3 -0.404    19.60 21.43 02a58929o0172c 0x000000   3.000000
58929.303309 19.743105      NaN    19     9 c    0   3.32 96.76571 -25.63984  8829.31  2460.74 2.74 2.20 -59.4 -0.410    19.60 21.42 02a58929o0179c 0x000000   2.111111
58929.308827 19.791368      NaN    14    10 c    0   2.52 96.76571 -25.63984  8886.30  2538.06 2.64 2.19 -58.7 -0.408    19.56 21.37 02a58929o0191c 0x000000   1.400000
58929.320346 20.207197      NaN    -1    10 c    0   2.82 96.76571 -25.63984  8905.70  2422.63 2.69 2.20 -56.6 -0.408    19.56 21.26 02a58929o0216c 0x000000  -0.100000
58949.243196 19.419021      NaN    20    14 c    0   1.78 96.76571 -25.63984  2044.19  8881.76 2.70 2.51 -43.2 -0.388    19.33 20.96 02a58949o0046c 0x000000   1.428571
58949.246513 19.841877      NaN   -25    14 c    0   1.90 96.76571 -25.63984  2024.88  8841.28 2.89 2.56 -30.2 -0.383    19.32 21.04 02a58949o0053c 0x000000  -1.785714
58949.282873 19.241693      NaN    13    20 c    0   2.30 96.76571 -25.63984  2085.16  8918.93 3.02 2.66 -33.1 -0.375    18.71 20.34 02a58949o0063c 0x000000   0.650000
58957.233420 18.191747      NaN     6    62 c    0   1.37 96.76571 -25.63984  8270.27  9113.50 3.15 2.83  45.6 -0.372    18.17 19.28 02a58957o0005c 0x100002   0.096774
58957.236266 18.623526      NaN    51    26 c    0   1.89 96.76571 -25.63984  8250.28  9072.51 2.95 2.66  45.8 -0.370    18.69 19.85 02a58957o0011c 0x000000   1.961538
58957.241392 19.351140      NaN   -17    22 c    0   1.60 96.76571 -25.63984  8309.80  9150.88 2.95 2.69  46.5 -0.371    18.89 20.31 02a58957o0022c 0x000000  -0.772727
58957.252776 19.128787      NaN    24    19 c    0   1.21 96.76571 -25.63984  8322.13  9030.26 2.86 2.66  46.9 -0.378    19.02 20.48 02a58957o0045c 0x000000   1.263158
59109.611814 19.791368 0.296110    44    12 c    0   2.12 96.76571 -25.63984  7553.71  9717.90 2.79 2.67  46.7 -0.400    19.55 21.38 02a59109o0871c 0x000000   3.666667
59109.617323 20.103715      NaN    -9    11 c    0   1.74 96.76571 -25.63984  7571.54  9757.65 2.76 2.57  50.4 -0.398    19.57 21.41 02a59109o0883c 0x000000  -0.818182
59109.634260 19.351140      NaN    24    14 c    0   1.73 96.76571 -25.63984  7515.18  9677.01 2.65 2.51  52.8 -0.401    19.35 20.87 02a59109o0919c 0x000000   1.714286
59109.638416 19.212347      NaN    -9    25 c    0   1.54 96.76571 -25.63984  7496.99  9794.50 2.62 2.51  58.1 -0.405    18.82 20.07 02a59109o0928c 0x000000  -0.360000
59113.611181 19.743105 0.306838    46    13 c    0   1.36 96.76571 -25.63984  7553.00  9718.46 2.84 2.74  40.1 -0.386    19.40 21.32 02a59113o0810c 0x000000   3.538462
59113.616289 19.631075 0.319334    51    15 c    0   1.75 96.76571 -25.63984  7570.73  9758.29 2.92 2.57  44.7 -0.385    19.26 21.17 02a59113o0821c 0x000000   3.400000
59113.627301 19.051202      NaN    33    18 c    0   1.69 96.76571 -25.63984  7515.81  9677.35 2.77 2.70  79.7 -0.400    18.87 20.69 02a59113o0845c 0x000000   1.833333
59113.632331 19.569016      NaN   -73    18 c    0   2.00 96.76571 -25.63984  7495.59  9795.95 2.96 2.85  73.1 -0.390    18.91 20.72 02a59113o0856c 0x000000  -4.055556
59117.613120 20.103715      NaN   -16    11 c    0   1.29 96.76571 -25.63984  4633.48  3878.25 2.44 2.38  51.8 -0.398    19.48 21.25 02a59117o0778c 0x000000  -1.454545
59117.618627 20.009244      NaN   -31    12 c    0   1.74 96.76571 -25.63984  4651.40  3916.99 2.42 2.36  44.4 -0.403    19.51 21.28 02a59117o0790c 0x000000  -2.583333
59117.632065 20.039830      NaN     5    10 c    0   2.41 96.76571 -25.63984  4598.22  3837.13 2.41 2.37 -83.6 -0.400    19.45 21.11 02a59117o0819c 0x000000   0.500000
59117.638415 19.696897      NaN    -4    16 c    0   1.61 96.76571 -25.63984  4578.85  3952.35 2.50 2.46  48.3 -0.396    18.95 20.30 02a59117o0832c 0x000000  -0.250000
59137.594798 20.207197      NaN    -4    10 c    0   2.39 96.76571 -25.63984  8777.12  4201.91 2.50 2.34  29.6 -0.382    19.69 21.48 02a59137o0873c 0x000000  -0.400000
59137.600707 20.207197      NaN    -8    10 c    0   2.30 96.76571 -25.63984  8794.91  4243.17 2.49 2.35  26.1 -0.381    19.72 21.49 02a59137o0885c 0x000000  -0.800000
59137.604821 20.207197      NaN    -7    10 c    0   1.55 96.76571 -25.63984  8735.42  4162.50 2.65 2.31  30.0 -0.375    19.66 21.49 02a59137o0894c 0x000000  -0.700000
59137.620565 20.137125      NaN     2    10 c    0   3.17 96.76571 -25.63984  1831.76  6273.59 2.77 2.38  34.6 -0.384    19.58 21.48 02a59137o0928c 0x000000   0.200000
59141.584769 20.321591      NaN     0     9 c    0   2.34 96.76571 -25.63984  5546.74  7842.92 2.63 2.32  38.3 -0.397    19.66 21.53 02a59141o0725c 0x000000   0.000000
59141.600805 19.979496 0.352131    37    12 c    0   1.53 96.76571 -25.63984  5571.20  7881.18 2.53 2.33  41.5 -0.398    19.69 21.54 02a59141o0758c 0x000000   3.083333
59141.603580 20.103715      NaN     6     9 c    0   3.11 96.76571 -25.63984  5513.56  7802.59 2.61 2.35  38.8 -0.397    19.70 21.55 02a59141o0764c 0x000000   0.666667
59141.612734 20.207197      NaN    -4    10 c    0   2.10 96.76571 -25.63984  5494.03  7920.58 2.65 2.42  38.5 -0.391    19.66 21.53 02a59141o0784c 0x000000  -0.400000
59145.578066 19.696897      NaN    15    11 c    0   1.46 96.76571 -25.63984  5545.85  7841.88 2.75 2.34  36.9 -0.385    19.71 21.69 02a59145o0840c 0x000000   1.363636
59145.580352 20.039830      NaN    11     8 c    0   2.07 96.76571 -25.63984  5565.06  7879.47 2.61 2.33  36.2 -0.394    19.68 21.67 02a59145o0845c 0x000000   1.375000
59145.583094 19.589310      NaN    23    10 c    0   1.99 96.76571 -25.63984  5507.71  7802.81 2.71 2.31  35.7 -0.386    19.66 21.69 02a59145o0851c 0x000000   2.300000
59145.589849 20.207197      NaN   -11    10 c    0   1.62 96.76571 -25.63984  5489.85  7918.69 2.71 2.33  35.4 -0.385    19.70 21.68 02a59145o0865c 0x000000  -1.100000
59169.518710 20.071303      NaN     4    10 c    0   1.71 96.76571 -25.63984   857.13  6031.26 2.56 2.29  17.9 -0.390    19.58 21.46 02a59169o0737c 0x000000   0.400000
59169.520540 19.674510      NaN    19    10 c    0   2.16 96.76571 -25.63984   876.10  6069.53 2.47 2.31  11.5 -0.399    19.63 21.45 02a59169o0741c 0x000000   1.900000
59169.523284 19.631075      NaN    18    11 c    0   1.73 96.76571 -25.63984   817.40  5993.34 2.54 2.32  16.7 -0.389    19.58 21.44 02a59169o0747c 0x000000   1.636364
59169.534247 19.950541      NaN     8    10 c    0   1.57 96.76571 -25.63984   795.77  6110.00 2.58 2.28  18.6 -0.383    19.62 21.50 02a59169o0770c 0x000000   0.800000
59193.482209 19.674510      NaN    19    10 c    0   2.60 96.76571 -25.63984  4900.49   758.63 2.61 2.38 -70.6 -0.413    19.72 21.83 02a59193o0654c 0x000000   1.900000
59193.485979 19.841877      NaN    15     9 c    0   2.87 96.76571 -25.63984  4882.48   718.27 2.79 2.52 -71.8 -0.411    19.67 21.81 02a59193o0662c 0x000000   1.666667
59193.492010 20.282105      NaN     1     9 c    0   3.36 96.76571 -25.63984  4939.73   799.39 2.61 2.37 -71.1 -0.413    19.68 21.82 02a59193o0675c 0x000000   0.111111
59193.502282 19.841877 0.232658    42     9 c    0   3.31 96.76571 -25.63984  4963.76   683.78 2.81 2.43 -60.8 -0.408    19.67 21.80 02a59193o0697c 0x000000   4.666667
59195.503719 20.449472      NaN   -11     8 c    0   2.17 96.76571 -25.63984  4736.54  5813.89 2.75 2.61 -10.4 -0.334    19.65 21.95 01a59195o0694c 0x000000  -1.375000
59195.506941 20.761819      NaN   -13     6 c    0   2.41 96.76571 -25.63984  4756.03  5851.66 2.70 2.60 -45.7 -0.335    19.68 21.96 01a59195o0701c 0x000000  -2.166667
59195.512538 20.449472      NaN    -9     8 c    0   3.25 96.76571 -25.63984  4697.17  5775.91 2.56 2.45 -44.6 -0.348    19.74 21.92 01a59195o0713c 0x000000  -1.125000
59195.547585 19.816329      NaN    16     9 c    0   1.90 96.76571 -25.63984  4682.15  5890.12 2.59 2.50 -39.7 -0.352    19.66 21.77 01a59195o0788c 0x000000   1.777778
59197.447841 20.282105      NaN     1     9 c    0   4.30 96.76571 -25.63984  2698.27  3975.59 2.39 2.31  34.3 -0.402    19.68 21.66 02a59197o0550c 0x000000   0.111111
59197.449671 19.766969      NaN    18     9 c    0   2.21 96.76571 -25.63984  2717.41  4013.97 2.47 2.34  31.0 -0.398    19.67 21.67 02a59197o0554c 0x000000   2.000000
59197.452412 20.244005      NaN     2     9 c    0   1.94 96.76571 -25.63984  2661.61  3938.60 2.34 2.33  84.5 -0.405    19.72 21.67 02a59197o0560c 0x000000   0.222222
59197.457447 19.950541      NaN     8    10 c    0   2.05 96.76571 -25.63984  2640.47  4052.23 2.33 2.29  33.1 -0.403    19.73 21.70 02a59197o0571c 0x000000   0.800000
59205.463250 19.922338      NaN     6    11 c    0   1.55 96.76571 -25.63984  9811.98  6456.92 2.84 2.72 -82.1 -0.398    19.60 21.47 02a59205o0581c 0x000000   0.545455
59205.466452 20.207197      NaN   -21    10 c    0   2.20 96.76571 -25.63984  9792.90  6419.83 2.79 2.68  47.7 -0.400    19.61 21.48 02a59205o0588c 0x000000  -2.100000
59205.472403 20.207197      NaN   -20    10 c    0   1.83 96.76571 -25.63984  9851.92  6501.20 2.89 2.68  48.3 -0.390    19.59 21.49 02a59205o0601c 0x000000  -2.000000
59205.482473 20.207197      NaN   -53    10 c    0   2.46 96.76571 -25.63984  9874.61  6385.27 2.72 2.61  81.1 -0.405    19.68 21.50 02a59205o0623c 0x000000  -5.300000
59220.387736 20.207197      NaN    -7    10 c    0   1.52 96.76571 -25.63984  8846.67  2485.59 3.43 2.90 -88.9 -0.367    19.58 21.81 01a59220o0424c 0x000000  -0.700000
59220.390965 20.009244      NaN     6    10 c    0   1.80 96.76571 -25.63984  8829.02  2447.83 3.21 2.89 -64.3 -0.354    19.60 21.78 01a59220o0431c 0x000000   0.600000
59220.398413 19.841877      NaN     6    12 c    0   1.30 96.76571 -25.63984  8886.26  2524.70 3.30 3.03 -74.7 -0.362    19.55 21.74 01a59220o0447c 0x000000   0.500000
59220.417033 20.207197      NaN   -13    10 c    0   2.06 96.76571 -25.63984  1674.49  8172.29 2.91 2.58 -50.2 -0.355    19.58 21.73 01a59220o0486c 0x000000  -1.300000
59220.434769 20.207197      NaN   -10    10 c    0   1.92 96.76571 -25.63984  1714.48  8111.88 2.87 2.53 -45.2 -0.355    19.61 21.68 01a59220o0523c 0x000000  -1.000000
59221.378657 19.922338      NaN     9    10 c    0   2.52 96.76571 -25.63984  6549.20  1755.06 2.38 2.37 -89.5 -0.393    19.73 21.70 02a59221o0403c 0x000000   0.900000
59221.380487 19.719755      NaN    17    10 c    0   1.70 96.76571 -25.63984  6578.60  1790.49 2.40 2.33 -68.3 -0.399    19.74 21.72 02a59221o0407c 0x000000   1.700000
59221.383232 20.207197      NaN   -16    10 c    0   1.80 96.76571 -25.63984  6519.64  1712.10 2.63 2.43 -63.2 -0.394    19.64 21.72 02a59221o0413c 0x000000  -1.600000
59221.388298 20.207197      NaN     6     8 c    0   2.51 96.76571 -25.63984  6497.39  1830.29 2.49 2.44  60.1 -0.393    19.66 21.69 02a59221o0424c 0x000000   0.750000
59221.474846 20.103715      NaN   -27    11 c    0   1.81 96.76571 -25.63984  4032.83  8787.01 2.68 2.51  53.4 -0.385    19.63 21.68 02a59221o0610c 0x000000  -2.454545
59223.433016 20.009244      NaN   -33    12 c    0   1.69 96.76571 -25.63984  1741.52  8090.78 2.51 2.24 -58.6 -0.366    19.52 21.54 01a59223o0518c 0x000000  -2.750000
59223.436790 20.103715      NaN    -6    11 c    0   2.57 96.76571 -25.63984  1760.01  8129.34 2.42 2.20 -58.6 -0.380    19.41 21.40 01a59223o0526c 0x000000  -0.545455
59223.442526 19.950541      NaN    11     9 c    0   4.10 96.76571 -25.63984  1704.62  8053.04 2.54 2.25 -68.4 -0.378    19.76 21.90 01a59223o0538c 0x000000   1.222222
59223.475972 19.894850      NaN    10    10 c    0   2.05 96.76571 -25.63984  1684.00  8168.81 3.04 2.92 -76.0 -0.340    19.53 21.86 01a59223o0609c 0x000000   1.000000
59227.402984 20.449472      NaN   -18     8 c    0   2.30 96.76571 -25.63984  8772.93  4180.92 2.64 2.53 -82.9 -0.376    19.84 22.27 01a59227o0395c 0x000000  -2.250000
59227.406213 20.449472      NaN   -11     8 c    0   2.72 96.76571 -25.63984  8793.10  4219.33 2.66 2.55 -52.9 -0.372    19.84 22.27 01a59227o0402c 0x000000  -1.375000
59227.412202 20.449472      NaN   -19     8 c    0   2.88 96.76571 -25.63984  8733.77  4141.82 2.64 2.46 -79.3 -0.384    19.87 22.27 01a59227o0415c 0x000000  -2.375000
59227.421985 20.321591      NaN    -5     9 c    0   2.21 96.76571 -25.63984  8713.72  4255.88 2.72 2.65  -4.5 -0.369    19.76 22.25 01a59227o0436c 0x000000  -0.555556
59229.442706 20.321591      NaN    -2     9 c    0   3.09 96.76571 -25.63984  6914.87  2611.97 2.60 2.43 -73.5 -0.381    19.66 21.64 02a59229o0536c 0x000000  -0.222222
59229.446381 20.321591 0.321700    27     8 c    0   4.15 96.76571 -25.63984  6896.02  2573.95 2.57 2.44  85.5 -0.382    19.64 21.65 02a59229o0544c 0x000000   3.375000
59229.452361 20.009244      NaN    12     8 c    0   2.78 96.76571 -25.63984  6955.03  2654.51 2.58 2.42 -77.3 -0.378    19.65 21.63 02a59229o0557c 0x000000   1.500000
59229.462465 20.207197      NaN   -10    10 c    0   2.49 96.76571 -25.63984  6974.76  2537.99 2.58 2.46  73.9 -0.377    19.63 21.63 02a59229o0579c 0x000000  -1.000000
59231.391264 20.321591      NaN   -19     9 c    0   2.01 96.76571 -25.63984  8769.27  4179.51 3.11 2.40 -79.6 -0.422    19.73 21.89 01a59231o0293c 0x000000  -2.111111
59231.394504 20.103715      NaN   -28    11 c    0   1.31 96.76571 -25.63984  8789.10  4217.65 2.74 2.36 -75.3 -0.412    19.83 21.91 01a59231o0300c 0x000000  -2.545455
59231.400026 20.449472      NaN   -52     8 c    0   2.97 96.76571 -25.63984  8730.96  4139.41 3.02 2.34 -82.1 -0.433    19.73 21.87 01a59231o0312c 0x000000  -6.500000
59231.412464 20.449472      NaN    -6     8 c    0   2.16 96.76571 -25.63984  8710.79  4254.23 3.21 2.64 -78.4 -0.406    19.64 21.90 01a59231o0339c 0x000000  -0.750000
59251.375274 20.207197      NaN   -17    10 c    0   2.28 96.76571 -25.63984  2271.18  1484.15 2.47 2.23  70.6 -0.439    19.62 21.67 01a59251o0366c 0x000000  -1.700000
59251.379421 19.950541      NaN     8    10 c    0   1.55 96.76571 -25.63984  2291.94  1521.64 2.47 2.29  64.7 -0.411    19.65 21.68 01a59251o0375c 0x000000   0.800000
59251.385410 20.207197      NaN    -8    10 c    0   1.43 96.76571 -25.63984  2231.50  1445.42 2.58 2.28  73.1 -0.437    19.59 21.68 01a59251o0388c 0x000000  -0.800000
59251.396019 19.549093      NaN    16    13 c    0   1.71 96.76571 -25.63984  2213.45  1562.31 2.57 2.27  73.8 -0.444    19.62 21.67 01a59251o0411c 0x000000   1.230769
59253.413775 20.039830      NaN     8     9 c    0   2.55 96.76571 -25.63984  7752.21  4646.05 2.69 2.64  77.0 -0.379    19.55 21.64 02a59253o0162c 0x000000   0.888889
59253.417895 19.979496      NaN    13     8 c    0   2.59 96.76571 -25.63984  7734.47  4611.34 2.63 2.55 -84.5 -0.382    19.58 21.63 02a59253o0171c 0x000000   1.625000
59253.424311 19.652575      NaN    20    10 c    0   1.84 96.76571 -25.63984  7791.27  4688.38 2.78 2.67  61.3 -0.379    19.53 21.60 02a59253o0185c 0x000000   2.000000
59253.438095 20.071303      NaN     4    10 c    0   2.31 96.76571 -25.63984  7811.57  4570.26 2.81 2.74  70.3 -0.372    19.47 21.51 02a59253o0215c 0x000000   0.400000
59255.334760 20.321591      NaN   -13     9 c    0   2.60 96.76571 -25.63984  2268.44  1505.17 2.70 2.54  73.6 -0.389    19.53 21.56 01a59255o0262c 0x000000  -1.444444
59255.338440 19.894850 0.271434    40    10 c    0   2.31 96.76571 -25.63984  2288.15  1543.45 2.55 2.40  54.5 -0.385    19.58 21.55 01a59255o0270c 0x000000   4.000000
59255.343973 20.009244      NaN     6    10 c    0   2.04 96.76571 -25.63984  2227.25  1464.31 2.64 2.46  48.0 -0.386    19.55 21.54 01a59255o0282c 0x000000   0.600000
59255.354561 20.321591      NaN    -4     9 c    0   2.58 96.76571 -25.63984  2209.30  1578.79 2.79 2.63  54.4 -0.362    19.48 21.58 01a59255o0305c 0x000000  -0.444444
59257.343512 19.696897      NaN    15    11 c    0   1.46 96.76571 -25.63984  7750.43  4646.11 2.89 2.52  43.6 -0.368    19.65 21.74 02a59257o0298c 0x000000   1.363636
59257.346712 19.652575      NaN    23     9 c    0   2.28 96.76571 -25.63984  7731.99  4606.62 2.73 2.57  58.9 -0.374    19.65 21.74 02a59257o0305c 0x000000   2.555556
59257.352203 19.631075      NaN    21    10 c    0   1.86 96.76571 -25.63984  7790.18  4683.58 3.03 2.66  41.3 -0.364    19.56 21.75 02a59257o0317c 0x000000   2.100000
59257.362280 20.207197      NaN   -10    10 c    0   1.52 96.76571 -25.63984  7810.55  4569.39 2.93 2.65  50.4 -0.365    19.62 21.73 02a59257o0339c 0x000000  -1.000000
59259.369205 20.207197      NaN   -23    10 c    0   2.28 96.76571 -25.63984   867.40  6085.93 2.52 2.22 -80.3 -0.388    19.71 21.72 01a59259o0168c 0x000000  -2.300000
59259.372895 19.696897      NaN    21     9 c    0   2.08 96.76571 -25.63984   887.37  6123.77 2.56 2.28 -79.9 -0.391    19.69 21.68 01a59259o0176c 0x000000   2.333333
59259.379806 20.321591      NaN    -6     9 c    0   2.78 96.76571 -25.63984   829.39  6046.99 2.46 2.18 -81.3 -0.395    19.70 21.66 01a59259o0191c 0x000000  -0.666667
59259.390863 19.696897      NaN    18    10 c    0   2.63 96.76571 -25.63984   810.29  6160.76 2.69 2.49 -62.2 -0.382    19.62 21.69 01a59259o0215c 0x000000   1.800000
59261.319081 19.841877 0.361912    42    14 c    0   1.12 96.76571 -25.63984    40.14  8941.76 2.33 2.24 -40.4 -0.454    19.65 21.54 02a59261o0240c 0x000000   3.000000
59261.328709 19.510313      NaN    21    12 c    0   8.58 96.76571 -25.63984    83.80  8981.49 2.42 2.24 -52.9 -0.458    19.66 21.59 02a59261o0261c 0x000000   1.750000
59261.330997 20.207197      NaN   -14    10 c    0   2.43 96.76571 -25.63984 10249.87  8987.41 2.83 2.67  51.9 -0.383    19.68 21.59 02a59261o0266c 0x000000  -1.400000
59261.334223 19.868040      NaN     5    12 c    0   1.90 96.76571 -25.63984 10229.55  8949.59 2.86 2.74  61.8 -0.376    19.67 21.60 02a59261o0273c 0x000000   0.416667
59261.338819 20.207197      NaN   -16    10 c    0   3.60 96.76571 -25.63984   105.78  8863.24 2.43 2.34 -51.5 -0.437    19.67 21.64 02a59261o0283c 0x000000  -1.600000
59261.339734 19.979496      NaN     7    10 c    0   2.12 96.76571 -25.63984 10290.81  9027.51 2.86 2.73  57.7 -0.370    19.65 21.64 02a59261o0285c 0x000000   0.700000
59261.349904 19.922338      NaN     6    11 c    0   1.77 96.76571 -25.63984 10311.95  8912.98 2.88 2.72  51.2 -0.377    19.63 21.63 02a59261o0307c 0x000000   0.545455
59277.363512 19.766969      NaN   -28    15 c    0   1.82 96.76571 -25.63984  5991.78  8713.04 3.11 3.03  78.8 -0.361    19.32 21.38 02a59277o0329c 0x000000  -1.866667
59277.371130 14.484898      NaN -5108  1945 c    0   0.70 96.76571 -25.63984  5973.62  8673.81 3.17 3.12  81.7 -0.365    14.03 16.10 02a59277o0344c 0x100002  -2.626221
59289.261344 17.491297      NaN   -80   122 c    0   0.76 96.76571 -25.63984  3732.04  6281.25 2.54 2.29  52.0 -0.395    17.01 18.45 02a59289o0072c 0x100002  -0.655738
59289.264546 14.964343      NaN   509  1081 c    0   0.90 96.76571 -25.63984  3711.98  6244.41 2.54 2.30  46.3 -0.399    14.56 16.03 02a59289o0079c 0x100002   0.470860
59289.318823 20.103715      NaN     0    11 c    0   1.76 96.76571 -25.63984  3773.04  6321.09 2.68 2.29  48.7 -0.373    19.63 21.43 02a59289o0090c 0x000000   0.000000
59289.326233 20.103715      NaN   -35    11 c    0   1.90 96.76571 -25.63984  3792.50  6205.39 2.62 2.29  48.9 -0.375    19.56 21.41 02a59289o0106c 0x000000  -3.181818
59307.259991 19.766969      NaN    15    10 c    0   2.03 96.76571 -25.63984  8918.96  6128.76 2.49 2.27  81.7 -0.391    19.67 21.05 01a59307o0071c 0x000000   1.500000
59307.263218 20.103715      NaN   -20    11 c    0   1.64 96.76571 -25.63984  8936.99  6166.41 2.50 2.26  71.0 -0.396    19.66 21.05 01a59307o0078c 0x000000  -1.818182
59307.268747 20.009244      NaN   -19    12 c    0   1.73 96.76571 -25.63984  8878.56  6089.79 2.51 2.20  82.1 -0.401    19.67 21.05 01a59307o0090c 0x000000  -1.583333
59307.279835 19.816329      NaN     7    12 c    0   1.89 96.76571 -25.63984  8858.49  6206.28 2.52 2.33  85.3 -0.398    19.65 21.07 01a59307o0114c 0x000000   0.583333
59311.244228 19.922338      NaN    -9    13 c    0   1.61 96.76571 -25.63984  8918.88  6128.79 2.43 2.31  62.6 -0.382    19.54 21.09 01a59311o0058c 0x000000  -0.692308
59311.247459 20.207197      NaN    -9    10 c    0   2.18 96.76571 -25.63984  8938.79  6167.78 2.44 2.33  57.3 -0.381    19.63 21.19 01a59311o0065c 0x000000  -0.900000
59311.252989 20.103715      NaN   -19    11 c    0   1.52 96.76571 -25.63984  8880.45  6088.99 2.45 2.31  60.1 -0.386    19.61 21.21 01a59311o0077c 0x000000  -1.727273
59311.265461 20.103715      NaN   -35    11 c    0   1.52 96.76571 -25.63984  8860.40  6205.18 2.51 2.32  81.5 -0.399    19.58 21.19 01a59311o0104c 0x000000  -3.181818
59315.248544 20.449472      NaN   -16     8 c    0   5.04 96.76571 -25.63984  6502.20  1758.94 2.27 2.16   1.0 -0.386    19.82 21.31 01a59315o0065c 0x000000  -2.000000
59315.252701 20.449472      NaN    -9     8 c    0   2.62 96.76571 -25.63984  6522.61  1797.64 2.23 2.13  -1.3 -0.386    19.77 21.30 01a59315o0074c 0x000000  -1.125000
59315.259159 20.009244      NaN   -31    12 c    0   1.46 96.76571 -25.63984  6463.74  1719.69 2.19 2.15  12.1 -0.392    19.79 21.26 01a59315o0088c 0x000000  -2.583333
59315.271623 20.449472      NaN     0     8 c    0   2.91 96.76571 -25.63984  6444.09  1838.62 2.22 2.21  -8.3 -0.389    19.72 21.20 01a59315o0115c 0x000000   0.000000
59319.229205 18.878500      NaN   -27    34 c    0   0.89 96.76571 -25.63984  6497.41  1757.82 2.30 2.21  26.4 -0.380    18.41 18.91 01a59319o0022c 0x100002  -0.794118
59319.232432 19.696897      NaN   -68    16 c    0   1.98 96.76571 -25.63984  6520.40  1797.71 2.30 2.25  55.2 -0.378    18.99 19.71 01a59319o0029c 0x000000  -4.250000
59319.238892 20.103715      NaN   -27    11 c    0   1.97 96.76571 -25.63984  6461.50  1719.63 2.32 2.21  31.8 -0.376    19.53 20.68 01a59319o0043c 0x000000  -2.454545
59319.249033 20.449472      NaN   -34     8 c    0   4.01 96.76571 -25.63984  6443.25  1836.45 2.36 2.26  43.1 -0.391    19.59 20.97 01a59319o0065c 0x000000  -4.250000
59461.615170 19.609992      NaN     1    17 c    0   3.77 96.76571 -25.63984 10504.85  1607.10 2.69 2.24 -52.7 -0.403    19.45 21.18 02a59461o0853c 0x000000   0.058824
59461.619316 16.862717      NaN   146   169 c    0   0.42 96.76571 -25.63984 10524.09  1647.94 2.61 2.29 -51.4 -0.402    19.48 21.19 02a59461o0862c 0x100002   0.863905
59461.624378 19.652575      NaN     5    15 c    0   1.30 96.76571 -25.63984 10464.47  1567.65 2.63 2.32 -52.0 -0.390    19.44 21.14 02a59461o0873c 0x000000   0.333333
59465.611860 19.063754      NaN    38    16 c    0   2.74 96.76571 -25.63984 10497.71  1609.19 2.58 2.30 -53.7 -0.409    19.49 21.32 02a59465o0855c 0x000000   2.375000
59465.616965 17.057018      NaN    84   154 c    0   0.17 96.76571 -25.63984 10520.70  1648.18 2.54 2.28 -52.7 -0.406    19.53 21.37 02a59465o0866c 0x100002   0.545455
59465.635200 19.454622      NaN   -23    20 c    0   1.79 96.76571 -25.63984 10460.27  1570.54 2.48 2.19 -52.1 -0.408    18.96 20.25 02a59465o0905c 0x000000  -1.150000
59525.548564 19.491430      NaN    16    14 c    0   1.52 96.76571 -25.63984  1714.68  8055.46 2.84 2.61 -51.9 -0.390    19.43 21.19 02a59525o0235c 0x000000   1.142857
59525.550393 19.287255      NaN    25    15 c    0   1.20 96.76571 -25.63984  1733.70  8092.23 2.77 2.53 -50.5 -0.394    19.45 21.19 02a59525o0239c 0x000000   1.666667
59525.554103 19.652575      NaN    14    12 c    0   1.80 96.76571 -25.63984  1676.48  8014.88 2.67 2.40 -52.4 -0.398    19.50 21.18 02a59525o0247c 0x000000   1.166667
59525.561454 20.009244      NaN    -6    12 c    0   1.99 96.76571 -25.63984  1657.34  8130.12 2.64 2.37 -52.9 -0.406    19.51 21.18 02a59525o0263c 0x000000  -0.500000
59529.520286 20.207197      NaN   -13    10 c    0   3.96 96.76571 -25.63984  1709.87  8056.33 2.41 2.36  -0.1 -0.399    19.60 21.50 02a59529o0730c 0x000000  -1.300000
59529.523059 20.207197      NaN    -5    10 c    0   1.65 96.76571 -25.63984  1728.98  8094.74 2.46 2.35  15.8 -0.398    19.60 21.51 02a59529o0736c 0x000000  -0.500000
59529.525803 20.103715      NaN   -28    11 c    0   1.55 96.76571 -25.63984  1671.67  8017.03 2.40 2.36 -20.9 -0.406    19.63 21.51 02a59529o0742c 0x000000  -2.545455
59529.531748 20.009244      NaN   -22    12 c    0   1.32 96.76571 -25.63984  1652.94  8133.53 2.38 2.31 -16.4 -0.403    19.63 21.49 02a59529o0755c 0x000000  -1.833333
59585.476031 20.009244      NaN    -4    12 c    0   1.43 96.76571 -25.63984  3571.06  4353.13 2.69 2.49  50.9 -0.400    19.42 21.34 02a59585o0468c 0x000000  -0.333333
59585.479713 20.103715      NaN    -7    11 c    0   1.81 96.76571 -25.63984  3552.25  4314.75 2.67 2.48  56.3 -0.395    19.38 21.33 02a59585o0476c 0x000000  -0.636364
59585.485686 19.256669      NaN    30    14 c    0   1.06 96.76571 -25.63984  3610.60  4392.84 2.74 2.49  51.7 -0.393    19.43 21.31 02a59585o0489c 0x000000   2.142857
59585.497611 19.743105      NaN     4    14 c    0   1.41 96.76571 -25.63984  3632.41  4278.13 2.75 2.55  50.8 -0.391    19.36 21.25 02a59585o0515c 0x000000   0.285714
59589.472209 16.226755      NaN   159   338 c    0   1.53 96.76571 -25.63984  4901.14   773.26 2.59 2.25 -69.8 -0.437    15.74 17.51 02a59589o0406c 0x100002   0.470414
59589.475416 17.613631      NaN   132    65 c    0   1.07 96.76571 -25.63984  4880.56   737.33 2.66 2.29 -69.5 -0.431    17.70 19.58 02a59589o0413c 0x100002   2.030769
59589.481838 15.650143      NaN -2901   665 c    0   1.11 96.76571 -25.63984  4937.52   816.31 3.12 2.74 -80.2 -0.422    15.07 17.13 02a59589o0427c 0x100002  -4.362406
59589.493792 15.090959      NaN   102  1079 c    0   0.94 96.76571 -25.63984  4958.93   698.68 2.79 2.40 -76.3 -0.421    14.63 16.59 02a59589o0453c 0x100002   0.094532