         MJD         m       dm   uJy  duJy F  err  chi/N        RA      Dec        x        y  maj  min   phi  apfit  mag5sig   Sky            Obs     Mask  __tmp_SN
57840.647625 17.990970      NaN   -68    77 c    0   0.98 229.86925 -9.88054  5714.13   441.06 3.90 3.86 -63.6 -0.424    17.78 18.48 02a57840o0612c 0x100002 -0.883117
57844.573712 19.696897      NaN   -22    16 c    0   1.53 229.86925 -9.88054  7719.40   627.54 3.94 3.92  -1.4 -0.409    19.49 21.49 02a57844o0648c 0x000000 -1.375000
57844.591931 19.436675      NaN     7    18 c    0   1.30 229.86925 -9.88054  7699.99   589.39 3.90 3.82 -79.6 -0.433    19.52 21.46 02a57844o0683c 0x000000  0.388889
57844.604742 19.569016      NaN   -40    18 c    0   1.23 229.86925 -9.88054  7759.65   666.88 3.78 3.68 -78.5 -0.424    19.52 21.42 02a57844o0706c 0x000000 -2.222222
57844.620935 19.510313      NaN    -3    19 c    0   1.21 229.86925 -9.88054  7784.86   547.82 3.83 3.76 -77.2 -0.425    19.48 21.37 02a57844o0737c 0x000000 -0.157895
57867.566524 12.555075      NaN -1192 11504 c    0   0.01 229.86925 -9.88054  5145.30 10519.34 2.85 2.63   0.0 -0.512    15.28 16.12 02a57867o0663c 0x100002 -0.103616
57868.585258 20.009244      NaN   -14    12 c    0   1.30 229.86925 -9.88054  2808.11  8381.17 2.71 2.46   1.2 -0.469    19.12 20.05 02a57868o0466c 0x000000 -1.166667
57868.598340 19.922338      NaN   -37    13 c    0   0.96 229.86925 -9.88054  2791.26  8341.10 2.78 2.56   3.4 -0.460    19.08 20.07 02a57868o0491c 0x000000 -2.846154
57868.611395 19.549093      NaN    13    14 c    0   1.01 229.86925 -9.88054  2849.08  8418.19 2.64 2.40   2.3 -0.476    19.07 19.96 02a57868o0516c 0x000000  0.928571
57868.624549 19.183773      NaN    11    22 c    0   1.13 229.86925 -9.88054  2888.20  8301.10 2.81 2.56  -1.5 -0.475    18.62 19.26 02a57868o0541c 0x000000  0.500000
57903.425319 20.207197      NaN    -8    10 c    0   1.05 229.86925 -9.88054  3898.29  9509.74 2.66 2.51  20.9 -0.458    19.70 21.39 02a57903o0371c 0x000000 -0.800000
57903.442213 20.207197      NaN    -5    10 c    0   1.42 229.86925 -9.88054  3878.99  9472.15 2.61 2.50  13.9 -0.462    19.72 21.40 02a57903o0404c 0x000000 -0.500000
57903.458607 20.207197      NaN   -15    10 c    0   1.12 229.86925 -9.88054  3938.65  9549.08 2.57 2.48  13.3 -0.460    19.70 21.33 02a57903o0436c 0x000000 -1.500000
57903.474984 19.922338      NaN     9    10 c    0   1.26 229.86925 -9.88054  3961.32  9429.91 2.54 2.46   1.8 -0.473    19.70 21.33 02a57903o0468c 0x000000  0.900000
57903.491856 20.103715      NaN   -18    11 c    0   0.85 229.86925 -9.88054  3924.23  9485.92 2.57 2.45  11.7 -0.475    19.69 21.29 02a57903o0501c 0x000000 -1.636364
57982.265627 19.979496      NaN     7    10 c    0   1.19 229.86925 -9.88054  2229.43  9591.31 2.52 2.39  10.8 -0.494    19.57 21.00 02a57982o0073c 0x000000  0.700000
57982.274774 19.922338      NaN     0    13 c    0   0.80 229.86925 -9.88054  2212.06  9550.77 2.48 2.32   3.5 -0.452    19.58 21.00 02a57982o0091c 0x000000  0.000000
57982.283375 19.894850      NaN    10    10 c    0   1.41 229.86925 -9.88054  2270.59  9628.28 2.46 2.32  -4.1 -0.456    19.54 20.99 02a57982o0108c 0x000000  1.000000
57982.292382 20.009244      NaN   -17    12 c    0   0.90 229.86925 -9.88054  2292.89  9509.51 2.47 2.32  -0.1 -0.453    19.55 20.98 02a57982o0126c 0x000000 -1.416667
57986.272466 14.520071      NaN   144  1835 c    0   0.68 229.86925 -9.88054  8728.15  2137.13 2.81 2.68 -69.3 -0.417    14.24 15.77 02a57986o0063c 0x100002  0.078474
57986.281043 12.911859      NaN  2037  7603 c    0   1.14 229.86925 -9.88054  8786.99  2214.00 3.05 2.92 -68.8 -0.397    16.53 18.09 02a57986o0080c 0x100002  0.267921
57986.290026 13.458036      NaN  1170  4618 c    0   1.58 229.86925 -9.88054  8808.64  2096.67 2.99 2.81 -74.7 -0.428    16.02 17.55 02a57986o0098c 0x100002  0.253356
58194.629880 20.009244      NaN    -2    12 c    0   1.39 229.86925 -9.88054  2790.62 10469.39 2.90 2.62  16.3 -0.422    19.55 21.37 02a58194o0831c 0x000000 -0.166667
58194.631944 20.207197      NaN    -7    10 c    0   1.34 229.86925 -9.88054  6382.60   833.95 2.88 2.67  53.2 -0.414    19.66 21.46 02a58194o0835c 0x000000 -0.700000
58194.639429 20.207197      NaN   -14    10 c    0   1.25 229.86925 -9.88054  2771.50 10429.28 2.79 2.54   6.3 -0.441    19.59 21.34 02a58194o0849c 0x000000 -1.400000
58194.641481 20.207197      NaN    -3    10 c    0   1.07 229.86925 -9.88054  6364.33   796.18 3.00 2.80  47.7 -0.410    19.60 21.38 02a58194o0853c 0x000000 -0.300000
58194.650412 19.089302      NaN   -51    28 c    0   0.91 229.86925 -9.88054  2827.86 10507.38 2.79 2.53   3.3 -0.441    19.12 20.38 02a58194o0868c 0x100002 -1.821429
58194.653236 19.302877      NaN   -35    23 c    0   0.95 229.86925 -9.88054  6420.02   873.24 2.83 2.61  51.7 -0.426    18.74 19.84 02a58194o0872c 0x000000 -1.521739
58221.399179 20.103715      NaN     3    10 c    0   0.97 229.86925 -9.88054  1932.93  9355.73 2.43 2.33  14.8 -0.455    19.68 21.41 02a58221o0367c 0x000000  0.300000
58221.401117 19.979496      NaN     7    10 c    0   1.46 229.86925 -9.88054  1952.93  9395.44 2.47 2.24  16.6 -0.459    19.67 21.42 02a58221o0371c 0x000000  0.700000
58221.403527 20.321591      NaN    -5     9 c    0   1.33 229.86925 -9.88054  1895.38  9318.94 2.46 2.27  11.4 -0.458    19.70 21.43 02a58221o0376c 0x000000 -0.555556
58221.405924 20.009244      NaN     6    10 c    0   1.37 229.86925 -9.88054  1875.01  9437.18 2.47 2.30  18.8 -0.465    19.71 21.43 02a58221o0381c 0x000000  0.600000
58226.560834 16.761202      NaN  -148   239 c    0   0.92 229.86925 -9.88054  7167.56  4202.78 2.58 2.48 -67.0 -0.421    16.14 17.60 02a58226o0506c 0x100002 -0.619247
58226.571263 17.183409      NaN    21   155 c    0   1.36 229.86925 -9.88054  7150.95  4162.74 2.66 2.52 -68.6 -0.410    16.66 18.11 02a58226o0528c 0x100002  0.135484
58226.582384 17.203704      NaN    96   127 c    0   1.08 229.86925 -9.88054  7209.84  4239.53 2.73 2.59 -67.7 -0.410    16.76 18.23 02a58226o0551c 0x100002  0.755906
58226.592968 16.657307      NaN  -651   263 c    0   1.33 229.86925 -9.88054  7229.12  4122.97 2.69 2.58 -69.1 -0.412    16.07 17.50 02a58226o0573c 0x100002 -2.475285
58254.493500 20.103715      NaN    -7    11 c    0   1.38 229.86925 -9.88054  7884.99  6114.17 2.61 2.48 -86.8 -0.432    19.39 21.16 02a58254o0325c 0x000000 -0.636364
58254.504228 20.103715      NaN    -6    11 c    0   1.08 229.86925 -9.88054  7868.15  6075.54 2.67 2.53 -71.9 -0.423    19.38 21.12 02a58254o0348c 0x000000 -0.545455
58254.514977 19.841877      NaN    -2    14 c    0   0.89 229.86925 -9.88054  7928.21  6152.38 2.62 2.52 -78.6 -0.427    19.28 20.97 02a58254o0371c 0x000000 -0.142857
58254.526253 20.321591      NaN   -11     9 c    0   1.60 229.86925 -9.88054  7950.04  6035.97 2.67 2.53 -68.9 -0.416    19.55 21.26 02a58254o0394c 0x000000 -1.222222
58286.430092 20.321591      NaN   -15     9 c    0   1.18 229.86925 -9.88054  6879.55  5007.40 2.66 2.43 -66.4 -0.405    19.65 21.48 02a58286o0403c 0x000000 -1.666667
58286.441017 20.449472      NaN    -8     8 c    0   1.21 229.86925 -9.88054  6862.38  4967.95 2.69 2.42 -61.8 -0.410    19.64 21.44 02a58286o0426c 0x000000 -1.000000
58286.452627 20.207197      NaN    -8    10 c    0   1.00 229.86925 -9.88054  6921.60  5046.13 2.61 2.43 -60.8 -0.413    19.61 21.38 02a58286o0449c 0x000000 -0.800000
58286.463402 20.207197      NaN    -3    10 c    0   1.13 229.86925 -9.88054  6942.98  4929.28 2.64 2.44 -58.6 -0.408    19.62 21.33 02a58286o0472c 0x000000 -0.300000
58310.382731 19.922338      NaN     6    11 c    0   1.03 229.86925 -9.88054  6601.64  5306.28 2.84 2.56 -60.8 -0.393    19.56 21.37 02a58310o0298c 0x000000  0.545455
58310.395062 20.103715      NaN    -3    11 c    0   0.80 229.86925 -9.88054  6582.29  5268.14 2.90 2.60 -60.6 -0.402    19.53 21.28 02a58310o0323c 0x000000 -0.272727
58310.406621 20.103715      NaN   -19    11 c    0   1.36 229.86925 -9.88054  6639.94  5344.72 2.94 2.61 -54.9 -0.385    19.48 21.22 02a58310o0347c 0x000000 -1.727273
58310.418944 20.103715      NaN   -29    11 c    0   1.20 229.86925 -9.88054  6662.86  5227.05 2.80 2.51 -57.9 -0.405    19.45 21.11 02a58310o0372c 0x000000 -2.636364
58333.322291 17.008410 0.076059   571    40 c    0   0.99 229.86925 -9.88054  8228.50  3883.19 2.87 2.69 -61.1 -0.403    18.35 20.08 02a58333o0180c 0x100002 14.275000
58333.330243 16.942028 0.069759   607    39 c    0   0.97 229.86925 -9.88054  8211.12  3844.80 2.77 2.63 -68.8 -0.409    18.57 20.21 02a58333o0197c 0x100002 15.564103
58333.337777 16.985829 0.027935   583    15 c    0   1.65 229.86925 -9.88054  8268.05  3922.56 2.88 2.71 -63.3 -0.394    19.25 21.02 02a58333o0213c 0x000000 38.866667
58333.345752 16.938457 0.039222   609    22 c    0   1.13 229.86925 -9.88054  8288.55  3806.35 2.94 2.79 -64.4 -0.405    18.83 20.59 02a58333o0230c 0x000000 27.681818
58338.316276 16.193934 0.013471  1209    15 c    0   1.90 229.86925 -9.88054  5312.81  6926.81 3.04 2.68 -55.8 -0.377    19.49 21.31 02a58338o0178c 0x000000 80.600000
58338.327203 16.209309 0.013663  1192    15 c    0   3.03 229.86925 -9.88054  5294.62  6887.59 2.91 2.57 -58.2 -0.394    19.51 21.25 02a58338o0201c 0x000000 79.466667
58338.338223 16.175237 0.015006  1230    17 c    0   1.70 229.86925 -9.88054  5354.28  6964.29 2.99 2.63 -56.1 -0.384    19.44 21.19 02a58338o0224c 0x000000 72.352941
58338.349150 16.184100 0.013349  1220    15 c    0   2.43 229.86925 -9.88054  5395.32  6847.07 2.87 2.51 -53.7 -0.383    19.43 21.13 02a58338o0247c 0x000000 81.333333
58342.304844 15.953277 0.011512  1509    16 c    0   1.97 229.86925 -9.88054  5276.46  4140.75 3.21 2.86 -64.2 -0.379    19.44 21.35 02a58342o0159c 0x000000 94.312500
58342.315812 15.934022 0.011310  1536    16 c    0   3.28 229.86925 -9.88054  5256.97  4101.78 3.03 2.65 -66.3 -0.386    19.47 21.29 02a58342o0182c 0x000000 96.000000
58342.326639 15.939692 0.012080  1528    17 c    0   1.93 229.86925 -9.88054  5315.56  4178.75 2.99 2.52 -63.7 -0.391    19.45 21.22 02a58342o0205c 0x000000 89.882353
58342.337599 15.964124 0.012354  1494    17 c    0   2.31 229.86925 -9.88054  5337.18  4062.47 2.79 2.52 -63.1 -0.395    19.47 21.18 02a58342o0228c 0x000000 87.882353
58494.665409 19.922338      NaN    -1    13 c    0   1.41 229.86925 -9.88054  5068.69  8906.27 2.57 2.49   2.8 -0.435    19.22 20.59 02a58494o0973c 0x000000 -0.076923
58494.673535 18.009935      NaN    53    58 c    0   1.00 229.86925 -9.88054  5086.93  8946.13 2.60 2.50 -29.5 -0.447    18.27 19.12 02a58494o0990c 0x100002  0.913793
58518.650663 19.743105      NaN    13    11 c    0   1.40 229.86925 -9.88054 10471.96  1141.92 2.87 2.50  54.3 -0.436    19.68 21.44 02a58518o0891c 0x000000  1.181818
58518.659527 19.841877      NaN    -5    14 c    0   1.12 229.86925 -9.88054 10490.68  1181.95 2.91 2.54  50.2 -0.409    19.65 21.37 02a58518o0909c 0x000000 -0.357143
58518.660472 20.039830 0.279189    35     9 c    0   1.36 229.86925 -9.88054   729.90  1150.46 2.54 2.28  43.2 -0.491    19.60 21.27 02a58518o0911c 0x000000  3.888889
58518.668048 19.183773      NaN    32    15 c    0   1.48 229.86925 -9.88054 10431.35  1104.91 2.98 2.53  51.3 -0.426    19.36 20.61 02a58518o0926c 0x000000  2.133333
58518.669525 19.076453      NaN    37    16 c    0   1.03 229.86925 -9.88054   749.62  1190.19 2.66 2.32  43.0 -0.493    19.10 20.27 02a58518o0929c 0x000000  2.312500
58518.677012 17.675104      NaN    96    71 c    0   0.90 229.86925 -9.88054 10408.49  1223.46 2.86 2.55  53.7 -0.487    17.67 18.44 02a58518o0944c 0x100002  1.352113
58518.677953 17.467821      NaN   149    75 c    0   2.86 229.86925 -9.88054   688.26  1111.23 2.65 2.31  42.7 -0.552    17.39 18.09 02a58518o0946c 0x100002  1.986667
58522.644088 20.321591      NaN    -1     9 c    0   1.14 229.86925 -9.88054  4685.17  1180.75 2.70 2.50  42.2 -0.408    19.65 21.47 02a58522o0018c 0x000000 -0.111111
58522.652473 19.696897      NaN    18    10 c    0   0.90 229.86925 -9.88054  4626.14  1103.74 3.12 2.85  40.5 -0.389    19.52 21.45 02a58522o0035c 0x000000  1.800000
58522.661454 20.449472      NaN     0     8 c    0   1.36 229.86925 -9.88054  4605.67  1220.64 2.69 2.44  42.6 -0.410    19.61 21.33 02a58522o0053c 0x000000  0.000000
58578.533683 20.449472      NaN     0     8 c    0   1.97 229.86925 -9.88054  3971.78  9403.04 2.64 2.53  40.8 -0.395    19.61 21.58 02a58578o0660c 0x000000  0.000000
58578.542972 19.816329      NaN     7    12 c    0   1.06 229.86925 -9.88054  3950.42  9365.56 2.68 2.54  38.1 -0.392    19.63 21.57 02a58578o0679c 0x000000  0.583333
58578.552092 19.922338      NaN     9    10 c    0   1.47 229.86925 -9.88054  4006.15  9445.47 2.63 2.49  37.0 -0.403    19.62 21.57 02a58578o0698c 0x000000  0.900000
58578.561146 20.207197      NaN    -8    10 c    0   1.12 229.86925 -9.88054  4023.97  9329.95 2.59 2.54  69.4 -0.411    19.64 21.55 02a58578o0717c 0x000000 -0.800000
58582.521589 20.103715      NaN   -46    11 c    0   1.16 229.86925 -9.88054    80.59  5501.84 2.68 2.32 -46.3 -0.387    19.59 21.44 02a58582o0628c 0x000000 -4.181818
58582.530878 19.791368      NaN     2    14 c    0   0.75 229.86925 -9.88054    60.57  5464.54 2.65 2.32 -47.5 -0.388    19.57 21.43 02a58582o0647c 0x000000  0.142857
58582.531337 20.207197      NaN   -10    10 c    0   1.20 229.86925 -9.88054  9784.06  5509.61 2.74 2.56 -72.1 -0.411    19.56 21.44 02a58582o0648c 0x000000 -1.000000
58582.540090 20.103715      NaN   -11    11 c    0   1.15 229.86925 -9.88054   116.87  5543.60 2.86 2.55 -50.3 -0.361    19.48 21.39 02a58582o0666c 0x000000 -1.000000
58582.540548 20.009244      NaN     0    12 c    0   0.86 229.86925 -9.88054  9763.62  5472.76 3.08 2.88 -74.2 -0.400    19.43 21.40 02a58582o0667c 0x000000  0.000000
58582.549220 20.449472      NaN    -1     8 c    0   2.09 229.86925 -9.88054   135.18  5428.98 2.81 2.44 -50.6 -0.382    19.46 21.31 02a58582o0685c 0x000000 -0.125000
58582.549677 20.039830      NaN     5    10 c    0   1.44 229.86925 -9.88054  9821.03  5552.29 2.93 2.74 -70.8 -0.400    19.48 21.33 02a58582o0686c 0x000000  0.500000
58582.558888 20.207197      NaN   -14    10 c    0   1.21 229.86925 -9.88054  9839.21  5437.97 2.81 2.55 -66.7 -0.418    19.50 21.33 02a58582o0705c 0x000000 -1.400000
58606.488365 18.243872      NaN    57    42 c    0   1.51 229.86925 -9.88054  1783.66  1678.18 2.55 2.40 -61.6 -0.424    17.89 19.58 02a58606o0082c 0x100002  1.357143
58610.483681 20.321591      NaN   -22     9 c    0   1.01 229.86925 -9.88054  5894.00  5532.70 2.60 2.29  45.2 -0.399    19.71 21.44 02a58610o0507c 0x000000 -2.444444
58610.493042 20.321591      NaN    -8     9 c    0   1.06 229.86925 -9.88054  5873.62  5494.37 2.61 2.30  51.1 -0.397    19.66 21.42 02a58610o0526c 0x000000 -0.888889
58610.502401 20.103715      NaN   -12    11 c    0   0.91 229.86925 -9.88054  5930.97  5572.24 2.65 2.33  47.3 -0.394    19.65 21.39 02a58610o0545c 0x000000 -1.090909
58610.511978 20.207197      NaN    -7    10 c    0   1.05 229.86925 -9.88054  5951.32  5456.38 2.49 2.30  52.6 -0.401    19.64 21.39 02a58610o0564c 0x000000 -0.700000
58634.387280 20.321591      NaN     0     9 c    0   1.26 229.86925 -9.88054  4588.30   681.79 2.61 2.35 -60.7 -0.413    19.70 21.59 02a58634o0337c 0x000000  0.000000
58634.390028 20.207197      NaN    -6    10 c    0   0.95 229.86925 -9.88054  4569.00   643.01 2.60 2.36 -63.4 -0.415    19.70 21.59 02a58634o0343c 0x000000 -0.600000
58634.395658 20.321591      NaN    -9     9 c    0   1.13 229.86925 -9.88054  4626.01   721.36 2.55 2.33 -64.3 -0.415    19.72 21.60 02a58634o0355c 0x000000 -1.000000
58634.408696 19.979496      NaN     7    10 c    0   0.92 229.86925 -9.88054  4643.87   603.88 2.55 2.30 -60.2 -0.414    19.74 21.59 02a58634o0383c 0x000000  0.700000
58642.380432 20.009244      NaN     6    10 c    0   0.95 229.86925 -9.88054  6520.63   580.00 2.59 2.25 -58.4 -0.418    19.65 21.47 02a58642o0318c 0x000000  0.600000
58642.383178 20.071303      NaN     4    10 c    0   0.96 229.86925 -9.88054  6503.01   544.75 2.63 2.30 -56.5 -0.421    19.68 21.50 02a58642o0324c 0x000000  0.400000
58642.389710 19.979496      NaN     7    10 c    0   0.90 229.86925 -9.88054  6558.97   621.24 2.59 2.27 -57.3 -0.417    19.67 21.55 02a58642o0338c 0x000000  0.700000
58642.399640 19.841877      NaN     6    12 c    0   0.63 229.86925 -9.88054  6577.61   507.43 2.58 2.25 -56.9 -0.418    19.69 21.60 02a58642o0359c 0x000000  0.500000
58666.340923 20.321591      NaN     3     8 c    0   1.23 229.86925 -9.88054  8556.89  2426.27 2.51 2.34 -66.8 -0.402    19.77 21.65 02a58666o0224c 0x000000  0.375000
58666.343676 20.449472      NaN    -6     8 c    0   1.09 229.86925 -9.88054  8538.35  2387.61 2.52 2.38 -67.1 -0.404    19.78 21.65 02a58666o0230c 0x000000 -0.750000
58666.348805 20.449472      NaN   -21     8 c    0   1.63 229.86925 -9.88054  8595.18  2464.41 2.57 2.37 -67.2 -0.403    19.70 21.65 02a58666o0241c 0x000000 -2.625000
58666.358699 20.321591      NaN   -14     9 c    0   1.09 229.86925 -9.88054  8615.63  2347.53 2.56 2.34 -65.6 -0.407    19.71 21.65 02a58666o0262c 0x000000 -1.555556
58694.311310 20.207197      NaN     3     9 c    0   1.01 229.86925 -9.88054   814.47  2795.05 2.61 2.47 -69.2 -0.416    19.61 21.55 02a58694o0165c 0x000000  0.333333
58694.314398 20.321591      NaN    -4     9 c    0   1.09 229.86925 -9.88054   796.50  2755.76 2.90 2.45 -57.5 -0.407    19.60 21.53 02a58694o0171c 0x000000 -0.444444
58694.320250 20.362567      NaN     2     8 c    0   1.48 229.86925 -9.88054   855.99  2833.27 2.60 2.36 -61.2 -0.415    19.67 21.53 02a58694o0183c 0x000000  0.250000
58694.331160 20.594452      NaN   -13     7 c    0   2.06 229.86925 -9.88054   876.03  2717.02 2.53 2.36 -63.4 -0.411    19.66 21.51 02a58694o0205c 0x000000 -1.857143
58706.292386 17.087264      NaN  -257   177 c    0   1.06 229.86925 -9.88054   707.51   850.82 2.55 2.37  83.1 -0.472    16.52 17.15 02a58706o0145c 0x100002 -1.451977
58706.295734 16.777988      NaN   118   196 c    0   0.99 229.86925 -9.88054   688.17   811.28 2.66 2.55 -80.4 -0.433    16.18 16.96 02a58706o0152c 0x100002  0.602041
58706.301788 16.414207      NaN  -407   329 c    0   1.19 229.86925 -9.88054   749.31   890.61 2.54 2.53 -40.8 -0.485    15.59 16.30 02a58706o0165c 0x100002 -1.237082
58706.312034 16.851140      NaN  -376   220 c    0   1.15 229.86925 -9.88054   769.73   771.03 2.59 2.41 -89.1 -0.447    15.96 16.69 02a58706o0187c 0x100002 -1.709091
58709.290973 15.617442      NaN   265   597 c    0   1.58 229.86925 -9.88054   698.32   849.53 2.87 2.54   8.1 -0.484    15.05 16.05 02a58709o0140c 0x100002  0.443886
58709.293444 18.786693      NaN   -20    37 c    0   0.78 229.86925 -9.88054   685.99   809.83 2.43 2.26 -80.0 -0.441    18.21 19.07 02a58709o0145c 0x100002 -0.540541
58709.300476 18.675237      NaN   -14    41 c    0   1.00 229.86925 -9.88054   746.19   887.72 2.50 2.29 -70.2 -0.449    17.86 18.78 02a58709o0160c 0x100002 -0.341463
58709.310001 17.845990      NaN  -118    88 c    0   1.27 229.86925 -9.88054   766.89   769.38 2.48 2.28 -76.0 -0.446    16.65 17.65 02a58709o0180c 0x100002 -1.340909
58726.226313 17.833722      NaN   -52    89 c    0   1.20 229.86925 -9.88054  6624.30  2539.90 2.64 2.37  50.8 -0.399    17.22 18.21 02a58726o0004c 0x100002 -0.584270
58726.229567 17.922662      NaN    -6    82 c    0   0.29 229.86925 -9.88054  6605.24  2502.17 2.59 2.36  52.8 -0.376    18.24 19.29 02a58726o0011c 0x100002 -0.073171
58726.235536 20.103715      NaN    -6    11 c    0   1.25 229.86925 -9.88054  6665.04  2579.79 2.47 2.34  66.4 -0.392    19.25 20.57 02a58726o0024c 0x000000 -0.545455
58726.245401 20.207197      NaN   -11    10 c    0   1.39 229.86925 -9.88054  6683.75  2463.53 2.47 2.38  88.9 -0.394    19.45 20.98 02a58726o0045c 0x000000 -1.100000
58846.639458 19.212347      NaN   -32    25 c    0   0.93 229.86925 -9.88054  4051.73  9979.99 3.58 3.45 -53.5 -0.384    18.92 20.75 02a58846o0947c 0x100002 -1.280000
58846.642119 18.967180      NaN     4    30 c    0   1.11 229.86925 -9.88054  4070.25 10019.58 4.60 4.17 -43.0 -0.356    18.72 20.76 02a58846o0952c 0x100002  0.133333
58846.647534 19.302877      NaN    -8    23 c    0   0.96 229.86925 -9.88054  4013.85  9939.71 3.76 3.28 -48.0 -0.335    18.96 20.77 02a58846o0963c 0x000000 -0.347826
58846.656961 19.256669      NaN   -25    24 c    0   1.04 229.86925 -9.88054  3994.27 10056.13 3.67 3.35 -48.2 -0.381    18.88 20.69 02a58846o0982c 0x000000 -1.041667
58846.666251 18.034118      NaN    84    46 c    0   1.34 229.86925 -9.88054  4031.78  9997.44 4.19 3.73 -54.1 -0.398    18.30 19.86 02a58846o1001c 0x100002  1.826087
58874.606907 20.321591      NaN   -22     9 c    0   1.54 229.86925 -9.88054  2136.85  1829.35 2.47 2.37 -68.6 -0.409    19.56 21.26 02a58874o0864c 0x000000 -2.444444
58874.610182 20.207197      NaN    -6    10 c    0   0.94 229.86925 -9.88054  2156.63  1868.49 2.52 2.31 -60.8 -0.410    19.59 21.26 02a58874o0871c 0x000000 -0.600000
58874.619519 20.321591      NaN   -16     9 c    0   1.09 229.86925 -9.88054  2099.69  1787.56 2.43 2.33 -68.1 -0.410    19.59 21.28 02a58874o0890c 0x000000 -1.777778
58874.629801 20.207197      NaN    -6    10 c    0   1.09 229.86925 -9.88054  2071.51  1907.71 2.49 2.31 -62.0 -0.409    19.62 21.29 02a58874o0911c 0x000000 -0.600000
58878.542886 18.582238      NaN    29    35 c    0   1.12 229.86925 -9.88054  2130.73  1836.78 2.59 2.37  38.6 -0.397    18.33 20.02 02a58878o0730c 0x100002  0.828571
58878.545667 18.376212      NaN    66    32 c    0   1.29 229.86925 -9.88054  2150.42  1875.47 2.49 2.30 -61.9 -0.407    18.15 19.77 02a58878o0736c 0x100002  2.062500
58878.552662 18.550302      NaN    48    30 c    0   0.92 229.86925 -9.88054  2092.22  1796.17 2.64 2.37 -57.4 -0.412    18.57 20.23 02a58878o0750c 0x100002  1.600000
58878.562536 19.841877      NaN   -27    14 c    0   1.00 229.86925 -9.88054  2070.22  1912.73 2.53 2.32  43.1 -0.394    19.06 20.67 02a58878o0770c 0x000000 -1.928571
58882.589183 20.321591      NaN    -8     9 c    0   1.47 229.86925 -9.88054  1784.84  4259.71 2.36 2.23 -53.2 -0.417    19.56 21.20 02a58882o0758c 0x000000 -0.888889
58882.592386 20.207197      NaN    -5    10 c    0   0.78 229.86925 -9.88054  1804.02  4299.32 2.39 2.26 -52.2 -0.413    19.53 21.21 02a58882o0765c 0x000000 -0.500000
58882.598991 20.449472      NaN   -10     8 c    0   1.67 229.86925 -9.88054  1745.49  4220.81 2.39 2.25 -53.4 -0.421    19.55 21.22 02a58882o0779c 0x000000 -1.250000
58882.608879 20.321591      NaN   -15     9 c    0   1.32 229.86925 -9.88054  1727.57  4338.77 2.81 2.48 -57.4 -0.395    19.41 21.23 02a58882o0800c 0x000000 -1.666667
58882.676558 19.089302      NaN   -67    28 c    0   2.00 229.86925 -9.88054  1768.88  4281.31 2.60 2.46 -52.7 -0.404    18.00 19.07 02a58882o0944c 0x100002 -2.392857
58902.520788 20.103715      NaN   -16    11 c    0   1.09 229.86925 -9.88054  9649.47  5809.83 2.77 2.68  36.3 -0.396    19.55 21.34 02a58902o0657c 0x000000 -1.454545
58902.524099 19.922338      NaN     9    10 c    0   1.41 229.86925 -9.88054  9669.53  5849.58 2.72 2.69  37.2 -0.396    19.58 21.34 02a58902o0664c 0x000000  0.900000
58902.529450 20.103715      NaN   -18    11 c    0   1.04 229.86925 -9.88054  9611.89  5770.81 2.85 2.67 -64.6 -0.403    19.52 21.36 02a58902o0675c 0x000000 -1.636364
58902.540934 20.103715      NaN    -2    11 c    0   0.98 229.86925 -9.88054  9594.34  5886.32 2.80 2.57 -62.8 -0.402    19.59 21.36 02a58902o0698c 0x000000 -0.181818
58930.559463 20.449472      NaN    -8     8 c    0   1.39 229.86925 -9.88054  3740.01  4156.61 2.29 2.19 -48.7 -0.405    19.60 21.32 02a58930o0668c 0x000000 -1.000000
58930.562775 20.009244      NaN    -3    12 c    0   1.02 229.86925 -9.88054  3760.71  4192.04 2.31 2.21 -51.9 -0.407    19.32 21.05 02a58930o0675c 0x000000 -0.250000
58930.569229 20.321591      NaN    -2     9 c    0   1.31 229.86925 -9.88054  6860.76  6434.35 2.53 2.48 -80.6 -0.408    19.57 21.41 02a58930o0688c 0x000000 -0.222222
58930.579103 20.449472      NaN    -7     8 c    0   1.99 229.86925 -9.88054  3687.28  4231.91 2.30 2.20 -42.1 -0.408    19.64 21.43 02a58930o0708c 0x000000 -0.875000
58934.611715 16.604924      NaN   -48   276 c    0   0.98 229.86925 -9.88054  6827.12  6405.40 2.85 2.62  38.1 -0.396    16.00 17.57 02a58934o0632c 0x100002 -0.173913
58934.615062 16.485820      NaN  -156   308 c    0   0.95 229.86925 -9.88054  6807.69  6366.72 2.76 2.51  41.3 -0.399    15.72 17.21 02a58934o0639c 0x100002 -0.506494
58934.620607 17.549176      NaN    41   102 c    0   1.95 229.86925 -9.88054  6862.53  6445.53 2.76 2.50  42.7 -0.396    16.91 18.46 02a58934o0650c 0x100002  0.401961
58934.636462 17.976960      NaN   -51    78 c    0   1.12 229.86925 -9.88054  6884.37  6330.07 2.78 2.49  40.3 -0.393    17.22 18.71 02a58934o0683c 0x100002 -0.653846
58934.645171 15.983925      NaN  -229   489 c    0   1.05 229.86925 -9.88054  6846.86  6388.91 2.65 2.49  42.4 -0.402    15.27 16.49 02a58934o0701c 0x100002 -0.468303
58957.566462 20.009244      NaN     3    11 c    0   1.07 229.86925 -9.88054   580.76  9124.27 2.49 2.29 -60.4 -0.430    19.50 21.22 02a58957o0674c 0x000000  0.272727
58957.568949 20.103715      NaN   -12    11 c    0   1.31 229.86925 -9.88054   559.79  9084.49 2.46 2.39 -78.9 -0.438    19.47 21.26 02a58957o0679c 0x000000 -1.090909
58957.569875 19.766969      NaN     9    12 c    0   1.00 229.86925 -9.88054   617.64  9162.25 2.46 2.33 -60.5 -0.435    19.42 21.22 02a58957o0681c 0x000000  0.750000
58957.572175 20.103715      NaN   -16    11 c    0   1.23 229.86925 -9.88054   636.20  9044.17 2.44 2.30 -57.3 -0.425    19.42 21.13 02a58957o0686c 0x000000 -1.454545
58958.476583 20.449472      NaN    -6     8 c    0   1.51 229.86925 -9.88054  9981.86  1437.21 2.45 2.17 -51.0 -0.416    19.63 21.29 02a58958o0532c 0x000000 -0.750000
58958.479426 20.207197      NaN     6     8 c    0   1.57 229.86925 -9.88054 10007.54  1473.85 2.53 2.16 -56.9 -0.416    19.69 21.32 02a58958o0538c 0x000000  0.750000
58958.484555 20.321591      NaN    -8     9 c    0   1.00 229.86925 -9.88054  9950.30  1397.05 2.44 2.17 -56.7 -0.421    19.63 21.30 02a58958o0549c 0x000000 -0.888889
58958.494453 20.449472      NaN   -30     8 c    0   1.58 229.86925 -9.88054  9925.91  1517.24 2.46 2.22 -51.5 -0.416    19.66 21.28 02a58958o0569c 0x000000 -3.750000
58961.480978 20.103715      NaN    -2    11 c    0   0.98 229.86925 -9.88054  9976.31  1437.68 2.55 2.21 -54.0 -0.409    19.66 21.37 02a58961o0542c 0x000000 -0.181818
58961.484203 20.321591      NaN   -14     9 c    0   0.93 229.86925 -9.88054  9996.66  1476.44 2.54 2.19 -54.0 -0.414    19.67 21.37 02a58961o0549c 0x000000 -1.555556
58961.489939 20.207197      NaN   -24    10 c    0   0.93 229.86925 -9.88054   619.05  9159.42 2.53 2.41 -35.8 -0.430    19.59 21.37 02a58961o0561c 0x000000 -2.400000
58961.502373 19.950541      NaN     5    11 c    0   0.88 229.86925 -9.88054   638.93  9042.54 2.35 2.31 -25.0 -0.427    19.64 21.36 02a58961o0587c 0x000000  0.454545
58962.480907 18.757738      NaN    -7    38 c    0   0.69 229.86925 -9.88054  4772.50  4563.16 2.50 2.32  39.7 -0.399    18.09 19.73 02a58962o0532c 0x100002 -0.184211
58962.484108 18.147425      NaN    68    44 c    0   1.83 229.86925 -9.88054  4754.48  4525.99 2.52 2.30  39.3 -0.399    17.81 19.42 02a58962o0539c 0x100002  1.545455
58962.489623 18.417189      NaN   -44    52 c    0   0.72 229.86925 -9.88054  4813.27  4603.81 2.60 2.39  41.4 -0.395    17.76 19.42 02a58962o0551c 0x100002 -0.846154
58962.499509 18.796518      NaN    20    30 c    0   0.75 229.86925 -9.88054  4838.69  4490.42 2.53 2.39  51.2 -0.398    18.49 20.14 02a58962o0571c 0x100002  0.666667
58965.499399 20.449472      NaN   -21     8 c    0   1.93 229.86925 -9.88054  4770.21  4567.05 2.59 2.39  46.9 -0.394    19.49 21.24 02a58965o0585c 0x000000 -2.625000
58965.502691 20.321591      NaN   -18     9 c    0   1.08 229.86925 -9.88054  4753.32  4530.67 2.59 2.44  48.4 -0.392    19.55 21.24 02a58965o0592c 0x000000 -2.000000
58965.534268 20.321591      NaN   -27     9 c    0   1.68 229.86925 -9.88054  4812.94  4606.94 2.66 2.42  48.1 -0.387    19.50 21.20 02a58965o0660c 0x000000 -3.000000
58965.562688 20.009244      NaN   -10    12 c    0   0.90 229.86925 -9.88054  4831.22  4492.86 2.63 2.38  43.1 -0.389    19.45 21.04 02a58965o0721c 0x000000 -0.833333
58966.444133 20.071303      NaN     4    10 c    0   1.26 229.86925 -9.88054  5787.49  5987.73 2.48 2.28  31.4 -0.404    19.69 21.38 02a58966o0468c 0x000000  0.400000
58966.445966 20.449472      NaN   -16     8 c    0   1.25 229.86925 -9.88054  5806.35  6026.94 2.40 2.28  27.6 -0.406    19.66 21.38 02a58966o0472c 0x000000 -2.000000
58966.472650 20.207197      NaN    -5    10 c    0   0.69 229.86925 -9.88054  4814.34  4599.15 2.56 2.36  40.7 -0.399    19.57 21.41 02a58966o0529c 0x000000 -0.500000
58966.500482 20.207197      NaN   -30    10 c    0   1.35 229.86925 -9.88054  4835.49  4488.44 2.57 2.34  43.4 -0.398    19.65 21.37 02a58966o0588c 0x000000 -3.000000
58985.401275 20.449472      NaN    -7     8 c    0   1.21 229.86925 -9.88054  1911.66  6197.73 2.33 2.20 -40.6 -0.410    19.74 21.63 02a58985o0365c 0x000000 -0.875000
58985.403103 19.979496      NaN    10     9 c    0   1.20 229.86925 -9.88054  1930.24  6236.41 2.30 2.24  -7.3 -0.408    19.75 21.64 02a58985o0369c 0x000000  1.111111
58985.423001 20.009244      NaN    12     8 c    0   1.29 229.86925 -9.88054  1874.55  6158.29 2.41 2.32  -8.6 -0.402    19.72 21.65 02a58985o0411c 0x000000  1.500000
58985.438487 20.449472      NaN    -8     8 c    0   1.55 229.86925 -9.88054  8702.60  4281.50 2.88 2.44  40.5 -0.374    19.67 21.64 02a58985o0444c 0x000000 -1.000000
58986.422330 20.321591      NaN    -1     9 c    0   1.02 229.86925 -9.88054  2631.67   761.08 2.83 2.47 -61.2 -0.407    19.64 21.63 02a58986o0412c 0x000000 -0.111111
58986.425546 20.321591      NaN    -9     9 c    0   1.13 229.86925 -9.88054  2612.95   722.97 2.81 2.44 -63.6 -0.407    19.66 21.62 02a58986o0419c 0x000000 -1.000000
58986.431050 20.321591      NaN   -14     9 c    0   1.18 229.86925 -9.88054  2672.49   802.69 2.76 2.43 -59.5 -0.414    19.69 21.62 02a58986o0431c 0x000000 -1.555556
58986.440823 20.321591      NaN    -8     9 c    0   1.10 229.86925 -9.88054  2691.80   684.82 2.79 2.41 -57.3 -0.409    19.66 21.62 02a58986o0452c 0x000000 -0.888889
58989.410359 20.207197      NaN    -2    10 c    0   0.86 229.86925 -9.88054  2629.79   764.84 2.58 2.36 -66.3 -0.418    19.66 21.59 02a58989o0383c 0x000000 -0.200000
58989.444265 20.137125      NaN     2    10 c    0   0.84 229.86925 -9.88054  2611.00   724.31 2.58 2.40 -72.7 -0.413    19.66 21.57 02a58989o0456c 0x000000  0.200000
58989.447465 20.321591      NaN   -18     9 c    0   1.08 229.86925 -9.88054  2667.47   803.80 2.51 2.33 -70.8 -0.419    19.71 21.55 02a58989o0463c 0x000000 -2.000000
58989.452953 20.009244      NaN     9     9 c    0   1.29 229.86925 -9.88054  2686.20   688.17 2.69 2.49 -71.7 -0.411    19.60 21.51 02a58989o0475c 0x000000  1.000000
58990.430662 20.594452      NaN    -4     7 c    0   1.62 229.86925 -9.88054  2635.09   762.44 2.50 2.28 -63.8 -0.422    19.71 21.54 02a58990o0425c 0x000000 -0.571429
58990.434369 20.594452      NaN   -12     7 c    0   1.46 229.86925 -9.88054  2615.80   721.30 2.49 2.26 -63.2 -0.422    19.69 21.54 02a58990o0433c 0x000000 -1.714286
58990.439542 20.321591      NaN   -18     9 c    0   1.30 229.86925 -9.88054  2676.35   804.62 2.52 2.28 -60.4 -0.426    19.74 21.55 02a58990o0444c 0x000000 -2.000000
58990.473595 20.449472      NaN   -26     8 c    0   1.13 229.86925 -9.88054  2698.61   685.35 2.42 2.24 -71.9 -0.424    19.66 21.46 02a58990o0515c 0x000000 -3.250000
58994.409243 20.207197      NaN   -13    10 c    0   1.27 229.86925 -9.88054  2950.22  6582.90 2.44 2.28  36.2 -0.397    19.66 21.36 02a58994o0373c 0x000000 -1.300000
58994.413383 20.171596      NaN     1    10 c    0   1.36 229.86925 -9.88054  2930.14  6543.88 2.43 2.33  32.9 -0.402    19.66 21.37 02a58994o0382c 0x000000  0.100000
58994.419350 20.207197      NaN    -1    10 c    0   1.13 229.86925 -9.88054  2988.02  6621.97 2.54 2.35  42.9 -0.393    19.62 21.38 02a58994o0395c 0x000000 -0.100000
58994.429449 20.321591      NaN    -6     9 c    0   1.45 229.86925 -9.88054  3008.24  6507.14 2.50 2.42  41.2 -0.395    19.62 21.35 02a58994o0417c 0x000000 -0.666667
58997.425788 19.766969      NaN   -36    15 c    0   0.81 229.86925 -9.88054  2945.04  6589.85 2.53 2.29  46.4 -0.391    19.33 21.09 02a58997o0402c 0x000000 -2.400000
58997.429012 19.841877      NaN    -4    14 c    0   1.18 229.86925 -9.88054  2925.73  6551.65 2.48 2.27  46.5 -0.392    19.22 20.96 02a58997o0409c 0x000000 -0.285714
58997.436357 19.922338      NaN   -28    13 c    0   1.04 229.86925 -9.88054  2983.90  6629.41 2.79 2.29  42.2 -0.370    19.21 20.98 02a58997o0425c 0x000000 -2.153846
58997.448875 19.922338      NaN    -7    13 c    0   1.23 229.86925 -9.88054  3005.92  6515.00 2.50 2.32  49.4 -0.390    19.26 21.01 02a58997o0452c 0x000000 -0.538462
59021.357649 20.103715      NaN    -2    11 c    0   0.91 229.86925 -9.88054  6461.15  8820.39 2.75 2.45  50.8 -0.400    19.71 21.58 02a59021o0247c 0x000000 -0.181818
59021.361797 20.321591      NaN    -5     9 c    0   1.59 229.86925 -9.88054  6442.29  8781.23 2.83 2.44  50.1 -0.394    19.69 21.57 02a59021o0256c 0x000000 -0.555556
59021.367343 20.321591      NaN   -18     9 c    0   1.15 229.86925 -9.88054  6501.68  8860.86 2.72 2.49  53.5 -0.397    19.67 21.55 02a59021o0268c 0x000000 -2.000000
59021.382515 20.103715      NaN    -8    11 c    0   0.90 229.86925 -9.88054  6523.07  8746.75 2.65 2.45  54.0 -0.400    19.70 21.53 02a59021o0301c 0x000000 -0.727273
59022.354169 20.321591      NaN   -16     9 c    0   1.16 229.86925 -9.88054  6468.30  8818.59 2.60 2.46  47.3 -0.410    19.75 21.67 02a59022o0240c 0x000000 -1.777778
59022.357377 20.321591      NaN   -16     9 c    0   1.27 229.86925 -9.88054  6450.00  8780.52 2.63 2.41  50.6 -0.404    19.74 21.67 02a59022o0247c 0x000000 -1.777778
59022.368387 20.321591      NaN    -2     9 c    0   1.02 229.86925 -9.88054  6511.93  8856.29 2.69 2.48  53.1 -0.397    19.73 21.66 02a59022o0271c 0x000000 -0.222222
59022.373505 20.449472      NaN    -3     8 c    0   1.70 229.86925 -9.88054  6532.20  8743.74 2.67 2.50  53.4 -0.400    19.70 21.64 02a59022o0282c 0x000000 -0.375000
59026.381063 20.009244      NaN     9     9 c    0   0.87 229.86925 -9.88054  4677.07  2624.17 2.32 2.19 -73.9 -0.403    19.74 21.54 02a59026o0226c 0x000000  1.000000
59026.385197 20.761819      NaN    -3     6 c    0   2.17 229.86925 -9.88054  4657.34  2585.06 2.34 2.23 -85.0 -0.400    19.74 21.61 02a59026o0235c 0x000000 -0.500000
59026.391267 20.207197      NaN   -16    10 c    0   0.68 229.86925 -9.88054  4716.10  2663.96 2.35 2.23 -79.8 -0.399    19.76 21.65 02a59026o0248c 0x000000 -1.600000
59026.401935 20.321591      NaN    -3     9 c    0   1.11 229.86925 -9.88054  4736.43  2548.55 2.44 2.24 -60.3 -0.395    19.72 21.63 02a59026o0271c 0x000000 -0.333333
59041.306071 20.449472      NaN    -4     8 c    0   1.09 229.86925 -9.88054  4570.01   678.82 2.42 2.27 -89.1 -0.409    19.70 21.66 02a59041o0136c 0x000000 -0.500000
59041.309286 19.979496      NaN     4    11 c    0   0.66 229.86925 -9.88054  4550.45   640.03 2.46 2.26 -73.2 -0.408    19.65 21.65 02a59041o0143c 0x000000  0.363636
59041.315254 20.207197      NaN   -17    10 c    0   0.77 229.86925 -9.88054  4608.20   718.09 2.59 2.35 -63.2 -0.407    19.65 21.63 02a59041o0156c 0x000000 -1.700000
59041.325943 20.171596      NaN     1    10 c    0   1.30 229.86925 -9.88054  4627.87   602.31 2.51 2.28 -64.3 -0.408    19.70 21.60 02a59041o0179c 0x000000  0.100000
59042.343291 20.171596      NaN     7     8 c    0   1.41 229.86925 -9.88054  6505.10   583.80 2.45 2.16 -61.8 -0.417    19.72 21.56 02a59042o0217c 0x000000  0.875000
59042.355267 20.207197      NaN    -5    10 c    0   0.97 229.86925 -9.88054  6486.78   542.10 2.56 2.17 -55.5 -0.420    19.69 21.55 02a59042o0243c 0x000000 -0.500000
59042.363569 20.321591      NaN   -17     9 c    0   1.09 229.86925 -9.88054  6546.87   621.48 2.48 2.21 -58.8 -0.411    19.65 21.52 02a59042o0261c 0x000000 -1.888889
59042.366782 19.652575      NaN    17    11 c    0   1.26 229.86925 -9.88054  6566.68   503.41 2.46 2.17 -57.1 -0.420    19.61 21.48 02a59042o0268c 0x000000  1.545455
59050.306104 20.321591      NaN   -10     9 c    0   1.28 229.86925 -9.88054  2852.50  4655.45 2.65 2.36  43.7 -0.392    19.63 21.48 02a59050o0140c 0x000000 -1.111111
59050.310254 20.362567      NaN     2     8 c    0   1.40 229.86925 -9.88054  2833.31  4616.63 2.75 2.47  46.5 -0.383    19.57 21.47 02a59050o0149c 0x000000  0.250000
59050.315756 20.207197      NaN    -5    10 c    0   0.75 229.86925 -9.88054  2891.83  4695.18 2.63 2.40  46.3 -0.387    19.61 21.47 02a59050o0161c 0x000000 -0.500000
59050.325895 20.321591      NaN    -6     9 c    0   1.10 229.86925 -9.88054  2914.22  4579.45 2.55 2.39  51.0 -0.393    19.62 21.44 02a59050o0183c 0x000000 -0.666667
59054.289780 20.207197      NaN    -3    10 c    0   1.04 229.86925 -9.88054  2852.67  4655.62 2.67 2.57  63.5 -0.400    19.49 21.34 02a59054o0108c 0x000000 -0.300000
59054.324194 20.321591      NaN    -6     9 c    0   1.44 229.86925 -9.88054  2835.90  4617.52 2.69 2.42  48.6 -0.386    19.54 21.44 02a59054o0121c 0x000000 -0.666667
59054.327433 20.009244      NaN     9     9 c    0   1.27 229.86925 -9.88054  2895.82  4697.00 2.70 2.50  52.8 -0.388    19.49 21.44 02a59054o0128c 0x000000  1.000000
59054.332955 20.207197      NaN    -5    10 c    0   1.13 229.86925 -9.88054  2915.90  4581.06 2.50 2.39  64.2 -0.394    19.56 21.46 02a59054o0140c 0x000000 -0.500000
59070.266108 20.137125      NaN     2    10 c    0   1.05 229.86925 -9.88054  8552.12  2429.72 2.59 2.40 -62.7 -0.392    19.56 21.45 02a59070o0070c 0x000000  0.200000
59070.269798 20.449472      NaN   -15     8 c    0   1.22 229.86925 -9.88054  8532.67  2391.19 2.50 2.36 -63.0 -0.397    19.60 21.46 02a59070o0078c 0x000000 -1.875000
59070.276701 20.103715      NaN    -8    11 c    0   0.86 229.86925 -9.88054  8590.40  2468.90 2.59 2.41 -56.5 -0.390    19.60 21.47 02a59070o0093c 0x000000 -0.727273
59070.289695 20.244005      NaN     2     9 c    0   1.41 229.86925 -9.88054  8609.71  2353.08 2.62 2.51 -59.5 -0.384    19.55 21.51 02a59070o0121c 0x000000  0.222222
59074.286107 19.743105      NaN    13    11 c    0   1.14 229.86925 -9.88054  8423.41  8741.87 2.76 2.64  62.1 -0.387    19.52 21.21 02a59074o0119c 0x000000  1.181818
59074.289865 20.103715      NaN   -22    11 c    0   0.97 229.86925 -9.88054  8403.75  8702.84 2.75 2.60  54.3 -0.387    19.53 21.21 02a59074o0127c 0x000000 -2.000000
59074.296763 20.207197      NaN   -10    10 c    0   1.24 229.86925 -9.88054  8463.11  8780.59 2.90 2.72  50.6 -0.375    19.48 21.23 02a59074o0142c 0x000000 -1.000000
59074.311114 20.009244      NaN    -5    12 c    0   0.86 229.86925 -9.88054  8484.54  8662.34 2.70 2.58  49.3 -0.389    19.56 21.24 02a59074o0173c 0x000000 -0.416667
59078.246128 19.766969      NaN   -18    15 c    0   1.16 229.86925 -9.88054  8433.43  8738.66 2.73 2.59  72.2 -0.395    19.26 20.68 02a59078o0036c 0x000000 -1.200000
59078.252110 20.009244      NaN    -4    12 c    0   1.03 229.86925 -9.88054  8413.95  8700.11 2.67 2.54  80.2 -0.400    19.47 20.98 02a59078o0049c 0x000000 -0.333333
59078.255777 19.922338      NaN   -19    13 c    0   0.75 229.86925 -9.88054  8472.80  8777.97 2.67 2.55  83.3 -0.395    19.53 21.02 02a59078o0057c 0x000000 -1.461538
59078.269612 20.103715      NaN    -5    11 c    0   1.53 229.86925 -9.88054  8490.84  8661.28 2.66 2.58  87.4 -0.393    19.51 21.05 02a59078o0087c 0x000000 -0.454545
59082.238647 19.351140      NaN   -44    22 c    0   1.33 229.86925 -9.88054  8783.29  6306.44 2.65 2.45  53.8 -0.403    18.79 19.99 02a59082o0028c 0x000000 -2.000000
59082.241861 19.631075      NaN    -8    17 c    0   0.94 229.86925 -9.88054  8764.82  6268.03 2.60 2.46  55.3 -0.395    19.13 20.46 02a59082o0035c 0x000000 -0.470588
59082.249202 19.922338      NaN   -17    13 c    0   0.82 229.86925 -9.88054  8825.51  6346.22 2.62 2.43  53.9 -0.396    19.42 20.91 02a59082o0051c 0x000000 -1.307692
59082.259782 19.868040      NaN    14     9 c    0   1.95 229.86925 -9.88054  8845.57  6229.79 2.64 2.55  63.1 -0.386    19.47 21.05 02a59082o0074c 0x000000  1.555556
59106.221071 18.649074      NaN   -53    42 c    0   1.30 229.86925 -9.88054   712.96   842.52 2.42 2.17 -68.3 -0.448    17.76 18.96 02a59106o0021c 0x100002 -1.261905
59106.224295 18.900000      NaN    28    24 c    0   0.79 229.86925 -9.88054   693.07   802.12 2.35 2.14 -73.8 -0.451    18.49 19.68 02a59106o0028c 0x000000  1.166667
59106.229901 20.009244      NaN   -20    12 c    0   1.25 229.86925 -9.88054   753.50   880.26 2.32 2.15 -76.1 -0.451    19.14 20.48 02a59106o0040c 0x000000 -1.666667
59106.240917 20.103715      NaN    -6    11 c    0   1.50 229.86925 -9.88054   770.16   762.02 2.33 2.16 -84.2 -0.447    19.23 20.73 02a59106o0064c 0x000000 -0.545455
59207.630585 18.702047      NaN    36    28 c    0   0.92 229.86925 -9.88054  3427.03 10484.56 3.12 2.85 -69.1 -0.368    18.75 20.25 01a59207o0932c 0x100002  1.285714
59207.631046 19.155932      NaN    19    20 c    0   2.01 229.86925 -9.88054  3408.16 10445.37 3.20 3.00 -51.1 -0.361    18.74 20.25 01a59207o0933c 0x000000  0.950000
59207.631508 18.878500      NaN   -48    34 c    0   0.87 229.86925 -9.88054  3466.84 10524.27 2.97 2.77 -50.2 -0.374    18.80 20.25 01a59207o0934c 0x100002 -1.411765
59207.631968 19.631075      NaN    -8    17 c    0   1.15 229.86925 -9.88054  3487.51 10406.32 2.96 2.81 -51.4 -0.365    18.80 20.26 01a59207o0935c 0x000000 -0.470588
59207.632428 18.955691      NaN    29    22 c    0   1.05 229.86925 -9.88054  3448.20 10465.43 2.96 2.76 -58.3 -0.363    18.82 20.26 01a59207o0936c 0x000000  1.318182
59207.636494 19.351140      NaN   -11    22 c    0   1.20 229.86925 -9.88054  7137.92    71.59 3.09 2.64 -55.1 -0.407    18.86 20.25 02a59207o0897c 0x000000 -0.500000
59207.636952 19.696897      NaN   -22    16 c    0   1.72 229.86925 -9.88054  7156.51   110.47 2.78 2.56 -62.0 -0.390    18.89 20.25 02a59207o0898c 0x000000 -1.375000
59207.637409 16.620775      NaN  -844   272 c    0   1.96 229.86925 -9.88054  7097.94    31.90 2.70 2.41 -62.3 -0.412    18.93 20.25 02a59207o0899c 0x100002 -3.102941
59207.637867 19.569016      NaN    -4    18 c    0   1.24 229.86925 -9.88054  7077.49   149.52 2.73 2.46 -61.7 -0.407    18.91 20.25 02a59207o0900c 0x000000 -0.222222
59207.638324 19.569016      NaN   -31    18 c    0   1.07 229.86925 -9.88054  7116.69    90.15 2.80 2.54 -60.9 -0.405    18.94 20.25 02a59207o0901c 0x000000 -1.722222
59226.645079 20.009244      NaN    -8    12 c    0   0.97 229.86925 -9.88054  5883.47  7931.64 2.50 2.47  48.6 -0.405    19.49 21.12 02a59226o0973c 0x000000 -0.666667
59226.650585 20.103715      NaN   -19    11 c    0   1.14 229.86925 -9.88054  5903.94  7970.10 2.54 2.40  39.1 -0.405    19.48 21.11 02a59226o0985c 0x000000 -1.727273
59226.663546 19.922338      NaN   -30    13 c    0   1.09 229.86925 -9.88054  5847.20  7892.07 2.49 2.41  31.5 -0.406    19.45 20.90 02a59226o1013c 0x000000 -2.307692
59226.668169 19.841877      NaN   -18    14 c    0   1.57 229.86925 -9.88054  5827.47  8008.26 2.48 2.44  49.7 -0.408    19.18 20.44 02a59226o1023c 0x000000 -1.285714
59228.626242 20.103715      NaN   -10    11 c    0   1.06 229.86925 -9.88054  6841.92  6397.60 2.63 2.59 -38.2 -0.350    19.41 21.08 01a59228o0648c 0x000000 -0.909091
59228.630389 20.103715      NaN   -19    11 c    0   0.92 229.86925 -9.88054  6823.63  6360.44 2.56 2.47 -45.6 -0.443    19.45 21.08 01a59228o0657c 0x000000 -1.727273
59228.637934 20.009244      NaN    -8    12 c    0   0.88 229.86925 -9.88054  6883.89  6438.04 2.70 2.60 -52.6 -0.348    19.40 21.08 01a59228o0673c 0x000000 -0.666667
59228.655599 20.207197      NaN   -31    10 c    0   1.01 229.86925 -9.88054  6909.08  6321.20 2.70 2.52 -13.4 -0.351    19.45 21.08 01a59228o0711c 0x000000 -3.100000
59230.611877 20.009244      NaN   -28    12 c    0   1.05 229.86925 -9.88054  5884.26  7934.17 2.88 2.69  42.2 -0.383    19.42 21.21 02a59230o0895c 0x000000 -2.333333
59230.615996 20.009244      NaN   -16    12 c    0   1.44 229.86925 -9.88054  5902.49  7972.97 2.84 2.74  40.3 -0.387    19.42 21.22 02a59230o0904c 0x000000 -1.333333
59230.621493 20.009244      NaN     3    11 c    0   1.04 229.86925 -9.88054  5843.26  7894.52 2.85 2.62  39.4 -0.386    19.42 21.23 02a59230o0916c 0x000000  0.272727
59230.632037 19.979496 0.322786    37    11 c    0   1.01 229.86925 -9.88054  5824.08  8010.73 2.72 2.55  36.5 -0.393    19.49 21.25 02a59230o0939c 0x000000  3.363636
59232.632810 19.868040      NaN     5    12 c    0   1.10 229.86925 -9.88054  2761.29  2721.73 2.80 2.60  84.6 -0.409    19.48 21.27 01a59232o0766c 0x000000  0.416667
59232.636964 19.384550      NaN    25    13 c    0   1.43 229.86925 -9.88054  2742.13  2682.91 2.60 2.46  64.8 -0.468    19.39 21.16 01a59232o0775c 0x000000  1.923077
59232.655402 20.207197      NaN    -7    10 c    0   1.50 229.86925 -9.88054  2800.64  2764.64 2.61 2.34  84.2 -0.426    19.51 21.22 01a59232o0815c 0x000000 -0.700000
59232.667858 19.569016      NaN    -8    18 c    0   0.96 229.86925 -9.88054  2820.31  2649.72 2.84 2.40  79.4 -0.415    19.00 20.16 01a59232o0842c 0x000000 -0.444444
59256.614734 20.244005      NaN     5     8 c    0   1.00 229.86925 -9.88054  4792.02  4567.82 2.59 2.48 -28.5 -0.355    19.69 21.71 01a59256o0879c 0x000000  0.625000
59256.617975 20.321591      NaN     3     8 c    0   1.24 229.86925 -9.88054  4772.57  4529.15 2.54 2.50  76.6 -0.357    19.67 21.71 01a59256o0886c 0x000000  0.375000
59256.627943 20.449472      NaN    -5     8 c    0   0.99 229.86925 -9.88054  4832.40  4605.66 2.60 2.52  15.1 -0.346    19.64 21.71 01a59256o0907c 0x000000 -0.625000
59256.637171 20.594452      NaN   -27     7 c    0   1.97 229.86925 -9.88054  4850.38  4490.73 2.76 2.67 -10.4 -0.348    19.61 21.71 01a59256o0927c 0x000000 -3.857143
59258.562210 20.207197      NaN   -26    10 c    0   1.37 229.86925 -9.88054  7998.69  1536.15 2.91 2.80  88.7 -0.383    19.39 21.33 02a59258o0747c 0x000000 -2.600000
59258.565416 20.207197      NaN    -5    10 c    0   1.12 229.86925 -9.88054  8018.39  1574.50 2.83 2.72 -75.7 -0.390    19.44 21.33 02a59258o0754c 0x000000 -0.500000
59258.568619 20.207197      NaN    -7    10 c    0   1.39 229.86925 -9.88054  7960.12  1496.87 2.93 2.78 -74.1 -0.393    19.38 21.33 02a59258o0761c 0x000000 -0.700000
59258.579630 19.950541      NaN     2    12 c    0   1.02 229.86925 -9.88054  7939.57  1613.50 3.15 3.02 -79.1 -0.377    19.34 21.36 02a59258o0785c 0x000000  0.166667
59260.585025 20.761819      NaN   -22     6 c    0   1.69 229.86925 -9.88054  4791.36  4564.96 2.48 2.44 -62.6 -0.359    19.70 21.66 01a59260o0708c 0x000000 -3.666667
59260.588250 20.449472      NaN   -16     8 c    0   1.07 229.86925 -9.88054  4772.25  4527.56 2.47 2.40 -30.6 -0.356    19.71 21.67 01a59260o0715c 0x000000 -2.000000
59260.593798 20.449472      NaN   -17     8 c    0   1.28 229.86925 -9.88054  4830.03  4604.60 2.59 2.49 -15.0 -0.352    19.68 21.66 01a59260o0727c 0x000000 -2.125000
59260.606108 20.449472      NaN   -18     8 c    0   1.46 229.86925 -9.88054  4851.50  4488.29 2.90 2.52  -3.1 -0.346    19.60 21.67 01a59260o0753c 0x000000 -2.250000
59261.623614 20.449472      NaN    -8     8 c    0   1.45 229.86925 -9.88054  7999.86  1538.11 2.35 2.31 -47.9 -0.401    19.67 21.48 02a59261o0896c 0x000000 -1.000000
59261.627276 20.449472      NaN   -10     8 c    0   1.28 229.86925 -9.88054  8018.48  1577.49 2.34 2.30 -64.4 -0.402    19.68 21.47 02a59261o0904c 0x000000 -1.250000
59261.643336 20.449472      NaN   -16     8 c    0   1.14 229.86925 -9.88054  7961.78  1497.95 2.37 2.32  28.0 -0.395    19.67 21.48 02a59261o0939c 0x000000 -2.000000
59261.655582 20.207197      NaN    -8    10 c    0   0.88 229.86925 -9.88054  7941.94  1616.64 2.40 2.35  20.6 -0.402    19.63 21.43 02a59261o0965c 0x000000 -0.800000
59262.602739 20.321591      NaN     0     9 c    0   1.04 229.86925 -9.88054  8004.26  1536.49 2.39 2.25 -62.4 -0.407    19.65 21.41 02a59262o0843c 0x000000  0.000000
59262.608271 20.321591      NaN    -6     9 c    0   1.55 229.86925 -9.88054  8021.81  1575.61 2.37 2.27 -58.9 -0.405    19.64 21.43 02a59262o0855c 0x000000 -0.666667
59262.617321 20.171596      NaN     4     9 c    0   1.19 229.86925 -9.88054  7966.93  1498.06 2.41 2.33 -61.5 -0.401    19.64 21.42 02a59262o0874c 0x000000  0.444444
59262.622384 20.039830      NaN     8     9 c    0   1.19 229.86925 -9.88054  7947.54  1615.31 2.38 2.30 -61.1 -0.402    19.65 21.42 02a59262o0885c 0x000000  0.888889
59312.533947 20.321591      NaN    -8     9 c    0   0.81 229.86925 -9.88054  4045.09  1775.31 2.35 2.23  -5.2 -0.385    19.86 21.53 01a59312o0680c 0x000000 -0.888889
59312.539143 20.594452      NaN    -2     7 c    0   1.36 229.86925 -9.88054  4065.17  1812.59 2.35 2.26  -2.8 -0.388    19.87 21.55 01a59312o0691c 0x000000 -0.285714
59312.566682 20.282105      NaN     7     7 c    0   0.93 229.86925 -9.88054  4012.15  1730.55 2.43 2.33  25.0 -0.378    19.83 21.57 01a59312o0750c 0x000000  1.000000
59312.591430 20.282105      NaN     4     8 c    0   1.01 229.86925 -9.88054  3999.41  1844.71 2.41 2.34  54.1 -0.390    19.78 21.53 01a59312o0803c 0x000000  0.500000
59316.592906 20.594452      NaN   -12     7 c    0   1.35 229.86925 -9.88054  4065.64  1764.70 2.34 2.27  69.1 -0.400    19.79 21.43 01a59316o0067c 0x000000 -1.714286
59316.597061 20.207197      NaN     6     8 c    0   1.10 229.86925 -9.88054  4085.35  1803.48 2.30 2.22  65.7 -0.401    19.81 21.42 01a59316o0076c 0x000000  0.750000
59316.607078 20.594452      NaN    -6     7 c    0   1.66 229.86925 -9.88054  4025.77  1725.28 2.34 2.21  84.7 -0.410    19.80 21.40 01a59316o0097c 0x000000 -0.857143
59316.614496 20.594452      NaN   -12     7 c    0   1.28 229.86925 -9.88054  4008.26  1841.54 2.36 2.26  75.8 -0.394    19.77 21.38 01a59316o0113c 0x000000 -1.714286
59324.516868 20.594452      NaN   -10     7 c    0   1.00 229.86925 -9.88054  5894.69  7951.88 2.33 2.20 -70.7 -0.382    19.90 21.59 01a59324o0537c 0x000000 -1.428571
59324.552102 20.321591      NaN    -9     9 c    0   0.84 229.86925 -9.88054  5920.85  7985.76 2.47 2.35 -89.2 -0.379    19.81 21.53 01a59324o0612c 0x000000 -1.000000
59324.555434 20.282105      NaN     1     9 c    0   0.90 229.86925 -9.88054  5862.24  7907.23 2.44 2.32 -83.0 -0.380    19.81 21.53 01a59324o0619c 0x000000  0.111111
59324.583654 20.321591      NaN   -21     9 c    0   1.11 229.86925 -9.88054  5848.76  8022.09 2.56 2.42 -77.1 -0.369    19.76 21.45 01a59324o0679c 0x000000 -2.333333
59338.458600 20.207197      NaN    -6    10 c    0   1.38 229.86925 -9.88054  2747.40  2716.03 2.37 2.32 -84.6 -0.403    19.46 21.14 02a59338o0422c 0x000000 -0.600000
59338.474100 20.207197      NaN   -14    10 c    0   1.15 229.86925 -9.88054  2730.36  2679.20 2.38 2.32  79.0 -0.407    19.55 21.22 02a59338o0455c 0x000000 -1.400000
59338.477304 20.207197      NaN    -7    10 c    0   1.28 229.86925 -9.88054  2788.89  2757.25 2.37 2.29  66.6 -0.407    19.51 21.16 02a59338o0462c 0x000000 -0.700000
59338.485450 20.321591      NaN    -3     9 c    0   1.32 229.86925 -9.88054  2807.33  2641.11 2.35 2.28  76.0 -0.403    19.44 21.02 02a59338o0479c 0x000000 -0.333333
59346.394865 20.594452      NaN    -9     7 c    0   1.44 229.86925 -9.88054  6066.61  1631.97 2.29 2.20 -63.1 -0.408    19.64 21.39 02a59346o0358c 0x000000 -1.285714
59346.396742 20.207197      NaN   -17    10 c    0   0.82 229.86925 -9.88054  6086.30  1670.64 2.30 2.22 -67.1 -0.402    19.65 21.38 02a59346o0362c 0x000000 -1.700000
59346.399486 19.894850      NaN    16     8 c    0   1.37 229.86925 -9.88054  6027.56  1592.51 2.29 2.21 -60.6 -0.408    19.65 21.38 02a59346o0368c 0x000000  2.000000
59346.404526 20.449472      NaN   -20     8 c    0   1.82 229.86925 -9.88054  6008.44  1709.25 2.48 2.38 -60.5 -0.396    19.60 21.38 02a59346o0379c 0x000000 -2.500000
59350.472552 20.009244      NaN    -3    12 c    0   1.28 229.86925 -9.88054  4518.06  8925.50 2.78 2.71  87.3 -0.384    19.45 21.33 02a59350o0368c 0x000000 -0.250000
59350.476696 19.922338      NaN    -1    13 c    0   0.82 229.86925 -9.88054  4497.74  8885.81 2.84 2.76  83.5 -0.379    19.43 21.33 02a59350o0377c 0x000000 -0.076923
59350.486344 20.009244      NaN   -16    12 c    0   0.87 229.86925 -9.88054  4557.08  8968.24 2.72 2.66 -70.9 -0.387    19.48 21.29 02a59350o0398c 0x000000 -1.333333
59350.501194 19.841877      NaN   -40    14 c    0   1.23 229.86925 -9.88054  4574.79  8849.79 3.16 3.10 -71.2 -0.372    19.32 21.26 02a59350o0430c 0x000000 -2.857143
59367.427572 20.449472      NaN    -4     8 c    0   0.98 229.86925 -9.88054  2044.69  8181.86 2.18 1.98 -63.7 -0.396    19.94 21.65 01a59367o0418c 0x000000 -0.500000
59367.431374 20.449472      NaN     3     7 c    0   1.35 229.86925 -9.88054  2064.77  8218.83 2.21 1.99 -67.9 -0.402    19.93 21.63 01a59367o0426c 0x000000  0.428571
59367.437917 20.761819      NaN   -10     6 c    0   1.41 229.86925 -9.88054  2008.53  8142.08 2.26 2.04 -56.6 -0.384    19.88 21.62 01a59367o0440c 0x000000 -1.666667
59367.449980 20.543943      NaN     1     7 c    0   1.60 229.86925 -9.88054  1989.67  8256.29 2.20 1.99 -67.9 -0.395    19.90 21.60 01a59367o0465c 0x000000  0.142857
59368.432691 20.495680      NaN     5     6 c    0   1.65 229.86925 -9.88054  2106.86  1875.16 2.16 2.10  55.6 -0.405    19.92 21.68 01a59368o0428c 0x000000  0.833333
59368.438926 20.761819      NaN    -1     6 c    0   1.15 229.86925 -9.88054  2122.67  1914.02 2.14 2.05  72.2 -0.409    19.91 21.67 01a59368o0441c 0x000000 -0.166667
59368.457031 20.282105      NaN     4     8 c    0   1.03 229.86925 -9.88054  2070.74  1834.89 2.17 2.11  58.2 -0.413    19.87 21.64 01a59368o0479c 0x000000  0.500000
59368.467328 20.594452      NaN   -14     7 c    0   1.09 229.86925 -9.88054  2054.11  1949.86 2.17 2.12  45.6 -0.406    19.89 21.61 01a59368o0501c 0x000000 -2.000000
59372.369914 20.449472      NaN   -17     8 c    0   1.15 229.86925 -9.88054  2094.87  1887.53 2.48 2.23  -1.7 -0.392    19.78 21.65 01a59372o0289c 0x000000 -2.125000
59372.374101 20.321591      NaN   -17     9 c    0   1.35 229.86925 -9.88054  2115.24  1925.85 2.54 2.40 -10.7 -0.383    19.74 21.63 01a59372o0298c 0x000000 -1.888889
59372.379644 20.449472      NaN    -9     8 c    0   1.42 229.86925 -9.88054  2056.80  1847.56 2.32 2.12   3.6 -0.401    19.86 21.63 01a59372o0310c 0x000000 -1.125000
59372.399837 20.449472      NaN    -8     8 c    0   1.01 229.86925 -9.88054  2044.02  1959.17 2.25 2.16  13.3 -0.400    19.86 21.61 01a59372o0353c 0x000000 -1.000000
59376.372635 20.449472      NaN   -13     8 c    0   1.12 229.86925 -9.88054  1770.26  4319.38 2.26 2.21 -80.3 -0.403    19.87 21.66 01a59376o0293c 0x000000 -1.625000
59376.378173 20.449472      NaN   -13     8 c    0   1.02 229.86925 -9.88054  1790.65  4357.01 2.26 2.15 -80.6 -0.404    19.88 21.66 01a59376o0305c 0x000000 -1.625000
59376.400732 20.594452      NaN    -3     7 c    0   1.42 229.86925 -9.88054  1736.03  4273.70 2.28 2.22  87.5 -0.403    19.87 21.68 01a59376o0353c 0x000000 -0.428571
59376.403965 20.449472      NaN   -14     8 c    0   0.91 229.86925 -9.88054  1717.55  4389.73 2.31 2.17 -87.0 -0.408    19.86 21.67 01a59376o0360c 0x000000 -1.750000
59380.364472 19.979496      NaN     4    11 c    0   1.19 229.86925 -9.88054  1768.93  4314.92 2.44 2.39 -78.0 -0.390    19.36 21.20 01a59380o0272c 0x000000  0.363636
59380.367708 19.454622      NaN    18    14 c    0   0.94 229.86925 -9.88054  1789.77  4353.61 2.41 2.32 -17.5 -0.387    19.28 21.09 01a59380o0279c 0x000000  1.285714
59380.396454 20.137125      NaN     5     9 c    0   0.95 229.86925 -9.88054  1734.96  4271.83 2.46 2.43 -23.4 -0.383    19.74 21.60 01a59380o0339c 0x000000  0.555556
59380.402903 20.449472      NaN   -15     8 c    0   1.09 229.86925 -9.88054  1717.28  4386.43 2.46 2.39 -84.7 -0.389    19.74 21.59 01a59380o0353c 0x000000 -1.875000
59402.339958 20.207197      NaN   -23    10 c    0   1.21 229.86925 -9.88054  4895.36  6492.85 2.38 2.26  63.5 -0.406    19.66 21.41 02a59402o0212c 0x000000 -2.300000
59402.343165 20.321591      NaN   -12     9 c    0   1.41 229.86925 -9.88054  4878.36  6454.53 2.36 2.29 -86.0 -0.409    19.65 21.41 02a59402o0219c 0x000000 -1.333333
59402.348688 20.321591      NaN   -12     9 c    0   0.97 229.86925 -9.88054  4937.66  6534.40 2.36 2.27  84.8 -0.410    19.67 21.40 02a59402o0231c 0x000000 -1.333333
59402.358780 20.207197      NaN    -6    10 c    0   1.16 229.86925 -9.88054  4957.59  6417.95 2.37 2.27  88.4 -0.404    19.66 21.40 02a59402o0253c 0x000000 -0.600000
59406.298102 20.244005      NaN     2     9 c    0   1.31 229.86925 -9.88054  4901.67  6491.32 2.32 2.29 -84.2 -0.409    19.68 21.55 02a59406o0119c 0x000000  0.222222
59406.301303 20.321591      NaN     3     8 c    0   1.28 229.86925 -9.88054  4882.86  6453.10 2.36 2.32  87.2 -0.403    19.65 21.54 02a59406o0126c 0x000000  0.375000
59406.306901 19.791368      NaN    14    10 c    0   0.86 229.86925 -9.88054  4941.81  6530.96 2.44 2.36  59.3 -0.400    19.66 21.55 02a59406o0138c 0x000000  1.400000
59406.320324 20.071303      NaN     7     9 c    0   0.89 229.86925 -9.88054  4963.56  6416.65 2.45 2.37  85.0 -0.398    19.64 21.49 02a59406o0167c 0x000000  0.777778
59409.310073 19.979496      NaN    10     9 c    0   1.69 229.86925 -9.88054  4897.39  6492.06 2.52 2.29  51.6 -0.388    19.61 21.30 02a59409o0146c 0x000000  1.111111
59409.313290 19.922338      NaN     6    11 c    0   1.24 229.86925 -9.88054  4878.07  6453.98 2.67 2.49  52.8 -0.375    19.51 21.31 02a59409o0153c 0x000000  0.545455
59409.319251 20.207197      NaN    -8    10 c    0   1.23 229.86925 -9.88054  4935.59  6530.92 2.66 2.58  67.2 -0.388    19.53 21.36 02a59409o0166c 0x000000 -0.800000
59409.329324 20.207197      NaN   -16    10 c    0   1.36 229.86925 -9.88054  4955.44  6416.46 3.02 2.88  63.4 -0.375    19.39 21.42 02a59409o0188c 0x000000 -1.600000
59428.302505 20.171596      NaN     4     9 c    0   1.17 229.86925 -9.88054  3721.37  4179.00 2.61 2.37 -78.2 -0.382    19.63 21.35 01a59428o0150c 0x000000  0.444444
59428.305730 20.449472      NaN    -7     8 c    0   1.38 229.86925 -9.88054  3740.33  4217.58 2.39 2.20 -84.5 -0.397    19.69 21.36 01a59428o0157c 0x000000 -0.875000
59428.311282 20.449472      NaN    -5     8 c    0   1.24 229.86925 -9.88054  3681.74  4140.66 2.51 2.37 -84.2 -0.389    19.65 21.37 01a59428o0169c 0x000000 -0.625000
59428.321426 19.950541      NaN     8    10 c    0   0.97 229.86925 -9.88054  3660.30  4255.86 2.59 2.34 -81.0 -0.395    19.64 21.37 01a59428o0191c 0x000000  0.800000
59432.280964 20.137125      NaN    14     6 c    0   1.81 229.86925 -9.88054  7831.39  7825.48 2.48 2.13 -88.9 -0.396    19.79 21.48 01a59432o0106c 0x000000  2.333333
59432.284190 20.594452      NaN   -13     7 c    0   1.47 229.86925 -9.88054  7851.00  7864.19 2.47 2.12 -86.7 -0.403    19.82 21.48 01a59432o0113c 0x000000 -1.857143
59432.289736 20.321591      NaN    -5     9 c    0   0.97 229.86925 -9.88054  7792.75  7786.34 2.48 2.16 -88.6 -0.396    19.80 21.47 01a59432o0125c 0x000000 -0.555556
59432.299924 20.449472      NaN   -15     8 c    0   0.95 229.86925 -9.88054  7773.33  7903.38 2.60 2.24 -87.3 -0.381    19.72 21.44 01a59432o0147c 0x000000 -1.875000
59436.255042 20.449472      NaN   -10     8 c    0   1.14 229.86925 -9.88054  7826.35  7820.80 2.32 2.10  80.3 -0.393    19.77 21.27 01a59436o0035c 0x000000 -1.250000
59436.258267 20.321591      NaN    -3     9 c    0   0.71 229.86925 -9.88054  7848.09  7860.52 2.34 2.10  84.3 -0.393    19.79 21.29 01a59436o0042c 0x000000 -0.333333
59436.265184 20.594452      NaN    -9     7 c    0   1.52 229.86925 -9.88054  7789.97  7783.11 2.36 2.06 -89.0 -0.404    19.78 21.34 01a59436o0057c 0x000000 -1.285714
59436.275328 20.495680      NaN     2     7 c    0   1.45 229.86925 -9.88054  7772.01  7899.21 2.36 2.06 -88.7 -0.409    19.83 21.43 01a59436o0079c 0x000000  0.285714
59454.231673 18.847027      NaN     3    34 c    0   0.79 229.86925 -9.88054  2872.47  4651.54 2.35 2.24  81.3 -0.416    18.15 19.20 02a59454o0018c 0x100002  0.088235
59454.234442 19.569016      NaN   -18    18 c    0   1.52 229.86925 -9.88054  2855.38  4613.34 2.33 2.23 -87.3 -0.416    18.69 19.80 02a59454o0024c 0x000000 -1.000000
59454.239954 19.922338      NaN   -16    13 c    0   0.95 229.86925 -9.88054  2913.88  4691.65 2.33 2.23 -80.1 -0.409    19.29 20.61 02a59454o0036c 0x000000 -1.230769
59454.250962 20.009244      NaN   -14    12 c    0   0.86 229.86925 -9.88054  2933.24  4575.55 2.40 2.24 -68.3 -0.415    19.40 20.91 02a59454o0060c 0x000000 -1.166667
59458.230986 17.105824      NaN   -15   174 c    0   0.81 229.86925 -9.88054  2579.67  9018.01 2.46 2.34 -88.3 -0.405    16.82 17.79 02a59458o0024c 0x100002 -0.086207
59458.234197 15.330068      NaN   435   748 c    0   1.13 229.86925 -9.88054  2560.63  8979.76 2.43 2.31 -68.4 -0.391    15.97 16.99 02a59458o0031c 0x100002  0.581551
59458.241997 19.226921      NaN     8    22 c    0   1.25 229.86925 -9.88054  2620.32  9057.83 2.39 2.26 -66.8 -0.415    18.14 19.42 02a59458o0048c 0x000000  0.363636
59458.252093 17.954005      NaN    95    48 c    0   1.00 229.86925 -9.88054  2639.48  8940.73 2.39 2.26 -65.7 -0.420    18.03 19.32 02a59458o0070c 0x100002  1.979167
59586.634136 19.841877      NaN   -16    14 c    0   1.35 229.86925 -9.88054  7917.65  9790.39 2.68 2.60 -54.1 -0.405    19.36 20.92 02a59586o0913c 0x000000 -1.142857
59586.637359 19.766969      NaN     0    15 c    0   1.25 229.86925 -9.88054  7936.95  9829.60 2.74 2.58 -56.6 -0.407    19.36 20.92 02a59586o0920c 0x000000  0.000000
59586.656423 19.766969      NaN   -21    15 c    0   0.95 229.86925 -9.88054  7879.81  9750.44 2.71 2.58 -54.4 -0.402    19.37 20.90 02a59586o0961c 0x000000 -1.400000
59586.667121 19.367717      NaN    11    18 c    0   1.44 229.86925 -9.88054  7862.06  9868.35 2.66 2.59 -54.8 -0.402    19.07 20.25 02a59586o0984c 0x000000  0.611111