         MJD         m       dm    uJy  duJy F  err  chi/N        RA      Dec        x        y  maj  min   phi  apfit  mag5sig   Sky            Obs     Mask   __tmp_SN
57713.210780 18.125925      NaN    -37    68 c    0   1.37 307.14821 25.73565  2914.22   239.21 3.95 3.83 -66.6 -0.407    17.87 19.42 02a57713o0064c 0x100002  -0.544118
57713.219533 17.476565      NaN     11   120 c    0   1.15 307.14821 25.73565  7053.26  9960.99 3.52 3.33 -34.1 -0.411    17.54 19.10 02a57713o0081c 0x100002   0.091667
57713.220050 18.174913      NaN    -32    65 c    0   1.11 307.14821 25.73565  2897.75   199.33 3.92 3.79 -62.1 -0.413    18.27 19.84 02a57713o0082c 0x100002  -0.492308
57713.230351 18.978793      NaN     -3    31 c    0   1.19 307.14821 25.73565  7036.14  9920.51 3.51 3.39 -19.7 -0.437    18.73 20.41 02a57713o0102c 0x100002  -0.096774
57713.230859 19.051202      NaN    -10    29 c    0   1.14 307.14821 25.73565  2950.02   277.23 3.92 3.78 -68.0 -0.416    18.97 20.68 02a57713o0103c 0x100002  -0.344828
57713.240138 18.526952      NaN   -117    47 c    0   0.89 307.14821 25.73565  7106.08  9999.78 3.61 3.51 -36.2 -0.447    18.32 20.12 02a57713o0121c 0x100002  -2.489362
57713.240647 17.176728      NaN   -121   163 c    0   1.19 307.14821 25.73565  2966.96   159.15 4.00 3.89 -72.3 -0.400    17.55 19.25 02a57713o0122c 0x100002  -0.742331
57713.249460 14.057836      NaN   2566  2027 c    0   1.00 307.14821 25.73565  7123.41  9882.70 3.77 3.59   1.2 -0.432    14.98 16.39 02a57713o0139c 0x100002   1.265910
57713.258328 14.166844      NaN  -3863  2607 c    0   1.16 307.14821 25.73565  7087.79  9941.21 3.62 3.48 -18.0 -0.400    13.99 15.38 02a57713o0156c 0x100002  -1.481780
57721.200369 19.631075      NaN     -1    17 c    0   1.31 307.14821 25.73565  3654.95  3411.81 3.89 3.75  88.3 -0.387    19.41 21.12 02a57721o0020c 0x000000  -0.058824
57721.206041 19.569016      NaN      9    15 c    0   1.69 307.14821 25.73565  3639.45  3372.55 3.99 3.83  86.3 -0.382    19.48 21.32 02a57721o0031c 0x000000   0.600000
57721.214816 19.696897      NaN    -32    16 c    0   1.14 307.14821 25.73565  3709.20  3449.99 4.00 3.85 -89.1 -0.380    19.48 21.33 02a57721o0048c 0x000000  -2.000000
57721.226244 19.302877      NaN     18    17 c    0   1.44 307.14821 25.73565  3725.41  3333.12 4.03 3.93   3.5 -0.374    19.43 21.29 02a57721o0070c 0x000000   1.058824
57721.238612 19.089302      NaN     30    18 c    0   1.14 307.14821 25.73565  3670.87  3392.10 4.02 3.97 -79.1 -0.379    19.40 21.24 02a57721o0094c 0x000000   1.666667
57893.606697 19.419021      NaN     26    12 c    0   1.65 307.14821 25.73565  7684.17  7031.70 2.70 2.47  52.5 -0.472    19.62 21.10 02a57893o0642c 0x000000   2.166667
57893.625390 17.981610      NaN     71    54 c    0   1.10 307.14821 25.73565  2780.27  3397.15 3.14 2.46   6.9 -0.492    17.74 18.44 02a57893o0669c 0x100002   1.314815
57901.581741 19.051202      NaN     33    18 c    0   1.25 307.14821 25.73565  6598.93  8530.05 2.55 2.46  21.5 -0.468    19.04 20.64 02a57901o0548c 0x000000   1.833333
57901.600937 20.321591      NaN    -20     9 c    0   1.67 307.14821 25.73565  3844.93  1882.87 2.70 2.56  41.1 -0.475    19.76 21.56 02a57901o0577c 0x000000  -2.222222
57901.620429 18.702047      NaN     42    26 c    0   0.91 307.14821 25.73565  3914.19  1963.00 2.62 2.50  30.3 -0.480    18.70 19.54 02a57901o0606c 0x100002   1.615385
57983.425656 20.321591      NaN     -7     9 c    0   1.74 307.14821 25.73565  3751.66  1671.49 2.44 2.31  68.8 -0.412    19.81 21.72 02a57983o0359c 0x000000  -0.777778
57983.435992 20.244005      NaN      5     8 c    0   1.86 307.14821 25.73565  3769.94  1710.60 2.44 2.30  67.2 -0.411    19.82 21.72 02a57983o0376c 0x000000   0.625000
57983.446725 20.449472      NaN     -2     8 c    0   1.64 307.14821 25.73565  3803.54  1750.03 2.46 2.32  60.4 -0.409    19.82 21.70 02a57983o0393c 0x000000  -0.250000
57983.452410 20.594452      NaN     -6     7 c    0   2.79 307.14821 25.73565  3821.31  1631.22 2.49 2.34  61.8 -0.410    19.81 21.70 02a57983o0403c 0x000000  -0.857143
57987.405462 20.449472      NaN    -15     8 c    0   1.72 307.14821 25.73565  3367.20  1876.03 2.46 2.33  68.3 -0.408    19.74 21.56 02a57987o0185c 0x000000  -1.875000
57987.418555 19.979496      NaN     10     9 c    0   2.29 307.14821 25.73565  3350.12  1834.30 2.49 2.32  60.8 -0.420    19.79 21.60 02a57987o0205c 0x000000   1.111111
57987.419522 20.449472      NaN    -10     8 c    0   1.67 307.14821 25.73565  3420.56  1911.73 2.45 2.28  61.7 -0.415    19.76 21.59 02a57987o0207c 0x000000  -1.250000
57987.437965 20.761819      NaN    -12     6 c    0   2.63 307.14821 25.73565  3437.44  1795.97 2.49 2.32  54.6 -0.419    19.81 21.61 02a57987o0238c 0x000000  -2.000000
57991.419719 20.594452      NaN     -6     7 c    0   1.73 307.14821 25.73565  7007.19  7373.60 2.56 2.51 -36.7 -0.410    19.78 21.70 02a57991o0243c 0x000000  -0.857143
57991.438494 19.766969      NaN     21     8 c    0   1.66 307.14821 25.73565  6989.05  7337.01 2.65 2.56 -38.0 -0.410    19.72 21.62 02a57991o0277c 0x000000   2.625000
57991.443810 20.207197      NaN      3     9 c    0   1.90 307.14821 25.73565  7041.95  7412.49 2.61 2.52 -41.0 -0.410    19.72 21.61 02a57991o0287c 0x000000   0.333333
57991.460487 20.449472      NaN    -18     8 c    0   1.92 307.14821 25.73565  7058.01  7299.16 2.61 2.53 -24.5 -0.410    19.71 21.54 02a57991o0318c 0x000000  -2.250000
58019.344294 20.282105      NaN      1     9 c    0   1.95 307.14821 25.73565  7135.65  8078.18 2.56 2.49 -11.6 -0.431    19.75 21.73 02a58019o0262c 0x000000   0.111111
58019.354947 20.449472      NaN    -19     8 c    0   1.48 307.14821 25.73565  7118.33  8037.71 2.65 2.59  -4.6 -0.424    19.70 21.70 02a58019o0283c 0x000000  -2.375000
58019.371386 20.207197      NaN    -14    10 c    0   1.74 307.14821 25.73565  7171.78  8118.93 2.53 2.34 -44.2 -0.415    19.77 21.68 02a58019o0314c 0x000000  -1.400000
58019.376148 20.405150      NaN      1     8 c    0   2.34 307.14821 25.73565  7188.30  8000.46 2.58 2.50 -15.3 -0.427    19.75 21.63 02a58019o0324c 0x000000   0.125000
58071.278016 19.841877      NaN    -20    14 c    0   1.39 307.14821 25.73565  5754.67  8404.34 2.71 2.49  14.2 -0.505    19.39 21.30 02a58071o0138c 0x000000  -1.428571
58071.292776 19.922338      NaN    -26    13 c    0   1.73 307.14821 25.73565  5734.61  8364.65 2.59 2.34  10.1 -0.501    19.41 21.21 02a58071o0156c 0x000000  -2.000000
58071.306681 19.569016      NaN      0    18 c    0   1.35 307.14821 25.73565  5784.95  8444.94 2.60 2.32   8.8 -0.494    19.28 21.06 02a58071o0173c 0x000000   0.000000
58075.263198 20.207197      NaN     -3    10 c    0   1.54 307.14821 25.73565  5769.12  7352.88 2.54 2.30  25.1 -0.492    19.57 21.44 02a58075o0136c 0x000000  -0.300000
58075.271755 20.009244      NaN    -18    12 c    0   1.22 307.14821 25.73565  5734.40  7313.55 2.51 2.27  23.9 -0.494    19.57 21.42 02a58075o0154c 0x000000  -1.500000
58075.279889 20.207197      NaN    -15    10 c    0   1.61 307.14821 25.73565  5804.73  7391.71 2.54 2.32  25.3 -0.482    19.55 21.38 02a58075o0171c 0x000000  -1.500000
58079.258266 20.207197      NaN    -28    10 c    0   1.44 307.14821 25.73565  5442.30  5878.62 2.45 2.33  35.8 -0.472    19.56 21.39 02a58079o0150c 0x000000  -2.800000
58079.266986 19.631075      NaN     21    10 c    0   2.27 307.14821 25.73565  5424.02  5840.18 2.45 2.30  32.6 -0.478    19.59 21.39 02a58079o0168c 0x000000   2.100000
58079.275085 20.207197      NaN    -16    10 c    0   1.48 307.14821 25.73565  5494.19  5917.50 2.53 2.38  34.3 -0.470    19.53 21.38 02a58079o0185c 0x000000  -1.600000
58079.283548 19.696897      NaN     18    10 c    0   2.20 307.14821 25.73565  5511.70  5802.25 2.45 2.29  30.0 -0.482    19.58 21.35 02a58079o0203c 0x000000   1.800000
58279.620046 18.574166      NaN    -51    45 c    0   1.38 307.14821 25.73565  8498.18  6085.63 2.61 2.49 -40.6 -0.438    17.97 19.03 02a58279o0766c 0x100002  -1.133333
58287.585889 20.207197      NaN    -12    10 c    0   1.43 307.14821 25.73565  5769.16  6230.40 2.60 2.43 -50.3 -0.415    19.75 21.79 02a58287o0696c 0x000000  -1.200000
58287.594188 20.449472      NaN    -12     8 c    0   2.33 307.14821 25.73565  5751.13  6191.40 2.47 2.33 -40.6 -0.422    19.80 21.82 02a58287o0712c 0x000000  -1.500000
58287.604346 20.321591      NaN    -19     9 c    0   1.75 307.14821 25.73565  5819.68  6268.66 2.59 2.44 -52.1 -0.417    19.73 21.72 02a58287o0730c 0x000000  -2.111111
58287.619013 19.510313      NaN     -5    19 c    0   1.16 307.14821 25.73565  5836.33  6152.75 2.59 2.39 -44.0 -0.416    18.73 19.81 02a58287o0752c 0x000000  -0.263158
58307.565010 20.207197      NaN      0    10 c    0   1.85 307.14821 25.73565  6421.33  6099.52 2.62 2.53 -42.9 -0.429    19.62 21.47 02a58307o0581c 0x000000   0.000000
58307.575954 20.207197      NaN     -4    10 c    0   1.27 307.14821 25.73565  6384.47  6061.39 2.57 2.44 -39.5 -0.421    19.66 21.45 02a58307o0604c 0x000000  -0.400000
58307.589447 20.071303      NaN      4    10 c    0   1.41 307.14821 25.73565  6451.97  6142.96 2.61 2.47 -40.0 -0.419    19.63 21.43 02a58307o0632c 0x000000   0.400000
58307.596335 20.103715      NaN    -12    11 c    0   1.34 307.14821 25.73565  6469.64  6023.86 2.58 2.52 -43.5 -0.424    19.62 21.43 02a58307o0647c 0x000000  -1.090909
58311.563894 20.449472      NaN     -6     8 c    0   2.22 307.14821 25.73565  5371.94  8447.65 2.71 2.55 -34.9 -0.417    19.69 21.71 02a58311o0663c 0x000000  -0.750000
58311.572220 20.171596 0.350237     31    10 c    0   1.26 307.14821 25.73565  5354.02  8409.14 2.74 2.60 -38.1 -0.416    19.71 21.72 02a58311o0680c 0x000000   3.100000
58311.578286 19.979496      NaN      7    10 c    0   1.13 307.14821 25.73565  5407.70  8484.28 2.76 2.58 -38.4 -0.416    19.69 21.73 02a58311o0693c 0x000000   0.700000
58311.590553 20.009244      NaN      9     9 c    0   1.60 307.14821 25.73565  5424.45  8370.43 2.71 2.55 -35.4 -0.424    19.69 21.67 02a58311o0718c 0x000000   1.000000
58315.552011 19.491430 0.168476     58     9 c    0   1.88 307.14821 25.73565  7319.47  5456.79 2.64 2.57 -57.6 -0.421    19.69 21.69 02a58315o0627c 0x000000   6.444444
58315.560049 19.002397 0.119312     91    10 c    0   1.67 307.14821 25.73565  7284.28  5419.00 2.63 2.55 -50.4 -0.420    19.70 21.69 02a58315o0643c 0x000000   9.100000
58315.565551 19.226921 0.132049     74     9 c    0   1.31 307.14821 25.73565  7354.74  5495.78 2.58 2.51 -45.8 -0.421    19.71 21.69 02a58315o0655c 0x000000   8.222222
58315.579195 18.944322 0.101788     96     9 c    0   2.22 307.14821 25.73565  7371.79  5381.68 2.67 2.59 -54.2 -0.417    19.66 21.68 02a58315o0683c 0x000000  10.666667
58331.592802 16.321479 0.034340   1075    34 c    0   1.57 307.14821 25.73565  6912.15  5706.14 3.00 2.70 -48.5 -0.376    18.28 19.40 02a58331o0737c 0x100002  31.617647
58331.603827 16.368962 0.040095   1029    38 c    0   1.20 307.14821 25.73565  6895.22  5668.77 2.91 2.61 -50.6 -0.381    18.28 19.41 02a58331o0760c 0x100002  27.078947
58331.615006 16.394585 0.054017   1005    50 c    0   1.39 307.14821 25.73565  6965.38  5748.66 3.08 2.79 -49.1 -0.376    17.97 19.09 02a58331o0783c 0x100002  20.100000
58331.626130 16.168198 0.088578   1238   101 c    0   1.12 307.14821 25.73565  6985.66  5631.50 2.96 2.72 -49.1 -0.413    17.26 18.32 02a58331o0806c 0x100002  12.257426
58335.504521 16.436434 0.015719    967    14 c    0   3.80 307.14821 25.73565  8054.89  8256.05 2.69 2.61  -5.0 -0.405    19.55 21.24 02a58335o0557c 0x000000  69.071429
58335.510297 16.396748 0.016237   1003    15 c    0   2.28 307.14821 25.73565  8036.48  8216.42 2.75 2.64 -15.5 -0.406    19.53 21.23 02a58335o0569c 0x000000  66.866667
58335.523127 16.410912 0.016451    990    15 c    0   2.83 307.14821 25.73565  8088.46  8297.57 2.76 2.68 -14.7 -0.397    19.49 21.18 02a58335o0596c 0x000000  66.000000
58335.530338 16.414207 0.017601    987    16 c    0   1.90 307.14821 25.73565  8106.16  8178.38 2.70 2.62 -22.9 -0.402    19.49 21.15 02a58335o0610c 0x000000  61.687500
58339.495002 15.453097      NaN    553   613 c    0   1.26 307.14821 25.73565  7460.77  7974.16 2.72 2.63 -47.5 -0.389    14.40 15.82 02a58339o0548c 0x100002   0.902121
58339.505768 14.934094      NaN    -59  1286 c    0   0.94 307.14821 25.73565  7442.28  7936.50 2.95 2.69 -35.3 -0.404    16.56 18.21 02a58339o0570c 0x100002  -0.045879
58339.517700 15.326023 0.286676   2689   710 c    0   1.23 307.14821 25.73565  7493.08  8016.67 2.74 2.62 -43.6 -0.404    15.36 16.86 02a58339o0595c 0x100002   3.787324
58339.525092 16.414207 0.225508    987   205 c    0   1.38 307.14821 25.73565  7511.07  7898.22 2.72 2.59 -39.9 -0.392    17.41 19.04 02a58339o0611c 0x100002   4.814634
58343.474740 16.929579 0.019451    614    11 c    0   2.40 307.14821 25.73565  8339.66  5466.68 2.66 2.58 -61.0 -0.417    19.71 21.80 02a58343o0127c 0x000000  55.818182
58343.487491 16.917271 0.020980    621    12 c    0   1.96 307.14821 25.73565  8321.23  5429.27 2.66 2.59 -52.0 -0.417    19.71 21.80 02a58343o0152c 0x000000  51.750000
58343.497657 16.926048 0.019388    616    11 c    0   2.10 307.14821 25.73565  8392.08  5504.51 2.62 2.58 -57.2 -0.425    19.68 21.78 02a58343o0172c 0x000000  56.000000
58343.507153 16.942028 0.021464    607    12 c    0   3.03 307.14821 25.73565  8408.04  5391.61 2.64 2.57 -45.0 -0.420    19.68 21.76 02a58343o0191c 0x000000  50.583333
58395.369012 19.419021 0.332726     62    19 c    0   0.88 307.14821 25.73565  7173.94  7130.41 2.74 2.56 -44.4 -0.396    19.20 20.94 02a58395o0356c 0x000000   3.263158
58395.379367 19.089302 0.219732     84    17 c    0   1.38 307.14821 25.73565  7155.81  7091.64 2.75 2.58 -43.6 -0.390    18.96 20.59 02a58395o0377c 0x000000   4.941176
58395.393639 18.967180 0.173256     94    15 c    0   1.25 307.14821 25.73565  7205.04  7171.05 2.63 2.52 -51.2 -0.405    19.36 21.11 02a58395o0406c 0x000000   6.266667
58395.404045 19.302877 0.188824     69    12 c    0   1.77 307.14821 25.73565  7226.02  7052.98 2.77 2.55 -48.1 -0.396    19.50 21.28 02a58395o0427c 0x000000   5.750000
58403.351596 19.287255 0.186126     70    12 c    0   1.20 307.14821 25.73565  7203.50  5484.17 2.55 2.43 -58.0 -0.422    19.68 21.48 02a58403o0328c 0x000000   5.833333
58403.361967 19.367717 0.167036     65    10 c    0   1.53 307.14821 25.73565  7186.62  5446.57 2.55 2.44 -55.1 -0.427    19.68 21.49 02a58403o0349c 0x000000   6.500000
58403.372244 19.089302 0.142180     84    11 c    0   1.77 307.14821 25.73565  7239.21  5523.93 2.58 2.47 -57.9 -0.419    19.56 21.34 02a58403o0370c 0x000000   7.636364
58403.382390 19.256669 0.211115     72    14 c    0   1.20 307.14821 25.73565  7257.11  5407.51 2.58 2.47 -58.0 -0.424    19.38 21.10 02a58403o0391c 0x000000   5.142857
58427.289101 20.071303 0.351268     34    11 c    0   0.98 307.14821 25.73565  6535.63  5032.58 2.68 2.57 -50.7 -0.411    19.54 21.26 02a58427o0026c 0x000000   3.090909
58427.299673 19.950541 0.314292     38    11 c    0   1.39 307.14821 25.73565  6518.08  4991.68 2.68 2.55 -44.2 -0.411    19.51 21.22 02a58427o0047c 0x000000   3.454545
58427.310252 19.529530      NaN     23    11 c    0   1.95 307.14821 25.73565  6571.34  5068.39 2.64 2.51 -51.5 -0.413    19.53 21.17 02a58427o0068c 0x000000   2.090909
58427.320678 19.472870 0.202425     59    11 c    0   1.46 307.14821 25.73565  6589.80  4951.71 2.68 2.51 -51.8 -0.408    19.49 21.11 02a58427o0089c 0x000000   5.363636
58431.288823 19.696897 0.271434     48    12 c    0   0.98 307.14821 25.73565  6134.92  8538.15 2.55 2.44 -48.9 -0.433    19.68 21.48 02a58431o0225c 0x000000   4.000000
58431.299151 19.979496 0.293442     37    10 c    0   1.76 307.14821 25.73565  6120.41  8497.07 2.49 2.40 -32.5 -0.440    19.66 21.46 02a58431o0246c 0x000000   3.700000
58431.309541 19.271854      NaN     35    12 c    0   1.36 307.14821 25.73565  6190.91  8574.75 2.52 2.42 -32.9 -0.441    19.61 21.40 02a58431o0267c 0x000000   2.916667
58431.319804 20.207197 0.361912     30    10 c    0   2.23 307.14821 25.73565  6208.80  8458.20 2.52 2.41 -29.5 -0.444    19.58 21.31 02a58431o0288c 0x000000   3.000000
58435.276753 19.609992 0.292314     52    14 c    0   1.04 307.14821 25.73565  5663.49  6866.40 2.69 2.40 -48.2 -0.397    19.41 20.88 02a58435o0202c 0x000000   3.714286
58435.287027 19.743105      NaN     10    12 c    0   1.73 307.14821 25.73565  5631.24  6824.72 2.71 2.46 -46.4 -0.408    19.37 20.86 02a58435o0223c 0x000000   0.833333
58435.297300 18.933071      NaN     46    17 c    0   1.01 307.14821 25.73565  5702.34  6899.87 2.72 2.44 -52.8 -0.408    19.09 20.42 02a58435o0244c 0x000000   2.705882
58435.307456 19.197966      NaN     28    16 c    0   1.67 307.14821 25.73565  5720.05  6783.24 2.79 2.49 -53.5 -0.394    18.94 20.27 02a58435o0265c 0x000000   1.750000
58455.229207 19.652575      NaN     20    10 c    0   1.30 307.14821 25.73565  3321.72  5477.14 2.89 2.48 -57.1 -0.391    19.57 21.39 02a58455o0081c 0x000000   2.000000
58455.237781 19.491430      NaN     28    10 c    0   1.12 307.14821 25.73565  3304.97  5437.64 2.76 2.48 -58.6 -0.398    19.53 21.38 02a58455o0099c 0x000000   2.800000
58455.245862 20.039830 0.341231     35    11 c    0   1.83 307.14821 25.73565  3376.02  5513.32 2.74 2.44 -59.2 -0.399    19.58 21.33 02a58455o0116c 0x000000   3.181818
58455.254443 19.950541      NaN     11     9 c    0   1.59 307.14821 25.73565  3395.14  5395.68 2.62 2.41 -54.0 -0.403    19.55 21.30 02a58455o0134c 0x000000   1.222222
58459.227215 20.103715      NaN     -1    11 c    0   1.65 307.14821 25.73565  6777.18   909.51 2.96 2.93 -64.8 -0.406    19.46 21.40 02a58459o0097c 0x000000  -0.090909
58459.235245 20.103715      NaN     -4    11 c    0   1.46 307.14821 25.73565  6762.00   868.99 2.85 2.77  48.2 -0.415    19.50 21.35 02a58459o0114c 0x000000  -0.363636
58459.243224 19.696897      NaN     15    11 c    0   1.17 307.14821 25.73565  6814.74   946.49 2.81 2.71  42.0 -0.408    19.50 21.29 02a58459o0131c 0x000000   1.363636
58459.251253 19.367717      NaN     26    13 c    0   1.49 307.14821 25.73565  6851.59   829.09 2.92 2.87  52.7 -0.408    19.37 21.22 02a58459o0148c 0x000000   2.000000
58460.217326 19.743105      NaN     16    10 c    0   1.92 307.14821 25.73565  5166.57  7008.78 2.72 2.64 -24.1 -0.434    19.44 21.42 02a58460o0083c 0x000000   1.600000
58635.555762 20.207197      NaN      3     9 c    0   1.68 307.14821 25.73565  7718.22  1888.77 2.43 2.28 -62.8 -0.404    19.73 21.67 02a58635o0654c 0x000000   0.333333
58635.573849 20.594452      NaN     -3     7 c    0   2.22 307.14821 25.73565  7740.47  1931.16 2.45 2.31 -63.1 -0.405    19.74 21.68 02a58635o0691c 0x000000  -0.428571
58635.588325 20.449472      NaN    -15     8 c    0   2.12 307.14821 25.73565  2918.05  8722.62 2.41 2.24 -42.7 -0.420    19.75 21.66 02a58635o0720c 0x000000  -1.875000
58635.593594 20.244005      NaN      2     9 c    0   1.74 307.14821 25.73565  7661.67  1975.44 2.39 2.27 -60.9 -0.406    19.73 21.66 02a58635o0730c 0x000000   0.222222
58639.542405 18.757738      NaN    -22    38 c    0   1.29 307.14821 25.73565  7714.08  1892.54 2.49 2.32 -57.3 -0.404    18.12 19.75 02a58639o0569c 0x100002  -0.578947
58639.545528 19.169763      NaN     -5    26 c    0   0.95 307.14821 25.73565  7735.18  1930.13 2.47 2.27 -58.3 -0.407    18.62 20.33 02a58639o0575c 0x100002  -0.192308
58639.558879 18.396507      NaN    -21    53 c    0   1.26 307.14821 25.73565  7679.29  1854.95 2.43 2.25 -60.9 -0.413    17.52 19.10 02a58639o0600c 0x100002  -0.396226
58639.567502 19.401649      NaN    -48    21 c    0   1.23 307.14821 25.73565  7659.25  1975.90 2.45 2.26 -60.3 -0.406    18.69 20.40 02a58639o0617c 0x000000  -2.285714
58663.534293 19.631075      NaN     -4    17 c    0   1.09 307.14821 25.73565  9289.39  6823.62 2.64 2.57  44.3 -0.406    19.21 21.21 02a58663o0591c 0x000000  -0.235294
58663.539753 19.631075      NaN      0    17 c    0   1.06 307.14821 25.73565  9341.32  6898.12 2.77 2.61  43.0 -0.399    18.89 20.81 02a58663o0601c 0x000000   0.000000
58663.543894 20.039830      NaN      8     9 c    0   1.51 307.14821 25.73565  9357.95  6782.97 3.08 2.48  35.6 -0.384    19.57 21.67 02a58663o0609c 0x000000   0.888889
58667.441709 20.137125      NaN      2    10 c    0   1.78 307.14821 25.73565  3846.58   140.47 2.53 2.27 -57.6 -0.398    19.75 21.87 02a58667o0221c 0x000000   0.200000
58667.442166 20.207197      NaN      0    10 c    0   2.01 307.14821 25.73565  6692.45 10348.57 2.67 2.47 -49.8 -0.427    19.77 21.79 02a58667o0222c 0x000000   0.000000
58667.463267 20.244005      NaN      2     9 c    0   1.99 307.14821 25.73565  3866.22   181.26 2.52 2.23 -59.7 -0.409    19.80 21.88 02a58667o0261c 0x000000   0.222222
58667.464674 20.362567      NaN      2     8 c    0   2.45 307.14821 25.73565  6712.92 10388.03 2.58 2.49 -49.7 -0.426    19.66 21.91 02a58667o0263c 0x000000   0.250000
58667.475636 19.894850      NaN     16     8 c    0   2.14 307.14821 25.73565  3814.90   103.12 2.58 2.29 -61.5 -0.395    19.81 21.91 02a58667o0283c 0x000000   2.000000
58667.486391 20.207197      NaN    -13    10 c    0   1.31 307.14821 25.73565  6654.40 10315.77 2.96 2.36  46.2 -0.398    19.72 21.85 02a58667o0298c 0x000000  -1.300000
58667.487762 20.449472      NaN     -4     8 c    0   2.60 307.14821 25.73565  3798.69   225.18 2.57 2.30 -57.1 -0.411    19.76 21.93 02a58667o0301c 0x000000  -0.500000
58667.497853 19.652575      NaN     17    11 c    0   1.62 307.14821 25.73565  3967.60   140.20 2.50 2.29 -64.1 -0.391    19.76 21.84 02a58667o0317c 0x000000   1.545455
58691.363844 19.979496      NaN     10     9 c    0   2.08 307.14821 25.73565  4473.09  9958.73 2.71 2.37 -47.0 -0.400    19.71 21.87 02a58691o0178c 0x000000   1.111111
58691.366942 20.103715      NaN    -29    11 c    0   1.60 307.14821 25.73565  4489.55  9999.00 2.84 2.29 -48.0 -0.404    19.77 21.88 02a58691o0184c 0x000000  -2.636364
58691.374323 20.009244      NaN      6    10 c    0   1.49 307.14821 25.73565  4431.43  9918.84 2.56 2.28 -53.2 -0.409    19.79 21.88 02a58691o0199c 0x000000   0.600000
58691.386212 20.103715      NaN     -4    11 c    0   1.83 307.14821 25.73565  4411.25 10039.56 2.69 2.31 -47.1 -0.415    19.79 21.90 02a58691o0224c 0x000000  -0.363636
58699.519765 20.009244      NaN    -35    12 c    0   1.41 307.14821 25.73565  6198.90  2569.97 2.42 2.32  56.3 -0.415    19.21 20.99 02a58699o0501c 0x000000  -2.916667
58699.525293 19.436675      NaN     16    15 c    0   1.46 307.14821 25.73565  6167.14  2530.75 2.52 2.41  50.8 -0.398    18.80 20.61 02a58699o0511c 0x000000   1.066667
58699.528988 20.103715      NaN     -1    11 c    0   1.66 307.14821 25.73565  6226.65  2607.95 2.48 2.40  61.4 -0.411    19.32 21.20 02a58699o0519c 0x000000  -0.090909
58699.541360 18.786693      NaN    -36    37 c    0   1.25 307.14821 25.73565  6255.66  2492.28 2.50 2.38  50.2 -0.396    18.04 19.57 02a58699o0544c 0x100002  -0.972973
58703.494733 20.207197      NaN      0    10 c    0   1.33 307.14821 25.73565  6190.56  2574.69 2.36 2.32 -64.6 -0.432    19.76 21.88 02a58703o0524c 0x000000   0.000000
58703.512396 20.321591      NaN     -3     9 c    0   1.03 307.14821 25.73565  6177.97  2536.75 2.41 2.31  66.8 -0.428    19.77 21.83 02a58703o0557c 0x000000  -0.333333
58703.515299 20.405150      NaN      1     8 c    0   1.68 307.14821 25.73565  6235.78  2612.10 2.44 2.37  65.6 -0.427    19.73 21.83 02a58703o0563c 0x000000   0.125000
58703.527834 20.321591      NaN      3     8 c    0   3.32 307.14821 25.73565  6246.29  2497.23 2.73 2.36  44.2 -0.425    19.72 21.86 02a58703o0588c 0x000000   0.375000
58707.321975 19.569016      NaN    -24    18 c    0   1.51 307.14821 25.73565  1709.63  1671.40 2.58 2.31 -55.6 -0.433    18.79 19.70 02a58707o0199c 0x000000  -1.333333
58707.324809 19.401649      NaN    -29    21 c    0   1.10 307.14821 25.73565  1729.35  1710.94 2.47 2.23 -59.2 -0.432    18.81 19.70 02a58707o0205c 0x000000  -1.380952
58707.330097 19.271854      NaN     11    20 c    0   0.94 307.14821 25.73565  1667.29  1632.26 2.44 2.34 -70.4 -0.442    18.82 19.72 02a58707o0216c 0x000000   0.550000
58707.346652 19.569016      NaN    -16    18 c    0   1.45 307.14821 25.73565  1649.25  1749.55 2.53 2.30  46.1 -0.432    18.82 19.76 02a58707o0249c 0x000000  -0.888889
58723.267082 21.202047      NaN    -51     4 c    0 236.75 307.14821 25.73565  5752.20    37.31 2.37 2.13 -67.2 -0.429    19.78 21.77 02a58723o0044c 0x100001 -12.750000
58723.270370 20.321591      NaN     -2     9 c    0   1.83 307.14821 25.73565  5770.99    76.81 2.40 2.12 -66.2 -0.426    19.82 21.78 02a58723o0051c 0x000000  -0.222222
58723.295283 19.868040      NaN      8    11 c    0   1.98 307.14821 25.73565  5698.72   120.26 2.46 2.12 -57.1 -0.433    19.79 21.83 02a58723o0100c 0x000000   0.727273
58723.497831 20.449472      NaN    -20     8 c    0   2.19 307.14821 25.73565  1885.12   340.38 2.48 2.25 -64.8 -0.411    19.71 21.57 02a58723o0513c 0x000000  -2.500000
58723.534011 20.449472      NaN    -28     8 c    0   2.95 307.14821 25.73565  1868.92   302.36 2.38 2.22 -83.4 -0.402    19.57 21.37 02a58723o0531c 0x000000  -3.500000
58723.537859 20.009244      NaN    -11    12 c    0   1.61 307.14821 25.73565  1930.68   380.18 2.38 2.22 -89.0 -0.405    19.52 21.33 02a58723o0539c 0x000000  -0.916667
58723.543100 19.922338      NaN    -22    13 c    0   0.80 307.14821 25.73565  1950.24   263.64 2.42 2.24 -78.8 -0.402    19.51 21.30 02a58723o0550c 0x000000  -1.692308
58727.410167 20.449472      NaN    -17     8 c    0   2.63 307.14821 25.73565  1890.99   342.99 2.52 2.23 -63.9 -0.437    19.80 21.68 02a58727o0339c 0x000000  -2.125000
58727.413959 20.449472      NaN     -1     8 c    0   1.94 307.14821 25.73565  1870.60   302.95 2.57 2.36 -54.1 -0.434    19.76 21.69 02a58727o0346c 0x000000  -0.125000
58727.416287 19.351140      NaN     -9    22 c    0   1.60 307.14821 25.73565  4799.58 10495.61 2.61 2.39 -52.9 -0.433    19.77 21.78 02a58727o0351c 0x000000  -0.409091
58727.420817 20.449472      NaN    -13     8 c    0   2.31 307.14821 25.73565  1931.52   380.32 2.50 2.25 -62.5 -0.431    19.78 21.67 02a58727o0360c 0x000000  -1.625000
58727.431115 20.282105      NaN      1     9 c    0   1.94 307.14821 25.73565  1951.44   261.16 2.71 2.43 -61.8 -0.414    19.67 21.60 02a58727o0380c 0x000000   0.111111
58727.432773 19.436675      NaN     13    16 c    0   1.66 307.14821 25.73565  4876.40 10455.42 2.82 2.50 -46.8 -0.437    19.70 21.70 02a58727o0383c 0x000000   0.812500
58751.355768 20.321591      NaN     -3     9 c    0   2.62 307.14821 25.73565  1225.79  6768.94 2.32 2.12 -46.4 -0.474    19.73 21.67 02a58751o0216c 0x000000  -0.333333
58751.358788 20.137125      NaN      2    10 c    0   1.81 307.14821 25.73565  1208.23  6729.13 2.31 2.10 -47.7 -0.472    19.70 21.67 02a58751o0222c 0x000000   0.200000
58751.375003 20.207197      NaN    -20    10 c    0   1.56 307.14821 25.73565  1260.54  6806.53 2.30 2.17 -49.1 -0.466    19.72 21.68 02a58751o0255c 0x000000  -2.000000
58751.380406 20.103715      NaN     -8    11 c    0   1.86 307.14821 25.73565  1278.37  6689.71 2.27 2.19 -49.0 -0.462    19.72 21.67 02a58751o0266c 0x000000  -0.727273
58755.316951 20.207197      NaN    -12    10 c    0   1.84 307.14821 25.73565  7361.15  6937.69 2.55 2.36  46.8 -0.423    19.67 21.61 02a58755o0249c 0x000000  -1.200000
58755.322041 20.207197      NaN     -2    10 c    0   1.96 307.14821 25.73565  7340.69  6897.87 2.58 2.40  43.7 -0.425    19.70 21.66 02a58755o0259c 0x000000  -0.200000
58755.325888 19.922338      NaN      9    10 c    0   2.60 307.14821 25.73565  7397.57  6976.40 2.63 2.40  41.7 -0.428    19.71 21.69 02a58755o0267c 0x000000   0.900000
58755.337413 20.449472      NaN     -4     8 c    0   1.58 307.14821 25.73565  7414.96  6858.63 2.57 2.35  44.1 -0.414    19.75 21.68 02a58755o0290c 0x000000  -0.500000
58775.266901 20.207197      NaN    -11    10 c    0   1.67 307.14821 25.73565  6692.13  8485.84 2.49 2.47  75.6 -0.429    19.67 21.48 02a58775o0165c 0x000000  -1.100000
58775.269645 20.321591      NaN    -14     9 c    0   2.03 307.14821 25.73565  6672.61  8447.62 2.46 2.43 -74.9 -0.432    19.66 21.51 02a58775o0171c 0x000000  -1.555556
58775.285017 20.207197      NaN    -10    10 c    0   1.40 307.14821 25.73565  6724.79  8524.80 2.52 2.48 -64.6 -0.427    19.64 21.49 02a58775o0202c 0x000000  -1.000000
58775.292826 20.103715      NaN     -7    11 c    0   1.22 307.14821 25.73565  6742.39  8407.73 2.61 2.53 -52.7 -0.428    19.65 21.51 02a58775o0218c 0x000000  -0.636364
58779.296487 20.321591      NaN    -10     9 c    0   1.69 307.14821 25.73565  3913.43  2182.22 2.33 2.28 -85.2 -0.431    19.64 21.28 02a58779o0246c 0x000000  -1.111111
58779.299775 20.321591      NaN    -23     9 c    0   1.77 307.14821 25.73565  3893.94  2143.01 2.34 2.28 -73.7 -0.434    19.65 21.28 02a58779o0253c 0x000000  -2.555556
58779.305895 20.207197      NaN     -5    10 c    0   1.46 307.14821 25.73565  3953.12  2220.02 2.48 2.43  72.8 -0.419    19.56 21.24 02a58779o0266c 0x000000  -0.500000
58779.315924 19.894850      NaN     10    10 c    0   2.15 307.14821 25.73565  3974.89  2101.42 2.39 2.31 -68.0 -0.429    19.56 21.20 02a58779o0287c 0x000000   1.000000
58783.236875 20.207197      NaN     -8    10 c    0   1.77 307.14821 25.73565  3925.15  2180.86 2.33 2.22 -59.5 -0.434    19.64 21.40 02a58783o0077c 0x000000  -0.800000
58783.258316 20.321591      NaN     -6     9 c    0   1.39 307.14821 25.73565  3903.44  2140.90 2.31 2.16 -58.3 -0.436    19.66 21.35 02a58783o0121c 0x000000  -0.666667
58783.258773 20.137125      NaN      2    10 c    0   1.67 307.14821 25.73565  3903.32  2140.90 2.34 2.17 -58.6 -0.439    19.67 21.35 02a58783o0122c 0x000000   0.200000
58783.272206 20.207197      NaN      3     9 c    0   1.89 307.14821 25.73565  3980.45  2101.05 2.35 2.16 -56.2 -0.441    19.65 21.36 02a58783o0146c 0x000000   0.333333
58787.281644 20.009244      NaN     -6    12 c    0   1.73 307.14821 25.73565   924.46  8817.55 2.67 2.03 -48.6 -0.485    19.63 21.45 02a58787o0168c 0x000000  -0.500000
58787.284850 19.367717      NaN     29    12 c    0   1.48 307.14821 25.73565   905.04  8778.88 2.66 2.04 -50.1 -0.482    19.63 21.44 02a58787o0175c 0x000000   2.416667
58787.291324 19.674510      NaN     22     9 c    0   2.54 307.14821 25.73565   962.69  8855.12 2.69 2.07 -48.8 -0.481    19.61 21.43 02a58787o0189c 0x000000   2.444444
58787.303335 19.696897      NaN     12    12 c    0   1.43 307.14821 25.73565   983.24  8735.55 2.64 2.05 -49.9 -0.488    19.60 21.38 02a58787o0215c 0x000000   1.000000
58803.268638 18.376212      NaN    -81    54 c    0   1.22 307.14821 25.73565  1658.83  4332.40 2.31 2.21  48.6 -0.409    17.74 19.12 02a58803o0201c 0x100002  -1.500000
58803.271850 18.729535      NaN     15    34 c    0   1.59 307.14821 25.73565  1640.08  4291.49 2.25 2.21  61.8 -0.423    17.52 18.90 02a58803o0208c 0x100002   0.441176
58803.275052 17.584152      NaN   -101   112 c    0   0.99 307.14821 25.73565  1699.21  4367.84 2.30 2.22  55.5 -0.409    17.11 18.37 02a58803o0215c 0x100002  -0.901786
58803.278263 16.734282      NaN    -40   245 c    0   1.03 307.14821 25.73565  1719.04  4251.16 2.30 2.22  35.6 -0.406    17.38 18.77 02a58803o0222c 0x100002  -0.163265
58815.187510 18.944322      NaN    -43    32 c    0   1.30 307.14821 25.73565  1974.04  2296.82 2.32 2.23 -82.0 -0.441    18.12 18.99 02a58815o0016c 0x100002  -1.343750
58815.190899 19.351140      NaN    -35    22 c    0   0.91 307.14821 25.73565  1954.60  2256.36 2.31 2.22 -74.1 -0.436    18.79 19.77 02a58815o0023c 0x000000  -1.590909
58815.197064 19.868040      NaN      5    12 c    0   0.96 307.14821 25.73565  2014.82  2332.86 2.36 2.24 -68.0 -0.441    19.45 20.86 02a58815o0036c 0x000000   0.416667
58815.207796 20.321591      NaN    -12     9 c    0   2.11 307.14821 25.73565  2033.27  2215.27 2.44 2.26 -57.5 -0.437    19.61 21.34 02a58815o0059c 0x000000  -1.333333
58911.638196 19.652575      NaN     17    11 c    0   2.12 307.14821 25.73565  1694.28  1676.99 2.76 2.37 -51.9 -0.420    19.31 20.97 02a58911o0720c 0x000000   1.545455
58911.641897 20.009244      NaN     -6    12 c    0   1.15 307.14821 25.73565  1711.12  1714.53 2.44 2.28 -62.3 -0.431    19.43 21.00 02a58911o0728c 0x000000  -0.500000
58911.648773 19.922338      NaN    -23    13 c    0   1.65 307.14821 25.73565  1653.36  1635.93 2.82 2.34 -53.6 -0.421    19.30 20.87 02a58911o0742c 0x000000  -1.769231
58911.656105 19.454622      NaN    -16    20 c    0   1.18 307.14821 25.73565  1634.22  1751.14 2.77 2.21 -54.8 -0.430    18.82 20.01 02a58911o0756c 0x000000  -0.800000
58943.621782 20.103715      NaN     -1    11 c    0   1.75 307.14821 25.73565  2493.58 10083.27 2.57 2.12 -49.7 -0.450    19.51 21.07 02a58943o0316c 0x000000  -0.090909
58943.636680 19.609992      NaN      7    15 c    0   1.83 307.14821 25.73565  2435.35 10002.69 2.60 2.03 -47.7 -0.465    19.32 20.56 02a58943o0348c 0x000000   0.466667
58943.644078 18.847027      NaN    -25    35 c    0   2.20 307.14821 25.73565  2415.26 10119.92 2.69 2.11 -48.4 -0.464    18.30 19.18 02a58943o0364c 0x100002  -0.714286
58959.555488 20.207197      NaN     -8    10 c    0   1.83 307.14821 25.73565  3214.45  3639.40 2.49 2.21  51.1 -0.427    19.47 21.02 02a58959o0667c 0x000000  -0.800000
58959.560892 20.009244      NaN     -6    12 c    0   1.08 307.14821 25.73565  3230.20  3677.31 2.49 2.23  41.1 -0.428    19.52 21.07 02a58959o0677c 0x000000  -0.500000
58959.571100 20.321591      NaN     -3     9 c    0   1.70 307.14821 25.73565  3172.04  3599.41 2.42 2.23  45.5 -0.431    19.55 21.12 02a58959o0697c 0x000000  -0.333333
58959.575500 19.791368      NaN     11    11 c    0   1.43 307.14821 25.73565  3154.09  3716.64 2.48 2.20  39.7 -0.426    19.56 21.15 02a58959o0704c 0x000000   1.000000
58995.561964 19.128787      NaN    -71    27 c    0   1.35 307.14821 25.73565   885.22  6132.60 2.36 2.26 -56.4 -0.436    18.34 20.02 02a58995o0683c 0x100002  -2.629630
58995.563794 19.302877      NaN    -33    23 c    0   1.36 307.14821 25.73565   904.70  6172.06 2.38 2.20 -58.8 -0.437    18.93 20.70 02a58995o0687c 0x000000  -1.434783
58995.566719 19.766969      NaN      3    14 c    0   1.26 307.14821 25.73565   845.18  6093.30 2.36 2.20 -54.8 -0.450    19.32 21.09 02a58995o0693c 0x000000   0.214286
58995.577264 18.878500      NaN    -24    34 c    0   0.99 307.14821 25.73565   824.61  6210.39 2.37 2.22 -59.1 -0.435    18.41 20.03 02a58995o0716c 0x100002  -0.705882
58995.617777 19.089302      NaN    -18    28 c    0   1.16 307.14821 25.73565  9712.83  4418.46 2.55 2.47 -63.3 -0.404    18.29 19.21 02a58995o0793c 0x100002  -0.642857
58999.509349 19.766969      NaN     18     9 c    0   2.38 307.14821 25.73565   879.77  6130.70 2.38 2.34  -6.5 -0.436    19.68 21.60 02a58999o0552c 0x000000   2.000000
58999.512128 20.009244      NaN    -29    12 c    0   0.85 307.14821 25.73565   899.99  6171.26 2.35 2.29 -32.9 -0.445    19.69 21.60 02a58999o0558c 0x000000  -2.416667
58999.515350 20.362567      NaN      2     8 c    0   2.44 307.14821 25.73565   841.32  6092.84 2.28 2.23 -18.5 -0.449    19.73 21.61 02a58999o0565c 0x000000   0.250000
58999.525133 20.207197      NaN    -15    10 c    0   1.53 307.14821 25.73565   821.06  6208.20 2.26 2.24 -39.8 -0.443    19.72 21.63 02a58999o0585c 0x000000  -1.500000
59023.482603 20.244005      NaN      5     8 c    0   2.20 307.14821 25.73565  7417.54  3940.13 2.40 2.33  60.5 -0.426    19.77 21.80 02a59023o0484c 0x000000   0.625000
59023.484441 20.449472      NaN     -7     8 c    0   1.60 307.14821 25.73565  7437.21  3978.64 2.40 2.31  55.6 -0.427    19.74 21.81 02a59023o0488c 0x000000  -0.875000
59023.487305 20.244005      NaN      2     9 c    0   1.27 307.14821 25.73565  7380.16  3902.05 2.44 2.35  53.3 -0.424    19.75 21.83 02a59023o0494c 0x000000   0.222222
59023.492335 20.207197      NaN     -5    10 c    0   1.51 307.14821 25.73565  7360.49  4019.27 2.44 2.38  59.9 -0.424    19.72 21.76 02a59023o0505c 0x000000  -0.500000
59027.412246 19.950541      NaN      2    12 c    0   1.43 307.14821 25.73565   476.18 10129.83 2.34 2.17 -43.6 -0.583    19.65 21.57 02a59027o0348c 0x000000   0.166667
59027.437573 20.171596      NaN      1    10 c    0   2.06 307.14821 25.73565   502.03 10169.91 2.71 2.05 -48.2 -0.529    19.69 21.80 02a59027o0401c 0x000000   0.100000
59027.466205 20.103715      NaN     -4    11 c    0   1.38 307.14821 25.73565   442.09 10093.26 2.83 2.16 -50.2 -0.525    19.74 21.85 02a59027o0457c 0x000000  -0.363636
59027.470586 20.103715      NaN     -6    11 c    0   2.03 307.14821 25.73565   425.50 10209.46 2.92 2.18 -50.2 -0.521    19.67 21.85 02a59027o0465c 0x000000  -0.545455
59047.469556 19.894850      NaN     13     9 c    0   2.27 307.14821 25.73565  4756.52  8565.13 2.34 2.32 -57.9 -0.427    19.71 21.64 02a59047o0377c 0x000000   1.444444
59047.474150 20.009244      NaN      3    11 c    0   1.48 307.14821 25.73565  4737.58  8525.56 2.37 2.32 -80.7 -0.426    19.70 21.61 02a59047o0386c 0x000000   0.272727
59047.480086 20.009244      NaN    -31    12 c    0   1.45 307.14821 25.73565  4794.60  8602.81 2.36 2.27 -54.8 -0.428    19.68 21.58 02a59047o0398c 0x000000  -2.583333
59047.515486 20.009244      NaN    -12    12 c    0   1.19 307.14821 25.73565  4805.29  8490.66 2.47 2.44 -87.7 -0.422    19.54 21.38 02a59047o0472c 0x000000  -1.000000
59051.461734 20.207197      NaN     -4    10 c    0   1.44 307.14821 25.73565  8150.77  2478.60 2.45 2.29 -62.5 -0.426    19.73 21.83 02a59051o0472c 0x000000  -0.400000
59051.465185 20.321591      NaN    -14     9 c    0   2.01 307.14821 25.73565  8131.76  2441.33 2.45 2.30 -61.8 -0.423    19.73 21.81 02a59051o0479c 0x000000  -1.555556
59051.471445 20.449472      NaN     -1     8 c    0   2.38 307.14821 25.73565  8189.93  2519.98 2.43 2.29 -61.4 -0.431    19.73 21.81 02a59051o0491c 0x000000  -0.125000
59051.506939 20.321591      NaN    -10     9 c    0   1.49 307.14821 25.73565  8204.69  2401.60 2.39 2.24 -59.9 -0.436    19.72 21.70 02a59051o0565c 0x000000  -1.111111
59059.475170 19.743105      NaN     16    10 c    0   1.52 307.14821 25.73565  9280.40  6866.74 2.75 2.60  39.0 -0.417    19.65 21.52 02a59059o0504c 0x000000   1.600000
59059.478085 20.321591      NaN     -6     9 c    0   1.50 307.14821 25.73565  9262.29  6827.75 2.76 2.55  40.1 -0.421    19.66 21.66 02a59059o0510c 0x000000  -0.666667
59059.483211 20.321591      NaN    -13     9 c    0   2.00 307.14821 25.73565  9320.50  6907.85 2.68 2.49  40.3 -0.430    19.74 21.84 02a59059o0521c 0x000000  -1.444444
59059.493504 20.449472      NaN     -2     8 c    0   1.65 307.14821 25.73565  9338.98  6789.98 2.67 2.51  39.9 -0.424    19.71 21.91 02a59059o0543c 0x000000  -0.250000
59075.403065 19.979496      NaN      4    11 c    0   1.23 307.14821 25.73565  5081.55  6538.36 2.39 2.22  36.8 -0.432    19.73 21.76 02a59075o0352c 0x000000   0.363636
59075.406296 20.103715      NaN     -1    11 c    0   1.08 307.14821 25.73565  5062.47  6499.90 2.43 2.21  39.2 -0.430    19.74 21.77 02a59075o0359c 0x000000  -0.090909
59075.413158 20.449472      NaN    -11     8 c    0   1.99 307.14821 25.73565  5119.65  6578.70 2.47 2.22  38.8 -0.430    19.75 21.78 02a59075o0374c 0x000000  -1.375000
59075.422962 20.449472      NaN     -4     8 c    0   2.10 307.14821 25.73565  5137.55  6463.77 2.37 2.21  41.7 -0.431    19.76 21.79 02a59075o0394c 0x000000  -0.500000
59079.410210 19.719755      NaN     14    11 c    0   1.73 307.14821 25.73565  5081.34  6541.86 2.52 2.38  50.0 -0.429    19.67 21.78 02a59079o0375c 0x000000   1.272727
59079.413410 20.321591      NaN     -8     9 c    0   1.71 307.14821 25.73565  5061.64  6503.59 2.49 2.35  46.1 -0.432    19.71 21.77 02a59079o0382c 0x000000  -0.888889
59079.435391 20.321591      NaN    -13     9 c    0   1.69 307.14821 25.73565  5115.91  6578.53 2.43 2.28  45.7 -0.434    19.72 21.81 02a59079o0425c 0x000000  -1.444444
59079.442344 20.594452      NaN     -3     7 c    0   2.94 307.14821 25.73565  5137.71  6463.76 2.40 2.28  49.5 -0.437    19.76 21.81 02a59079o0438c 0x000000  -0.428571
59083.370734 20.405150      NaN      1     8 c    0   1.55 307.14821 25.73565  5548.82  4118.97 2.46 2.28  45.2 -0.442    19.71 21.82 02a59083o0285c 0x000000   0.125000
59083.373758 20.321591      NaN      0     9 c    0   2.11 307.14821 25.73565  5530.80  4085.34 2.48 2.32  35.9 -0.436    19.73 21.82 02a59083o0291c 0x000000   0.000000
59083.379241 20.321591      NaN     -6     9 c    0   1.71 307.14821 25.73565  5589.85  4160.85 2.52 2.35  38.9 -0.429    19.74 21.80 02a59083o0301c 0x000000  -0.666667
59083.411198 20.039830      NaN      8     9 c    0   1.54 307.14821 25.73565  5603.52  4045.15 2.61 2.40  40.1 -0.432    19.68 21.80 02a59083o0364c 0x000000   0.888889
59107.386645 20.207197      NaN     -6    10 c    0   1.54 307.14821 25.73565  8857.90  8904.10 2.73 2.66 -62.0 -0.410    19.72 21.69 02a59107o0343c 0x000000  -0.600000
59107.390302 20.103715      NaN     -6    11 c    0   1.39 307.14821 25.73565  8837.89  8865.17 2.82 2.73 -51.3 -0.404    19.67 21.67 02a59107o0351c 0x000000  -0.545455
59107.397627 20.207197      NaN    -31    10 c    0   1.89 307.14821 25.73565  8898.79  8944.75 2.92 2.71 -50.7 -0.404    19.64 21.64 02a59107o0367c 0x000000  -3.100000
59107.410521 20.207197      NaN    -24    10 c    0   1.87 307.14821 25.73565  8915.31  8825.90 2.94 2.83 -44.4 -0.399    19.60 21.60 02a59107o0395c 0x000000  -2.400000
59111.331005 17.845990      NaN    -39    88 c    0   1.43 307.14821 25.73565  8868.14  8905.83 2.85 2.81  81.3 -0.376    17.28 18.89 02a59111o0255c 0x100002  -0.443182
59111.334208 18.014729      NaN     31    65 c    0   1.08 307.14821 25.73565  8847.76  8863.00 3.06 2.95  46.8 -0.370    17.67 19.36 02a59111o0262c 0x100002   0.476923
59111.339812 18.191747      NaN     36    52 c    0   1.57 307.14821 25.73565  8905.73  8945.27 2.83 2.75  46.3 -0.378    17.75 19.36 02a59111o0274c 0x100002   0.692308
59111.349831 17.610315      NaN    100    76 c    0   1.43 307.14821 25.73565  8924.10  8826.94 2.89 2.82  55.3 -0.373    17.39 18.97 02a59111o0295c 0x100002   1.315789
59115.385339 20.321591      NaN     -5     9 c    0   1.64 307.14821 25.73565  7726.32  4518.86 2.43 2.32  45.5 -0.421    19.66 21.53 02a59115o0358c 0x000000  -0.555556
59115.390886 20.103715      NaN     -9    11 c    0   1.10 307.14821 25.73565  7705.89  4480.22 2.51 2.40  47.7 -0.417    19.63 21.51 02a59115o0370c 0x000000  -0.818182
59115.394544 20.071303      NaN      7     9 c    0   1.67 307.14821 25.73565  7763.77  4558.16 2.49 2.38  45.2 -0.416    19.64 21.50 02a59115o0378c 0x000000   0.777778
59115.406566 20.321591      NaN     -7     9 c    0   2.08 307.14821 25.73565  7783.91  4442.95 2.46 2.36  42.3 -0.412    19.62 21.45 02a59115o0404c 0x000000  -0.777778
59131.337274 20.405150      NaN      4     7 c    0   2.14 307.14821 25.73565  3604.30  4224.43 2.45 2.31  44.7 -0.435    19.63 21.62 02a59131o0308c 0x000000   0.571429
59131.340517 20.321591      NaN    -18     9 c    0   1.66 307.14821 25.73565  3584.76  4184.09 2.49 2.30  46.1 -0.431    19.66 21.61 02a59131o0315c 0x000000  -2.000000
59131.346077 20.207197      NaN      0    10 c    0   1.90 307.14821 25.73565  3643.29  4261.73 2.41 2.30  45.1 -0.437    19.68 21.60 02a59131o0327c 0x000000   0.000000
59131.365006 20.103715      NaN    -19    11 c    0   0.95 307.14821 25.73565  3659.80  4144.84 2.53 2.28  44.5 -0.430    19.61 21.51 02a59131o0368c 0x000000  -1.727273
59139.303852 19.979496      NaN      1    12 c    0   1.07 307.14821 25.73565  8084.52   537.00 2.44 2.05 -56.2 -0.440    19.73 21.63 02a59139o0226c 0x000000   0.083333
59139.309354 20.207197      NaN    -21    10 c    0   1.80 307.14821 25.73565  8065.44   497.06 2.45 2.05 -57.4 -0.441    19.76 21.63 02a59139o0238c 0x000000  -2.100000
59139.313501 20.009244      NaN    -10    12 c    0   1.42 307.14821 25.73565  8124.76   575.25 2.45 2.05 -56.1 -0.442    19.73 21.62 02a59139o0247c 0x000000  -0.833333
59139.325429 20.207197      NaN     -7    10 c    0   1.88 307.14821 25.73565  8146.24   456.75 2.45 2.07 -55.6 -0.442    19.71 21.58 02a59139o0273c 0x000000  -0.700000
59159.218820 18.640491      NaN     10    39 c    0   1.14 307.14821 25.73565  7360.15  6934.51 3.02 2.83  47.7 -0.379    18.21 19.85 02a59159o0077c 0x100002   0.256410
59159.227110 19.302877      NaN    -39    23 c    0   1.30 307.14821 25.73565  7400.46  6975.75 3.09 2.86  40.7 -0.379    18.66 20.43 02a59159o0095c 0x000000  -1.695652
59159.251252 18.511660      NaN     23    40 c    0   1.47 307.14821 25.73565  7420.29  6859.47 2.71 2.44  39.0 -0.389    18.03 19.46 02a59159o0147c 0x100002   0.575000
59163.308282 19.841877      NaN     -6    14 c    0   1.43 307.14821 25.73565 10137.87  2418.67 3.56 3.12 -49.2 -0.358    19.27 21.25 02a59163o0097c 0x000000  -0.428571
59163.313783 19.841877      NaN    -34    14 c    0   1.28 307.14821 25.73565 10117.08  2380.91 3.11 2.73 -51.8 -0.403    19.36 21.23 02a59163o0109c 0x000000  -2.428571
59163.317005 19.841877      NaN    -10    14 c    0   1.46 307.14821 25.73565 10176.58  2457.73 3.33 2.92 -51.6 -0.397    19.30 21.21 02a59163o0116c 0x000000  -0.714286
59163.328500 19.549093      NaN     10    15 c    0   1.50 307.14821 25.73565 10196.02  2341.56 3.52 3.04 -51.2 -0.367    19.25 21.17 02a59163o0141c 0x000000   0.666667
59171.254389 18.598565      NaN     -6    44 c    0   1.34 307.14821 25.73565  6680.43  8486.10 2.78 2.62  37.5 -0.403    18.43 19.90 02a59171o0160c 0x100002  -0.136364
59171.257604 17.259754      NaN    210    81 c    0   1.51 307.14821 25.73565  6661.43  8447.00 2.78 2.59  39.2 -0.401    17.25 18.55 02a59171o0167c 0x100002   2.592593
59195.227000 20.009244      NaN     -7    12 c    0   1.40 307.14821 25.73565  9694.07  4451.51 2.74 2.60 -41.5 -0.410    19.45 21.17 02a59195o0095c 0x000000  -0.583333
59195.230211 19.922338      NaN    -10    13 c    0   1.18 307.14821 25.73565  9676.08  4409.44 2.64 2.50 -47.0 -0.422    19.49 21.15 02a59195o0102c 0x000000  -0.769231
59195.237105 19.631075      NaN     18    11 c    0   1.88 307.14821 25.73565  9733.83  4489.80 2.72 2.51 -41.0 -0.421    19.47 21.10 02a59195o0117c 0x000000   1.636364
59195.248556 19.922338      NaN    -18    13 c    0   1.40 307.14821 25.73565  9753.62  4371.28 3.25 2.97 -44.1 -0.398    19.21 21.03 02a59195o0142c 0x000000  -1.384615
59201.202455 17.643932      NaN     -8   106 c    0   1.17 307.14821 25.73565  1654.69  1689.23 2.34 2.25  47.0 -0.387    17.05 18.00 01a59201o0038c 0x100002  -0.075472
59201.206602 19.302877      NaN    -16    23 c    0   1.27 307.14821 25.73565  1674.50  1728.85 2.31 2.20  36.8 -0.382    18.62 19.73 01a59201o0047c 0x000000  -0.695652
59201.212589 19.169763      NaN    -10    26 c    0   1.49 307.14821 25.73565  1615.70  1649.87 2.55 2.31  12.4 -0.377    18.36 19.45 01a59201o0060c 0x100002  -0.384615
59201.223647 20.103715      NaN    -18    11 c    0   1.69 307.14821 25.73565  1599.71  1766.29 2.35 2.22  33.8 -0.381    19.33 20.80 01a59201o0084c 0x000000  -1.636364
59317.578863 20.321591      NaN    -18     9 c    0   1.56 307.14821 25.73565  3159.96  6627.00 2.48 2.28 -77.2 -0.393    19.66 21.29 01a59317o0377c 0x000000  -2.000000
59317.582092 20.244005      NaN      2     9 c    0   1.55 307.14821 25.73565  3142.01  6591.19 2.42 2.28 -78.7 -0.389    19.59 21.31 01a59317o0384c 0x000000   0.222222
59317.588098 20.321591      NaN    -11     9 c    0   1.35 307.14821 25.73565  3200.53  6668.06 2.38 2.23 -78.4 -0.390    19.62 21.29 01a59317o0397c 0x000000  -1.222222
59317.601934 20.321591      NaN     -9     9 c    0   1.54 307.14821 25.73565  3225.68  6553.42 2.42 2.34 -84.4 -0.384    19.65 21.38 01a59317o0427c 0x000000  -1.000000
59321.508276 19.631075      NaN    -18    17 c    0   1.49 307.14821 25.73565 10092.64   460.24 3.45 2.93 -77.1 -0.394    19.16 20.84 01a59321o0558c 0x000000  -1.058824
59321.512045 19.766969      NaN    -24    15 c    0   1.70 307.14821 25.73565 10069.87   412.29 3.71 3.33 -85.9 -0.313    19.12 20.87 01a59321o0566c 0x000000  -1.600000
59321.517149 19.696897      NaN    -57    16 c    0   1.20 307.14821 25.73565 10128.85   491.35 3.16 2.94 -59.8 -0.357    19.29 20.93 01a59321o0577c 0x000000  -3.562500
59321.539603 19.841877      NaN     -9    14 c    0   1.51 307.14821 25.73565 10148.45   368.22 3.16 2.90 -65.0 -0.366    19.42 21.08 01a59321o0624c 0x000000  -0.642857
59343.551980 20.207197      NaN      0    10 c    0   1.84 307.14821 25.73565  2494.88 10047.80 2.68 2.31 -50.2 -0.446    19.57 21.41 02a59343o0646c 0x000000   0.000000
59343.558677 20.207197      NaN      0    10 c    0   1.54 307.14821 25.73565  2520.16 10086.36 2.64 2.25 -52.3 -0.445    19.54 21.45 02a59343o0659c 0x000000   0.000000
59343.562355 19.922338      NaN      6    11 c    0   1.41 307.14821 25.73565  2460.49 10007.64 2.63 2.20 -51.0 -0.452    19.57 21.44 02a59343o0667c 0x000000   0.545455
59343.573735 20.103715      NaN     -6    11 c    0   1.64 307.14821 25.73565  2434.42 10126.13 2.65 2.31 -55.1 -0.455    19.61 21.45 02a59343o0690c 0x000000  -0.545455
59347.571995 20.449472      NaN     -1     8 c    0   2.82 307.14821 25.73565  9361.67  3803.97 2.41 2.38 -82.0 -0.418    19.71 21.61 02a59347o0702c 0x000000  -0.125000
59347.574897 20.449472      NaN    -11     8 c    0   1.97 307.14821 25.73565  9381.43  3842.66 2.43 2.40  57.2 -0.416    19.67 21.64 02a59347o0708c 0x000000  -1.375000
59347.580323 20.321591      NaN    -14     9 c    0   1.90 307.14821 25.73565  9322.10  3767.44 2.44 2.42  55.4 -0.419    19.69 21.62 02a59347o0719c 0x000000  -1.555556
59347.590591 20.321591      NaN     -1     9 c    0   1.81 307.14821 25.73565  9302.64  3885.39 2.53 2.50  82.2 -0.411    19.65 21.64 02a59347o0739c 0x000000  -0.111111
59351.522615 20.009244      NaN    -29    12 c    0   1.46 307.14821 25.73565  9353.88  3806.37 2.76 2.75   2.2 -0.399    19.42 21.35 02a59351o0599c 0x000000  -2.416667
59351.531352 20.103715      NaN     -2    11 c    0   1.77 307.14821 25.73565  9371.18  3845.21 2.57 2.53   5.6 -0.403    19.54 21.35 02a59351o0615c 0x000000  -0.181818
59351.535019 20.103715      NaN    -15    11 c    0   1.16 307.14821 25.73565  9314.69  3769.32 2.64 2.60 -70.8 -0.404    19.48 21.37 02a59351o0623c 0x000000  -1.363636
59351.545138 20.207197      NaN    -13    10 c    0   1.80 307.14821 25.73565  9295.28  3886.15 2.57 2.51  28.3 -0.411    19.57 21.38 02a59351o0645c 0x000000  -1.300000
59377.492208 20.594452      NaN     -3     7 c    0   2.83 307.14821 25.73565  5539.39  4099.89 2.21 2.07 -79.9 -0.384    19.89 21.65 01a59377o0531c 0x000000  -0.428571
59377.494062 20.594452      NaN    -16     7 c    0   1.73 307.14821 25.73565  5519.73  4060.92 2.20 2.05 -78.8 -0.389    19.90 21.65 01a59377o0535c 0x000000  -2.285714
59377.497748 20.449472      NaN    -11     8 c    0   2.45 307.14821 25.73565  5577.76  4138.38 2.22 2.05 -84.1 -0.386    19.91 21.67 01a59377o0543c 0x000000  -1.375000
59377.515781 20.594452      NaN    -13     7 c    0   1.82 307.14821 25.73565  5600.41  4023.33 2.23 2.11 -62.7 -0.383    19.87 21.75 01a59377o0580c 0x000000  -1.857143
59381.504019 20.449472      NaN     -1     8 c    0   2.17 307.14821 25.73565  5535.59  4099.24 2.37 2.23 -77.0 -0.375    19.70 21.69 01a59381o0544c 0x000000  -0.125000
59381.505862 20.207197      NaN      6     8 c    0   2.19 307.14821 25.73565  5515.69  4060.21 2.35 2.23 -78.1 -0.375    19.74 21.70 01a59381o0548c 0x000000   0.750000
59381.525378 20.449472      NaN     -2     8 c    0   1.55 307.14821 25.73565  5576.09  4137.80 2.38 2.35 -71.1 -0.367    19.77 21.83 01a59381o0587c 0x000000  -0.250000
59381.546914 20.321591      NaN     -7     9 c    0   1.13 307.14821 25.73565  4947.09  6566.33 2.53 2.42 -69.1 -0.360    19.81 21.91 01a59381o0633c 0x000000  -0.777778
59385.546798 20.449472      NaN      0     8 c    0   1.72 307.14821 25.73565  4494.61  9983.58 2.17 2.01 -73.9 -0.402    19.87 21.92 01a59385o0427c 0x000000   0.000000
59385.550967 20.594452      NaN     -5     7 c    0   1.80 307.14821 25.73565  4516.44 10021.98 2.09 1.99 -66.4 -0.405    19.90 21.92 01a59385o0436c 0x000000  -0.714286
59385.559229 20.594452      NaN     -9     7 c    0   1.84 307.14821 25.73565  4458.53  9944.68 2.17 1.93 -73.3 -0.414    19.90 21.92 01a59385o0452c 0x000000  -1.285714
59385.569503 20.594452      NaN    -16     7 c    0   2.48 307.14821 25.73565  4442.82 10057.99 2.11 2.02 -55.8 -0.396    19.88 21.92 01a59385o0472c 0x000000  -2.285714
59403.437161 19.950541      NaN      5    11 c    0   1.27 307.14821 25.73565  8935.02  6244.07 2.61 2.54  86.9 -0.428    19.69 21.62 02a59403o0414c 0x000000   0.454545
59403.440362 20.207197      NaN      0    10 c    0   1.08 307.14821 25.73565  8955.16  6282.66 2.55 2.47 -83.0 -0.432    19.72 21.61 02a59403o0421c 0x000000   0.000000
59403.475860 20.449472      NaN     -7     8 c    0   2.31 307.14821 25.73565  1698.00  4361.98 2.34 2.29 -78.3 -0.456    19.73 21.62 02a59403o0489c 0x000000  -0.875000
59403.480276 20.207197      NaN    -12    10 c    0   1.36 307.14821 25.73565  8885.13  6329.68 2.47 2.40  62.9 -0.432    19.71 21.62 02a59403o0497c 0x000000  -1.200000
59407.441129 16.408721      NaN    317   225 c    0   1.20 307.14821 25.73565  8942.54  6244.03 2.58 2.44  45.0 -0.392    15.99 17.43 02a59407o0411c 0x100002   1.408889
59407.442957 15.708271      NaN    313   526 c    0   1.24 307.14821 25.73565  8961.63  6283.64 2.54 2.43  47.9 -0.395    15.45 16.90 02a59407o0415c 0x100002   0.595057
59407.447137 16.232323      NaN    375   264 c    0   1.44 307.14821 25.73565  8904.97  6206.76 2.54 2.41  43.6 -0.393    15.95 17.50 02a59407o0424c 0x100002   1.420455
59407.454091 15.490970      NaN    534   592 c    0   1.59 307.14821 25.73565  8885.67  6323.78 2.56 2.42  42.7 -0.444    14.97 16.53 02a59407o0439c 0x100002   0.902027
59433.468207 20.071303      NaN     10     8 c    0   1.82 307.14821 25.73565  2522.01 10074.79 2.37 2.18 -57.6 -0.402    19.80 21.73 01a59433o0501c 0x000000   1.250000
59433.473712 20.321591      NaN     -6     9 c    0   1.17 307.14821 25.73565  2544.27 10115.15 2.45 2.18 -62.4 -0.392    19.80 21.76 01a59433o0512c 0x000000  -0.666667
59433.502826 20.594452      NaN     -8     7 c    0   2.60 307.14821 25.73565  2490.71 10030.60 2.46 2.21 -64.5 -0.390    19.74 21.76 01a59433o0571c 0x000000  -1.142857
59433.507923 19.922338      NaN     12     9 c    0   2.01 307.14821 25.73565  2470.20 10148.63 2.44 2.18 -65.6 -0.394    19.79 21.76 01a59433o0580c 0x000000   1.333333
59437.500704 20.449472      NaN    -23     8 c    0   1.87 307.14821 25.73565  2519.45 10067.19 2.32 2.05 -57.4 -0.389    19.84 21.55 01a59437o0300c 0x000000  -2.875000
59437.506610 20.321591      NaN    -18     9 c    0   1.45 307.14821 25.73565  2539.55 10103.98 2.33 2.03 -53.1 -0.387    19.63 21.31 01a59437o0312c 0x000000  -2.000000
59437.511089 20.321591      NaN    -10     9 c    0   1.97 307.14821 25.73565  2476.46 10026.76 2.36 2.00 -49.3 -0.393    19.76 21.48 01a59437o0321c 0x000000  -1.111111
59437.519124 20.321591      NaN    -18     9 c    0   2.17 307.14821 25.73565  2457.51 10145.09 2.38 2.02 -48.0 -0.393    19.76 21.45 01a59437o0337c 0x000000  -2.000000
59441.447207 20.449472      NaN      0     8 c    0   2.17 307.14821 25.73565  9311.37  3771.95 2.42 2.28 -59.0 -0.434    19.80 21.84 01a59441o0464c 0x000000   0.000000
59441.450659 20.137125      NaN      8     8 c    0   2.14 307.14821 25.73565  9331.90  3809.94 2.53 2.34 -63.8 -0.418    19.75 21.81 01a59441o0471c 0x000000   1.000000
59441.455776 20.207197      NaN     -1    10 c    0   1.44 307.14821 25.73565  9274.48  3733.74 2.49 2.31 -56.1 -0.422    19.80 21.81 01a59441o0482c 0x000000  -0.100000
59441.466014 20.207197      NaN    -12    10 c    0   1.16 307.14821 25.73565  9258.96  3849.38 2.51 2.34 -58.7 -0.423    19.81 21.79 01a59441o0504c 0x000000  -1.200000
59455.360512 20.449472      NaN    -18     8 c    0   1.66 307.14821 25.73565  8161.73  2471.94 2.30 2.18 -58.0 -0.432    19.77 21.61 02a59455o0294c 0x000000  -2.250000
59455.365886 20.449472      NaN     -3     8 c    0   2.29 307.14821 25.73565  8142.51  2437.15 2.33 2.21 -65.5 -0.431    19.75 21.65 02a59455o0305c 0x000000  -0.375000
59455.369108 20.321591      NaN     -3     9 c    0   1.16 307.14821 25.73565  8200.86  2513.82 2.33 2.25 -65.0 -0.426    19.72 21.62 02a59455o0312c 0x000000  -0.333333
59455.372294 20.449472      NaN    -24     8 c    0   2.03 307.14821 25.73565  8220.16  2397.59 2.43 2.25 -63.3 -0.424    19.69 21.60 02a59455o0317c 0x000000  -3.000000
59455.383408 20.449472      NaN    -21     8 c    0   1.79 307.14821 25.73565  8178.41  2457.42 2.40 2.29 -62.2 -0.422    19.63 21.39 02a59455o0339c 0x000000  -2.625000
59467.327936 20.103715      NaN    -28    11 c    0   1.70 307.14821 25.73565  3875.94   225.27 2.45 2.18 -59.3 -0.443    19.73 21.66 02a59467o0242c 0x000000  -2.545455
59467.328851 19.510313      NaN     27    10 c    0   2.44 307.14821 25.73565  6721.67 10432.60 2.72 2.45 -60.9 -0.437    19.72 21.72 02a59467o0244c 0x000000   2.700000
59467.331137 19.922338      NaN      3    12 c    0   1.69 307.14821 25.73565  3855.64   187.33 2.44 2.15 -57.3 -0.443    19.75 21.65 02a59467o0249c 0x000000   0.250000
59467.332053 19.719755      NaN     14    11 c    0   1.58 307.14821 25.73565  6702.15 10393.54 2.71 2.46 -54.9 -0.438    19.74 21.70 02a59467o0251c 0x000000   1.272727
59467.337795 20.321591      NaN    -10     9 c    0   2.00 307.14821 25.73565  3916.42   264.02 2.36 2.13 -58.5 -0.448    19.76 21.63 02a59467o0263c 0x000000  -1.111111
59467.338252 19.115465      NaN     37    15 c    0   1.81 307.14821 25.73565  6759.98 10473.95 2.66 2.45 -57.3 -0.441    19.75 21.70 02a59467o0264c 0x000000   2.466667
59467.348247 20.321591      NaN    -15     9 c    0   2.20 307.14821 25.73565  3936.74   147.94 2.42 2.15 -58.5 -0.441    19.72 21.63 02a59467o0285c 0x000000  -1.666667
59467.349178 20.103715      NaN    -21    11 c    0   1.40 307.14821 25.73565  6777.29 10357.67 2.68 2.39 -57.5 -0.432    19.76 21.69 02a59467o0287c 0x000000  -1.909091
59515.295594 19.868040      NaN     11    10 c    0   1.73 307.14821 25.73565  7727.61  4518.63 2.46 2.38  39.5 -0.414    19.61 21.37 02a59515o0247c 0x000000   1.100000
59515.298817 20.207197      NaN    -26    10 c    0   1.87 307.14821 25.73565  7707.95  4481.77 2.45 2.39  48.6 -0.416    19.60 21.36 02a59515o0254c 0x000000  -2.600000
59515.304782 19.922338      NaN     12     9 c    0   1.74 307.14821 25.73565  7767.32  4557.37 2.49 2.45  53.2 -0.408    19.58 21.34 02a59515o0267c 0x000000   1.333333
59515.316772 20.207197      NaN     -9    10 c    0   1.63 307.14821 25.73565  7787.52  4442.36 2.45 2.43  77.5 -0.408    19.58 21.30 02a59515o0293c 0x000000  -0.900000
59519.290424 20.103715      NaN     -1    11 c    0   1.88 307.14821 25.73565  7728.10  4522.09 2.36 2.28  46.8 -0.418    19.66 21.39 02a59519o0231c 0x000000  -0.090909
59519.293645 20.449472      NaN    -24     8 c    0   2.04 307.14821 25.73565  7708.12  4482.81 2.35 2.29  47.6 -0.420    19.64 21.38 02a59519o0238c 0x000000  -3.000000
59519.303749 20.207197      NaN    -11    10 c    0   2.03 307.14821 25.73565  7769.27  4558.14 2.40 2.33  41.7 -0.415    19.61 21.35 02a59519o0260c 0x000000  -1.100000
59519.311556 20.207197      NaN     -3    10 c    0   1.36 307.14821 25.73565  7788.11  4442.20 2.37 2.31  49.9 -0.413    19.62 21.32 02a59519o0277c 0x000000  -0.300000
59523.267386 20.103715      NaN    -14    11 c    0   1.57 307.14821 25.73565  1880.10   335.12 3.10 2.78 -59.8 -0.389    19.36 21.34 02a59523o0192c 0x000000  -1.272727
59523.270587 19.922338      NaN    -11    13 c    0   1.23 307.14821 25.73565  1859.97   297.14 3.25 3.01 -65.0 -0.387    19.31 21.32 02a59523o0199c 0x000000  -0.846154
59523.276084 19.922338      NaN    -12    13 c    0   1.48 307.14821 25.73565  1920.74   375.75 3.46 3.25 -69.3 -0.377    19.21 21.30 02a59523o0211c 0x000000  -0.923077
59523.281120 14.219755      NaN -40567  2483 c    0  17.07 307.14821 25.73565  4811.21 10527.64 3.24 2.92 -57.7 -0.382    19.41 21.38 02a59523o0222c 0x100003 -16.337898
59523.284339 19.102305      NaN     14    23 c    0   1.80 307.14821 25.73565  4792.30 10488.20 3.30 3.00 -58.8 -0.382    19.32 21.35 02a59523o0229c 0x000000   0.608696
59523.287085 20.009244      NaN     -1    12 c    0   1.21 307.14821 25.73565  1940.69   255.38 3.21 2.94 -65.0 -0.380    19.30 21.26 02a59523o0235c 0x000000  -0.083333
59523.304056 19.226921      NaN      5    23 c    0   1.55 307.14821 25.73565  4869.05 10447.72 3.76 3.43 -58.3 -0.373    19.13 21.23 02a59523o0272c 0x000000   0.217391