         MJD         m       dm  uJy  duJy F  err  chi/N        RA      Dec        x       y  maj  min   phi  apfit  mag5sig   Sky            Obs     Mask  __tmp_SN
57756.619876 19.631075      NaN  -56    17 c    0   1.04 161.63779 13.74187  6819.95 6197.65 3.61 3.35 -73.3 -0.444    19.72 21.64 02a57756o0777c 0x000000 -3.294118
57756.632089 19.841877      NaN  -79    14 c    0   1.29 161.63779 13.74187  6853.79 6233.16 3.62 3.35 -73.4 -0.447    19.71 21.62 02a57756o0799c 0x000000 -5.642857
57756.654532 19.841877      NaN  -88    14 c    0   1.34 161.63779 13.74187  6874.63 6119.21 3.60 3.36 -74.1 -0.433    19.73 21.63 02a57756o0840c 0x000000 -6.285714
57756.670734 19.014394      NaN  -82    30 c    0   0.90 161.63779 13.74187  6835.71 6176.13 3.58 3.35 -71.4 -0.448    18.93 20.07 02a57756o0869c 0x100002 -2.733333
57776.592803 19.569016      NaN  -46    18 c    0   0.93 161.63779 13.74187  5382.29 6960.18 3.91 3.76  81.7 -0.391    19.67 21.67 02a57776o0721c 0x000000 -2.555556
57776.606203 19.696897      NaN  -80    16 c    0   1.10 161.63779 13.74187  5365.74 6920.10 3.81 3.67  82.3 -0.395    19.67 21.63 02a57776o0747c 0x000000 -5.000000
57776.623711 19.696897      NaN  -22    16 c    0   1.36 161.63779 13.74187  5423.86 6997.29 3.80 3.65  83.4 -0.397    19.64 21.57 02a57776o0780c 0x000000 -1.375000
57776.640492 19.631075      NaN  -82    17 c    0   1.26 161.63779 13.74187  5445.01 6881.20 3.89 3.74  85.5 -0.390    19.57 21.49 02a57776o0814c 0x000000 -4.823529
57776.653680 19.766969      NaN  -52    15 c    0   1.26 161.63779 13.74187  5408.90 6937.87 3.90 3.77  80.8 -0.386    19.53 21.42 02a57776o0839c 0x000000 -3.466667
57780.583369 19.766969      NaN  -79    15 c    0   1.50 161.63779 13.74187  5230.25 8489.91 3.49 3.31 -20.6 -0.397    19.79 21.78 02a57780o0697c 0x000000 -5.266667
57780.599259 19.696897      NaN  -69    16 c    0   1.33 161.63779 13.74187  5211.12 8452.86 3.41 3.24 -30.5 -0.404    19.80 21.78 02a57780o0728c 0x000000 -4.312500
57780.617816 19.631075      NaN  -47    17 c    0   1.07 161.63779 13.74187  5269.97 8529.90 3.45 3.31 -28.8 -0.438    19.78 21.76 02a57780o0760c 0x000000 -2.764706
57780.629434 19.569016      NaN  -47    18 c    0   0.98 161.63779 13.74187  5291.31 8412.40 3.54 3.46 -22.9 -0.449    19.74 21.74 02a57780o0783c 0x000000 -2.611111
57780.649589 19.510313      NaN  -49    19 c    0   1.07 161.63779 13.74187  5256.52 8469.23 3.54 3.48 -28.0 -0.448    19.70 21.67 02a57780o0823c 0x000000 -2.578947
57784.561064 19.696897      NaN  -82    16 c    0   0.99 161.63779 13.74187  6926.89 6674.20 3.86 3.64  84.9 -0.391    19.76 21.85 02a57784o0471c 0x000000 -5.125000
57784.583204 19.696897      NaN  -50    16 c    0   1.22 161.63779 13.74187  6909.51 6634.25 3.77 3.58  87.5 -0.403    19.77 21.85 02a57784o0514c 0x000000 -3.125000
57784.606841 19.696897      NaN  -65    16 c    0   1.17 161.63779 13.74187  6967.96 6711.90 3.83 3.60  88.7 -0.399    19.73 21.79 02a57784o0559c 0x000000 -4.062500
57784.608277 19.631075      NaN  -91    17 c    0   1.10 161.63779 13.74187  6985.74 6595.62 3.89 3.68 -89.9 -0.390    19.71 21.79 02a57784o0562c 0x000000 -5.352941
57784.630326 19.510313      NaN  -68    19 c    0   1.00 161.63779 13.74187  6952.96 6652.51 3.81 3.65  86.7 -0.395    19.54 21.55 02a57784o0605c 0x000000 -3.578947
57804.524051 18.158337      NaN -218    66 c    0   1.30 161.63779 13.74187  4036.15 9000.73 3.54 3.29 -11.1 -0.419    17.82 19.47 02a57804o0605c 0x100002 -3.303030
57804.555859 19.169763      NaN  -27    26 c    0   1.21 161.63779 13.74187  4075.06 9039.79 3.68 3.47   5.5 -0.408    19.10 20.82 02a57804o0662c 0x000000 -1.038462
57804.591929 19.351140      NaN  -85    22 c    0   1.12 161.63779 13.74187  4061.03 8977.31 3.92 3.75  28.1 -0.420    19.28 21.00 02a57804o0728c 0x000000 -3.863636
57808.510064 19.766969      NaN -114    15 c    0   1.45 161.63779 13.74187  4115.41 7737.16 3.56 3.51  29.7 -0.438    19.63 21.49 02a57808o0556c 0x000000 -7.600000
57808.527115 19.631075      NaN  -85    17 c    0   1.00 161.63779 13.74187  4098.53 7697.14 3.60 3.55  58.5 -0.425    19.61 21.46 02a57808o0588c 0x000000 -5.000000
57808.544350 18.048890      NaN  -83    73 c    0   1.05 161.63779 13.74187  4175.84 7773.87 3.60 3.56  68.2 -0.428    18.35 20.07 02a57808o0620c 0x100002 -1.136986
57808.552242 19.569016      NaN  -72    18 c    0   1.02 161.63779 13.74187  4195.27 7656.42 3.64 3.56  69.8 -0.418    19.52 21.32 02a57808o0634c 0x000000 -4.000000
57808.571460 18.978793      NaN -111    31 c    0   1.35 161.63779 13.74187  4158.69 7713.34 3.63 3.58  54.7 -0.419    19.00 20.75 02a57808o0670c 0x100002 -3.580645
57816.429111 19.766969      NaN  -68    15 c    0   1.29 161.63779 13.74187  7097.87 6237.18 3.72 3.51 -86.0 -0.402    19.69 21.72 02a57816o0352c 0x000000 -4.533333
57816.450806 19.696897      NaN  -79    16 c    0   1.19 161.63779 13.74187  7077.26 6200.70 3.77 3.54  86.8 -0.401    19.69 21.74 02a57816o0392c 0x000000 -4.937500
57816.453711 19.696897      NaN  -84    16 c    0   0.99 161.63779 13.74187  7134.43 6278.96 3.72 3.68  74.6 -0.401    19.67 21.74 02a57816o0398c 0x000000 -5.250000
57816.472516 19.631075      NaN  -82    17 c    0   0.99 161.63779 13.74187  7155.45 6163.45 3.65 3.48 -89.2 -0.422    19.67 21.69 02a57816o0434c 0x000000 -4.823529
57816.483759 19.696897      NaN  -58    16 c    0   0.91 161.63779 13.74187  7114.07 6218.25 3.66 3.41 -86.6 -0.419    19.70 21.72 02a57816o0454c 0x000000 -3.625000
57836.446909 19.351140      NaN -101    22 c    0   1.25 161.63779 13.74187  4506.73 8069.98 4.00 3.87  66.8 -0.398    18.88 20.72 02a57836o0414c 0x000000 -4.590909
57836.463030 19.256669      NaN  -35    24 c    0   0.82 161.63779 13.74187  4489.19 8030.30 3.61 3.55  56.5 -0.433    18.96 20.72 02a57836o0444c 0x000000 -1.458333
57836.495068 19.351140      NaN -101    22 c    0   1.34 161.63779 13.74187  4567.49 7990.36 3.60 3.54  47.7 -0.438    18.91 20.63 02a57836o0503c 0x000000 -4.590909
57836.511729 19.302877      NaN  -71    23 c    0   1.05 161.63779 13.74187  4530.90 8047.14 3.75 3.65  50.7 -0.425    18.83 20.54 02a57836o0533c 0x000000 -3.086957
57840.435323 19.256669      NaN  -47    24 c    0   0.91 161.63779 13.74187  4717.61 7642.65 3.79 3.69  56.1 -0.410    18.96 20.80 02a57840o0395c 0x000000 -1.958333
57840.452330 19.351140      NaN  -93    22 c    0   1.05 161.63779 13.74187  4700.50 7604.64 3.82 3.71  61.2 -0.408    18.94 20.78 02a57840o0425c 0x000000 -4.227273
57840.469500 19.454622      NaN  -71    20 c    0   1.25 161.63779 13.74187  4758.69 7680.48 3.70 3.62  66.5 -0.424    18.95 20.76 02a57840o0457c 0x000000 -3.550000
57840.486556 19.401649      NaN  -63    21 c    0   1.14 161.63779 13.74187  4778.20 7562.99 3.75 3.66  68.4 -0.416    18.90 20.69 02a57840o0489c 0x000000 -3.000000
57840.504299 19.169763      NaN  -89    26 c    0   0.74 161.63779 13.74187  4740.17 7620.24 3.83 3.73  68.3 -0.411    18.83 20.61 02a57840o0522c 0x000000 -3.423077
57844.411363 19.183773      NaN   20    19 c    0   1.26 161.63779 13.74187  6810.39 7767.76 3.64 3.50 -77.8 -0.449    19.62 21.62 02a57844o0341c 0x000000  1.052632
57844.447609 19.569016      NaN   -6    18 c    0   1.50 161.63779 13.74187  6848.90 7804.72 3.63 3.48 -83.7 -0.445    19.58 21.52 02a57844o0410c 0x000000 -0.333333
57844.459666 19.569016      NaN   -9    18 c    0   1.49 161.63779 13.74187  6867.88 7687.87 3.68 3.52 -86.1 -0.434    19.55 21.49 02a57844o0433c 0x000000 -0.500000
57844.468444 19.302877      NaN   -8    23 c    0   0.89 161.63779 13.74187  6831.99 7744.88 3.72 3.59 -89.2 -0.429    19.52 21.46 02a57844o0449c 0x000000 -0.347826
57868.409889 20.103715      NaN  -62    11 c    0   1.28 161.63779 13.74187  5479.87 5899.61 2.76 2.48  21.3 -0.476    19.26 20.36 02a57868o0132c 0x000000 -5.636364
57868.422912 19.841877      NaN  -56    14 c    0   1.11 161.63779 13.74187  5460.23 5861.69 2.82 2.54  19.8 -0.472    19.21 20.33 02a57868o0157c 0x000000 -4.000000
57869.435281 19.841877      NaN  -61    14 c    0   0.93 161.63779 13.74187  4825.60 8748.27 2.60 2.39   2.2 -0.483    19.40 20.52 02a57869o0191c 0x000000 -4.357143
57869.450162 20.103715      NaN  -61    11 c    0   1.83 161.63779 13.74187  4806.54 8709.58 2.69 2.43   3.2 -0.467    19.29 20.38 02a57869o0219c 0x000000 -5.545455
57869.464541 20.009244      NaN  -53    12 c    0   2.05 161.63779 13.74187  4884.01 8786.46 2.81 2.55   1.5 -0.470    19.16 20.25 02a57869o0246c 0x000000 -4.416667
57869.479407 19.696897      NaN  -54    16 c    0   1.46 161.63779 13.74187  4904.01 8670.80 2.90 2.62  -2.0 -0.472    18.98 20.02 02a57869o0274c 0x000000 -3.375000
57896.363897 19.841877      NaN  -37    14 c    0   1.19 161.63779 13.74187  7095.58 7335.99 3.03 3.00  24.2 -0.425    19.47 21.17 02a57896o0186c 0x000000 -2.642857
57900.303142 20.321591      NaN  -49     9 c    0   2.32 161.63779 13.74187  5771.16 6706.58 2.64 2.44  45.5 -0.511    19.51 21.04 02a57900o0109c 0x000000 -5.444444
57900.319986 19.841877      NaN  -53    14 c    0   1.08 161.63779 13.74187  5735.71 6666.94 2.66 2.42  40.1 -0.508    19.48 21.03 02a57900o0141c 0x000000 -3.785714
57900.336588 19.922338      NaN  -78    13 c    0   1.20 161.63779 13.74187  5809.89 6745.47 2.58 2.36  43.0 -0.514    19.46 21.01 02a57900o0172c 0x000000 -6.000000
57900.353724 20.009244      NaN  -71    12 c    0   1.35 161.63779 13.74187  5831.90 6627.47 2.61 2.36  36.2 -0.505    19.47 20.97 02a57900o0204c 0x000000 -5.916667
57900.371204 19.922338      NaN  -68    13 c    0   1.42 161.63779 13.74187  5793.84 6685.48 2.59 2.35  34.4 -0.504    19.39 20.85 02a57900o0237c 0x000000 -5.230769
58135.612278 20.449472      NaN  -49     8 c    0   0.88 161.63779 13.74187  6093.57 3369.89 2.81 2.68  60.7 -0.405    19.71 21.71 02a58135o0858c 0x000000 -6.125000
58135.618336 20.449472      NaN  -69     8 c    0   1.56 161.63779 13.74187  6076.26 3331.52 2.82 2.70  62.2 -0.407    19.70 21.71 02a58135o0869c 0x000000 -8.625000
58135.631342 20.321591      NaN  -57     9 c    0   1.77 161.63779 13.74187  6133.42 3409.35 2.81 2.69  63.1 -0.403    19.69 21.68 02a58135o0896c 0x000000 -6.333333
58135.638735 20.449472      NaN  -65     8 c    0   1.57 161.63779 13.74187  6154.64 3294.13 2.76 2.64  63.4 -0.401    19.73 21.66 02a58135o0910c 0x000000 -8.125000
58163.575820 16.233254 0.153642 1166   165 c    0   1.09 161.63779 13.74187  6298.35 4146.85 2.66 2.55 -61.3 -0.406    16.66 18.52 02a58163o0660c 0x100002  7.066667
58167.543189 16.341869 0.014408 1055    14 c    0   2.17 161.63779 13.74187  6851.91 1607.15 2.85 2.54  49.2 -0.423    19.74 21.66 02a58167o0695c 0x000000 75.357143
58167.548017 16.381698 0.014946 1017    14 c    0   2.26 161.63779 13.74187  6834.44 1568.26 2.85 2.53  51.3 -0.426    19.76 21.67 02a58167o0704c 0x000000 72.642857
58167.560988 16.354289 0.014574 1043    14 c    0   3.66 161.63779 13.74187  6889.90 1646.83 2.86 2.53  38.5 -0.427    19.71 21.63 02a58167o0732c 0x000000 74.500000
58167.568782 16.361601 0.015720 1036    15 c    0   1.86 161.63779 13.74187  6909.38 1530.47 2.94 2.57  38.3 -0.422    19.68 21.66 02a58167o0747c 0x000000 69.066667
58171.508620 16.655932 0.019241  790    14 c    0   1.54 161.63779 13.74187  5530.16 1797.53 2.67 2.41  48.9 -0.413    19.76 21.58 02a58171o0406c 0x000000 56.428571
58171.514336 16.680957 0.019690  772    14 c    0   1.89 161.63779 13.74187  5513.47 1759.60 2.71 2.44  48.2 -0.410    19.75 21.59 02a58171o0416c 0x000000 55.142857
58171.527657 16.653187 0.042497  792    31 c    0   1.37 161.63779 13.74187  5571.05 1836.32 2.68 2.44  48.5 -0.412    18.49 20.17 02a58171o0443c 0x100002 25.548387
58171.535975 16.647717 0.032736  796    24 c    0   1.34 161.63779 13.74187  5592.18 1720.63 2.68 2.47  48.4 -0.412    18.90 20.59 02a58171o0459c 0x000000 33.166667
58227.392299 17.485380      NaN   98    90 c    0   0.75 161.63779 13.74187  7062.22 1538.33 2.74 2.67  67.0 -0.418    17.94 19.64 02a58227o0181c 0x100002  1.088889
58227.403943 17.918258      NaN   88    53 c    0   1.17 161.63779 13.74187  7042.65 1499.63 2.79 2.67  57.5 -0.412    17.64 19.29 02a58227o0203c 0x100002  1.660377
58227.414843 17.524429      NaN   67    96 c    0   0.67 161.63779 13.74187  7099.07 1577.07 2.68 2.59  55.3 -0.407    17.55 19.18 02a58227o0224c 0x100002  0.697917
58227.426064 19.271854 0.305841   71    20 c    0   0.95 161.63779 13.74187  7119.54 1459.54 2.74 2.58  51.5 -0.419    19.05 20.72 02a58227o0246c 0x000000  3.550000
58251.355839 20.449472      NaN   -2     8 c    0   2.07 161.63779 13.74187  4210.10 3612.76 2.56 2.41 -62.2 -0.396    19.71 21.50 02a58251o0282c 0x000000 -0.250000
58251.366652 19.979496 0.264098   37     9 c    0   1.48 161.63779 13.74187  4190.90 3572.80 2.61 2.47 -61.2 -0.390    19.66 21.46 02a58251o0305c 0x000000  4.111111
58251.377490 20.103715      NaN    3    10 c    0   1.33 161.63779 13.74187  4247.07 3649.69 2.57 2.48 -67.7 -0.395    19.65 21.41 02a58251o0328c 0x000000  0.300000
58251.388224 20.103715      NaN   -4    11 c    0   1.23 161.63779 13.74187  4268.20 3531.80 2.62 2.61 -81.5 -0.391    19.56 21.35 02a58251o0351c 0x000000 -0.363636
58255.355197 19.816329      NaN   10    11 c    0   1.22 161.63779 13.74187  4835.50 2543.50 2.65 2.49 -71.3 -0.402    19.55 21.34 02a58255o0018c 0x000000  0.909091
58255.366376 19.950541      NaN    8    10 c    0   1.62 161.63779 13.74187  4888.30 2621.45 2.63 2.44 -66.1 -0.401    19.55 21.30 02a58255o0041c 0x000000  0.800000
58255.377355 20.009244      NaN    3    11 c    0   1.09 161.63779 13.74187  4908.45 2503.58 2.63 2.53 -76.6 -0.398    19.48 21.22 02a58255o0064c 0x000000  0.272727
58279.292465 19.922338      NaN  -37    13 c    0   1.18 161.63779 13.74187  7643.98 2342.44 2.73 2.58 -66.7 -0.399    19.47 21.12 02a58279o0114c 0x000000 -2.846154
58279.305209 20.009244      NaN  -18    12 c    0   1.69 161.63779 13.74187  7625.77 2303.18 2.67 2.50 -62.2 -0.407    19.42 21.06 02a58279o0137c 0x000000 -1.500000
58279.316339 19.696897      NaN   -4    16 c    0   0.89 161.63779 13.74187  7681.78 2381.14 2.82 2.56 -55.2 -0.396    19.31 20.96 02a58279o0160c 0x000000 -0.250000
58279.327602 18.459772      NaN  -97    50 c    0   1.44 161.63779 13.74187  7702.18 2264.76 2.70 2.60 -50.6 -0.406    17.86 19.43 02a58279o0183c 0x100002 -1.940000
58307.253800 18.317510      NaN   30    47 c    0   1.19 161.63779 13.74187  5552.95 2377.98 3.33 2.81 -60.7 -0.381    17.57 18.77 02a58307o0006c 0x100002  0.638298
58307.258462 19.051202      NaN   -4    29 c    0   0.99 161.63779 13.74187  5533.01 2338.27 3.12 2.70 -59.2 -0.398    18.42 19.63 02a58307o0016c 0x000000 -0.137931
58307.266048 19.454622      NaN  -32    20 c    0   0.83 161.63779 13.74187  5590.51 2415.79 2.80 2.57 -61.7 -0.388    19.04 20.36 02a58307o0032c 0x000000 -1.600000
58307.276091 19.510313      NaN  -25    19 c    0   0.87 161.63779 13.74187  5609.02 2297.83 2.68 2.51 -64.2 -0.398    19.14 20.50 02a58307o0053c 0x000000 -1.315789
58311.249877 17.845990      NaN  -31    88 c    0   1.75 161.63779 13.74187  4476.98 4719.73 2.68 2.39 -57.9 -0.437    17.04 17.95 02a58311o0019c 0x100002 -0.352273
58311.253221 18.232071      NaN   35    50 c    0   0.93 161.63779 13.74187  4458.42 4679.67 2.69 2.37 -57.1 -0.372    17.65 18.64 02a58311o0026c 0x100002  0.700000
58311.259532 19.014394      NaN  -68    30 c    0   0.69 161.63779 13.74187  4535.29 4754.44 2.50 2.32 -50.6 -0.422    18.54 19.59 02a58311o0039c 0x100002 -2.266667
58311.268627 19.351140      NaN  -23    22 c    0   0.88 161.63779 13.74187  4555.04 4637.09 2.57 2.35 -50.9 -0.416    18.84 20.07 02a58311o0058c 0x000000 -1.045455
58455.656765 19.841877      NaN  -48    14 c    0   0.92 161.63779 13.74187  8451.44 8964.02 2.55 2.45  19.0 -0.432    19.46 20.78 02a58455o0841c 0x000000 -3.428571
58455.668475 16.976557      NaN   66   174 c    0   0.91 161.63779 13.74187  8471.12 9005.06 2.54 2.42  17.4 -0.517    17.63 18.15 02a58455o0859c 0x100002  0.379310
58459.621697 20.207197      NaN  -50    10 c    0   1.07 161.63779 13.74187  7905.63 3824.13 2.65 2.57  65.4 -0.424    19.71 21.62 02a58459o0883c 0x000000 -5.000000
58459.630584 20.321591      NaN  -65     9 c    0   1.20 161.63779 13.74187  7923.09 3863.90 2.54 2.45  83.3 -0.425    19.75 21.62 02a58459o0900c 0x000000 -7.222222
58459.648243 20.321591      NaN  -60     9 c    0   1.21 161.63779 13.74187  7848.25 3903.73 2.67 2.59  81.3 -0.413    19.67 21.58 02a58459o0934c 0x000000 -6.666667
58487.581736 20.449472      NaN  -56     8 c    0   1.57 161.63779 13.74187  4164.67 5763.75 2.60 2.52 -37.9 -0.401    19.66 21.65 02a58487o0782c 0x000000 -7.000000
58487.587006 20.009244      NaN  -26    12 c    0   0.91 161.63779 13.74187  4182.94 5803.86 2.62 2.55 -52.9 -0.399    19.66 21.65 02a58487o0792c 0x000000 -2.166667
58487.587464 20.207197      NaN  -22    10 c    0   1.18 161.63779 13.74187  4126.99 5726.24 2.66 2.56 -64.6 -0.401    19.63 21.65 02a58487o0793c 0x000000 -2.200000
58487.600885 20.009244      NaN  -29    12 c    0   1.00 161.63779 13.74187  4107.65 5842.31 2.68 2.55 -58.8 -0.400    19.61 21.63 02a58487o0818c 0x000000 -2.416667
58491.560655 20.321591      NaN  -46     9 c    0   1.64 161.63779 13.74187  9487.78 9658.88 2.58 2.53  14.7 -0.409    19.75 21.79 02a58491o0746c 0x000000 -5.111111
58491.576402 20.321591      NaN  -49     9 c    0   1.46 161.63779 13.74187  1122.41  864.53 2.69 2.36  36.6 -0.483    19.74 21.80 02a58491o0778c 0x000000 -5.444444
58491.585591 20.103715      NaN  -74    11 c    0   1.38 161.63779 13.74187  1174.07  940.60 2.71 2.34  40.0 -0.493    19.71 21.80 02a58491o0795c 0x000000 -6.727273
58491.595521 20.009244      NaN  -39    12 c    0   0.98 161.63779 13.74187  1192.46  828.54 2.69 2.38  39.0 -0.474    19.74 21.77 02a58491o0815c 0x000000 -3.250000
58519.510447 20.449472      NaN  -20     8 c    0   1.42 161.63779 13.74187  4637.03 6735.24 2.44 2.38 -48.7 -0.425    19.87 21.84 02a58519o0622c 0x000000 -2.500000
58519.525667 20.321591      NaN  -46     9 c    0   1.21 161.63779 13.74187  4612.93 6695.01 2.45 2.37 -35.1 -0.429    19.86 21.83 02a58519o0652c 0x000000 -5.111111
58519.531553 20.321591      NaN  -36     9 c    0   1.70 161.63779 13.74187  4671.24 6778.23 2.42 2.37 -41.6 -0.429    19.83 21.83 02a58519o0664c 0x000000 -4.000000
58519.544315 20.321591      NaN  -42     9 c    0   1.54 161.63779 13.74187  4686.75 6658.15 2.44 2.43 -20.6 -0.424    19.84 21.83 02a58519o0690c 0x000000 -4.666667
58575.407188 20.009244      NaN  -53    12 c    0   1.22 161.63779 13.74187  4569.02 8678.37 2.53 2.35 -42.0 -0.430    19.60 21.43 02a58575o0172c 0x000000 -4.416667
58575.411735 20.009244      NaN  -31    12 c    0   1.06 161.63779 13.74187  4552.37 8640.76 2.54 2.30 -44.3 -0.435    19.65 21.46 02a58575o0180c 0x000000 -2.583333
58575.425314 20.103715      NaN  -38    11 c    0   1.47 161.63779 13.74187  4605.89 8716.97 2.49 2.37 -43.5 -0.422    19.64 21.49 02a58575o0209c 0x000000 -3.454545
58575.432756 20.009244      NaN  -55    12 c    0   1.15 161.63779 13.74187  4626.63 8603.03 2.55 2.34 -43.0 -0.430    19.64 21.49 02a58575o0223c 0x000000 -4.583333
58579.414718 20.103715      NaN  -25    11 c    0   0.94 161.63779 13.74187  8357.35 6763.92 2.63 2.41  48.6 -0.396    19.73 21.59 02a58579o0415c 0x000000 -2.272727
58579.419075 20.207197      NaN  -46    10 c    0   1.41 161.63779 13.74187  8340.43 6725.42 2.59 2.48  61.0 -0.402    19.70 21.58 02a58579o0423c 0x000000 -4.600000
58579.419989 20.321591      NaN  -61     9 c    0   1.79 161.63779 13.74187  8397.03 6803.36 2.60 2.51  58.7 -0.401    19.71 21.58 02a58579o0425c 0x000000 -6.777778
58579.432001 20.207197      NaN  -56    10 c    0   1.06 161.63779 13.74187  8414.15 6687.15 2.67 2.44  48.6 -0.406    19.69 21.53 02a58579o0451c 0x000000 -5.600000
58583.366622 19.766969      NaN  -73    15 c    0   0.93 161.63779 13.74187  8925.51 2889.07 3.37 3.14 -53.1 -0.393    19.32 21.40 02a58583o0217c 0x000000 -4.866667
58583.381708 20.103715      NaN  -63    11 c    0   1.62 161.63779 13.74187  8900.38 2848.33 3.30 2.98 -54.7 -0.374    19.39 21.51 02a58583o0248c 0x000000 -5.727273
58583.387901 19.922338      NaN  -71    13 c    0   1.04 161.63779 13.74187  8958.73 2931.31 3.30 2.98 -58.9 -0.379    19.38 21.51 02a58583o0260c 0x000000 -5.461538
58583.400876 19.922338      NaN  -57    13 c    0   1.14 161.63779 13.74187  8975.83 2810.30 3.49 3.13 -59.8 -0.377    19.30 21.48 02a58583o0286c 0x000000 -4.384615
58603.363345 20.103715      NaN  -49    11 c    0   1.34 161.63779 13.74187  1104.92 2872.97 2.51 2.27 -51.0 -0.421    19.55 21.31 02a58603o0291c 0x000000 -4.454545
58603.372689 19.922338      NaN  -40    13 c    0   1.14 161.63779 13.74187  1086.34 2833.24 2.53 2.27 -53.1 -0.438    19.53 21.26 02a58603o0310c 0x000000 -3.076923
58603.384183 20.207197      NaN  -41    10 c    0   1.81 161.63779 13.74187  1145.86 2911.64 2.55 2.34 -54.4 -0.427    19.48 21.22 02a58603o0334c 0x000000 -4.100000
58603.388386 19.922338      NaN  -55    13 c    0   1.08 161.63779 13.74187  1167.64 2794.91 2.57 2.28 -49.8 -0.432    19.46 21.20 02a58603o0342c 0x000000 -4.230769
58607.354527 19.841877      NaN  -47    14 c    0   0.88 161.63779 13.74187  2642.17 8692.91 3.03 2.46 -25.0 -0.413    19.54 21.44 02a58607o0271c 0x000000 -3.357143
58607.363583 19.922338      NaN  -51    13 c    0   1.15 161.63779 13.74187  2623.48 8653.80 3.24 2.76 -33.9 -0.392    19.44 21.45 02a58607o0290c 0x000000 -3.923077
58607.372578 19.841877      NaN  -60    14 c    0   1.09 161.63779 13.74187  2680.88 8730.43 3.45 2.82 -23.3 -0.411    19.40 21.42 02a58607o0309c 0x000000 -4.285714
58607.381696 20.009244      NaN  -37    12 c    0   1.59 161.63779 13.74187  2703.29 8612.33 3.22 2.62 -32.2 -0.410    19.44 21.36 02a58607o0328c 0x000000 -3.083333
58611.341618 20.449472      NaN  -51     8 c    0   1.62 161.63779 13.74187  4448.58 1615.55 2.38 2.28  76.8 -0.414    19.72 21.41 02a58611o0233c 0x000000 -6.375000
58611.343447 19.922338      NaN  -54    13 c    0   0.51 161.63779 13.74187  4429.51 1576.56 2.36 2.27 -71.0 -0.414    19.75 21.41 02a58611o0237c 0x000000 -4.153846
58611.349316 20.207197      NaN  -52    10 c    0   1.22 161.63779 13.74187  4489.72 1655.28 2.34 2.26  89.9 -0.418    19.74 21.39 02a58611o0249c 0x000000 -5.200000
58611.365920 20.207197      NaN  -56    10 c    0   1.32 161.63779 13.74187  4510.47 1535.42 2.40 2.30 -67.6 -0.416    19.73 21.35 02a58611o0283c 0x000000 -5.600000
58635.294003 20.103715      NaN  -68    11 c    0   1.21 161.63779 13.74187  8018.68 5807.26 2.57 2.39  46.2 -0.392    19.67 21.32 02a58635o0137c 0x000000 -6.181818
58635.297214 20.103715      NaN  -56    11 c    0   1.20 161.63779 13.74187  7999.58 5768.27 2.61 2.39  45.8 -0.390    19.64 21.32 02a58635o0144c 0x000000 -5.090909
58635.302315 20.207197      NaN  -56    10 c    0   1.56 161.63779 13.74187  8057.73 5845.69 2.54 2.40  48.9 -0.392    19.65 21.33 02a58635o0155c 0x000000 -5.600000
58635.312563 20.207197      NaN  -65    10 c    0   1.46 161.63779 13.74187  8078.08 5728.69 2.57 2.39  52.8 -0.401    19.65 21.31 02a58635o0177c 0x000000 -6.500000
58639.245347 18.786693      NaN  -37    37 c    0   1.02 161.63779 13.74187  8023.04 5804.19 3.14 2.50  41.8 -0.358    18.20 19.16 02a58639o0008c 0x100002 -1.000000
58639.249160 19.351140      NaN  -68    22 c    0   1.01 161.63779 13.74187  8002.46 5765.55 3.06 2.48  40.8 -0.368    18.86 19.93 02a58639o0016c 0x000000 -3.090909
58639.253969 20.009244      NaN  -64    12 c    0   1.14 161.63779 13.74187  8059.74 5845.14 2.86 2.40  43.4 -0.379    19.37 20.70 02a58639o0026c 0x000000 -5.333333
58639.271832 20.009244      NaN  -59    12 c    0   1.24 161.63779 13.74187  8078.75 5729.57 2.54 2.39  45.4 -0.399    19.59 21.17 02a58639o0063c 0x000000 -4.916667
58667.247860 17.226708      NaN   41   142 c    0   1.05 161.63779 13.74187  7477.76 7508.26 3.14 2.44  41.6 -0.454    16.88 17.60 02a58667o0026c 0x100002  0.288732
58667.252890 18.417189      NaN  -30    52 c    0   1.08 161.63779 13.74187  7535.72 7585.43 3.02 2.45  42.0 -0.386    18.01 18.79 02a58667o0037c 0x100002 -0.576923
58667.262625 19.766969      NaN  -30    15 c    0   1.67 161.63779 13.74187  7554.27 7468.55 2.95 2.43  42.3 -0.380    19.17 20.38 02a58667o0058c 0x000000 -2.000000
58783.606860 20.009244      NaN  -52    12 c    0   0.86 161.63779 13.74187  3000.42 1088.50 2.45 2.37  53.5 -0.418    19.17 20.53 02a58783o0807c 0x000000 -4.333333
58783.610113 20.207197      NaN  -27    10 c    0   1.79 161.63779 13.74187  3019.53 1127.61 2.45 2.36  49.4 -0.411    19.18 20.54 02a58783o0814c 0x000000 -2.700000
58783.617456 19.766969      NaN  -50    15 c    0   0.86 161.63779 13.74187  2962.41 1048.52 2.44 2.38  62.0 -0.414    19.19 20.56 02a58783o0829c 0x000000 -3.333333
58783.630824 19.922338      NaN  -44    13 c    0   1.24 161.63779 13.74187  2941.81 1164.58 2.40 2.32  53.1 -0.418    19.25 20.58 02a58783o0856c 0x000000 -3.384615
58783.651264 18.550302      NaN  -58    46 c    0   1.23 161.63779 13.74187  2983.82 1106.43 2.47 2.33 -63.6 -0.436    17.65 18.52 02a58783o0894c 0x100002 -1.260870
58791.564836 18.214605      NaN   26    54 c    0   0.87 161.63779 13.74187  4477.06 4690.55 2.49 2.39  28.9 -0.390    18.44 19.84 02a58791o0759c 0x100002  0.481481
58791.567672 19.401649      NaN  -49    21 c    0   0.96 161.63779 13.74187  4496.97 4729.12 2.51 2.41  20.1 -0.389    18.85 20.26 02a58791o0765c 0x000000 -2.333333
58791.577654 19.766969      NaN  -40    15 c    0   1.37 161.63779 13.74187  4439.01 4652.40 2.75 2.31  36.9 -0.377    18.99 20.38 02a58791o0785c 0x000000 -2.666667
58791.583211 19.922338      NaN  -46    13 c    0   0.82 161.63779 13.74187  4420.54 4767.77 2.41 2.24  37.5 -0.391    19.24 20.58 02a58791o0797c 0x000000 -3.538462
58815.517450 19.922338      NaN  -53    13 c    0   0.89 161.63779 13.74187  4943.68 1008.61 2.49 2.40  69.5 -0.404    19.41 21.17 02a58815o0667c 0x000000 -4.076923
58815.522594 20.103715      NaN  -40    11 c    0   1.14 161.63779 13.74187  4963.41 1048.27 2.46 2.32 -57.8 -0.410    19.51 21.18 02a58815o0676c 0x000000 -3.636364
58815.539822 20.207197      NaN  -45    10 c    0   1.93 161.63779 13.74187  4901.67  970.26 2.60 2.32 -56.5 -0.412    19.35 21.07 02a58815o0708c 0x000000 -4.500000
58815.543048 20.009244      NaN  -58    12 c    0   1.26 161.63779 13.74187  4887.50 1087.22 2.39 2.32  82.9 -0.413    19.41 21.12 02a58815o0715c 0x000000 -4.833333
58871.489550 20.449472      NaN  -38     8 c    0   1.41 161.63779 13.74187  3092.94 3032.20 2.35 2.29 -83.2 -0.409    19.80 21.66 02a58871o0580c 0x000000 -4.750000
58871.492565 20.594452      NaN  -42     7 c    0   1.98 161.63779 13.74187  3110.94 3070.37 2.36 2.27  48.6 -0.407    19.80 21.66 02a58871o0586c 0x000000 -6.000000
58871.503920 20.321591      NaN  -49     9 c    0   1.37 161.63779 13.74187  3058.60 2992.29 2.38 2.24 -55.9 -0.413    19.79 21.68 02a58871o0609c 0x000000 -5.444444
58871.518262 20.207197      NaN  -63    10 c    0   1.10 161.63779 13.74187  3041.48 3108.84 2.38 2.25 -59.1 -0.410    19.79 21.70 02a58871o0638c 0x000000 -6.300000
58875.532558 20.103715      NaN  -60    11 c    0   0.95 161.63779 13.74187  8884.00 6919.49 2.61 2.48 -64.9 -0.405    19.85 21.87 02a58875o0697c 0x000000 -5.454545
58875.538211 20.449472      NaN  -64     8 c    0   1.60 161.63779 13.74187  1683.23 3614.85 2.52 2.30 -59.1 -0.413    19.83 21.87 02a58875o0708c 0x000000 -8.000000
58875.547499 20.449472      NaN  -47     8 c    0   1.62 161.63779 13.74187  1744.86 3694.20 2.58 2.37 -60.5 -0.411    19.80 21.87 02a58875o0726c 0x000000 -5.875000
58875.550330 20.449472      NaN  -57     8 c    0   1.46 161.63779 13.74187  1765.05 3576.46 2.54 2.27 -59.3 -0.415    19.79 21.89 02a58875o0732c 0x000000 -7.125000
58878.440829 20.103715      NaN  -75    11 c    0   1.34 161.63779 13.74187  8865.45 6906.13 2.53 2.45  71.6 -0.403    19.43 21.28 02a58878o0511c 0x000000 -6.818182
58878.444559 20.103715      NaN  -74    11 c    0   1.25 161.63779 13.74187  8885.28 6945.11 2.51 2.44  87.1 -0.402    19.71 21.57 02a58878o0519c 0x000000 -6.727273
58878.451969 20.207197      NaN  -54    10 c    0   1.51 161.63779 13.74187  8827.33 6868.12 2.67 2.37  38.3 -0.442    19.55 21.45 02a58878o0535c 0x000000 -5.400000
58878.466704 19.841877      NaN  -62    14 c    0   1.15 161.63779 13.74187  8808.40 6986.64 2.58 2.54  87.9 -0.394    19.23 21.13 02a58878o0567c 0x000000 -4.428571
58879.410650 19.569016      NaN  -56    18 c    0   1.36 161.63779 13.74187  8860.48 6907.94 2.58 2.56 -78.1 -0.399    19.10 20.89 02a58879o0421c 0x000000 -3.111111
58879.420112 18.396507      NaN  -28    53 c    0   1.26 161.63779 13.74187  8884.95 6947.05 2.65 2.57 -62.3 -0.403    17.76 19.47 02a58879o0441c 0x100002 -0.528302
58879.422995 18.261819      NaN  -24    60 c    0   0.95 161.63779 13.74187  8826.98 6869.19 2.59 2.51 -63.4 -0.403    18.03 19.71 02a58879o0447c 0x100002 -0.400000
58879.433248 18.729535      NaN  -19    39 c    0   1.22 161.63779 13.74187  8810.26 6987.00 2.62 2.53 -68.0 -0.402    17.92 19.66 02a58879o0468c 0x100002 -0.487179
58903.465203 20.009244      NaN   -2    12 c    0   0.97 161.63779 13.74187  9849.96 9907.71 3.31 2.75 -57.5 -0.362    19.70 21.66 02a58903o0514c 0x000000 -0.166667
58903.500489 19.529530      NaN   20    12 c    0   1.19 161.63779 13.74187  9886.18 9949.77 3.32 2.75 -54.3 -0.368    19.68 21.61 02a58903o0529c 0x000000  1.666667
58903.511578 19.719755      NaN    8    13 c    0   0.96 161.63779 13.74187  9902.56 9831.35 3.15 2.66 -55.0 -0.366    19.74 21.61 02a58903o0550c 0x000000  0.615385
58931.436064 20.009244      NaN   -2    12 c    0   0.77 161.63779 13.74187   147.87 1320.53 2.81 2.34 -58.7 -0.414    19.74 21.71 02a58931o0421c 0x000000 -0.166667
58931.439203 20.103715      NaN  -19    11 c    0   0.81 161.63779 13.74187   128.79 1280.57 2.78 2.31 -58.3 -0.418    19.76 21.70 02a58931o0427c 0x000000 -1.727273
58931.445285 20.009244      NaN   -8    12 c    0   0.70 161.63779 13.74187   189.69 1359.01 2.81 2.39 -57.1 -0.415    19.71 21.72 02a58931o0440c 0x000000 -0.666667
58931.446350 19.791368      NaN   14    10 c    0   1.20 161.63779 13.74187 10326.97 1347.02 2.86 2.26 -56.8 -0.412    19.76 21.73 02a58931o0442c 0x000000  1.400000
58931.449849 19.510313      NaN   18    13 c    0   1.28 161.63779 13.74187 10307.58 1307.73 2.89 2.31 -55.8 -0.407    19.73 21.73 02a58931o0449c 0x000000  1.384615
58931.455413 20.009244      NaN  -12    12 c    0   1.23 161.63779 13.74187 10367.54 1386.62 2.97 2.38 -57.0 -0.405    19.72 21.73 02a58931o0460c 0x000000 -1.000000
58931.455941 19.894850      NaN   10    10 c    0   1.47 161.63779 13.74187   211.59 1241.19 2.87 2.34 -57.0 -0.418    19.71 21.69 02a58931o0461c 0x000000  1.000000
58931.469164 19.472870      NaN   20    13 c    0   1.20 161.63779 13.74187 10391.25 1272.17 2.92 2.32 -55.1 -0.411    19.73 21.71 02a58931o0488c 0x000000  1.538462
58951.362570 20.207197      NaN  -11    10 c    0   1.26 161.63779 13.74187  7923.04 3862.08 2.53 2.32 -63.4 -0.385    19.66 21.72 02a58951o0211c 0x000000 -1.100000
58951.365854 19.922338      NaN   12     9 c    0   1.32 161.63779 13.74187  7904.21 3823.71 2.46 2.24 -64.3 -0.393    19.76 21.64 02a58951o0218c 0x000000  1.333333
58951.368157 19.791368      NaN   14    10 c    0   1.09 161.63779 13.74187  7962.95 3901.73 2.54 2.28 -63.1 -0.392    19.71 21.60 02a58951o0223c 0x000000  1.400000
58951.371903 20.137125      NaN    2    10 c    0   1.41 161.63779 13.74187  7983.59 3786.54 2.58 2.20 -60.4 -0.393    19.71 21.52 02a58951o0231c 0x000000  0.200000
58959.384467 19.791368      NaN   17     9 c    0   1.52 161.63779 13.74187  4045.44 4044.99 2.50 2.30  44.4 -0.398    19.66 21.32 02a58959o0320c 0x000000  1.888889
58959.387610 19.549093      NaN   25    10 c    0   1.45 161.63779 13.74187  4026.46 4005.95 2.50 2.29  46.6 -0.395    19.63 21.30 02a58959o0326c 0x000000  2.500000
58959.403317 20.039830      NaN    2    11 c    0   1.18 161.63779 13.74187  4085.00 4088.57 2.54 2.28  42.7 -0.395    19.60 21.22 02a58959o0358c 0x000000  0.181818
58959.416833 20.207197      NaN   -8    10 c    0   1.28 161.63779 13.74187  4106.27 3969.05 2.53 2.29  46.1 -0.395    19.58 21.17 02a58959o0385c 0x000000 -0.800000
58963.389388 16.995180      NaN   86   164 c    0   1.29 161.63779 13.74187  3730.96 9706.02 2.71 2.67  87.1 -0.367    16.77 18.24 02a58963o0356c 0x100002  0.524390
58983.284414 19.950541      NaN    5    11 c    0   1.39 161.63779 13.74187  7549.47 9489.30 2.76 2.39 -55.1 -0.407    19.75 21.47 02a58983o0093c 0x000000  0.454545
58983.288085 20.009244      NaN  -23    12 c    0   0.99 161.63779 13.74187  7531.54 9450.46 2.76 2.41 -57.1 -0.411    19.77 21.49 02a58983o0101c 0x000000 -1.916667
58983.311990 19.743105      NaN   10    12 c    0   1.26 161.63779 13.74187  7589.66 9530.23 2.81 2.40 -53.8 -0.412    19.71 21.45 02a58983o0152c 0x000000  0.833333
58983.331002 19.922338      NaN    3    12 c    0   1.02 161.63779 13.74187  7606.65 9413.67 2.85 2.40 -50.9 -0.405    19.69 21.40 02a58983o0192c 0x000000  0.250000
58987.327221 20.207197      NaN   -2    10 c    0   1.35 161.63779 13.74187  6065.58 5882.55 2.71 2.59  50.8 -0.384    19.56 21.37 02a58987o0203c 0x000000 -0.200000
58987.331371 20.207197      NaN   -7    10 c    0   1.33 161.63779 13.74187  6046.89 5843.86 2.68 2.47  43.8 -0.392    19.60 21.37 02a58987o0212c 0x000000 -0.700000
58987.337813 20.244005      NaN    2     9 c    0   2.11 161.63779 13.74187  6105.06 5921.16 2.66 2.46  46.6 -0.394    19.60 21.36 02a58987o0226c 0x000000  0.222222
58987.349297 20.207197      NaN  -26    10 c    0   1.26 161.63779 13.74187  6126.90 5805.37 2.62 2.51  49.8 -0.396    19.58 21.31 02a58987o0251c 0x000000 -2.600000
58991.297762 20.103715      NaN   -9    11 c    0   1.21 161.63779 13.74187  6075.62 5885.82 2.73 2.48  40.0 -0.395    19.63 21.43 02a58991o0087c 0x000000 -0.818182
58991.309799 20.103715      NaN   -2    11 c    0   1.09 161.63779 13.74187  6055.50 5847.15 2.50 2.44  50.8 -0.409    19.64 21.40 02a58991o0113c 0x000000 -0.181818
58991.313017 19.454622      NaN   24    12 c    0   0.85 161.63779 13.74187  6112.48 5923.61 2.53 2.43  53.2 -0.409    19.63 21.40 02a58991o0120c 0x000000  2.000000
59019.273287 18.079051      NaN -142    71 c    0   1.15 161.63779 13.74187  9890.97 3783.26 3.08 2.89 -44.4 -0.369    17.68 19.17 02a59019o0067c 0x100002 -2.000000
59019.276979 17.805624      NaN   79    65 c    0   1.14 161.63779 13.74187  9871.44 3744.07 3.02 2.85 -45.8 -0.381    17.78 19.29 02a59019o0075c 0x100002  1.215385
59019.282491 18.158337      NaN  -43    66 c    0   1.22 161.63779 13.74187  9929.85 3822.38 3.07 2.91 -41.9 -0.376    17.59 19.15 02a59019o0087c 0x100002 -0.651515
59019.298067 17.283991      NaN  104   113 c    0   0.92 161.63779 13.74187  9952.72 3704.30 3.19 3.05 -29.7 -0.374    17.06 18.59 02a59019o0121c 0x100002  0.920354
59195.603128 20.103715      NaN   -2    11 c    0   1.21 161.63779 13.74187  4188.94 9049.46 2.53 2.46  31.5 -0.399    19.74 21.66 02a59195o0882c 0x000000 -0.181818
59195.605416 19.419021      NaN   23    13 c    0   0.81 161.63779 13.74187  4208.34 9088.80 2.59 2.56  30.2 -0.394    19.74 21.65 02a59195o0887c 0x000000  1.769231
59195.609975 20.009244      NaN  -14    12 c    0   0.97 161.63779 13.74187  4152.99 9010.61 2.50 2.49  18.3 -0.399    19.72 21.64 02a59195o0896c 0x000000 -1.166667
59195.615462 19.950541      NaN    8    10 c    0   0.96 161.63779 13.74187  4133.28 9129.01 2.47 2.44   7.6 -0.404    19.74 21.64 02a59195o0908c 0x000000  0.800000
59197.558319 20.039830      NaN    8     9 c    0   1.45 161.63779 13.74187  9867.03 9890.43 2.59 2.39  86.5 -0.372    19.78 21.73 01a59197o0611c 0x000000  0.888889
59197.561107 20.321591      NaN   -8     9 c    0   1.25 161.63779 13.74187  9847.80 9850.96 2.64 2.38  83.6 -0.356    19.80 21.74 01a59197o0617c 0x000000 -0.888889
59197.568028 20.321591      NaN  -10     9 c    0   1.85 161.63779 13.74187  9908.94 9931.06 2.73 2.57  38.4 -0.352    19.77 21.76 01a59197o0632c 0x000000 -1.111111
59197.590803 19.791368      NaN   14    10 c    0   0.95 161.63779 13.74187  9933.47 9814.09 2.59 2.47  54.5 -0.361    19.82 21.77 01a59197o0678c 0x000000  1.400000
59205.563391 20.009244      NaN   -7    12 c    0   0.77 161.63779 13.74187  4150.72 5968.45 2.22 2.12 -23.8 -0.382    19.41 22.10 01a59205o0729c 0x000000 -0.583333
59205.565234 19.609992      NaN   16    12 c    0   1.06 161.63779 13.74187  4130.56 5929.97 2.24 2.13 -21.2 -0.380    19.41 22.13 01a59205o0733c 0x000000  1.333333
59205.571707 19.510313      NaN   27    10 c    0   1.05 161.63779 13.74187  4194.20 6011.33 2.83 2.26   0.5 -0.378    19.67 21.79 01a59205o0745c 0x000000  2.700000
59205.585970 19.766969      NaN   21     8 c    0   1.38 161.63779 13.74187  4210.03 5893.97 2.41 2.33 -72.9 -0.373    19.88 21.72 01a59205o0775c 0x000000  2.625000
59207.547743 20.009244      NaN  -12    12 c    0   0.81 161.63779 13.74187  2222.76 9139.54 2.39 2.20 -44.1 -0.429    19.70 21.54 02a59207o0716c 0x000000 -1.000000
59207.563332 20.071303      NaN    1    11 c    0   1.15 161.63779 13.74187  2244.02 9179.16 2.39 2.18 -45.4 -0.426    19.77 21.57 02a59207o0747c 0x000000  0.090909
59207.565244 19.841877      NaN    9    11 c    0   1.04 161.63779 13.74187  2184.55 9100.79 2.37 2.19 -43.9 -0.426    19.73 21.57 02a59207o0751c 0x000000  0.818182
59207.568446 20.103715      NaN   -5    11 c    0   1.30 161.63779 13.74187  2163.86 9218.68 2.40 2.21 -43.6 -0.437    19.75 21.58 02a59207o0758c 0x000000 -0.454545
59227.636600 20.171596      NaN    1    10 c    0   1.13 161.63779 13.74187  3620.27 7708.60 2.60 2.51 -17.6 -0.391    19.71 21.83 02a59227o0612c 0x000000  0.100000
59227.639836 19.868040      NaN   11    10 c    0   1.18 161.63779 13.74187  3601.14 7669.38 2.46 2.39 -26.6 -0.401    19.78 21.82 02a59227o0619c 0x000000  1.100000
59229.558670 20.449472      NaN   -2     8 c    0   1.67 161.63779 13.74187 10407.33 9203.44 2.87 2.65  64.8 -0.338    19.88 21.91 01a59229o0465c 0x000000 -0.250000
59229.561893 20.103715      NaN   -2    11 c    0   1.00 161.63779 13.74187 10429.19 9243.37 2.77 2.67  62.5 -0.338    19.90 21.91 01a59229o0472c 0x000000 -0.181818
59229.567236 20.039830      NaN    5    10 c    0   1.17 161.63779 13.74187 10370.72 9164.14 2.74 2.49  58.0 -0.347    19.95 21.92 01a59229o0483c 0x000000  0.500000
59229.569141 20.207197      NaN  -10    10 c    0   1.34 161.63779 13.74187   236.53 9269.41 2.45 2.18 -56.8 -0.415    19.95 21.94 01a59229o0487c 0x000000 -1.000000
59229.572286 19.766969      NaN   21     8 c    0   1.56 161.63779 13.74187   256.77 9307.97 2.51 2.24 -55.6 -0.408    19.93 21.94 01a59229o0493c 0x000000  2.625000
59229.602752 20.244005      NaN    2     9 c    0   1.30 161.63779 13.74187 10362.63 9277.87 2.78 2.55  51.3 -0.343    19.85 21.99 01a59229o0558c 0x000000  0.222222
59229.604770 20.207197      NaN    0    10 c    0   0.86 161.63779 13.74187   207.25 9226.81 2.40 2.20 -62.8 -0.418    19.94 21.95 01a59229o0562c 0x000000  0.000000
59229.613388 20.071303      NaN    4    10 c    0   1.37 161.63779 13.74187   188.33 9343.10 2.69 2.49 -39.5 -0.399    19.81 21.94 01a59229o0580c 0x000000  0.400000
59231.486451 20.039830      NaN    8     9 c    0   1.26 161.63779 13.74187  6956.33 2851.70 2.40 2.33 -84.4 -0.395    19.79 21.73 02a59231o0598c 0x000000  0.888889
59231.498997 20.171596      NaN    4     9 c    0   0.82 161.63779 13.74187  6976.66 2891.85 2.33 2.26 -83.0 -0.393    19.83 21.75 02a59231o0623c 0x000000  0.444444
59231.501283 20.321591      NaN   -9     9 c    0   1.16 161.63779 13.74187  6919.21 2816.14 2.44 2.40  73.1 -0.394    19.75 21.76 02a59231o0628c 0x000000 -1.000000
59231.515358 19.743105      NaN   16    10 c    0   0.84 161.63779 13.74187  6901.33 2931.29 2.39 2.35  74.0 -0.389    19.79 21.77 02a59231o0657c 0x000000  1.600000
59233.472869 18.280067      NaN -117    59 c    0   1.20 161.63779 13.74187  1703.93 7817.46 3.32 3.15 -61.4 -0.328    17.15 19.44 01a59233o0111c 0x100002 -1.983051
59233.474725 17.217448      NaN  -36   157 c    0   0.95 161.63779 13.74187  1684.70 7780.21 2.93 2.62 -74.5 -0.374    17.14 19.25 01a59233o0115c 0x100002 -0.229299
59233.513087 15.956159      NaN  131   458 c    0   1.21 161.63779 13.74187  1764.02 7747.18 2.97 2.57 -80.1 -0.369    15.25 17.47 01a59233o0192c 0x100002  0.286026
59235.526598 18.806434      NaN   52    19 c    0   1.39 161.63779 13.74187  2580.59 4776.80 2.48 2.30  41.4 -0.405    18.78 20.61 02a59235o0672c 0x000000  2.736842
59235.529814 18.944322      NaN   30    22 c    0   1.04 161.63779 13.74187  2600.22 4817.17 2.50 2.33  39.2 -0.404    18.80 20.65 02a59235o0679c 0x000000  1.363636
59235.553389 18.261819      NaN   42    46 c    0   0.69 161.63779 13.74187  8049.32 5826.49 2.68 2.50  42.9 -0.383    18.66 20.48 02a59235o0728c 0x100002  0.913043
59253.429161 20.321591      NaN  -11     9 c    0   1.35 161.63779 13.74187  4043.97 4039.14 2.63 2.39 -87.6 -0.384    19.73 21.89 01a59253o0433c 0x000000 -1.222222
59253.456522 20.009244      NaN    6    10 c    0   1.10 161.63779 13.74187  4024.14 4004.07 2.76 2.68 -21.1 -0.373    19.71 21.91 01a59253o0485c 0x000000  0.600000
59253.458823 20.207197      NaN   -9    10 c    0   1.00 161.63779 13.74187  4082.15 4081.06 3.01 2.79   1.2 -0.345    19.60 21.91 01a59253o0490c 0x000000 -0.900000
59253.461586 20.321591      NaN   -5     9 c    0   1.20 161.63779 13.74187  4101.04 3965.68 2.77 2.47 -88.8 -0.394    19.74 21.92 01a59253o0496c 0x000000 -0.555556
59255.438368 19.529530      NaN   26    10 c    0   1.39 161.63779 13.74187  8820.05  790.20 2.41 2.17 -54.2 -0.402    19.75 21.72 02a59255o0483c 0x000000  2.600000
59255.440198 19.743105      NaN   19     9 c    0   1.43 161.63779 13.74187  8838.64  829.67 2.45 2.18 -53.4 -0.406    19.73 21.73 02a59255o0487c 0x000000  2.111111
59255.459209 19.743105      NaN   16    10 c    0   1.05 161.63779 13.74187  8786.33  750.90 2.47 2.20 -55.4 -0.398    19.76 21.75 02a59255o0523c 0x000000  1.600000
59255.461955 20.137125      NaN    5     9 c    0   1.40 161.63779 13.74187  8765.75  870.63 2.46 2.26 -53.0 -0.398    19.76 21.74 02a59255o0529c 0x000000  0.555556
59257.495299 19.979496      NaN    7    10 c    0   1.02 161.63779 13.74187  6807.06  918.86 2.63 2.49 -19.7 -0.388    19.75 21.94 01a59257o0616c 0x000000  0.700000
59257.500506 19.743105      NaN   16    10 c    0   0.94 161.63779 13.74187  6827.68  956.95 2.67 2.48 -19.8 -0.383    19.77 21.94 01a59257o0627c 0x000000  1.600000
59257.504432 19.841877      NaN   15     9 c    0   1.46 161.63779 13.74187  6770.40  878.11 2.57 2.39 -19.8 -0.394    19.82 21.93 01a59257o0635c 0x000000  1.666667
59257.526347 20.103715      NaN    0    11 c    0   0.96 161.63779 13.74187  6756.67  989.13 2.56 2.41 -31.5 -0.390    19.83 21.93 01a59257o0680c 0x000000  0.000000
59261.434264 19.719755      NaN   20     9 c    0   1.36 161.63779 13.74187  3709.49 9653.40 2.28 2.16 -57.7 -0.386    19.79 21.77 01a59261o0470c 0x000000  2.222222
59261.436117 19.816329      NaN   19     8 c    0   1.92 161.63779 13.74187  3690.95 9613.45 2.33 2.24 -62.6 -0.384    19.80 21.77 01a59261o0474c 0x000000  2.375000
59261.438886 20.039830      NaN    5    10 c    0   1.13 161.63779 13.74187  3748.42 9691.22 2.28 2.13 -64.2 -0.390    19.82 21.78 01a59261o0480c 0x000000  0.500000
59261.454022 20.171596      NaN    7     8 c    0   1.94 161.63779 13.74187  3771.19 9572.55 2.26 2.18 -46.7 -0.387    19.82 21.76 01a59261o0509c 0x000000  0.875000
59263.480483 17.555452      NaN -294   115 c    0   1.50 161.63779 13.74187  6028.53 3980.30 2.55 2.35  40.0 -0.396    16.93 18.61 02a59263o0294c 0x100002 -2.556522
59287.368318 16.319461      NaN -520   359 c    0   0.89 161.63779 13.74187  8446.78 9351.70 3.09 2.98 -57.8 -0.488    16.97 18.95 02a59287o0301c 0x100002 -1.448468
59287.374829 18.180496      NaN   74    40 c    0   1.31 161.63779 13.74187  8468.12 9392.18 2.84 2.80 -69.0 -0.418    18.12 20.07 02a59287o0315c 0x100002  1.850000
59287.376689 18.720295      NaN   10    36 c    0   0.97 161.63779 13.74187  8409.03 9313.92 2.92 2.89 -65.5 -0.443    18.42 20.42 02a59287o0319c 0x100002  0.277778
59291.421477 19.950541      NaN    8    10 c    0   1.44 161.63779 13.74187  9746.08 7951.16 2.71 2.55  45.3 -0.394    19.79 21.66 02a59291o0203c 0x000000  0.800000
59291.428529 20.207197      NaN   -8    10 c    0   1.00 161.63779 13.74187  9727.81 7915.64 2.63 2.59  53.6 -0.397    19.75 21.67 02a59291o0218c 0x000000 -0.800000
59291.452408 19.922338      NaN  -11    13 c    0   0.97 161.63779 13.74187  9784.27 7993.91 2.70 2.67   3.1 -0.393    19.71 21.65 02a59291o0268c 0x000000 -0.846154
59291.458152 19.766969      NaN   12    11 c    0   1.30 161.63779 13.74187  9803.55 7874.91 2.70 2.62  40.2 -0.396    19.77 21.65 02a59291o0280c 0x000000  1.090909
59309.353458 19.589310      NaN   26     9 c    0   0.99 161.63779 13.74187  4883.77 1029.14 2.19 2.08  19.7 -0.414    19.99 21.68 01a59309o0145c 0x000000  2.888889
59309.357997 19.979496      NaN    7    10 c    0   0.95 161.63779 13.74187  4904.38 1066.60 2.18 2.11  39.3 -0.409    19.97 21.67 01a59309o0154c 0x000000  0.700000
59309.366884 20.449472      NaN   -1     8 c    0   1.17 161.63779 13.74187  4848.99  988.21 2.14 2.10  35.7 -0.415    20.01 21.69 01a59309o0173c 0x000000 -0.125000
59309.378824 20.137125      NaN    8     8 c    0   1.34 161.63779 13.74187  4832.89 1103.89 2.41 2.32  58.3 -0.404    19.89 21.67 01a59309o0198c 0x000000  1.000000
59313.355696 20.449472      NaN   -2     8 c    0   0.90 161.63779 13.74187   673.81 6850.68 2.24 1.99 -83.9 -0.419    20.00 21.69 01a59313o0294c 0x000000 -0.250000
59313.374547 20.039830      NaN    5    10 c    0   0.82 161.63779 13.74187   697.25 6885.98 2.34 2.09 -83.5 -0.411    19.97 21.65 01a59313o0333c 0x000000  0.500000
59313.377791 20.594452      NaN  -12     7 c    0   2.61 161.63779 13.74187   638.98 6807.74 2.40 2.18 -77.0 -0.402    19.90 21.66 01a59313o0340c 0x000000 -1.714286
59313.393889 20.244005      NaN    2     9 c    0   0.90 161.63779 13.74187   621.50 6920.37 2.36 2.12 -79.9 -0.412    19.94 21.65 01a59313o0374c 0x000000  0.222222
59343.281464 20.207197      NaN   -2    10 c    0   1.15 161.63779 13.74187  1699.60 7836.84 2.27 2.23 -77.0 -0.418    19.67 21.39 02a59343o0094c 0x000000 -0.200000
59343.284321 19.719755      NaN   14    11 c    0   1.27 161.63779 13.74187  1680.99 7800.19 2.27 2.22 -74.3 -0.419    19.71 21.44 02a59343o0100c 0x000000  1.272727
59343.290399 19.696897      NaN   12    12 c    0   1.47 161.63779 13.74187  1739.15 7876.94 2.38 2.19 -84.7 -0.434    19.44 21.48 02a59343o0113c 0x000000  1.000000
59343.303045 20.207197      NaN   -2    10 c    0   1.23 161.63779 13.74187  1760.15 7758.27 2.27 2.21 -65.4 -0.419    19.68 21.37 02a59343o0140c 0x000000 -0.200000
59347.340277 19.841877      NaN    6    12 c    0   1.11 161.63779 13.74187  7936.58 3870.79 2.46 2.40  57.7 -0.386    19.60 21.27 02a59347o0236c 0x000000  0.500000
59347.343494 19.696897      NaN   12    12 c    0   1.17 161.63779 13.74187  7918.39 3831.81 2.42 2.38  85.2 -0.385    19.62 21.27 02a59347o0243c 0x000000  1.000000
59347.353731 20.009244      NaN   -4    12 c    0   0.91 161.63779 13.74187  7977.45 3911.30 2.46 2.42 -77.1 -0.387    19.60 21.28 02a59347o0265c 0x000000 -0.333333
59347.372346 19.841877      NaN    6    12 c    0   1.40 161.63779 13.74187  7998.60 3792.96 2.46 2.37 -61.0 -0.387    19.54 21.21 02a59347o0304c 0x000000  0.500000
59369.285116 19.868040      NaN   11    10 c    0   1.54 161.63779 13.74187  8865.20 6885.62 2.55 2.25 -89.3 -0.375    19.62 21.13 01a59369o0108c 0x000000  1.100000
59369.288805 20.071303      NaN    4    10 c    0   1.86 161.63779 13.74187  8884.42 6924.43 2.48 2.18 -86.6 -0.392    19.68 21.17 01a59369o0116c 0x000000  0.400000
59369.294336 19.816329      NaN   13    10 c    0   1.30 161.63779 13.74187  8823.65 6849.42 2.47 2.13 -88.6 -0.395    19.75 21.22 01a59369o0128c 0x000000  1.300000
59369.307729 19.419021      NaN    8    18 c    0   1.15 161.63779 13.74187  8804.01 6966.42 2.40 2.14  89.2 -0.383    19.67 21.11 01a59369o0157c 0x000000  0.444444
59373.282990 19.868040      NaN   14     9 c    0   1.57 161.63779 13.74187  8866.94 6884.64 2.51 2.10  89.5 -0.395    19.73 21.22 01a59373o0100c 0x000000  1.555556
59373.286673 20.009244      NaN  -17    12 c    0   0.87 161.63779 13.74187  8886.64 6924.34 2.59 2.15  89.9 -0.400    19.74 21.21 01a59373o0108c 0x000000 -1.416667
59373.292212 20.207197      NaN  -19    10 c    0   1.11 161.63779 13.74187  8827.07 6848.74 2.57 2.16 -87.5 -0.405    19.72 21.18 01a59373o0120c 0x000000 -1.900000
59373.302379 20.103715      NaN   -2    11 c    0   1.17 161.63779 13.74187  8806.08 6965.75 2.55 2.09 -87.7 -0.397    19.72 21.16 01a59373o0142c 0x000000 -0.181818
59377.251771 19.696897      NaN   -8    16 c    0   0.77 161.63779 13.74187  8449.23 9321.75 2.70 2.47  86.3 -0.321    19.22 20.36 01a59377o0032c 0x000000 -0.500000
59377.255048 19.491430      NaN   25    11 c    0   1.24 161.63779 13.74187  8467.33 9362.11 2.61 2.26  88.1 -0.332    19.54 20.78 01a59377o0039c 0x000000  2.272727
59377.260707 20.321591      NaN   -6     9 c    0   1.54 161.63779 13.74187  8407.98 9282.99 2.45 2.20  81.1 -0.345    19.71 21.08 01a59377o0051c 0x000000 -0.666667
59527.597086 18.666446      NaN   40    28 c    0   1.19 161.63779 13.74187  5010.02 2951.33 2.72 2.45  61.1 -0.397    18.45 20.54 02a59527o0865c 0x000000  1.428571
59527.602317 19.002397      NaN   19    24 c    0   1.68 161.63779 13.74187  5025.34 2989.75 2.79 2.58  57.2 -0.392    18.58 20.64 02a59527o0875c 0x000000  0.791667
59527.613350 19.128787      NaN    9    24 c    0   1.26 161.63779 13.74187  4967.60 2911.89 2.84 2.54  48.5 -0.398    18.69 20.63 02a59527o0899c 0x000000  0.375000
59527.616561 19.631075      NaN  -20    17 c    0   1.13 161.63779 13.74187  4948.63 3028.38 2.76 2.45  51.6 -0.403    18.93 20.82 02a59527o0906c 0x000000 -1.176471
59587.604981 20.103715      NaN   -1    11 c    0   1.26 161.63779 13.74187  6072.50 5879.33 2.68 2.37  40.8 -0.406    19.64 21.67 02a59587o0878c 0x000000 -0.090909
59587.609056 19.719755      NaN   11    12 c    0   0.95 161.63779 13.74187  6053.83 5840.30 2.68 2.39  43.3 -0.404    19.64 21.70 02a59587o0886c 0x000000  0.916667
59587.636880 20.103715      NaN   -4    11 c    0   1.15 161.63779 13.74187  6112.15 5919.00 2.72 2.39  42.5 -0.406    19.60 21.62 02a59587o0942c 0x000000 -0.363636
59587.651253 19.674510      NaN   13    12 c    0   1.07 161.63779 13.74187  6126.97 5804.93 2.85 2.44  40.3 -0.399    19.60 21.59 02a59587o0971c 0x000000  1.083333