         MJD         m       dm  uJy  duJy F  err  chi/N        RA      Dec        x        y  maj  min   phi  apfit  mag5sig   Sky            Obs     Mask  __tmp_SN
57718.509128 19.631075      NaN  -15    17 c    0   1.21 120.02979 58.70975 10009.72  3819.35 4.17 3.76 -87.5 -0.412    19.58 21.66 02a57718o0608c 0x000000 -0.882353
57718.510671 19.472870      NaN   11    16 c    0   1.25 120.02979 58.70975 10028.35  3858.04 4.05 3.58 -87.5 -0.423    19.66 21.71 02a57718o0611c 0x000000  0.687500
57718.511691 19.696897      NaN  -22    16 c    0   1.05 120.02979 58.70975   863.57  3796.09 4.17 3.78  64.5 -0.400    19.68 21.72 02a57718o0613c 0x000000 -1.375000
57718.527835 19.569016      NaN  -49    18 c    0   1.10 120.02979 58.70975  9967.08  3785.75 4.09 3.64 -87.1 -0.420    19.57 21.61 02a57718o0644c 0x000000 -2.722222
57718.530394 19.491430      NaN    4    18 c    0   0.99 120.02979 58.70975   881.17  3835.97 4.12 3.70  66.4 -0.407    19.58 21.60 02a57718o0649c 0x000000  0.222222
57718.539512 19.051202      NaN   27    20 c    0   1.23 120.02979 58.70975  9948.63  3905.16 4.02 3.54 -84.8 -0.423    19.37 21.36 02a57718o0666c 0x000000  1.350000
57718.543220 18.978793      NaN   18    25 c    0   0.99 120.02979 58.70975   823.97  3754.31 4.35 3.94  68.1 -0.383    19.16 21.18 02a57718o0673c 0x000000  0.720000
57718.551755 19.351140      NaN  -47    22 c    0   1.18 120.02979 58.70975  9990.18  3844.42 4.35 3.89 -84.4 -0.413    19.37 21.46 02a57718o0689c 0x000000 -2.136364
57718.555476 19.472870      NaN    8    17 c    0   0.82 120.02979 58.70975   803.92  3868.59 4.22 3.82  63.2 -0.394    19.63 21.68 02a57718o0696c 0x000000  0.470588
57718.567643 19.454622      NaN    9    17 c    0   0.99 120.02979 58.70975   845.32  3813.74 4.48 4.13  65.8 -0.384    19.66 21.82 02a57718o0719c 0x000000  0.529412
57746.467920 19.841877      NaN  -33    14 c    0   1.18 120.02979 58.70975  2643.09  3539.38 4.07 3.94  64.2 -0.373    19.72 21.83 02a57746o0542c 0x000000 -2.357143
57746.490008 19.841877      NaN   -6    14 c    0   1.22 120.02979 58.70975  2665.64  3579.52 4.12 3.94  70.6 -0.373    19.74 21.84 02a57746o0583c 0x000000 -0.428571
57746.500379 19.674510      NaN    1    16 c    0   1.07 120.02979 58.70975  2610.84  3494.89 4.09 3.91  72.0 -0.374    19.74 21.84 02a57746o0603c 0x000000  0.062500
57746.504027 19.841877      NaN    6    12 c    0   1.69 120.02979 58.70975  2600.99  3612.20 4.03 3.86  74.2 -0.378    19.77 21.88 02a57746o0610c 0x000000  0.500000
57746.518275 19.841877      NaN  -26    14 c    0   1.14 120.02979 58.70975  2644.30  3553.30 4.09 3.95  71.2 -0.377    19.77 21.92 02a57746o0637c 0x000000 -1.857143
57750.451947 19.169763      NaN   12    22 c    0   1.12 120.02979 58.70975  9748.23  1688.38 4.28 4.01 -89.5 -0.399    19.26 21.34 02a57750o0339c 0x000000  0.545455
57750.453936 17.809593      NaN  -53    91 c    0   1.42 120.02979 58.70975  9775.70  1723.18 4.19 3.86 -88.5 -0.398    18.56 20.51 02a57750o0343c 0x100002 -0.582418
57750.464655 19.351140      NaN   -1    22 c    0   1.11 120.02979 58.70975  9724.20  1645.86 4.15 3.85 -88.2 -0.406    19.32 21.37 02a57750o0364c 0x000000 -0.045455
57750.472396 19.169763      NaN  -12    26 c    0   1.02 120.02979 58.70975   581.05  1620.65 4.56 4.30  70.1 -0.360    19.05 21.10 02a57750o0379c 0x000000 -0.461538
57750.474881 19.631075      NaN   -5    17 c    0   1.18 120.02979 58.70975   605.69  1659.34 4.37 4.10  73.5 -0.370    19.46 21.53 02a57750o0384c 0x000000 -0.294118
57750.482743 19.696897      NaN  -18    16 c    0   1.27 120.02979 58.70975  9701.85  1766.70 4.25 3.98 -89.3 -0.398    19.64 21.75 02a57750o0399c 0x000000 -1.125000
57750.485364 19.766969      NaN    0    15 c    0   1.37 120.02979 58.70975   544.51  1573.99 4.36 4.15  72.1 -0.368    19.65 21.75 02a57750o0404c 0x000000  0.000000
57750.501468 18.693037      NaN   52    23 c    0   0.87 120.02979 58.70975   761.99  8748.33 4.40 4.22  35.6 -0.394    19.32 21.42 02a57750o0435c 0x000000  2.260870
57750.503048 19.063754      NaN   35    17 c    0   1.60 120.02979 58.70975   525.76  1689.23 4.30 4.11  73.9 -0.370    19.47 21.51 02a57750o0438c 0x000000  2.058824
57750.508098 19.631075      NaN  -15    17 c    0   1.08 120.02979 58.70975   566.23  1633.93 4.49 4.32  69.0 -0.360    19.64 21.78 02a57750o0448c 0x000000 -0.882353
57778.409477 19.491430      NaN   13    15 c    0   1.30 120.02979 58.70975   428.24  9062.61 3.93 3.92 -40.9 -0.415    19.74 21.80 02a57778o0261c 0x000000  0.866667
57778.424339 19.169763      NaN   27    17 c    0   1.01 120.02979 58.70975  9610.86  9068.97 4.31 3.71  85.1 -0.417    19.73 21.81 02a57778o0291c 0x000000  1.588235
57778.425293 19.472870      NaN   11    16 c    0   1.36 120.02979 58.70975   417.07  9021.89 3.89 3.85  37.4 -0.422    19.74 21.79 02a57778o0293c 0x000000  0.687500
57778.435905 19.419021      NaN   17    15 c    0   1.37 120.02979 58.70975   465.60  9093.89 4.00 3.97 -76.5 -0.415    19.70 21.75 02a57778o0314c 0x000000  1.133333
57778.445501 19.696897      NaN  -15    16 c    0   1.20 120.02979 58.70975  9580.00  9030.15 4.43 3.75  84.3 -0.409    19.70 21.75 02a57778o0333c 0x000000 -0.937500
57778.455156 19.367717      NaN   11    18 c    0   1.17 120.02979 58.70975   483.31  8973.19 4.17 3.96  -8.3 -0.408    19.64 21.71 02a57778o0352c 0x000000  0.611111
57778.456599 19.696897      NaN   -1    16 c    0   1.27 120.02979 58.70975  9647.91  9115.09 4.36 3.68  84.9 -0.414    19.70 21.73 02a57778o0355c 0x000000 -0.062500
57778.458926 19.367717      NaN   14    17 c    0   1.07 120.02979 58.70975  9648.81  8995.10 4.39 3.70  83.8 -0.419    19.70 21.75 02a57778o0359c 0x000000  0.823529
57778.461325 19.454622      NaN   15    15 c    0   1.37 120.02979 58.70975   442.74  9035.07 4.22 3.95 -10.7 -0.408    19.62 21.70 02a57778o0363c 0x000000  1.000000
57778.474707 19.569016      NaN  -16    18 c    0   0.94 120.02979 58.70975  9624.24  9054.14 4.34 3.79  83.2 -0.415    19.66 21.68 02a57778o0390c 0x000000 -0.888889
57782.418286 19.766969      NaN  -21    15 c    0   1.15 120.02979 58.70975  9155.73  8025.77 3.91 3.49 -89.0 -0.433    19.72 21.69 02a57782o0439c 0x000000 -1.400000
57782.421210 19.436675      NaN   13    16 c    0   0.97 120.02979 58.70975  9136.04  7987.37 3.87 3.47 -89.7 -0.441    19.73 21.71 02a57782o0445c 0x000000  0.812500
57782.430326 18.757738      NaN  -53    38 c    0   6.45 120.02979 58.70975    34.10  8111.57 3.80 3.56  28.6 -0.430    19.71 21.69 02a57782o0463c 0x100002 -1.394737
57782.431336 19.766969      NaN   -7    15 c    0   0.94 120.02979 58.70975  9196.56  8070.29 3.96 3.50  89.1 -0.426    19.74 21.73 02a57782o0465c 0x000000 -0.466667
57782.432791 19.212347      NaN  -42    25 c    0   1.23 120.02979 58.70975    47.16  7995.63 3.83 3.59  36.5 -0.417    19.70 21.69 02a57782o0468c 0x000000 -1.680000
57782.453099 19.766969      NaN  -21    15 c    0   1.20 120.02979 58.70975  9214.46  7953.59 3.99 3.56  87.8 -0.425    19.72 21.71 02a57782o0508c 0x000000 -1.400000
57782.467857 19.631075      NaN  -27    17 c    0   0.91 120.02979 58.70975  9172.12  8007.13 3.95 3.54  89.2 -0.424    19.71 21.71 02a57782o0537c 0x000000 -1.588235
57786.410733 19.510313      NaN    9    16 c    0   1.19 120.02979 58.70975   218.57  9348.08 3.92 3.72  24.2 -0.420    19.66 21.64 02a57786o0207c 0x000000  0.562500
57786.414652 19.631075      NaN  -12    17 c    0   1.05 120.02979 58.70975   210.57  9313.01 3.89 3.65  23.7 -0.424    19.67 21.63 02a57786o0215c 0x000000 -0.705882
57786.416099 19.674510      NaN    1    16 c    0   1.18 120.02979 58.70975  9413.05  9334.91 4.14 3.61  83.5 -0.420    19.69 21.66 02a57786o0218c 0x000000  0.062500
57786.424436 19.696897      NaN  -18    16 c    0   1.32 120.02979 58.70975   260.72  9385.07 3.88 3.61  23.9 -0.429    19.67 21.63 02a57786o0235c 0x000000 -1.125000
57786.432912 19.631075      NaN  -12    17 c    0   0.91 120.02979 58.70975  9389.37  9292.72 4.14 3.61  84.2 -0.421    19.70 21.70 02a57786o0252c 0x000000 -0.705882
57786.443389 19.841877      NaN  -39    14 c    0   1.51 120.02979 58.70975  9448.67  9374.68 4.11 3.60  83.1 -0.421    19.73 21.72 02a57786o0273c 0x000000 -2.785714
57786.444832 19.631075      NaN  -24    17 c    0   1.02 120.02979 58.70975   281.61  9262.70 3.84 3.60  27.1 -0.423    19.69 21.69 02a57786o0276c 0x000000 -1.411765
57786.459351 19.491430      NaN   10    16 c    0   1.29 120.02979 58.70975   236.05  9321.09 3.83 3.60  29.2 -0.434    19.70 21.68 02a57786o0305c 0x000000  0.625000
57786.460865 19.401649      NaN   12    17 c    0   1.12 120.02979 58.70975  9458.27  9257.87 4.12 3.59  84.7 -0.408    19.71 21.72 02a57786o0308c 0x000000  0.705882
57786.467054 19.142275      NaN   35    15 c    0   1.47 120.02979 58.70975  9428.57  9317.28 4.10 3.53  88.4 -0.399    19.71 21.72 02a57786o0320c 0x000000  2.333333
57806.380255 19.766969      NaN   -2    15 c    0   1.26 120.02979 58.70975  8265.34  8039.18 4.10 3.64  84.2 -0.409    19.76 21.85 02a57806o0293c 0x000000 -0.133333
57806.398569 19.510313      NaN   15    14 c    0   1.39 120.02979 58.70975  8244.57  7998.18 4.06 3.62  84.4 -0.420    19.73 21.78 02a57806o0329c 0x000000  1.071429
57806.409290 19.631075      NaN   -9    17 c    0   0.98 120.02979 58.70975  8305.44  8078.33 4.36 3.92  85.7 -0.393    19.65 21.75 02a57806o0350c 0x000000 -0.529412
57806.427006 19.510313      NaN    9    16 c    0   1.09 120.02979 58.70975  8326.32  7960.02 4.09 3.63  82.9 -0.417    19.70 21.72 02a57806o0385c 0x000000  0.562500
57806.433039 19.766969      NaN   -9    15 c    0   1.10 120.02979 58.70975  8286.38  8016.37 4.05 3.62  84.8 -0.420    19.69 21.72 02a57806o0397c 0x000000 -0.600000
57834.326972 19.256669      NaN   15    19 c    0   1.16 120.02979 58.70975   241.50  6097.18 4.03 3.73  58.6 -0.387    18.94 20.80 02a57834o0126c 0x000000  0.789474
57834.344237 19.569016      NaN  -12    18 c    0   1.32 120.02979 58.70975  9391.74  6091.84 4.19 3.80  85.6 -0.396    18.91 20.83 02a57834o0159c 0x000000 -0.666667
57834.345787 19.454622      NaN   -3    20 c    0   1.17 120.02979 58.70975   220.44  6055.28 4.14 3.85  58.8 -0.377    18.89 20.77 02a57834o0162c 0x000000 -0.150000
57834.355189 19.302877      NaN  -25    23 c    0   1.01 120.02979 58.70975   280.21  6126.80 4.33 4.02  61.1 -0.361    18.82 20.75 02a57834o0180c 0x000000 -1.086957
57834.366616 19.401649      NaN   -5    21 c    0   1.15 120.02979 58.70975  9371.74  6047.03 4.31 3.99  80.8 -0.383    18.84 20.79 02a57834o0202c 0x000000 -0.238095
57834.375499 19.334813      NaN    4    21 c    0   1.13 120.02979 58.70975   304.15  6004.53 4.32 4.06  63.4 -0.361    18.80 20.71 02a57834o0219c 0x000000  0.190476
57834.377051 19.115465      NaN   22    20 c    0   1.08 120.02979 58.70975  9421.30  6126.89 4.18 3.84  83.4 -0.393    18.86 20.76 02a57834o0222c 0x000000  1.100000
57834.379124 18.702047      NaN   57    21 c    0   1.12 120.02979 58.70975  9442.20  6011.12 4.24 3.87  83.3 -0.387    18.84 20.76 02a57834o0226c 0x000000  2.714286
57834.380690 18.900000      NaN   40    20 c    0   1.41 120.02979 58.70975   263.56  6063.17 4.39 4.10  57.3 -0.351    18.77 20.69 02a57834o0229c 0x000000  2.000000
57834.394811 19.026525      NaN   23    22 c    0   1.01 120.02979 58.70975  9401.26  6065.03 4.34 4.04  83.0 -0.377    18.81 20.76 02a57834o0256c 0x000000  1.045455
57838.345558 19.256669      NaN   12    20 c    0   1.20 120.02979 58.70975  8494.74  9280.38 4.26 3.88  88.4 -0.408    18.94 20.89 02a57838o0175c 0x000000  0.600000
57838.347113 19.401649      NaN   -4    21 c    0   1.27 120.02979 58.70975  8474.90  9238.90 4.33 3.92  88.1 -0.406    18.93 20.88 02a57838o0178c 0x000000 -0.190476
57838.358198 19.334813      NaN    4    21 c    0   1.06 120.02979 58.70975  8536.85  9320.10 4.13 3.74  86.7 -0.423    18.97 20.87 02a57838o0199c 0x000000  0.190476
57838.376623 19.510313      NaN   -8    19 c    0   1.30 120.02979 58.70975  8545.30  9201.24 4.19 3.83  86.7 -0.410    18.92 20.85 02a57838o0234c 0x000000 -0.421053
57838.395024 19.351140      NaN  -32    22 c    0   0.93 120.02979 58.70975  8513.17  9256.32 4.20 3.86  84.7 -0.409    18.89 20.83 02a57838o0269c 0x000000 -1.454545
57842.325246 19.287255      NaN   10    20 c    0   1.38 120.02979 58.70975  1715.05  5734.71 4.14 3.96  69.5 -0.388    18.87 20.81 02a57842o0195c 0x000000  0.500000
57842.326811 19.401649      NaN  -22    21 c    0   1.15 120.02979 58.70975  1695.88  5694.98 4.10 3.91  70.3 -0.392    18.89 20.82 02a57842o0198c 0x000000 -1.047619
57842.337788 19.302877      NaN   -2    23 c    0   1.33 120.02979 58.70975  1757.09  5769.08 4.66 4.50  71.8 -0.351    18.73 20.82 02a57842o0219c 0x000000 -0.086957
57842.355164 19.401649      NaN  -48    21 c    0   1.16 120.02979 58.70975  1778.01  5648.07 4.17 3.99  68.5 -0.386    18.83 20.79 02a57842o0252c 0x000000 -2.285714
57842.374598 19.287255      NaN   10    20 c    0   1.20 120.02979 58.70975  1736.18  5704.25 3.91 3.73  66.3 -0.403    18.89 20.75 02a57842o0289c 0x000000  0.500000
57862.303103 19.002397      NaN   31    20 c    0   1.26 120.02979 58.70975  1388.25  5935.04 3.83 3.67 -80.5 -0.439    18.78 20.37 02a57862o0166c 0x000000  1.550000
57862.317772 19.212347      NaN   18    19 c    0   1.59 120.02979 58.70975  1378.33  5895.14 3.81 3.62 -83.2 -0.434    18.81 20.42 02a57862o0196c 0x000000  0.947368
57862.325010 19.212347      NaN   21    18 c    0   1.44 120.02979 58.70975  1427.59  5970.07 3.84 3.64 -80.3 -0.429    18.81 20.44 02a57862o0211c 0x000000  1.166667
57862.336337 19.351140      NaN  -10    22 c    0   1.11 120.02979 58.70975  1451.30  5852.35 4.34 4.21 -68.4 -0.383    18.66 20.45 02a57862o0234c 0x000000 -0.454545
57862.338268 16.747658      NaN  -83   242 c    0   0.03 120.02979 58.70975 10517.47  6050.13 4.43 3.67  79.6 -0.456    18.82 20.57 02a57862o0238c 0x100002 -0.342975
57862.345504 19.419021      NaN    5    19 c    0   1.14 120.02979 58.70975  1411.09  5909.13 3.84 3.63 -88.3 -0.425    18.79 20.44 02a57862o0253c 0x000000  0.263158
57870.305237 19.631075      NaN   12    13 c    0   0.85 120.02979 58.70975  8898.33  7567.25 2.75 2.46  55.1 -0.486    19.44 20.56 02a57870o0085c 0x000000  0.923077
57870.321573 19.868040      NaN    5    12 c    0   1.82 120.02979 58.70975  8876.05  7526.42 2.75 2.42  58.0 -0.499    19.41 20.52 02a57870o0116c 0x000000  0.416667
57870.329415 19.549093      NaN   16    13 c    0   1.33 120.02979 58.70975  8934.97  7605.52 2.75 2.40  58.7 -0.494    19.41 20.51 02a57870o0131c 0x000000  1.230769
57870.340530 19.569016      NaN   15    13 c    0   1.13 120.02979 58.70975  8945.88  7491.44 2.77 2.39  59.5 -0.505    19.38 20.46 02a57870o0152c 0x000000  1.153846
57870.352609 19.696897      NaN    9    13 c    0   1.46 120.02979 58.70975  8913.15  7545.45 2.81 2.43  61.1 -0.505    19.31 20.40 02a57870o0175c 0x000000  0.692308
57894.274135 19.922338      NaN   -3    13 c    0   1.37 120.02979 58.70975  8336.69  8657.80 2.82 2.62  69.8 -0.449    19.49 21.03 02a57894o0078c 0x000000 -0.230769
57894.287243 19.384550      NaN   22    14 c    0   0.87 120.02979 58.70975  8313.52  8617.84 2.78 2.59  67.4 -0.454    19.46 20.95 02a57894o0103c 0x000000  1.571429
57894.299820 20.009244      NaN  -15    12 c    0   1.38 120.02979 58.70975  8375.15  8679.67 2.78 2.58  70.2 -0.451    19.42 20.90 02a57894o0127c 0x000000 -1.250000
57894.317161 19.841877      NaN   -1    14 c    0   1.32 120.02979 58.70975  8382.98  8560.26 2.96 2.54  75.4 -0.434    19.39 20.85 02a57894o0160c 0x000000 -0.071429
57894.327202 19.841877      NaN    3    13 c    0   1.25 120.02979 58.70975  8350.29  8623.20 2.77 2.62  61.2 -0.465    19.27 20.76 02a57894o0179c 0x000000  0.230769
57902.265498 18.203116      NaN   55    45 c    0   1.34 120.02979 58.70975  2271.86  6484.78 2.66 2.55 -40.7 -0.441    18.03 19.05 02a57902o0061c 0x100002  1.222222
57902.288412 19.302877      NaN    9    20 c    0   1.31 120.02979 58.70975  2298.63  6520.10 2.62 2.49 -35.6 -0.460    18.72 19.96 02a57902o0106c 0x000000  0.450000
57902.300672 19.212347      NaN  -38    25 c    0   1.00 120.02979 58.70975  2327.22  6407.35 2.61 2.49 -47.5 -0.467    18.93 20.09 02a57902o0130c 0x000000 -1.520000
58194.326216 19.609992      NaN   22    10 c    0   0.77 120.02979 58.70975    93.22  7922.35 2.40 2.14  22.2 -0.426    19.78 21.56 02a58194o0243c 0x000000  2.200000
58194.342799 20.171596      NaN    1    10 c    0   1.80 120.02979 58.70975    71.77  7886.80 2.59 2.48  38.3 -0.404    19.69 21.55 02a58194o0278c 0x000000  0.100000
58194.344177 20.449472      NaN   -7     8 c    0   1.34 120.02979 58.70975  9250.47  7888.16 2.62 2.47  62.0 -0.446    19.75 21.61 02a58194o0281c 0x000000 -0.875000
58194.345559 19.979496      NaN   16     7 c    0   2.37 120.02979 58.70975   131.21  7957.42 2.56 2.38  30.4 -0.422    19.74 21.56 02a58194o0284c 0x000000  2.285714
58194.359288 20.321591      NaN   -3     9 c    0   1.18 120.02979 58.70975   142.39  7838.94 2.58 2.42  32.0 -0.409    19.69 21.56 02a58194o0313c 0x000000 -0.333333
58194.360202 20.137125      NaN    8     8 c    0   1.61 120.02979 58.70975  9288.68  7933.37 2.60 2.43  50.3 -0.444    19.71 21.61 02a58194o0315c 0x000000  1.000000
58194.360658 20.449472      NaN  -10     8 c    0   1.01 120.02979 58.70975  9227.69  7851.24 2.57 2.41  52.8 -0.453    19.72 21.61 02a58194o0316c 0x000000 -1.250000
58194.365253 20.321591      NaN    3     8 c    0   1.81 120.02979 58.70975  9307.89  7816.53 2.63 2.43  40.8 -0.442    19.74 21.61 02a58194o0326c 0x000000  0.375000
58196.358092 20.449472      NaN    0     8 c    0   1.08 120.02979 58.70975  1038.79  2708.42 2.59 2.38  58.6 -0.452    19.75 21.82 02a58196o0289c 0x000000  0.000000
58196.359462 20.543943      NaN    1     7 c    0   2.13 120.02979 58.70975  1018.62  2670.30 2.63 2.35  61.1 -0.452    19.72 21.83 02a58196o0292c 0x000000  0.142857
58196.375261 20.171596      NaN    7     8 c    0   1.62 120.02979 58.70975  1080.40  2742.23 2.60 2.34  57.0 -0.443    19.72 21.80 02a58196o0326c 0x000000  0.875000
58196.380292 20.449472      NaN   -2     8 c    0   2.00 120.02979 58.70975  1079.47  2741.26 2.58 2.31  53.2 -0.454    19.75 21.78 02a58196o0333c 0x000000 -0.250000
58196.383943 20.321591      NaN   -7     9 c    0   1.12 120.02979 58.70975  1100.05  2623.06 2.55 2.31  55.3 -0.456    19.80 21.79 02a58196o0341c 0x000000 -0.777778
58224.330849 19.719755      NaN   11    12 c    0   1.16 120.02979 58.70975  9448.80  3072.60 2.71 2.64 -64.7 -0.416    19.60 21.30 02a58224o0056c 0x000000  0.916667
58224.344864 17.995680      NaN   44    62 c    0   0.94 120.02979 58.70975  9487.41  3112.40 2.69 2.60  54.1 -0.425    18.25 19.79 02a58224o0086c 0x100002  0.709677
58224.348127 18.005163      NaN  -84    76 c    0   1.02 120.02979 58.70975  9425.92  3028.45 2.57 2.51  56.8 -0.411    17.10 18.61 02a58224o0093c 0x100002 -1.105263
58252.282433 19.979496      NaN    7    10 c    0   1.14 120.02979 58.70975   233.42  2820.77 2.36 2.29  59.0 -0.427    19.49 21.06 02a58252o0110c 0x000000  0.700000
58252.303531 20.009244      NaN    6    10 c    0   1.64 120.02979 58.70975   230.35  2795.63 2.58 2.34  38.0 -0.441    19.43 20.97 02a58252o0151c 0x000000  0.600000
58252.306814 19.922338      NaN  -19    13 c    0   2.33 120.02979 58.70975 10493.61  2941.12 2.65 2.56  17.2 -0.436    19.49 21.12 02a58252o0158c 0x000000 -1.461538
58252.320478 20.207197      NaN   -4    10 c    0   1.14 120.02979 58.70975   218.12  2810.41 2.40 2.32  66.6 -0.411    19.33 20.88 02a58252o0186c 0x000000 -0.400000
58252.324672 19.631075      NaN   -4    17 c    0   1.66 120.02979 58.70975 10493.03  2939.38 2.95 2.62  43.8 -0.453    19.44 21.02 02a58252o0194c 0x000000 -0.235294
58252.337451 19.652575      NaN   11    13 c    0   1.32 120.02979 58.70975   228.64  2828.92 2.58 2.40  48.2 -0.432    19.26 20.74 02a58252o0220c 0x000000  0.846154
58252.338371 19.569016      NaN    3    17 c    0   1.21 120.02979 58.70975 10487.92  2942.88 2.80 2.61  35.4 -0.457    19.38 20.92 02a58252o0222c 0x000000  0.176471
58252.353286 19.302877      NaN    9    20 c    0   1.01 120.02979 58.70975 10495.55  2952.24 2.75 2.59  23.5 -0.465    19.38 20.90 02a58252o0254c 0x000000  0.450000
58256.304583 16.269227      NaN  -61   376 c    0   1.11 120.02979 58.70975  9557.29  4497.69 2.97 2.69 -27.0 -0.384    17.33 18.95 02a58256o0014c 0x100002 -0.162234
58256.314636 19.631075      NaN  -18    17 c    0   1.37 120.02979 58.70975  9563.73  4383.93 2.97 2.71 -19.6 -0.392    19.10 20.81 02a58256o0035c 0x000000 -1.058824
58284.251945 18.110074      NaN  -77    69 c    0   0.98 120.02979 58.70975  9134.92  4740.59 3.21 3.13 -43.3 -0.432    17.57 18.84 02a58284o0024c 0x100002 -1.115942
58284.257218 18.944322      NaN  -70    32 c    0   0.95 120.02979 58.70975  9114.10  4699.69 3.10 3.03  54.5 -0.425    18.49 19.78 02a58284o0035c 0x100002 -2.187500
58284.264818 19.271854      NaN   11    20 c    0   1.27 120.02979 58.70975  9172.84  4783.16 3.46 3.44  59.2 -0.411    18.91 20.53 02a58284o0051c 0x000000  0.550000
58284.274876 19.510313      NaN    0    19 c    0   1.48 120.02979 58.70975  9189.78  4673.88 3.60 3.52   1.3 -0.412    18.89 20.60 02a58284o0072c 0x000000  0.000000
58396.636071 19.076453      NaN   13    24 c    0   0.73 120.02979 58.70975 10312.04  6323.03 2.60 2.53 -80.2 -0.452    18.65 19.92 02a58396o0926c 0x000000  0.541667
58396.644962 18.099634      NaN   68    47 c    0   1.09 120.02979 58.70975 10333.71  6360.17 2.62 2.54  85.1 -0.458    18.04 18.88 02a58396o0945c 0x100002  1.446809
58400.640470 19.589310      NaN   14    13 c    0   1.60 120.02979 58.70975  9010.38  8620.53 2.58 2.54 -51.8 -0.430    19.35 20.55 02a58400o0764c 0x000000  1.076923
58400.648790 17.308780      NaN   25   136 c    0   1.14 120.02979 58.70975  9028.73  8660.10 2.87 2.71  67.8 -0.526    17.64 18.30 02a58400o0782c 0x100002  0.183824
58424.636050 19.922338      NaN   -3    13 c    0   0.99 120.02979 58.70975  2052.48  7683.30 2.63 2.42  13.1 -0.439    19.46 20.92 02a58424o0871c 0x000000 -0.230769
58424.645588 19.549093      NaN   10    15 c    0   1.63 120.02979 58.70975  2077.80  7720.38 2.60 2.55 -15.6 -0.397    19.23 20.43 02a58424o0889c 0x000000  0.666667
58428.574923 20.321591      NaN  -28     9 c    0   1.11 120.02979 58.70975  9710.29  9584.72 2.85 2.63  51.9 -0.417    19.72 21.72 02a58428o0719c 0x000000 -3.111111
58428.583460 20.321591      NaN  -16     9 c    0   1.50 120.02979 58.70975  9742.33  9623.75 3.05 2.74  48.7 -0.402    19.67 21.74 02a58428o0737c 0x000000 -1.777778
58428.592273 20.449472      NaN    0     8 c    0   1.32 120.02979 58.70975  9669.32  9549.70 2.89 2.59  46.7 -0.409    19.71 21.74 02a58428o0756c 0x000000  0.000000
58428.600640 20.009244      NaN   12     8 c    0   1.71 120.02979 58.70975  9650.39  9669.31 2.92 2.61  50.8 -0.414    19.70 21.74 02a58428o0774c 0x000000  1.500000
58432.595711 19.894850      NaN   13     9 c    0   1.45 120.02979 58.70975   668.60  6196.73 2.46 2.33  11.9 -0.434    19.68 21.60 02a58432o0873c 0x000000  1.444444
58432.604115 20.321591      NaN   -7     9 c    0   1.05 120.02979 58.70975   688.79  6238.00 2.44 2.39   0.1 -0.419    19.73 21.62 02a58432o0891c 0x000000 -0.777778
58432.612899 20.321591      NaN  -13     9 c    0   1.68 120.02979 58.70975   630.30  6154.64 2.48 2.24   9.3 -0.431    19.72 21.59 02a58432o0910c 0x000000 -1.444444
58432.621287 20.321591      NaN    0     9 c    0   1.22 120.02979 58.70975   620.77  6271.64 2.54 2.28   9.9 -0.429    19.71 21.61 02a58432o0928c 0x000000  0.000000
58436.564606 18.776955      NaN   13    33 c    0   0.84 120.02979 58.70975 10057.88  8859.22 2.80 2.58  52.4 -0.436    18.36 19.99 02a58436o0805c 0x100002  0.393939
58436.573044 17.613631      NaN -252   109 c    0   0.94 120.02979 58.70975 10080.64  8900.01 3.01 2.70  49.5 -0.385    18.06 19.78 02a58436o0823c 0x100002 -2.311927
58436.581881 20.103715      NaN   -2    11 c    0   1.68 120.02979 58.70975 10016.69  8826.59 2.90 2.62  47.6 -0.415    19.50 21.38 02a58436o0842c 0x000000 -0.181818
58436.590265 20.207197      NaN  -16    10 c    0   1.53 120.02979 58.70975  9997.12  8946.48 2.93 2.64  38.0 -0.400    19.55 21.47 02a58436o0860c 0x000000 -1.600000
58456.634149 19.894850      NaN   10    10 c    0   1.53 120.02979 58.70975  4354.53  9004.00 2.63 2.56 -30.9 -0.422    19.71 21.67 02a58456o0825c 0x000000  1.000000
58456.644995 19.674510      NaN   22     9 c    0   1.65 120.02979 58.70975  4331.11  8962.87 2.57 2.49 -43.7 -0.414    19.72 21.63 02a58456o0847c 0x000000  2.444444
58456.655137 19.549093      NaN   19    12 c    0   1.17 120.02979 58.70975  4379.50  9038.90 2.58 2.47  -0.0 -0.442    19.51 21.10 02a58456o0868c 0x000000  1.583333
58456.666042 17.718109      NaN   39    86 c    0   1.18 120.02979 58.70975  4398.56  8921.17 2.51 2.39 -13.4 -0.489    17.97 18.62 02a58456o0890c 0x100002  0.453488
58460.582913 18.467034 0.065581  149     9 c    0   1.33 120.02979 58.70975  5073.55  6654.81 2.68 2.58  33.2 -0.428    19.70 21.85 02a58460o0848c 0x000000 16.555556
58460.592899 18.452558 0.064713  151     9 c    0   1.29 120.02979 58.70975  5050.02  6615.34 2.73 2.62  33.6 -0.423    19.67 21.86 02a58460o0869c 0x000000 16.777778
58460.602614 18.286218 0.055521  176     9 c    0   1.73 120.02979 58.70975  5105.67  6692.13 2.81 2.70  29.7 -0.425    19.65 21.87 02a58460o0890c 0x000000 19.555556
58460.612399 18.452558 0.064713  151     9 c    0   1.18 120.02979 58.70975  5124.76  6574.35 2.65 2.58  37.5 -0.427    19.69 21.89 02a58460o0911c 0x000000 16.777778
58488.512928 16.658684 0.022045  788    16 c    0   1.24 120.02979 58.70975  2250.50  4772.31 3.87 3.85  39.6 -0.388    19.16 21.69 02a58488o0684c 0x000000 49.250000
58488.527735 16.647717 0.019096  796    14 c    0   1.14 120.02979 58.70975  2227.19  4733.37 2.90 2.78  48.3 -0.408    19.49 21.69 02a58488o0715c 0x000000 56.857143
58488.533223 16.642275 0.017643  800    13 c    0   1.77 120.02979 58.70975  2284.20  4806.58 3.18 3.07  55.6 -0.398    19.40 21.69 02a58488o0727c 0x000000 61.538462
58488.546449 16.634162 0.018859  806    14 c    0   1.87 120.02979 58.70975  2303.80  4689.57 3.39 3.30  54.5 -0.382    19.30 21.63 02a58488o0755c 0x000000 57.571429
58492.557043 16.899927 0.024089  631    14 c    0   1.20 120.02979 58.70975  8480.62   921.81 2.75 2.62  64.2 -0.408    19.64 21.77 02a58492o0755c 0x000000 45.071429
58492.563264 16.920773 0.024556  619    14 c    0   1.78 120.02979 58.70975  8457.89   877.20 2.64 2.52 -86.4 -0.404    19.68 21.77 02a58492o0768c 0x000000 44.214286
58492.577932 17.137480 0.051396  507    24 c    0   1.78 120.02979 58.70975  2447.80 10515.51 2.67 2.38  13.6 -0.438    19.65 21.71 02a58492o0799c 0x000000 21.125000
58492.579421 16.894777 0.023975  634    14 c    0   1.23 120.02979 58.70975  8508.70   960.56 2.66 2.55  77.9 -0.409    19.68 21.76 02a58492o0802c 0x000000 45.285714
58492.583994 16.942028 0.023253  607    13 c    0   1.87 120.02979 58.70975  8529.67   842.48 2.62 2.52  59.9 -0.410    19.67 21.75 02a58492o0812c 0x000000 46.692308
58576.367165 19.674510 0.221579   49    10 c    0   1.53 120.02979 58.70975  3982.51  8612.39 2.47 2.32  41.9 -0.396    19.61 21.39 02a58576o0311c 0x000000  4.900000
58576.373127 20.071303 0.351268   34    11 c    0   1.20 120.02979 58.70975  3970.47  8573.78 2.54 2.38  39.6 -0.393    19.57 21.37 02a58576o0324c 0x000000  3.090909
58576.391283 19.436675 0.195788   61    11 c    0   1.18 120.02979 58.70975  4018.00  8649.00 2.36 2.29  22.5 -0.410    19.60 21.33 02a58576o0363c 0x000000  5.545455
58576.401680 19.652575 0.238862   50    11 c    0   1.30 120.02979 58.70975  4039.28  8532.27 2.32 2.29  -6.0 -0.416    19.61 21.28 02a58576o0385c 0x000000  4.545455
58580.349916 19.334813 0.162050   67    10 c    0   1.86 120.02979 58.70975  1236.10  6764.86 2.39 2.24  28.0 -0.411    19.58 21.29 02a58580o0275c 0x000000  6.700000
58580.354089 19.674510 0.243737   49    11 c    0   1.31 120.02979 58.70975  1224.44  6727.52 2.32 2.23 -27.8 -0.421    19.59 21.24 02a58580o0284c 0x000000  4.454545
58580.366614 19.351140 0.213857   66    13 c    0   1.29 120.02979 58.70975  1275.48  6798.83 2.35 2.28  15.0 -0.425    19.52 21.22 02a58580o0309c 0x000000  5.076923
58580.367987 19.652575 0.260577   50    12 c    0   0.83 120.02979 58.70975 10093.76  6878.13 2.61 2.56  78.0 -0.415    19.58 21.32 02a58580o0312c 0x000000  4.166667
58580.371644 19.816329 0.252497   43    10 c    0   1.69 120.02979 58.70975 10072.12  6835.78 2.71 2.54  38.9 -0.414    19.59 21.30 02a58580o0320c 0x000000  4.300000
58580.373472 19.766969 0.289530   45    12 c    0   0.96 120.02979 58.70975  1295.84  6677.75 2.34 2.20 -39.5 -0.429    19.53 21.19 02a58580o0324c 0x000000  3.750000
58580.384306 19.472870      NaN   26    11 c    0   1.44 120.02979 58.70975 10123.78  6919.09 2.59 2.54 -80.0 -0.419    19.57 21.25 02a58580o0347c 0x000000  2.363636
58580.390250 19.766969 0.265402   45    11 c    0   1.52 120.02979 58.70975 10142.98  6800.83 2.65 2.50 -69.1 -0.419    19.58 21.21 02a58580o0360c 0x000000  4.090909
58604.313727 19.868040 0.317776   41    12 c    0   0.94 120.02979 58.70975  5266.02  2798.10 2.46 2.40  77.0 -0.408    19.36 21.09 02a58604o0163c 0x000000  3.416667
58604.324194 19.436675      NaN   25    12 c    0   1.52 120.02979 58.70975  5245.14  2757.73 2.41 2.36  46.6 -0.412    19.31 21.06 02a58604o0185c 0x000000  2.083333
58604.335637 19.979496 0.322786   37    11 c    0   1.15 120.02979 58.70975  5305.18  2834.85 2.52 2.39  45.3 -0.401    19.33 21.03 02a58604o0209c 0x000000  3.363636
58604.347158 19.631075 0.255467   51    12 c    0   1.39 120.02979 58.70975  5326.23  2714.79 2.40 2.36 -51.8 -0.407    19.32 21.00 02a58604o0234c 0x000000  4.250000
58612.242872 19.256669      NaN   30    14 c    0   1.58 120.02979 58.70975  4644.35  5137.73 2.69 2.18  40.3 -0.375    19.01 20.02 02a58612o0026c 0x000000  2.142857
58612.244735 19.529530      NaN   14    14 c    0   1.07 120.02979 58.70975  4618.10  5094.76 3.17 2.32  41.1 -0.345    19.13 20.28 02a58612o0030c 0x000000  1.000000
58612.249429 19.529530      NaN   23    11 c    0   0.97 120.02979 58.70975  4678.89  5173.32 2.64 2.14  39.7 -0.390    19.42 20.66 02a58612o0040c 0x000000  2.090909
58612.265315 19.609992      NaN   19    11 c    0   1.62 120.02979 58.70975  4696.13  5053.70 2.54 2.22  41.0 -0.388    19.42 20.75 02a58612o0074c 0x000000  1.727273
58764.627935 19.766969      NaN   15    10 c    0   1.40 120.02979 58.70975  7879.51  5307.83 2.55 2.37  48.2 -0.390    19.67 21.50 02a58764o0893c 0x000000  1.500000
58764.631644 20.321591      NaN    0     9 c    0   1.90 120.02979 58.70975  7898.99  5346.17 2.56 2.37  48.7 -0.389    19.65 21.42 02a58764o0901c 0x000000  0.000000
58764.641358 19.652575      NaN    8    14 c    0   1.38 120.02979 58.70975  7842.23  5271.76 2.64 2.42  48.6 -0.379    19.22 20.46 02a58764o0920c 0x000000  0.571429
58764.644845 18.748255      NaN   43    24 c    0   1.14 120.02979 58.70975  7822.44  5388.61 2.69 2.44  48.5 -0.375    18.63 19.64 02a58764o0927c 0x000000  1.791667
58788.629304 19.652575      NaN   14    12 c    0   0.86 120.02979 58.70975  3556.70  9106.04 2.45 2.35 -42.9 -0.424    19.57 21.29 02a58788o0882c 0x000000  1.166667
58788.632556 20.103715      NaN   -6    11 c    0   1.46 120.02979 58.70975  3576.62  9146.35 2.42 2.34 -41.1 -0.425    19.56 21.29 02a58788o0889c 0x000000 -0.545455
58788.642079 19.631075      NaN   15    12 c    0   1.21 120.02979 58.70975  3513.59  9067.91 2.44 2.32 -30.9 -0.420    19.50 21.14 02a58788o0909c 0x000000  1.250000
58788.646584 19.510313      NaN   15    14 c    0   1.42 120.02979 58.70975  3492.46  9187.68 2.42 2.36 -15.1 -0.418    19.35 20.71 02a58788o0918c 0x000000  1.071429
58792.621289 19.419021      NaN   17    15 c    0   1.07 120.02979 58.70975  3552.39  9108.48 2.55 2.39  40.3 -0.395    19.24 20.94 02a58792o0931c 0x000000  1.133333
58792.624088 19.841877      NaN  -12    14 c    0   1.56 120.02979 58.70975  3573.10  9150.00 2.63 2.40  40.3 -0.387    19.12 20.80 02a58792o0937c 0x000000 -0.857143
58792.629219 19.491430      NaN   16    14 c    0   1.65 120.02979 58.70975  3511.96  9068.44 2.55 2.43  37.7 -0.396    19.37 21.08 02a58792o0948c 0x000000  1.142857
58792.638378 19.696897      NaN    9    13 c    0   1.10 120.02979 58.70975  3490.04  9186.04 2.64 2.40  38.3 -0.385    19.51 21.23 02a58792o0967c 0x000000  0.692308
58816.370877 20.071303      NaN    1    11 c    0   1.31 120.02979 58.70975  5953.83  5442.34 2.79 2.58  33.5 -0.376    19.43 21.35 02a58816o0399c 0x000000  0.090909
58816.374526 20.321591      NaN  -16     9 c    0   1.47 120.02979 58.70975  5976.84  5487.32 2.72 2.59 -39.0 -0.388    19.42 21.36 02a58816o0406c 0x000000 -1.777778
58816.387858 19.922338      NaN    6    11 c    0   1.11 120.02979 58.70975  5915.04  5402.52 3.08 2.63  37.9 -0.358    19.45 21.39 02a58816o0434c 0x000000  0.545455
58816.397641 20.103715      NaN    3    10 c    0   1.88 120.02979 58.70975  5896.03  5519.17 2.71 2.64  20.1 -0.379    19.47 21.39 02a58816o0455c 0x000000  0.300000
58844.438160 20.207197      NaN    6     8 c    0   1.20 120.02979 58.70975  9530.63  9222.10 2.97 2.48  42.6 -0.373    19.73 21.94 02a58844o0004c 0x000000  0.750000
58844.441247 20.282105      NaN    1     9 c    0   1.71 120.02979 58.70975  9550.17  9261.18 2.93 2.50  42.9 -0.376    19.75 21.95 02a58844o0010c 0x000000  0.111111
58844.446637 20.137125      NaN    2    10 c    0   1.07 120.02979 58.70975  9488.74  9187.39 2.98 2.52  42.2 -0.376    19.75 21.95 02a58844o0021c 0x000000  0.200000
58844.458676 20.449472      NaN   -2     8 c    0   1.24 120.02979 58.70975  9470.34  9305.22 2.87 2.58  51.0 -0.375    19.81 21.96 02a58844o0046c 0x000000 -0.250000
58844.672147 18.615142      NaN   13    39 c    0   1.03 120.02979 58.70975  1067.20  1307.35 2.45 2.31 -75.1 -0.434    17.96 18.82 02a58844o0390c 0x100002  0.333333
58868.474602 20.321591      NaN   -8     9 c    0   1.28 120.02979 58.70975  9787.29  3272.86 2.53 2.27 -60.9 -0.406    19.82 21.84 02a58868o0598c 0x000000 -0.888889
58868.477817 20.449472      NaN   -2     8 c    0   1.88 120.02979 58.70975  9769.52  3238.49 2.51 2.29 -63.4 -0.407    19.81 21.84 02a58868o0605c 0x000000 -0.250000
58868.483382 20.321591      NaN   -4     9 c    0   1.15 120.02979 58.70975  9827.77  3317.84 2.59 2.31 -63.2 -0.404    19.78 21.83 02a58868o0617c 0x000000 -0.444444
58868.493183 19.841877      NaN   18     8 c    0   1.34 120.02979 58.70975  9846.45  3198.15 2.55 2.36 -60.0 -0.403    19.81 21.85 02a58868o0638c 0x000000  2.250000
58872.414045 17.995680      NaN   32    66 c    0   0.57 120.02979 58.70975    34.24  3205.01 2.68 2.24 -57.5 -0.378    19.90 22.00 02a58872o0467c 0x100002  0.484848
58872.424511 20.594452      NaN   -2     7 c    0   1.53 120.02979 58.70975   808.51  7298.35 2.42 2.30  23.1 -0.419    19.82 22.04 02a58872o0489c 0x000000 -0.285714
58872.428374 20.594452      NaN   -6     7 c    0   2.23 120.02979 58.70975   826.40  7335.40 2.43 2.26 -41.6 -0.435    19.82 22.03 02a58872o0497c 0x000000 -0.857143
58872.434387 20.362567      NaN    2     8 c    0   1.24 120.02979 58.70975  9825.90  3321.07 2.47 2.41 -45.4 -0.401    19.86 22.04 02a58872o0509c 0x000000  0.250000
58872.445284 20.321591      NaN  -10     9 c    0   0.93 120.02979 58.70975  9846.71  3204.58 2.47 2.36 -65.0 -0.406    19.86 22.03 02a58872o0531c 0x000000 -1.111111
58876.426627 18.955691      NaN   44    17 c    0   1.23 120.02979 58.70975    61.30  9644.66 2.50 2.11 -46.6 -0.470    19.52 21.52 02a58876o0473c 0x000000  2.588235
58876.436793 19.674510 0.310210   49    14 c    0   1.60 120.02979 58.70975    83.28  9520.85 2.65 2.06 -50.9 -0.437    19.52 21.53 02a58876o0494c 0x000000  3.500000
58876.438164 20.009244      NaN  -34    12 c    0   1.09 120.02979 58.70975  9140.09  9554.02 2.84 2.58 -74.9 -0.375    19.56 21.57 02a58876o0497c 0x000000 -2.833333
58876.440083 20.137125      NaN    2    10 c    0   1.29 120.02979 58.70975  9122.61  9513.50 2.84 2.63 -73.2 -0.376    19.68 21.73 02a58876o0501c 0x000000  0.200000
58876.445924 19.719755      NaN   17    10 c    0   1.43 120.02979 58.70975  9175.11  9596.20 2.81 2.65 -84.5 -0.376    19.71 21.76 02a58876o0512c 0x000000  1.700000
58876.458315 19.841877      NaN  -15    14 c    0   1.14 120.02979 58.70975  9193.17  9481.29 2.76 2.55 -65.7 -0.383    19.37 21.30 02a58876o0536c 0x000000 -1.071429
58900.383202 20.207197      NaN  -10    10 c    0   1.23 120.02979 58.70975  8306.09  5515.00 2.76 2.69 -78.1 -0.389    19.64 21.79 02a58900o0360c 0x000000 -1.000000
58900.385950 20.103715      NaN  -27    11 c    0   1.43 120.02979 58.70975  8287.37  5474.82 2.97 2.80 -67.4 -0.383    19.45 21.61 02a58900o0366c 0x000000 -2.454545
58900.390522 20.071303      NaN    4    10 c    0   1.40 120.02979 58.70975  8346.00  5556.87 2.71 2.63  61.7 -0.382    19.65 21.72 02a58900o0376c 0x000000  0.400000
58900.400608 20.207197      NaN   -3    10 c    0   1.06 120.02979 58.70975  8362.55  5442.12 2.75 2.70  42.4 -0.385    19.69 21.79 02a58900o0397c 0x000000 -0.300000
58932.379724 20.103715      NaN  -11    11 c    0   1.14 120.02979 58.70975  1586.47  7147.86 2.61 2.36 -47.6 -0.406    19.57 21.51 02a58932o0343c 0x000000 -1.000000
58932.382953 19.950541      NaN    8    10 c    0   1.32 120.02979 58.70975  1569.39  7109.65 2.62 2.42 -50.0 -0.403    19.56 21.51 02a58932o0350c 0x000000  0.800000
58932.388975 19.922338      NaN    6    11 c    0   1.19 120.02979 58.70975  1626.01  7186.92 2.70 2.42 -44.0 -0.398    19.48 21.51 02a58932o0363c 0x000000  0.545455
58932.399102 19.979496      NaN    7    10 c    0   1.65 120.02979 58.70975  1648.56  7063.22 2.58 2.42 -39.4 -0.407    19.54 21.46 02a58932o0385c 0x000000  0.700000
58956.332200 19.922338      NaN    0    13 c    0   1.04 120.02979 58.70975  1806.94  9872.74 2.83 2.24 -50.9 -0.436    19.49 21.31 02a58956o0223c 0x000000  0.000000
58956.335943 19.696897      NaN    9    13 c    0   0.83 120.02979 58.70975  1786.75  9841.55 2.69 2.48 -51.1 -0.429    19.43 21.30 02a58956o0231c 0x000000  0.692308
58956.342173 20.009244      NaN    6    10 c    0   1.65 120.02979 58.70975  1841.71  9910.87 2.83 2.28 -50.8 -0.439    19.47 21.28 02a58956o0244c 0x000000  0.600000
58956.354967 19.894850      NaN    4    12 c    0   1.31 120.02979 58.70975  1863.89  9790.19 2.73 2.32 -49.2 -0.430    19.47 21.26 02a58956o0271c 0x000000  0.333333
58960.241433 19.841877      NaN    6    12 c    0   1.34 120.02979 58.70975  1816.58  9888.45 2.59 2.10 -51.1 -0.444    19.48 20.91 02a58960o0038c 0x000000  0.500000
58960.245242 19.868040      NaN   11    10 c    0   1.60 120.02979 58.70975  1800.07  9852.52 2.57 2.05 -51.2 -0.448    19.60 21.17 02a58960o0046c 0x000000  1.100000
58960.250453 19.868040      NaN    8    11 c    0   1.04 120.02979 58.70975  1854.08  9926.25 2.51 2.01 -51.4 -0.449    19.68 21.30 02a58960o0057c 0x000000  0.727273
58960.260873 20.103715      NaN   -1    11 c    0   1.09 120.02979 58.70975  1872.66  9804.98 2.47 2.07 -49.3 -0.450    19.67 21.30 02a58960o0079c 0x000000 -0.090909
58964.269271 17.762888      NaN  -84    95 c    0   1.02 120.02979 58.70975  2666.46  5274.14 2.95 2.87 -84.3 -0.399    17.27 18.77 02a58964o0076c 0x100002 -0.884211
58964.272961 17.574501      NaN   78    87 c    0   0.96 120.02979 58.70975  2646.52  5231.88 2.81 2.70  37.7 -0.384    17.22 18.53 02a58964o0084c 0x100002  0.896552
58964.278556 18.048890      NaN    6    71 c    0   1.08 120.02979 58.70975  2704.48  5309.24 2.92 2.80 -62.7 -0.376    17.54 19.16 02a58964o0096c 0x100002  0.084507
58980.286367 19.791368      NaN   17     9 c    0   1.71 120.02979 58.70975  6550.96  5056.52 2.44 2.34  35.7 -0.403    19.51 21.11 02a58980o0119c 0x000000  1.888889
58980.289585 19.979496      NaN   10     9 c    0   2.16 120.02979 58.70975  6531.23  5016.07 2.42 2.34  31.6 -0.402    19.52 21.11 02a58980o0126c 0x000000  1.111111
58980.295107 20.039830      NaN    5    10 c    0   1.21 120.02979 58.70975  6588.98  5093.41 2.51 2.37  34.5 -0.393    19.48 21.11 02a58980o0138c 0x000000  0.500000
58980.308468 19.569016      NaN   21    11 c    0   1.48 120.02979 58.70975  6609.57  4975.59 2.57 2.36  33.9 -0.395    19.45 21.07 02a58980o0167c 0x000000  1.909091
58988.256351 19.318728      NaN   26    14 c    0   0.97 120.02979 58.70975  7015.40  1480.50 2.84 2.73 -72.1 -0.393    19.25 20.90 02a58988o0051c 0x000000  1.857143
58988.259585 19.510313      NaN   18    13 c    0   1.14 120.02979 58.70975  6997.36  1446.43 2.83 2.72 -76.3 -0.379    19.34 20.97 02a58988o0058c 0x000000  1.384615
58988.266492 19.287255      NaN   28    14 c    0   0.87 120.02979 58.70975  7055.71  1518.97 3.09 2.95 -62.9 -0.368    19.26 21.00 02a58988o0073c 0x000000  2.000000
58988.276283 19.472870      NaN   23    12 c    0   1.35 120.02979 58.70975  7077.77  1400.01 2.73 2.55 -64.1 -0.390    19.33 20.96 02a58988o0092c 0x000000  1.916667
59136.570777 19.868040      NaN    8    11 c    0   1.26 120.02979 58.70975  8963.07  3412.87 2.53 2.35 -54.5 -0.394    19.64 21.39 02a59136o0827c 0x000000  0.727273
59136.574916 20.207197      NaN   -4    10 c    0   1.32 120.02979 58.70975  8983.83  3449.98 2.63 2.46 -52.7 -0.387    19.57 21.40 02a59136o0836c 0x000000 -0.400000
59136.586391 20.071303      NaN    7     9 c    0   1.50 120.02979 58.70975  8929.58  3375.69 2.57 2.37 -55.6 -0.393    19.64 21.42 02a59136o0861c 0x000000  0.777778
59136.598185 20.207197      NaN   -3    10 c    0   1.29 120.02979 58.70975  8909.05  3495.48 2.71 2.56 -64.7 -0.382    19.58 21.41 02a59136o0886c 0x000000 -0.300000
59140.614338 19.841877      NaN   -6    14 c    0   1.28 120.02979 58.70975  6788.76  7169.69 3.09 2.48  43.3 -0.377    19.31 21.27 02a59140o0915c 0x000000 -0.428571
59140.624518 19.384550      NaN   19    15 c    0   1.41 120.02979 58.70975  6811.88  7208.68 3.17 2.52  44.7 -0.374    19.07 20.95 02a59140o0937c 0x000000  1.266667
59140.631905 17.935984      NaN -120    81 c    0   0.86 120.02979 58.70975  6754.37  7132.00 2.88 2.49  47.5 -0.382    17.69 19.32 02a59140o0953c 0x100002 -1.481481
59140.639199 15.265176      NaN  402   814 c    0   0.78 120.02979 58.70975  6737.18  7248.22 2.77 2.45  46.2 -0.401    14.62 15.93 02a59140o0968c 0x100002  0.493857
59144.565600 20.321591      NaN   -5     9 c    0   1.77 120.02979 58.70975  6782.22  7167.38 2.65 2.39  46.8 -0.401    19.72 21.66 02a59144o0761c 0x000000 -0.555556
59144.569750 20.207197      NaN   -6    10 c    0   1.40 120.02979 58.70975  6802.66  7206.29 2.74 2.39  45.7 -0.397    19.68 21.68 02a59144o0770c 0x000000 -0.600000
59144.576757 19.791368      NaN   14    10 c    0   1.30 120.02979 58.70975  6744.22  7130.51 2.69 2.40  47.3 -0.400    19.72 21.70 02a59144o0785c 0x000000  1.400000
59144.587358 19.841877      NaN   12    10 c    0   1.27 120.02979 58.70975  6723.52  7246.73 2.76 2.40  46.8 -0.397    19.72 21.71 02a59144o0808c 0x000000  1.200000
59176.619776 19.816329      NaN    1    14 c    0   1.33 120.02979 58.70975  3124.19  1172.51 2.68 2.53 -57.9 -0.418    19.03 20.76 02a59176o0287c 0x000000  0.071429
59176.623894 19.609992      NaN   10    14 c    0   1.61 120.02979 58.70975  3103.68  1133.26 2.43 2.23 -59.9 -0.431    19.09 20.69 02a59176o0296c 0x000000  0.714286
59176.631218 18.921935      NaN   41    19 c    0   1.31 120.02979 58.70975  3164.63  1207.36 2.33 2.18 -66.4 -0.435    18.64 20.13 02a59176o0312c 0x000000  2.157895
59176.640646 19.510313      NaN  -25    19 c    0   1.14 120.02979 58.70975  3186.92  1087.15 2.63 2.40 -57.3 -0.426    18.98 20.65 02a59176o0331c 0x000000 -1.315789
59194.518971 20.039830      NaN    5    10 c    0   1.47 120.02979 58.70975  8303.04  5485.86 2.95 2.89  -5.4 -0.349    19.61 23.10 01a59194o0727c 0x000000  0.500000
59194.520812 20.321591      NaN    0     9 c    0   1.37 120.02979 58.70975  8283.04  5445.68 3.05 2.86 -79.7 -0.364    19.64 23.12 01a59194o0731c 0x000000  0.000000
59194.524045 20.009244      NaN   12     8 c    0   1.65 120.02979 58.70975  8340.64  5525.77 2.72 2.63 -45.2 -0.363    19.73 23.10 01a59194o0738c 0x000000  1.500000
59194.529113 20.449472      NaN  -13     8 c    0   1.53 120.02979 58.70975  8359.11  5411.20 2.74 2.51 -74.6 -0.396    19.77 23.10 01a59194o0749c 0x000000 -1.625000
59200.497915 20.449472      NaN   -5     8 c    0   1.33 120.02979 58.70975  3480.50  3272.02 2.57 2.47  64.2 -0.396    19.71 21.73 02a59200o0630c 0x000000 -0.625000
59200.499744 20.244005      NaN    5     8 c    0   1.45 120.02979 58.70975  3499.88  3311.62 2.46 2.40  80.5 -0.400    19.71 21.72 02a59200o0634c 0x000000  0.625000
59200.502504 20.362567      NaN    2     8 c    0   1.81 120.02979 58.70975  3443.33  3231.80 2.52 2.46  84.0 -0.399    19.70 21.73 02a59200o0640c 0x000000  0.250000
59200.507550 20.321591      NaN   -2     9 c    0   1.03 120.02979 58.70975  3424.40  3347.27 2.53 2.44  55.7 -0.395    19.70 21.73 02a59200o0651c 0x000000 -0.222222
59202.620514 20.321591      NaN   -3     9 c    0   1.09 120.02979 58.70975  5663.09  9002.54 2.99 2.86 -48.3 -0.346    19.53 21.95 01a59202o0177c 0x000000 -0.333333
59202.630678 20.362567      NaN    2     8 c    0   1.56 120.02979 58.70975  5684.63  9041.76 2.48 2.39 -53.4 -0.347    19.75 21.95 01a59202o0199c 0x000000  0.250000
59202.636216 20.594452      NaN   -2     7 c    0   1.33 120.02979 58.70975  5620.68  8964.63 2.58 2.39 -54.1 -0.361    19.73 21.92 01a59202o0211c 0x000000 -0.285714
59202.645971 20.449472      NaN   -4     8 c    0   1.63 120.02979 58.70975  5600.85  9082.65 2.55 2.44 -61.0 -0.363    19.71 21.87 01a59202o0232c 0x000000 -0.500000
59206.483732 20.137125      NaN    5     9 c    0   1.26 120.02979 58.70975  4910.98  1550.18 2.65 2.50  -5.6 -0.382    19.72 21.76 01a59206o0609c 0x000000  0.555556
59206.486960 20.103715      NaN    6     9 c    0   1.01 120.02979 58.70975  4889.74  1509.48 2.78 2.54   5.7 -0.371    19.67 21.83 01a59206o0616c 0x000000  0.666667
59206.492485 20.543943      NaN    1     7 c    0   1.25 120.02979 58.70975  4949.97  1587.39 2.73 2.55  -1.4 -0.374    19.69 21.88 01a59206o0628c 0x000000  0.142857
59206.497624 20.405150      NaN    4     7 c    0   1.63 120.02979 58.70975  4969.31  1472.26 2.78 2.54   2.4 -0.373    19.73 21.91 01a59206o0639c 0x000000  0.571429
59222.441517 20.449472      NaN   -7     8 c    0   1.04 120.02979 58.70975  7750.20  3237.92 2.61 2.57 -40.2 -0.375    19.76 21.83 01a59222o0534c 0x000000 -0.875000
59222.444281 20.449472      NaN   -6     8 c    0   1.46 120.02979 58.70975  7730.33  3197.63 2.87 2.67  -9.5 -0.336    19.69 21.84 01a59222o0540c 0x000000 -0.750000
59222.447132 19.816329      NaN   19     8 c    0   1.88 120.02979 58.70975  7789.23  3280.02 2.74 2.71 -12.5 -0.362    19.72 21.84 01a59222o0546c 0x000000  2.375000
59222.452288 20.449472      NaN    0     8 c    0   1.63 120.02979 58.70975  7809.36  3161.67 2.88 2.66 -13.3 -0.357    19.69 21.79 01a59222o0557c 0x000000  0.000000
59226.450337 20.009244      NaN   12     8 c    0   1.24 120.02979 58.70975  8900.55  3356.36 2.67 2.59 -52.6 -0.381    19.85 22.11 01a59226o0515c 0x000000  1.500000
59226.453144 19.841877      NaN   18     8 c    0   1.26 120.02979 58.70975  8918.35  3391.22 2.74 2.57 -83.4 -0.385    19.88 22.10 01a59226o0521c 0x000000  2.250000
59226.460061 20.103715      NaN    6     9 c    0   1.54 120.02979 58.70975  8863.26  3316.89 2.86 2.72 -89.7 -0.368    19.78 22.09 01a59226o0536c 0x000000  0.666667
59226.494112 19.979496      NaN   10     9 c    0   1.08 120.02979 58.70975  8858.44  3432.40 2.82 2.79  80.9 -0.381    19.75 22.12 01a59226o0609c 0x000000  1.111111
59228.512752 20.321591      NaN   -9     9 c    0   0.99 120.02979 58.70975  5777.41  3300.69 2.52 2.45  42.8 -0.401    19.70 21.74 02a59228o0611c 0x000000 -1.000000
59228.515965 20.449472      NaN    0     8 c    0   1.62 120.02979 58.70975  5757.23  3265.32 2.63 2.55  33.4 -0.390    19.61 21.67 02a59228o0618c 0x000000  0.000000
59228.522377 20.071303      NaN   10     8 c    0   1.89 120.02979 58.70975  5816.34  3338.23 2.62 2.59  42.4 -0.391    19.61 21.70 02a59228o0632c 0x000000  1.250000
59228.533407 20.207197      NaN   -8    10 c    0   1.16 120.02979 58.70975  5835.68  3217.83 2.74 2.62  37.8 -0.392    19.44 21.56 02a59228o0656c 0x000000 -0.800000
59230.352118 20.405150      NaN    1     8 c    0   1.24 120.02979 58.70975  1600.40  7156.67 2.36 2.26 -16.2 -0.398    19.80 21.87 01a59230o0337c 0x000000  0.125000
59230.355349 20.321591      NaN   -6     9 c    0   0.99 120.02979 58.70975  1578.47  7119.08 2.57 2.22 -80.5 -0.421    19.82 21.85 01a59230o0344c 0x000000 -0.666667
59230.360507 20.282105      NaN    4     8 c    0   0.95 120.02979 58.70975  1634.71  7195.44 2.46 2.22 -75.0 -0.422    19.82 21.86 01a59230o0355c 0x000000  0.500000
59230.370658 20.449472      NaN    0     8 c    0   1.48 120.02979 58.70975  1653.71  7080.80 2.49 2.20 -80.0 -0.414    19.83 21.83 01a59230o0377c 0x000000  0.000000
59250.385413 20.009244      NaN    6    10 c    0   1.15 120.02979 58.70975  8632.19   642.19 2.71 2.59 -68.0 -0.360    19.82 21.99 01a59250o0384c 0x000000  0.600000
59250.388180 20.207197      NaN  -11    10 c    0   1.04 120.02979 58.70975  8652.07   679.49 2.66 2.50 -65.1 -0.373    19.81 21.98 01a59250o0390c 0x000000 -1.100000
59250.394174 20.071303      NaN    4    10 c    0   1.41 120.02979 58.70975  8596.30   601.92 2.61 2.46 -70.5 -0.370    19.85 21.99 01a59250o0403c 0x000000  0.400000
59250.407130 19.979496      NaN   13     8 c    0   2.44 120.02979 58.70975  8585.16   721.59 2.81 2.58 -38.7 -0.353    19.81 21.98 01a59250o0431c 0x000000  1.625000
59252.436576 20.362567      NaN    2     8 c    0   1.26 120.02979 58.70975   717.25  5462.36 2.43 2.31 -40.5 -0.407    19.73 21.69 02a59252o0503c 0x000000  0.250000
59252.439801 20.405150      NaN    1     8 c    0   1.35 120.02979 58.70975   697.42  5423.04 2.38 2.26 -38.0 -0.406    19.76 21.68 02a59252o0510c 0x000000  0.125000
59252.447143 19.868040      NaN   14     9 c    0   1.55 120.02979 58.70975   753.04  5491.96 2.40 2.25 -39.1 -0.408    19.75 21.70 02a59252o0526c 0x000000  1.555556
59252.447601 20.321591      NaN  -24     9 c    0   1.15 120.02979 58.70975 10264.63  5545.77 2.59 2.54 -77.6 -0.415    19.80 21.73 02a59252o0527c 0x000000 -2.666667
59252.450812 19.922338      NaN    9    10 c    0   1.14 120.02979 58.70975 10243.84  5507.82 2.56 2.52  76.2 -0.414    19.76 21.75 02a59252o0534c 0x000000  0.900000
59252.456779 19.979496      NaN    7    10 c    0   1.01 120.02979 58.70975 10304.00  5591.89 2.62 2.56 -74.4 -0.412    19.77 21.74 02a59252o0547c 0x000000  0.700000
59252.460917 20.321591      NaN   -1     9 c    0   1.51 120.02979 58.70975   772.59  5371.67 2.36 2.29 -36.7 -0.409    19.75 21.69 02a59252o0556c 0x000000 -0.111111
59252.467804 19.979496      NaN   10     9 c    0   1.40 120.02979 58.70975 10322.43  5476.18 2.61 2.54 -75.3 -0.416    19.75 21.74 02a59252o0571c 0x000000  1.111111
59254.396371 20.103715      NaN   -6    11 c    0   0.92 120.02979 58.70975  8640.29   636.35 2.88 2.64 -80.3 -0.365    19.73 21.91 01a59254o0411c 0x000000 -0.545455
59254.399607 20.137125      NaN    2    10 c    0   1.17 120.02979 58.70975  8659.59   672.38 2.89 2.58 -84.6 -0.358    19.71 21.91 01a59254o0418c 0x000000  0.200000
59254.404702 20.449472      NaN  -17     8 c    0   1.75 120.02979 58.70975  8605.49   597.94 2.71 2.51 -83.3 -0.374    19.75 21.93 01a59254o0429c 0x000000 -2.125000
59254.417153 20.321591      NaN   -4     9 c    0   1.73 120.02979 58.70975  8589.55   715.77 2.91 2.62 -86.8 -0.369    19.68 21.92 01a59254o0456c 0x000000 -0.444444
59256.419501 20.449472      NaN   -7     8 c    0   1.59 120.02979 58.70975   716.92  5459.75 2.37 2.28 -12.6 -0.402    19.79 21.81 02a59256o0459c 0x000000 -0.875000
59256.419959 20.449472      NaN   -1     8 c    0   1.28 120.02979 58.70975 10266.36  5547.94 2.52 2.52  -6.6 -0.411    19.80 21.85 02a59256o0460c 0x000000 -0.125000
59256.422716 20.103715      NaN   12     7 c    0   2.36 120.02979 58.70975   698.21  5426.31 2.33 2.23 -39.2 -0.408    19.78 21.81 02a59256o0466c 0x000000  1.714286
59256.425479 20.207197      NaN    0    10 c    0   0.73 120.02979 58.70975 10247.06  5510.76 2.57 2.57 -55.7 -0.407    19.81 21.84 02a59256o0472c 0x000000  0.000000
59256.428324 20.071303      NaN   10     8 c    0   1.38 120.02979 58.70975   757.22  5498.76 2.38 2.26 -34.4 -0.406    19.78 21.81 02a59256o0478c 0x000000  1.250000
59256.428783 20.282105      NaN    4     8 c    0   1.36 120.02979 58.70975 10307.41  5593.73 2.57 2.55  28.3 -0.409    19.80 21.86 02a59256o0479c 0x000000  0.500000
59256.462675 20.039830      NaN    5    10 c    0   1.10 120.02979 58.70975   774.88  5370.60 2.48 2.40 -12.6 -0.403    19.74 21.77 02a59256o0552c 0x000000  0.500000
59256.463133 20.207197      NaN  -11    10 c    0   1.16 120.02979 58.70975 10320.31  5474.09 2.59 2.52  11.5 -0.415    19.78 21.83 02a59256o0553c 0x000000 -1.100000
59258.407252 19.922338      NaN   15     8 c    0   1.57 120.02979 58.70975  7880.66  5259.98 2.54 2.42 -78.4 -0.398    19.78 21.84 01a59258o0436c 0x000000  1.875000
59258.410498 20.207197      NaN  -22    10 c    0   1.21 120.02979 58.70975  7898.98  5295.31 2.63 2.49 -87.2 -0.387    19.76 21.83 01a59258o0443c 0x000000 -2.200000
59258.416027 20.321591      NaN   -6     9 c    0   1.39 120.02979 58.70975  7841.27  5220.37 2.58 2.51 -85.1 -0.388    19.77 21.83 01a59258o0455c 0x000000 -0.666667
59258.427091 20.137125      NaN    5     9 c    0   1.24 120.02979 58.70975  7824.04  5336.44 2.57 2.54 -68.7 -0.378    19.71 21.81 01a59258o0479c 0x000000  0.555556
59284.353177 20.137125      NaN   11     7 c    0   2.18 120.02979 58.70975  3479.72  6997.30 2.44 2.31  30.7 -0.389    19.69 21.63 02a59284o0233c 0x000000  1.571429
59284.356835 19.652575      NaN   20    10 c    0   1.25 120.02979 58.70975  3458.69  6956.67 2.46 2.44  29.0 -0.391    19.67 21.62 02a59284o0241c 0x000000  2.000000
59284.363237 20.039830      NaN    5    10 c    0   1.53 120.02979 58.70975  3517.80  7034.62 2.43 2.37  26.1 -0.391    19.65 21.62 02a59284o0255c 0x000000  0.500000
59284.373392 20.321591      NaN    0     9 c    0   1.24 120.02979 58.70975  3535.27  6912.78 2.50 2.34  27.5 -0.389    19.68 21.62 02a59284o0277c 0x000000  0.000000
59288.325167 20.009244      NaN    9     9 c    0   1.36 120.02979 58.70975  3482.74  6997.49 2.45 2.33  27.9 -0.390    19.74 21.65 02a59288o0241c 0x000000  1.000000
59288.328370 20.362567      NaN    2     8 c    0   1.75 120.02979 58.70975  3465.09  6961.61 2.42 2.34  22.3 -0.394    19.71 21.65 02a59288o0248c 0x000000  0.250000
59288.333877 20.137125      NaN    8     8 c    0   1.23 120.02979 58.70975  3520.39  7037.77 2.35 2.30  24.9 -0.395    19.73 21.64 02a59288o0260c 0x000000  1.000000
59288.343966 20.449472      NaN   -6     8 c    0   1.48 120.02979 58.70975  3538.44  6919.20 2.34 2.26  33.0 -0.393    19.77 21.64 02a59288o0282c 0x000000 -0.750000
59310.268814 20.594452      NaN    0     7 c    0   1.34 120.02979 58.70975  5937.69  5409.35 2.49 2.21 -87.9 -0.395    19.86 21.54 01a59310o0038c 0x000000  0.000000
59310.274037 20.362567      NaN    5     7 c    0   1.66 120.02979 58.70975  5958.27  5446.20 2.42 2.23 -87.4 -0.402    19.85 21.54 01a59310o0049c 0x000000  0.714286
59310.278188 20.244005      NaN    5     8 c    0   1.51 120.02979 58.70975  5901.04  5371.44 2.44 2.33 -88.2 -0.391    19.85 21.56 01a59310o0058c 0x000000  0.625000
59310.289809 20.039830      NaN   11     8 c    0   1.42 120.02979 58.70975  5884.04  5488.06 2.47 2.25 -85.0 -0.404    19.85 21.59 01a59310o0083c 0x000000  1.375000
59314.283748 20.009244      NaN   -2    12 c    0   1.13 120.02979 58.70975  3174.73  1047.06 2.14 2.02  44.5 -0.409    19.48 21.02 01a59314o0141c 0x000000 -0.166667
59314.286513 19.401649      NaN   12    17 c    0   0.80 120.02979 58.70975  3194.85  1086.73 2.15 2.04  26.2 -0.404    19.14 20.66 01a59314o0147c 0x000000  0.705882
59314.292992 20.009244      NaN  -14    12 c    0   1.24 120.02979 58.70975  3140.03  1006.89 2.15 2.03  29.8 -0.409    19.42 21.03 01a59314o0161c 0x000000 -1.166667
59314.306857 20.594452      NaN   -6     7 c    0   1.97 120.02979 58.70975  3127.48  1124.30 2.30 2.14  17.9 -0.397    19.74 21.42 01a59314o0191c 0x000000 -0.857143
59318.273909 20.103715      NaN    6     9 c    0   1.43 120.02979 58.70975  3173.36  1046.66 2.22 2.09  47.6 -0.409    19.88 21.45 01a59318o0119c 0x000000  0.666667
59318.276677 20.137125      NaN    8     8 c    0   1.36 120.02979 58.70975  3192.11  1085.59 2.22 2.11  44.1 -0.411    19.86 21.44 01a59318o0125c 0x000000  1.000000
59318.282743 20.103715      NaN    9     8 c    0   1.64 120.02979 58.70975  3137.48  1005.07 2.21 2.09  41.1 -0.405    19.90 21.43 01a59318o0138c 0x000000  1.125000
59318.294263 20.321591      NaN   -4     9 c    0   1.03 120.02979 58.70975  3123.10  1121.59 2.32 2.24  35.7 -0.401    19.78 21.34 01a59318o0163c 0x000000 -0.444444
59524.579684 20.009244      NaN   -7    12 c    0   0.95 120.02979 58.70975  2803.11  7318.44 2.75 2.60  58.3 -0.374    19.48 21.26 02a59524o0871c 0x000000 -0.583333
59524.582462 20.103715      NaN   -5    11 c    0   1.25 120.02979 58.70975  2823.08  7360.10 2.80 2.66  61.2 -0.373    19.50 21.26 02a59524o0877c 0x000000 -0.454545
59524.592251 19.894850      NaN    4    12 c    0   0.83 120.02979 58.70975  2762.03  7280.48 2.78 2.56  49.6 -0.367    19.49 21.26 02a59524o0898c 0x000000  0.333333
59524.602346 19.894850      NaN    7    11 c    0   1.27 120.02979 58.70975  2742.74  7396.56 2.81 2.68  58.7 -0.367    19.43 21.25 02a59524o0920c 0x000000  0.636364
59528.530892 20.321591      NaN   -4     9 c    0   1.75 120.02979 58.70975  2795.54  7319.63 2.43 2.34  64.5 -0.402    19.63 21.45 02a59528o0748c 0x000000 -0.444444
59528.532727 19.950541      NaN    8    10 c    0   1.25 120.02979 58.70975  2815.34  7359.43 2.60 2.42  57.2 -0.385    19.59 21.45 02a59528o0752c 0x000000  0.800000
59528.538713 20.207197      NaN  -13    10 c    0   0.89 120.02979 58.70975  2755.46  7280.39 2.45 2.34  57.7 -0.395    19.68 21.48 02a59528o0765c 0x000000 -1.300000
59528.544666 20.207197      NaN   -1    10 c    0   1.36 120.02979 58.70975  2735.89  7395.28 2.65 2.31  48.1 -0.374    19.66 21.46 02a59528o0778c 0x000000 -0.100000
59588.479662 20.207197      NaN   -4    10 c    0   1.12 120.02979 58.70975  7014.31  1496.83 2.35 2.28  71.1 -0.420    19.65 21.63 02a59588o0630c 0x000000 -0.400000
59588.482866 20.137125      NaN    5     9 c    0   1.28 120.02979 58.70975  6993.65  1457.08 2.36 2.25  88.4 -0.419    19.59 21.63 02a59588o0637c 0x000000  0.555556
59588.488378 20.449472      NaN   -8     8 c    0   1.64 120.02979 58.70975  7054.75  1536.78 2.36 2.26  80.8 -0.419    19.65 21.63 02a59588o0649c 0x000000 -1.000000
59588.523034 20.321591      NaN   -1     9 c    0   1.12 120.02979 58.70975  7075.61  1415.02 2.34 2.23 -87.4 -0.423    19.63 21.64 02a59588o0724c 0x000000 -0.111111