         MJD         m       dm   uJy  duJy F  err  chi/N       RA       Dec        x        y  maj  min   phi  apfit  mag5sig   Sky            Obs     Mask    __tmp_SN
57779.661265 19.569016      NaN  -360    18 c    0   4.32 212.2558 -30.55755  3248.43   782.16 4.04 3.91 -78.7 -0.413    19.52 21.40 02a57779o0862c 0x000000  -20.000000
57779.663257 18.944322      NaN  -140    32 c    0   1.67 212.2558 -30.55755   424.71 10470.16 4.03 3.46  19.8 -0.457    19.44 21.25 02a57779o0866c 0x100002   -4.375000
57779.677044 17.896499      NaN  -272    84 c    0   1.22 212.2558 -30.55755  3233.12   748.05 4.06 4.00 -65.2 -0.420    18.00 18.49 02a57779o0893c 0x100002   -3.238095
57779.678473 17.143924      NaN   -74   168 c    0   1.31 212.2558 -30.55755   392.52 10433.37 4.11 3.57  23.7 -0.530    17.69 17.91 02a57779o0896c 0x100002   -0.440476
57783.670993 18.504094      NaN  -344    48 c    0   1.97 212.2558 -30.55755  9428.51  8682.49 4.31 3.86  85.7 -0.410    18.66 19.88 02a57783o0871c 0x100002   -7.166667
57787.645093 19.569016      NaN  -163    18 c    0   3.93 212.2558 -30.55755  8585.09  7485.17 3.77 3.41  88.7 -0.434    19.62 21.56 02a57787o0836c 0x000000   -9.055556
57787.659444 19.569016      NaN  -135    18 c    0   4.21 212.2558 -30.55755  8570.03  7447.79 3.81 3.46  87.8 -0.429    19.58 21.48 02a57787o0865c 0x000000   -7.500000
57787.674093 17.740268      NaN  -185    97 c    0   1.64 212.2558 -30.55755  8620.79  7528.72 3.87 3.47  89.5 -0.459    18.34 19.13 02a57787o0894c 0x100002   -1.907216
57807.624953 19.569016      NaN  -298    18 c    0   3.72 212.2558 -30.55755  1625.30   829.14 4.03 3.87 -29.8 -0.411    19.58 21.52 02a57807o0766c 0x000000  -16.555556
57807.640164 19.454622      NaN  -212    20 c    0   3.03 212.2558 -30.55755  1608.77   788.88 4.13 3.93 -26.8 -0.405    19.54 21.45 02a57807o0795c 0x000000  -10.600000
57807.655300 19.401649      NaN  -248    21 c    0   2.77 212.2558 -30.55755  1681.19   867.97 4.23 4.04 -25.9 -0.396    19.38 21.20 02a57807o0824c 0x000000  -11.809524
57807.670924 17.156927      NaN   -79   166 c    0   1.32 212.2558 -30.55755  1700.77   750.45 4.22 4.06 -19.7 -0.420    17.62 17.91 02a57807o0854c 0x100002   -0.475904
57835.559870 18.158337      NaN  -407    66 c    0   1.07 212.2558 -30.55755  2662.69   146.39 3.92 3.82 -77.3 -0.414    17.84 19.45 02a57835o0571c 0x100002   -6.166667
57835.571260 19.169763      NaN  -110    26 c    0   3.01 212.2558 -30.55755  9780.62  9919.91 3.63 3.21 -72.8 -0.461    18.81 20.44 02a57835o0593c 0x000000   -4.230769
57835.575443 19.302877      NaN  -503    23 c    0   4.04 212.2558 -30.55755  2646.80   106.80 3.91 3.79 -70.0 -0.404    18.59 20.19 02a57835o0601c 0x000000  -21.869565
57835.586912 19.922338      NaN -5544    13 c    0 282.05 212.2558 -30.55755  9764.58  9880.37 3.59 3.16 -71.6 -0.470    18.72 20.25 02a57835o0623c 0x100001 -426.461538
57835.591171 18.944322      NaN  -360    32 c    0   2.05 212.2558 -30.55755  2699.40   186.31 3.85 3.73 -69.5 -0.410    18.66 20.18 02a57835o0631c 0x100002  -11.250000
57835.603246 18.526952      NaN  -133    47 c    0   2.51 212.2558 -30.55755  9835.21  9956.48 3.58 3.18 -70.5 -0.471    18.23 19.68 02a57835o0654c 0x100002   -2.829787
57835.607525 18.786693      NaN  -596    37 c    0   2.65 212.2558 -30.55755  2719.31    67.04 3.92 3.80 -36.4 -0.410    18.23 19.71 02a57835o0662c 0x100002  -16.108108
57835.619258 18.878500      NaN   -95    34 c    0   2.24 212.2558 -30.55755  9853.52  9837.40 3.87 3.53 -79.5 -0.427    18.62 20.12 02a57835o0684c 0x100002   -2.794118
57835.622748 19.089302      NaN  -249    28 c    0   2.62 212.2558 -30.55755  2686.28   123.09 4.00 3.92 -50.0 -0.394    18.60 20.10 02a57835o0691c 0x000000   -8.892857
57835.634884 18.208845      NaN   -79    63 c    0   1.82 212.2558 -30.55755  9819.92  9894.22 3.72 3.58 -52.7 -0.438    17.89 19.20 02a57835o0714c 0x100002   -1.253968
57839.554379 19.169763      NaN  -163    26 c    0   2.71 212.2558 -30.55755  9916.93  9443.61 3.66 3.36 -65.5 -0.432    18.90 20.71 02a57839o0636c 0x000000   -6.269231
57839.570345 19.169763      NaN  -246    26 c    0   2.99 212.2558 -30.55755  9884.45  9403.52 3.66 3.36 -67.0 -0.431    18.90 20.70 02a57839o0666c 0x000000   -9.461538
57839.585803 19.351140      NaN  -246    22 c    0   4.52 212.2558 -30.55755  9952.34  9480.26 3.72 3.44 -71.0 -0.422    18.85 20.61 02a57839o0695c 0x000000  -11.181818
57839.601876 19.256669      NaN   -75    24 c    0   3.64 212.2558 -30.55755  9970.24  9360.60 3.71 3.36 -73.2 -0.429    18.86 20.60 02a57839o0725c 0x000000   -3.125000
57839.617229 19.051202      NaN  -172    29 c    0   2.33 212.2558 -30.55755  9938.96  9419.46 3.76 3.43 -74.0 -0.436    18.81 20.56 02a57839o0754c 0x000000   -5.931034
57847.520617 18.978793      NaN  -218    31 c    0   1.91 212.2558 -30.55755   696.60  9481.90 3.90 3.39  19.1 -0.443    18.80 20.51 02a57847o0564c 0x100002   -7.032258
57847.536279 19.089302      NaN  -295    28 c    0   2.94 212.2558 -30.55755   680.97  9440.51 4.42 3.88  31.5 -0.427    18.69 20.48 02a57847o0594c 0x000000  -10.535714
57847.551960 18.944322      NaN  -173    32 c    0   1.58 212.2558 -30.55755   751.76  9517.80 4.15 3.68  30.6 -0.439    18.73 20.47 02a57847o0624c 0x100002   -5.406250
57847.567615 18.944322      NaN  -397    32 c    0   1.93 212.2558 -30.55755   771.82  9401.21 4.44 4.08  39.8 -0.421    18.62 20.41 02a57847o0654c 0x100002  -12.406250
57847.583312 18.878500      NaN  -120    34 c    0   1.36 212.2558 -30.55755   722.67  9455.73 4.15 3.79  35.2 -0.423    18.64 20.29 02a57847o0684c 0x100002   -3.529412
57863.514896 19.256669      NaN     0    24 c    0   2.35 212.2558 -30.55755  1893.28   920.24 3.93 3.87 -45.6 -0.412    18.63 20.10 02a57863o0535c 0x000000    0.000000
57863.528523 18.967180      NaN    22    24 c    0   1.98 212.2558 -30.55755  1878.45   879.06 3.97 3.88 -41.2 -0.409    18.54 19.94 02a57863o0561c 0x000000    0.916667
57863.541086 18.857417 0.292314   104    28 c    0   1.68 212.2558 -30.55755  1948.93   959.40 3.93 3.84 -68.2 -0.415    18.48 19.82 02a57863o0585c 0x000000    3.714286
57863.554197 18.474346      NaN    67    27 c    0   1.47 212.2558 -30.55755  1966.57   840.13 4.01 3.91 -53.8 -0.401    18.39 19.69 02a57863o0610c 0x000000    2.481481
57863.567834 18.944322      NaN   -23    32 c    0   1.56 212.2558 -30.55755  1917.13   896.23 4.03 3.91 -53.5 -0.411    18.30 19.57 02a57863o0636c 0x100002   -0.718750
57871.463669 19.922338      NaN  -128    13 c    0   3.01 212.2558 -30.55755  2083.54  9574.03 3.11 2.70  20.9 -0.415    19.35 20.53 02a57871o0303c 0x000000   -9.846154
57871.479470 20.103715      NaN  -139    11 c    0   2.93 212.2558 -30.55755  2070.21  9533.10 3.10 2.85  19.2 -0.411    19.26 20.44 02a57871o0333c 0x000000  -12.636364
57871.495230 19.922338      NaN   -76    13 c    0   2.50 212.2558 -30.55755  2140.10  9610.16 3.16 2.95  13.6 -0.411    19.19 20.39 02a57871o0363c 0x000000   -5.846154
57871.511038 20.103715      NaN   -75    11 c    0   4.46 212.2558 -30.55755  2159.47  9490.49 2.88 2.67  14.0 -0.423    19.23 20.31 02a57871o0393c 0x000000   -6.818182
57871.526783 19.841877      NaN  -105    14 c    0   1.88 212.2558 -30.55755  2112.67  9548.13 2.91 2.70  15.0 -0.412    19.18 20.21 02a57871o0423c 0x000000   -7.500000
57895.407136 19.696897      NaN  -120    16 c    0   2.04 212.2558 -30.55755  2183.14   825.08 4.31 3.31  21.7 -0.474    19.47 21.35 02a57895o0328c 0x000000   -7.500000
57895.423977 19.696897      NaN  -148    16 c    0   1.53 212.2558 -30.55755  2168.15   784.95 4.05 3.12  18.8 -0.471    19.50 21.36 02a57895o0360c 0x000000   -9.250000
57895.440346 19.922338      NaN   -39    13 c    0   2.05 212.2558 -30.55755  2238.66   865.38 4.09 3.18  21.2 -0.474    19.43 21.30 02a57895o0391c 0x000000   -3.000000
57895.457126 19.696897      NaN  -171    16 c    0   1.87 212.2558 -30.55755  2259.26   744.37 4.30 3.42  22.3 -0.464    19.37 21.22 02a57895o0423c 0x000000  -10.687500
57899.410063 20.009244      NaN  -164    12 c    0   3.40 212.2558 -30.55755  9137.16  9417.06 2.96 2.67  28.3 -0.418    19.64 21.33 02a57899o0345c 0x000000  -13.666667
57899.426395 20.009244      NaN  -158    12 c    0  10.05 212.2558 -30.55755  9122.55  9375.80 2.91 2.63  23.7 -0.421    19.54 21.21 02a57899o0376c 0x100001  -13.166667
57899.443278 20.009244      NaN   -74    12 c    0   3.71 212.2558 -30.55755  9193.30  9453.63 2.88 2.64  15.7 -0.419    19.58 21.25 02a57899o0408c 0x000000   -6.166667
57899.459598 19.922338      NaN   -56    13 c    0   2.94 212.2558 -30.55755  9210.73  9334.61 2.89 2.67  14.1 -0.421    19.51 21.17 02a57899o0439c 0x000000   -4.307692
57899.476377 19.696897      NaN  -138    16 c    0   2.08 212.2558 -30.55755  9180.96  9389.23 2.95 2.78  11.0 -0.417    19.44 21.05 02a57899o0471c 0x000000   -8.625000
57903.383926 20.761819      NaN  -115     6 c    0  11.38 212.2558 -30.55755   934.90  8254.96 2.48 2.27  13.5 -0.476    19.63 21.23 02a57903o0290c 0x100001  -19.166667
57903.400798 19.922338      NaN  -115    13 c    0   3.70 212.2558 -30.55755   920.38  8215.28 2.54 2.37   5.5 -0.477    19.57 21.23 02a57903o0323c 0x000000   -8.846154
57903.417143 20.009244      NaN  -114    12 c    0   6.18 212.2558 -30.55755   991.31  8293.52 2.46 2.31   4.4 -0.481    19.60 21.17 02a57903o0355c 0x000000   -9.500000
57903.434012 20.103715      NaN  -116    11 c    0   6.51 212.2558 -30.55755  1013.84  8171.45 2.49 2.35   4.5 -0.484    19.49 21.10 02a57903o0388c 0x000000  -10.545455
57903.450426 20.009244      NaN  -140    12 c    0   7.00 212.2558 -30.55755   963.63  8224.90 2.44 2.22   5.1 -0.497    19.46 21.00 02a57903o0420c 0x000000  -11.666667
58109.627461 19.401649      NaN   -37    21 c    0   4.01 212.2558 -30.55755 10251.78  5908.47 5.90 5.33  60.2 -0.225    18.67 22.31 02a58109o0547c 0x000000   -1.761905
58109.633997 19.454622      NaN   -46    20 c    0   3.46 212.2558 -30.55755 10269.22  5949.71 5.50 4.73  59.4 -0.260    18.67 21.28 02a58109o0561c 0x000000   -2.300000
58109.642384 19.351140      NaN   -62    22 c    0   2.78 212.2558 -30.55755   639.31  5904.99 5.17 4.64  67.1 -0.295    18.72 22.18 02a58109o0570c 0x000000   -2.818182
58109.645164 19.351140      NaN   -83    22 c    0   7.94 212.2558 -30.55755 10219.71  5874.62 5.79 5.00  58.7 -0.266    18.84 21.27 02a58109o0576c 0x000000   -3.772727
58109.648910 19.256669      NaN  -373    24 c    0   8.81 212.2558 -30.55755   654.86  5943.81 6.26 5.94  53.5 -0.231    18.64 21.07 02a58109o0584c 0x000000  -15.541667
58109.650786 19.401649      NaN  -123    21 c    0   3.45 212.2558 -30.55755 10202.10  5992.02 6.01 5.31  52.8 -0.253    18.80 21.25 02a58109o0588c 0x000000   -5.857143
58109.653618 18.955691      NaN    32    21 c    0   3.55 212.2558 -30.55755   604.66  5868.49 5.65 5.30  59.5 -0.253    18.59 21.00 02a58109o0594c 0x000000    1.523810
58109.656385 19.026525      NaN    17    24 c    0   2.17 212.2558 -30.55755   587.10  5984.89 5.50 5.24  43.4 -0.243    18.62 20.88 02a58109o0600c 0x000000    0.708333
58161.621575 17.696393 0.035833   303    10 c    0  10.30 212.2558 -30.55755  7056.22  4902.23 2.53 2.41  67.3 -0.436    19.71 21.54 02a58161o0899c 0x100001   30.300000
58161.631932 17.650782 0.041230   316    12 c    0   5.72 212.2558 -30.55755  7043.26  4862.03 2.52 2.41  71.0 -0.432    19.69 21.52 02a58161o0921c 0x000000   26.333333
58161.637123 17.518329 0.039537   357    13 c    0   4.61 212.2558 -30.55755  3348.13  5508.61 2.55 2.31  52.7 -0.437    19.68 21.53 02a58161o0932c 0x000000   27.461538
58161.644520 17.506232 0.033083   361    11 c    0   7.10 212.2558 -30.55755  7129.08  4819.52 2.56 2.52  73.3 -0.434    19.68 21.52 02a58161o0947c 0x000000   32.818182
58193.488178 20.321591      NaN    -3     9 c    0   6.58 212.2558 -30.55755  9821.29  4872.90 2.59 2.33  69.3 -0.454    19.76 21.53 02a58193o0557c 0x000000   -0.333333
58193.495024 19.950541      NaN    11     9 c    0   5.42 212.2558 -30.55755  9837.76  4913.88 2.65 2.34  68.5 -0.471    19.75 21.53 02a58193o0572c 0x000000    1.222222
58193.498219 20.321591      NaN    -7     9 c    0  20.62 212.2558 -30.55755   205.84  4880.96 2.53 2.23  50.2 -0.430    19.76 21.50 02a58193o0579c 0x100001   -0.777778
58193.506434 20.594452      NaN   -11     7 c    0  11.99 212.2558 -30.55755   221.63  4921.21 2.53 2.23  49.9 -0.432    19.73 21.49 02a58193o0597c 0x100001   -1.571429
58193.509172 19.367717      NaN    32    11 c    0   5.79 212.2558 -30.55755  9784.11  4838.12 2.66 2.36  67.9 -0.462    19.74 21.52 02a58193o0603c 0x000000    2.909091
58193.511910 20.207197      NaN   -16    10 c    0  14.65 212.2558 -30.55755   170.86  4843.87 2.58 2.27  51.6 -0.420    19.72 21.49 02a58193o0609c 0x100001   -1.600000
58193.518304 19.529530 0.193881    56    10 c    0   4.84 212.2558 -30.55755  9746.92  4953.14 2.64 2.35  69.5 -0.458    19.74 21.51 02a58193o0623c 0x000000    5.600000
58193.527898 19.894850      NaN    10    10 c    0  15.70 212.2558 -30.55755   149.76  4963.80 2.57 2.27  49.1 -0.421    19.76 21.48 02a58193o0644c 0x100001    1.000000
58225.441223 19.696897      NaN  -153    16 c    0   2.93 212.2558 -30.55755  2706.74  4891.88 2.71 2.62  -4.0 -0.401    18.97 20.67 02a58225o0470c 0x000000   -9.562500
58225.451466 19.922338      NaN   -60    13 c    0   3.42 212.2558 -30.55755  7729.10  5511.56 2.92 2.85  69.5 -0.411    19.27 21.05 02a58225o0492c 0x000000   -4.615385
58225.455286 19.922338      NaN  -110    13 c    0   2.13 212.2558 -30.55755  2670.42  4854.68 2.76 2.68 -26.1 -0.392    19.29 21.00 02a58225o0500c 0x000000   -8.461538
58225.465887 19.401649      NaN   -78    21 c    0   1.84 212.2558 -30.55755  7796.99  5469.99 2.87 2.80 -77.8 -0.392    18.94 20.66 02a58225o0522c 0x000000   -3.714286
58250.405162 20.321591      NaN  -116     9 c    0   6.47 212.2558 -30.55755  6798.38  4398.44 2.67 2.56  76.6 -0.407    19.55 21.25 02a58250o0354c 0x000000  -12.888889
58250.408355 20.321591      NaN  -108     9 c    0   6.12 212.2558 -30.55755  6781.87  4362.60 2.74 2.62 -69.8 -0.387    19.53 21.27 02a58250o0361c 0x000000  -12.000000
58250.417104 20.449472      NaN  -130     8 c    0   3.67 212.2558 -30.55755  6867.95  4320.10 2.69 2.58  83.1 -0.399    19.55 21.25 02a58250o0380c 0x000000  -16.250000
58250.418930 20.103715      NaN  -106    11 c    0   4.82 212.2558 -30.55755  6849.66  4439.74 2.92 2.78 -65.9 -0.377    19.46 21.25 02a58250o0384c 0x000000   -9.636364
58257.386923 20.103715      NaN  -105    11 c    0   3.43 212.2558 -30.55755  7411.59  4741.51 2.75 2.68  85.5 -0.402    19.54 21.40 02a58257o0332c 0x000000   -9.545455
58257.391029 20.321591      NaN  -165     9 c    0   4.39 212.2558 -30.55755  7396.44  4704.41 2.79 2.72 -69.3 -0.389    19.53 21.40 02a58257o0341c 0x000000  -18.333333
58257.401525 20.321591      NaN  -169     9 c    0   3.67 212.2558 -30.55755  7467.08  4777.79 2.92 2.83  75.3 -0.400    19.47 21.37 02a58257o0364c 0x000000  -18.777778
58257.413843 20.321591      NaN   -64     9 c    0   7.25 212.2558 -30.55755  7484.49  4663.68 2.83 2.66 -64.6 -0.390    19.56 21.33 02a58257o0391c 0x000000   -7.111111
58281.343870 20.321591      NaN  -106     9 c    0   5.30 212.2558 -30.55755  8947.91  3855.16 2.76 2.61  78.3 -0.417    19.60 21.47 02a58281o0178c 0x000000  -11.777778
58281.351669 20.207197      NaN   -99    10 c    0   2.81 212.2558 -30.55755  8915.94  3817.15 2.88 2.68  72.3 -0.419    19.59 21.47 02a58281o0195c 0x000000   -9.900000
58281.359502 20.009244      NaN  -225    12 c    0   2.44 212.2558 -30.55755  8984.06  3894.84 3.06 2.87  76.6 -0.401    19.50 21.46 02a58281o0212c 0x000000  -18.750000
58281.367331 20.009244      NaN   -88    12 c    0   3.38 212.2558 -30.55755  9004.65  3776.74 2.91 2.71  74.6 -0.422    19.56 21.43 02a58281o0229c 0x000000   -7.333333
58285.330531 20.207197      NaN  -123    10 c    0   4.58 212.2558 -30.55755   470.97  3408.45 2.60 2.38  36.4 -0.424    19.57 21.43 02a58285o0191c 0x000000  -12.300000
58285.338361 20.103715      NaN  -138    11 c    0   6.65 212.2558 -30.55755   438.17  3371.17 2.59 2.37  43.2 -0.435    19.57 21.47 02a58285o0208c 0x000000  -12.545455
58285.339759 20.207197      NaN  -162    10 c    0   3.56 212.2558 -30.55755 10076.44  3418.76 2.83 2.59  71.2 -0.456    19.62 21.47 02a58285o0211c 0x000000  -16.200000
58285.346206 20.594452      NaN  -133     7 c    0   8.75 212.2558 -30.55755   508.03  3449.83 2.59 2.40  40.6 -0.433    19.58 21.46 02a58285o0225c 0x000000  -19.000000
58285.347589 20.207197      NaN  -149    10 c    0   5.40 212.2558 -30.55755 10061.54  3380.52 2.77 2.56  68.2 -0.456    19.64 21.46 02a58285o0228c 0x000000  -14.900000
58285.354015 20.321591      NaN  -209     9 c    0   6.59 212.2558 -30.55755   526.40  3333.07 2.60 2.39  43.8 -0.435    19.59 21.46 02a58285o0242c 0x000000  -23.222222
58285.355398 20.207197      NaN  -121    10 c    0   3.94 212.2558 -30.55755 10129.99  3458.23 2.85 2.65  72.4 -0.445    19.58 21.47 02a58285o0245c 0x000000  -12.100000
58285.363226 20.207197      NaN  -176    10 c    0   4.31 212.2558 -30.55755 10149.79  3340.25 2.80 2.63  76.4 -0.445    19.61 21.46 02a58285o0262c 0x000000  -17.600000
58309.301684 20.321591      NaN  -170     9 c    0   4.22 212.2558 -30.55755  8391.55  2427.03 2.65 2.47 -78.9 -0.412    19.63 21.40 02a58309o0127c 0x000000  -18.888889
58309.309544 20.449472      NaN  -164     8 c    0   4.44 212.2558 -30.55755  8375.82  2391.08 2.73 2.52 -73.7 -0.409    19.61 21.40 02a58309o0144c 0x000000  -20.500000
58309.317463 20.103715      NaN   -73    11 c    0   2.89 212.2558 -30.55755  8426.77  2468.48 2.74 2.54 -72.5 -0.411    19.59 21.36 02a58309o0161c 0x000000   -6.636364
58309.325323 20.321591      NaN  -129     9 c    0   3.41 212.2558 -30.55755  8445.00  2351.72 2.74 2.46 -67.5 -0.411    19.55 21.32 02a58309o0178c 0x000000  -14.333333
58317.271542 12.439115      NaN  7697 10235 c    0   1.05 212.2558 -30.55755    64.81  4712.04 2.10 2.04 -81.7 -0.325    12.38 13.38 02a58317o0064c 0x100002    0.752027
58317.279515 18.481707      NaN    -4    49 c    0   0.95 212.2558 -30.55755    49.62  4672.15 2.37 2.31  62.0 -0.364    18.32 19.38 02a58317o0081c 0x100002   -0.081633
58317.280921 18.094452      NaN  -184    70 c    0   1.12 212.2558 -30.55755  9679.91  4746.09 2.63 2.49 -66.0 -0.428    17.73 18.87 02a58317o0084c 0x100002   -2.628571
58317.304677 16.589302      NaN  -608   280 c    0   1.16 212.2558 -30.55755  9751.52  4669.84 2.79 2.64 -61.6 -0.429    15.85 16.90 02a58317o0135c 0x100002   -2.171429
58333.249267 19.256669      NaN  -129    24 c    0   1.48 212.2558 -30.55755   133.77  2475.02 3.14 2.87  51.2 -0.425    18.58 19.89 02a58333o0028c 0x000000   -5.375000
58333.255143 19.766969      NaN  -191    15 c    0   2.37 212.2558 -30.55755   115.60  2433.36 2.76 2.50  47.5 -0.447    19.19 20.62 02a58333o0040c 0x000000  -12.733333
58333.262964 19.841877      NaN   -73    14 c    0   2.57 212.2558 -30.55755  9761.64  2507.34 3.05 2.93  82.9 -0.418    19.28 21.02 02a58333o0056c 0x000000   -5.214286
58333.263422 20.103715      NaN  -180    11 c    0   4.97 212.2558 -30.55755   167.25  2512.90 2.98 2.68  52.4 -0.413    19.28 20.97 02a58333o0057c 0x000000  -16.363636
58333.271726 19.841877      NaN   -72    14 c    0   2.19 212.2558 -30.55755  9744.29  2470.43 3.27 3.05 -57.5 -0.408    19.29 21.13 02a58333o0074c 0x000000   -5.142857
58333.272183 19.841877      NaN   -70    14 c    0   2.30 212.2558 -30.55755   201.23  2397.49 3.04 2.75  54.3 -0.418    19.29 21.06 02a58333o0075c 0x000000   -5.000000
58333.280391 19.696897      NaN  -132    16 c    0   1.74 212.2558 -30.55755  9793.84  2547.90 2.94 2.87 -82.0 -0.426    19.33 21.12 02a58333o0092c 0x000000   -8.250000
58333.289002 19.766969      NaN   -99    15 c    0   2.23 212.2558 -30.55755  9811.82  2431.37 3.31 3.23 -31.9 -0.405    19.25 21.07 02a58333o0110c 0x000000   -6.600000
58337.247907 19.302877      NaN  -204    23 c    0   1.77 212.2558 -30.55755  9540.39  4090.24 2.91 2.67 -57.9 -0.398    18.72 19.90 02a58337o0029c 0x000000   -8.869565
58337.253450 19.922338      NaN  -170    13 c    0   2.31 212.2558 -30.55755  9523.38  4048.84 2.78 2.56 -59.1 -0.415    19.27 20.69 02a58337o0041c 0x000000  -13.076923
58337.260981 19.922338      NaN  -164    13 c    0   2.88 212.2558 -30.55755  9573.11  4126.16 2.88 2.64 -57.4 -0.407    19.38 21.05 02a58337o0057c 0x000000  -12.615385
58337.268903 20.103715      NaN  -184    11 c    0   3.72 212.2558 -30.55755  9589.67  4009.92 3.11 2.86 -54.7 -0.403    19.34 21.08 02a58337o0074c 0x000000  -16.727273
58341.244957 19.128787      NaN  -208    27 c    0   1.49 212.2558 -30.55755  6861.09  4727.56 2.96 2.71 -66.7 -0.391    18.45 19.58 02a58341o0028c 0x000000   -7.703704
58341.250062 19.696897      NaN  -170    16 c    0   2.04 212.2558 -30.55755  6843.03  4688.30 3.01 2.73 -62.7 -0.389    18.99 20.28 02a58341o0039c 0x000000  -10.625000
58341.257012 19.841877      NaN   -83    14 c    0   2.25 212.2558 -30.55755  6892.53  4766.43 2.91 2.57 -65.2 -0.387    19.23 20.63 02a58341o0054c 0x000000   -5.928571
58341.264502 19.766969      NaN   -92    15 c    0   2.55 212.2558 -30.55755  6925.85  4650.63 2.97 2.68 -60.6 -0.385    19.18 20.69 02a58341o0070c 0x000000   -6.133333
58345.255848 11.381644      NaN 47207 18166 c    0   1.01 212.2558 -30.55755  6865.68  3219.89 2.86 2.70 -63.2 -0.362    12.05 13.26 02a58345o0054c 0x100002    2.598646
58493.657470 19.922338      NaN   -96    13 c    0   5.64 212.2558 -30.55755  2810.63  8299.49 2.62 2.54  -1.2 -0.419    19.43 21.32 02a58493o0998c 0x000000   -7.384615
58493.664351 19.766969      NaN  -133    15 c    0   5.97 212.2558 -30.55755  2824.45  8337.34 2.60 2.50 -13.5 -0.417    19.33 20.93 02a58493o1013c 0x000000   -8.866667
58493.674076 17.976960      NaN  -166    78 c    0   1.22 212.2558 -30.55755  2773.84  8263.10 2.56 2.49  -4.3 -0.461    18.04 18.87 02a58493o1034c 0x100002   -2.128205
58573.476065 20.207197      NaN  -140    10 c    0   4.39 212.2558 -30.55755  8437.70  4429.25 2.49 2.36  43.7 -0.392    19.55 21.21 02a58573o0550c 0x000000  -14.000000
58573.484617 20.103715      NaN  -141    11 c    0   5.00 212.2558 -30.55755  8452.94  4469.78 2.36 2.31  76.1 -0.398    19.48 21.14 02a58573o0566c 0x000000  -12.818182
58573.492990 20.009244      NaN  -138    12 c    0   4.37 212.2558 -30.55755  8404.97  4390.04 2.42 2.35  70.3 -0.394    19.24 20.87 02a58573o0583c 0x000000  -11.500000
58573.500355 20.009244      NaN  -184    12 c    0   3.03 212.2558 -30.55755  8386.51  4506.18 2.47 2.40  71.3 -0.400    19.51 21.19 02a58573o0599c 0x000000  -15.333333
58577.493882 20.321591      NaN  -111     9 c    0   5.64 212.2558 -30.55755   544.08   241.43 2.78 2.37 -58.8 -0.404    19.55 21.44 02a58577o0591c 0x000000  -12.333333
58577.496167 20.207197      NaN   -63    10 c    0   3.18 212.2558 -30.55755  7844.99 10022.13 2.94 2.84  39.6 -0.386    19.45 21.38 02a58577o0596c 0x000000   -6.300000
58577.498910 20.321591      NaN  -123     9 c    0   9.20 212.2558 -30.55755   526.94   200.90 2.98 2.39 -53.8 -0.403    19.52 21.44 02a58577o0602c 0x000000  -13.666667
58577.507140 20.207197      NaN  -131    10 c    0   5.20 212.2558 -30.55755   576.74   281.41 2.69 2.41 -62.5 -0.412    19.51 21.42 02a58577o0620c 0x000000  -13.100000
58577.509884 19.922338      NaN   -89    13 c    0   2.81 212.2558 -30.55755  7824.63  9984.42 3.21 2.70  46.5 -0.374    19.40 21.37 02a58577o0626c 0x000000   -6.846154
58577.511256 19.766969      NaN  -123    15 c    0   3.95 212.2558 -30.55755  9858.99   251.20 3.00 2.31 -54.0 -0.424    19.50 21.42 02a58577o0629c 0x000000   -8.200000
58577.517661 19.922338      NaN  -126    13 c    0   3.13 212.2558 -30.55755  9841.42   215.02 2.81 2.25 -56.4 -0.439    19.52 21.41 02a58577o0643c 0x000000   -9.692308
58577.519033 19.841877      NaN  -122    14 c    0   2.31 212.2558 -30.55755  7874.69 10063.58 3.24 2.70  46.1 -0.373    19.44 21.38 02a58577o0646c 0x000000   -8.714286
58577.519947 20.009244      NaN  -101    12 c    0   4.49 212.2558 -30.55755  9891.04   291.16 2.88 2.28 -55.8 -0.424    19.52 21.40 02a58577o0648c 0x000000   -8.416667
58577.521777 20.207197      NaN  -178    10 c    0   3.74 212.2558 -30.55755   609.97   164.25 2.80 2.49 -60.3 -0.403    19.47 21.40 02a58577o0652c 0x000000  -17.800000
58577.522692 19.766969      NaN  -182    15 c    0   3.71 212.2558 -30.55755  9910.77   168.46 3.18 2.40 -54.0 -0.419    19.46 21.41 02a58577o0654c 0x000000  -12.133333
58577.524064 20.009244      NaN  -149    12 c    0   2.99 212.2558 -30.55755  7909.01  9943.10 3.06 2.86  56.3 -0.381    19.43 21.37 02a58577o0657c 0x000000  -12.416667
58581.505020 20.009244      NaN  -106    12 c    0   4.67 212.2558 -30.55755  5845.07  8080.20 3.01 2.38  46.3 -0.383    19.48 21.32 02a58581o0604c 0x000000   -8.833333
58581.514230 20.207197      NaN  -137    10 c    0   4.38 212.2558 -30.55755  5811.35  8043.09 2.87 2.42  47.3 -0.393    19.51 21.29 02a58581o0624c 0x000000  -13.700000
58581.523868 20.321591      NaN  -169     9 c    0   5.04 212.2558 -30.55755  5877.49  8122.84 2.89 2.43  47.5 -0.392    19.50 21.27 02a58581o0645c 0x000000  -18.777778
58581.533081 20.103715      NaN  -129    11 c    0   3.12 212.2558 -30.55755  5895.28  8006.22 2.93 2.42  46.0 -0.389    19.45 21.25 02a58581o0665c 0x000000  -11.727273
58605.462038 20.009244      NaN  -117    12 c    0   3.07 212.2558 -30.55755  7746.67  4196.59 2.83 2.47  48.3 -0.374    19.33 21.23 02a58605o0478c 0x000000   -9.750000
58605.471781 19.014394      NaN  -216    30 c    0   1.43 212.2558 -30.55755  7731.68  4158.69 2.70 2.59  81.1 -0.378    18.41 20.25 02a58605o0499c 0x100002   -7.200000
58605.481558 19.766969      NaN  -125    15 c    0   2.90 212.2558 -30.55755  7782.15  4238.40 2.81 2.54  54.9 -0.377    18.99 20.85 02a58605o0520c 0x000000   -8.333333
58605.491391 19.766969      NaN  -127    15 c    0   3.34 212.2558 -30.55755  7798.88  4122.93 2.71 2.51  59.7 -0.375    18.81 20.66 02a58605o0541c 0x000000   -8.466667
58609.405686 20.103715      NaN  -156    11 c    0   3.16 212.2558 -30.55755  5855.59 10031.00 2.90 2.82  48.1 -0.391    19.55 21.51 02a58609o0273c 0x000000  -14.181818
58609.412199 19.922338      NaN  -248    13 c    0   4.50 212.2558 -30.55755  7958.26   299.99 3.04 2.58 -55.8 -0.382    19.55 21.54 02a58609o0287c 0x000000  -19.076923
58609.413581 20.009244      NaN  -106    12 c    0   4.74 212.2558 -30.55755  5838.68  9992.82 3.21 2.98  45.9 -0.382    19.45 21.51 02a58609o0290c 0x000000   -8.833333
58609.420009 20.103715      NaN  -176    11 c    0   5.04 212.2558 -30.55755  7942.46   261.93 2.92 2.30 -52.6 -0.410    19.65 21.52 02a58609o0304c 0x000000  -16.000000
58609.421394 20.103715      NaN  -129    11 c    0   3.23 212.2558 -30.55755  5888.87 10073.03 2.98 2.69  50.0 -0.384    19.54 21.49 02a58609o0307c 0x000000  -11.727273
58609.427831 19.841877      NaN  -146    14 c    0   4.94 212.2558 -30.55755  7992.24   340.92 2.98 2.43 -52.8 -0.396    19.59 21.51 02a58609o0321c 0x000000  -10.428571
58609.429218 20.103715      NaN   -45    11 c    0   2.89 212.2558 -30.55755  5905.85  9958.47 2.69 2.66 -63.4 -0.408    19.62 21.48 02a58609o0324c 0x000000   -4.090909
58609.435646 19.922338      NaN   -84    13 c    0   3.17 212.2558 -30.55755  8009.11   227.10 3.15 2.61 -53.8 -0.388    19.53 21.51 02a58609o0338c 0x000000   -6.461538
58633.359917 20.207197      NaN  -145    10 c    0   3.22 212.2558 -30.55755  9245.95  3201.38 2.55 2.42  71.3 -0.389    19.54 21.29 02a58633o0284c 0x000000  -14.500000
58633.363122 19.922338      NaN  -160    13 c    0   4.12 212.2558 -30.55755  9225.30  3166.65 2.60 2.44  55.3 -0.388    19.34 21.10 02a58633o0291c 0x000000  -12.307692
58633.368155 18.978793      NaN  -207    31 c    0   1.96 212.2558 -30.55755  9285.01  3241.39 2.54 2.42  85.0 -0.393    18.71 20.42 02a58633o0302c 0x100002   -6.677419
58633.378682 19.841877      NaN  -221    14 c    0   2.43 212.2558 -30.55755  9304.48  3125.89 2.57 2.43  87.4 -0.392    19.27 21.01 02a58633o0325c 0x000000  -15.785714
58637.318281 20.103715      NaN  -196    11 c    0   4.00 212.2558 -30.55755  7155.21  9260.95 2.67 2.49  67.5 -0.397    19.67 21.56 02a58637o0183c 0x000000  -17.818182
58637.321483 20.009244      NaN  -207    12 c    0   2.04 212.2558 -30.55755  7173.85  9299.80 2.73 2.48  58.9 -0.394    19.63 21.55 02a58637o0190c 0x000000  -17.250000
58637.328773 20.207197      NaN  -119    10 c    0   4.49 212.2558 -30.55755  3431.82  1325.44 2.65 2.41 -61.7 -0.425    19.64 21.54 02a58637o0205c 0x000000  -11.900000
58637.339968 20.207197      NaN  -173    10 c    0   6.25 212.2558 -30.55755  3447.71  1207.94 2.59 2.37 -67.2 -0.429    19.64 21.54 02a58637o0228c 0x000000  -17.300000
58661.302280 19.256669      NaN   -89    24 c    0   1.32 212.2558 -30.55755  9035.70  9617.08 3.28 2.82  46.6 -0.365    19.41 21.26 02a58661o0092c 0x000000   -3.708333
58661.305941 20.103715      NaN  -130    11 c    0   4.36 212.2558 -30.55755  9015.50  9578.74 3.29 2.60  41.9 -0.371    19.50 21.31 02a58661o0100c 0x000000  -11.818182
58661.311451 20.009244      NaN  -147    12 c    0   2.44 212.2558 -30.55755  9076.31  9655.91 3.21 2.75  48.1 -0.370    19.49 21.29 02a58661o0112c 0x000000  -12.250000
58661.321312 20.009244      NaN  -110    12 c    0   3.53 212.2558 -30.55755  9094.26  9540.60 3.19 2.71  52.4 -0.374    19.49 21.30 02a58661o0133c 0x000000   -9.166667
58665.291338 19.841877      NaN  -116    14 c    0   2.63 212.2558 -30.55755  9042.24  9617.08 2.98 2.57  49.3 -0.378    19.54 21.10 02a58665o0119c 0x000000   -8.285714
58665.293623 20.009244      NaN  -149    12 c    0   2.22 212.2558 -30.55755  9022.29  9579.14 3.02 2.62  51.7 -0.377    19.51 21.11 02a58665o0124c 0x000000  -12.416667
58665.297750 19.922338      NaN  -122    13 c    0   2.69 212.2558 -30.55755  9083.17  9656.87 3.06 2.95  81.9 -0.371    19.47 21.11 02a58665o0133c 0x000000   -9.384615
58669.338435 19.922338      NaN   -71    13 c    0   2.14 212.2558 -30.55755  3238.36  3042.44 2.79 2.41  50.9 -0.396    19.40 21.15 02a58669o0185c 0x000000   -5.461538
58669.342495 20.103715      NaN  -126    11 c    0   3.23 212.2558 -30.55755  3223.68  3005.60 2.73 2.35  52.8 -0.395    19.44 21.20 02a58669o0193c 0x000000  -11.454545
58669.348896 20.103715      NaN  -124    11 c    0   4.64 212.2558 -30.55755  3280.53  3082.65 2.71 2.33  53.0 -0.399    19.47 21.21 02a58669o0206c 0x000000  -11.272727
58669.359481 20.103715      NaN  -124    11 c    0   3.55 212.2558 -30.55755  3298.04  2965.59 2.51 2.34  66.2 -0.402    19.43 21.17 02a58669o0227c 0x000000  -11.272727
58670.330924 20.103715      NaN  -161    11 c    0   3.06 212.2558 -30.55755  3238.81  3039.20 2.81 2.39  45.9 -0.393    19.44 21.02 02a58670o0192c 0x000000  -14.636364
58670.334673 20.103715      NaN  -125    11 c    0   2.55 212.2558 -30.55755  3219.77  3001.84 2.80 2.39  48.2 -0.390    19.45 21.05 02a58670o0199c 0x000000  -11.363636
58670.339931 20.103715      NaN  -113    11 c    0   2.98 212.2558 -30.55755  3278.89  3078.38 2.70 2.34  49.2 -0.399    19.44 21.07 02a58670o0210c 0x000000  -10.272727
58670.349755 19.922338      NaN  -158    13 c    0   1.52 212.2558 -30.55755  3298.17  2963.24 2.62 2.32  53.1 -0.398    19.42 21.06 02a58670o0231c 0x000000  -12.153846
58671.288438 20.009244      NaN  -107    12 c    0   2.21 212.2558 -30.55755  3235.79  3036.36 2.78 2.63  65.6 -0.385    19.31 20.94 02a58671o0113c 0x000000   -8.916667
58671.291659 18.757738 0.123812   114    13 c    0   9.74 212.2558 -30.55755  3216.28  2998.57 2.87 2.72  64.4 -0.398    19.29 20.94 02a58671o0120c 0x000000    8.769231
58671.296925 20.009244      NaN   -88    12 c    0   2.67 212.2558 -30.55755  3274.25  3077.14 2.85 2.69  63.7 -0.374    19.31 20.94 02a58671o0131c 0x000000   -7.333333
58671.307643 19.922338      NaN  -333    13 c    0   4.14 212.2558 -30.55755  3292.72  2966.12 2.90 2.69  54.5 -0.398    19.29 20.94 02a58671o0154c 0x000000  -25.615385
58693.267614 20.449472      NaN  -164     8 c    0   4.31 212.2558 -30.55755  5423.96  3444.20 2.55 2.33  54.6 -0.385    19.51 21.12 02a58693o0070c 0x000000  -20.500000
58693.270004 20.207197      NaN  -127    10 c    0   5.57 212.2558 -30.55755  5405.11  3404.69 2.59 2.32  51.2 -0.384    19.51 21.13 02a58693o0075c 0x000000  -12.700000
58693.274956 20.321591      NaN   -61     9 c    0   7.26 212.2558 -30.55755  5459.58  3483.95 2.63 2.37  55.0 -0.383    19.46 21.11 02a58693o0085c 0x000000   -6.777778
58693.285789 20.103715      NaN  -138    11 c    0   4.03 212.2558 -30.55755  5479.76  3368.38 2.52 2.38  70.1 -0.388    19.48 21.04 02a58693o0108c 0x000000  -12.545455
58705.249285 16.103512      NaN   372   314 c    0   1.65 212.2558 -30.55755  5546.83  5419.79 3.16 2.43  42.4 -0.336    15.59 16.26 02a58705o0047c 0x100002    1.184713
58705.257080 15.015899      NaN   557  1007 c    0   1.23 212.2558 -30.55755  5568.17  5305.48 3.05 2.41  42.2 -0.311    14.52 15.27 02a58705o0063c 0x100002    0.553128
58709.243196 14.346216      NaN  -546  2210 c    0   1.21 212.2558 -30.55755  9315.71  1460.07 2.52 2.36  85.4 -0.407    13.77 14.46 02a58709o0039c 0x100002   -0.247059
58709.245983 15.571432      NaN -1011   715 c    0   1.29 212.2558 -30.55755  9296.18  1421.70 2.47 2.32  83.9 -0.479    14.88 15.55 02a58709o0045c 0x100002   -1.413986
58709.250159 17.293839      NaN   103   112 c    0   1.37 212.2558 -30.55755  9352.99  1498.64 2.59 2.28 -56.1 -0.452    16.60 17.31 02a58709o0054c 0x100002    0.919643
58709.255457 17.414019      NaN  -148   131 c    0   1.65 212.2558 -30.55755  9373.37  1382.06 2.57 2.24 -54.3 -0.461    17.01 17.80 02a58709o0065c 0x100002   -1.129771
58873.555756 19.841877      NaN  -146    14 c    0   2.76 212.2558 -30.55755  7332.06  7509.03 2.73 2.40  36.2 -0.396    19.54 21.39 02a58873o0747c 0x000000  -10.428571
58873.559960 20.009244      NaN  -149    12 c    0   3.02 212.2558 -30.55755  7350.96  7547.25 2.86 2.45  37.1 -0.381    19.52 21.40 02a58873o0756c 0x000000  -12.416667
58873.565108 20.103715      NaN  -150    11 c    0   7.13 212.2558 -30.55755  7292.69  7469.05 2.73 2.38  37.8 -0.387    19.57 21.42 02a58873o0767c 0x000000  -13.636364
58873.579289 20.009244      NaN   -85    12 c    0   4.03 212.2558 -30.55755  7270.90  7585.45 2.84 2.46  36.1 -0.383    19.54 21.45 02a58873o0796c 0x000000   -7.083333
58873.658983 20.103715      NaN  -136    11 c    0   4.66 212.2558 -30.55755  7311.13  7526.90 2.68 2.31  39.6 -0.396    19.67 21.46 02a58873o0961c 0x000000  -12.363636
58877.561879 20.321591      NaN  -113     9 c    0   4.04 212.2558 -30.55755  5711.70  1282.60 2.57 2.51  70.5 -0.399    19.44 21.41 02a58877o0757c 0x000000  -12.555556
58929.479239 20.449472      NaN  -120     8 c    0   6.73 212.2558 -30.55755  9258.33  7453.24 2.63 2.46 -74.0 -0.402    19.68 21.46 02a58929o0543c 0x000000  -15.000000
58929.482475 20.321591      NaN  -154     9 c    0   8.77 212.2558 -30.55755  9277.86  7491.71 2.62 2.42 -74.7 -0.405    19.68 21.45 02a58929o0550c 0x000000  -17.111111
58929.488790 20.321591      NaN  -172     9 c    0   7.18 212.2558 -30.55755  9222.22  7412.40 2.73 2.55 -81.3 -0.398    19.66 21.43 02a58929o0563c 0x000000  -19.111111
58929.498986 20.103715      NaN  -117    11 c    0   4.15 212.2558 -30.55755  9204.50  7527.71 2.67 2.48 -78.2 -0.400    19.66 21.48 02a58929o0584c 0x000000  -10.636364
58937.599798 19.696897      NaN   -97    16 c    0   2.40 212.2558 -30.55755  7343.13  7022.55 3.10 2.51  40.6 -0.358    19.12 20.89 02a58937o0126c 0x000000   -6.062500
58937.602633 18.005163      NaN   -39    76 c    0   1.41 212.2558 -30.55755  7322.86  6984.53 3.09 2.51  39.1 -0.357    18.73 20.46 02a58937o0132c 0x100002   -0.513158
58937.610036 18.574166      NaN  -111    45 c    0   1.99 212.2558 -30.55755  7380.38  7062.37 2.90 2.46  44.3 -0.372    17.80 19.50 02a58937o0148c 0x100002   -2.466667
58937.621201 20.009244      NaN   -39    12 c    0   5.16 212.2558 -30.55755  7402.06  6947.31 2.78 2.53  44.7 -0.373    19.20 20.96 02a58937o0172c 0x000000   -3.250000
58957.407499 19.696897      NaN     9    13 c    0   3.87 212.2558 -30.55755  3525.84   815.34 2.62 2.49  66.4 -0.402    19.27 21.04 02a58957o0355c 0x000000    0.692308
58957.410287 20.009244      NaN   -48    12 c    0   3.17 212.2558 -30.55755  3547.98   853.68 2.70 2.59  64.8 -0.397    19.16 20.96 02a58957o0361c 0x000000   -4.000000
58957.421695 19.841877      NaN   -74    14 c    0   5.63 212.2558 -30.55755  3484.39   777.90 2.80 2.67  63.8 -0.383    19.23 21.06 02a58957o0385c 0x000000   -5.285714
58957.428129 20.009244      NaN   -13    12 c    0   5.44 212.2558 -30.55755  3470.21   893.25 2.63 2.45  47.0 -0.400    19.31 21.12 02a58957o0399c 0x000000   -1.083333
58961.421946 20.207197      NaN   -97    10 c    0   5.10 212.2558 -30.55755  3522.47   817.73 2.42 2.29  53.4 -0.408    19.54 21.21 02a58961o0418c 0x000000   -9.700000
58961.425148 20.207197      NaN    -1    10 c    0   4.72 212.2558 -30.55755  3549.97   849.59 2.40 2.31  62.2 -0.413    19.56 21.22 02a58961o0425c 0x000000   -0.100000
58961.432736 20.009244      NaN  -129    12 c    0   3.04 212.2558 -30.55755  7058.02  9774.30 2.92 2.73  38.5 -0.391    19.49 21.22 02a58961o0441c 0x000000  -10.750000
58961.443766 19.922338      NaN  -111    13 c    0   3.14 212.2558 -30.55755  7078.70  9658.22 2.95 2.54  40.0 -0.383    19.52 21.20 02a58961o0465c 0x000000   -8.538462
58965.437864 20.009244      NaN  -115    12 c    0   2.11 212.2558 -30.55755  9360.60  5141.33 2.69 2.58 -80.6 -0.389    19.48 21.16 02a58965o0455c 0x000000   -9.583333
58965.441027 20.009244      NaN   -39    12 c    0   4.13 212.2558 -30.55755  9341.24  5103.56 2.82 2.67 -77.2 -0.387    19.42 21.16 02a58965o0461c 0x000000   -3.250000
58965.446349 20.009244      NaN  -111    12 c    0   2.92 212.2558 -30.55755  9400.78  5179.26 2.85 2.70 -71.3 -0.385    19.42 21.15 02a58965o0471c 0x000000   -9.250000
58965.481539 20.009244      NaN  -114    12 c    0   3.29 212.2558 -30.55755  9419.80  5063.65 2.77 2.69 -86.4 -0.383    19.38 21.05 02a58965o0546c 0x000000   -9.500000
58985.415898 20.321591      NaN   -82     9 c    0   5.71 212.2558 -30.55755  3396.10  4979.92 2.69 2.39  50.1 -0.385    19.59 21.54 02a58985o0396c 0x000000   -9.111111
58985.419111 20.449472      NaN  -149     8 c    0   2.45 212.2558 -30.55755  3376.08  4934.87 2.70 2.32  44.3 -0.383    19.60 21.53 02a58985o0403c 0x000000  -18.625000
58985.439447 20.321591      NaN  -184     9 c    0   3.59 212.2558 -30.55755  3434.59  5021.04 2.70 2.38  52.3 -0.382    19.54 21.44 02a58985o0446c 0x000000  -20.444444
58985.444563 20.321591      NaN  -104     9 c    0   5.31 212.2558 -30.55755  3454.50  4908.14 2.64 2.36  49.5 -0.388    19.57 21.42 02a58985o0457c 0x000000  -11.555556
58989.356029 20.207197      NaN   -87    10 c    0   3.48 212.2558 -30.55755  1466.38  1341.65 2.75 2.57 -77.4 -0.413    19.57 21.54 02a58989o0265c 0x000000   -8.700000
58989.359244 20.449472      NaN  -126     8 c    0   6.92 212.2558 -30.55755  1448.43  1303.81 2.77 2.59 -72.0 -0.415    19.53 21.53 02a58989o0272c 0x000000  -15.750000
58989.365281 20.207197      NaN  -166    10 c    0   4.44 212.2558 -30.55755  1506.75  1383.19 2.84 2.61 -76.0 -0.410    19.54 21.52 02a58989o0285c 0x000000  -16.600000
58989.375808 20.207197      NaN   -96    10 c    0   5.55 212.2558 -30.55755  1526.29  1268.58 2.67 2.45 -71.0 -0.425    19.59 21.50 02a58989o0308c 0x000000   -9.600000
58993.415998 20.207197      NaN   -65    10 c    0   4.48 212.2558 -30.55755  1466.73  1347.35 2.82 2.56 -61.6 -0.413    19.47 21.33 02a58993o0100c 0x000000   -6.500000
58993.419209 20.103715      NaN  -151    11 c    0   3.62 212.2558 -30.55755  1447.15  1307.30 2.87 2.68 -73.3 -0.407    19.43 21.31 02a58993o0107c 0x000000  -13.727273
58993.424697 19.922338      NaN  -111    13 c    0   2.85 212.2558 -30.55755  1506.50  1388.58 2.87 2.68 -74.7 -0.403    19.38 21.30 02a58993o0119c 0x000000   -8.538462
58993.438098 20.009244      NaN   -71    12 c    0   5.56 212.2558 -30.55755  1527.70  1272.65 2.68 2.43 -68.9 -0.424    19.50 21.28 02a58993o0148c 0x000000   -5.916667
59016.310172 19.841877      NaN  -132    14 c    0   3.06 212.2558 -30.55755  1458.59  5030.94 2.52 2.39  44.6 -0.413    19.27 21.06 02a59016o0148c 0x000000   -9.428571
59016.313375 19.472870      NaN    17    14 c    0   2.74 212.2558 -30.55755  1440.13  4992.48 2.49 2.42  51.1 -0.416    19.20 20.98 02a59016o0155c 0x000000    1.214286
59016.318976 19.766969      NaN   -86    15 c    0   2.64 212.2558 -30.55755  1499.38  5071.42 2.63 2.39  40.6 -0.405    19.06 20.84 02a59016o0167c 0x000000   -5.733333
59016.329503 19.569016      NaN  -135    18 c    0   2.73 212.2558 -30.55755  1520.76  4956.78 2.45 2.35  55.5 -0.420    18.93 20.66 02a59016o0190c 0x000000   -7.500000
59017.321228 20.103715      NaN   -98    11 c    0   2.88 212.2558 -30.55755  1450.46  5033.63 2.65 2.43  36.6 -0.403    19.57 21.43 02a59017o0171c 0x000000   -8.909091
59017.324433 20.207197      NaN   -88    10 c    0   4.86 212.2558 -30.55755  1430.58  4995.71 2.80 2.39  35.5 -0.394    19.55 21.45 02a59017o0178c 0x000000   -8.800000
59017.329921 20.207197      NaN  -102    10 c    0   9.44 212.2558 -30.55755  1491.23  5072.36 2.41 2.30  53.2 -0.424    19.63 21.45 02a59017o0190c 0x000000  -10.200000
59017.341407 20.321591      NaN  -112     9 c    0   4.87 212.2558 -30.55755  1510.08  4961.22 2.64 2.38  47.1 -0.405    19.56 21.41 02a59017o0215c 0x000000  -12.444444
59021.295882 20.009244      NaN  -128    12 c    0   3.04 212.2558 -30.55755  2782.01  9422.07 2.63 2.34  39.9 -0.391    19.61 21.45 02a59021o0114c 0x000000  -10.666667
59021.301643 20.103715      NaN   -66    11 c    0   3.89 212.2558 -30.55755  2763.99  9382.43 2.45 2.42  30.1 -0.408    19.65 21.47 02a59021o0126c 0x000000   -6.000000
59021.306223 20.103715      NaN   -42    11 c    0   5.33 212.2558 -30.55755  2824.00  9461.59 2.57 2.39  44.9 -0.403    19.61 21.47 02a59021o0136c 0x000000   -3.818182
59021.318018 20.103715      NaN   -89    11 c    0   3.93 212.2558 -30.55755  2847.53  9348.88 2.60 2.44  51.0 -0.396    19.59 21.46 02a59021o0161c 0x000000   -8.090909
59041.273034 20.103715      NaN   -77    11 c    0   6.33 212.2558 -30.55755  3390.46  1285.66 2.46 2.28 -80.3 -0.422    19.61 21.42 02a59041o0064c 0x000000   -7.000000
59041.276698 20.321591      NaN  -139     9 c    0   5.32 212.2558 -30.55755  3372.62  1247.21 2.56 2.30 -67.0 -0.423    19.62 21.44 02a59041o0072c 0x000000  -15.444444
59041.282202 20.207197      NaN   -90    10 c    0   5.61 212.2558 -30.55755  3430.44  1326.25 2.50 2.30 -78.4 -0.421    19.58 21.43 02a59041o0084c 0x000000   -9.000000
59041.294124 20.207197      NaN  -181    10 c    0   4.83 212.2558 -30.55755  3455.47  1210.35 2.65 2.38 -66.5 -0.410    19.53 21.39 02a59041o0110c 0x000000  -18.100000
59053.257855 19.766969      NaN  -119    15 c    0   3.97 212.2558 -30.55755  7425.12  5264.01 2.56 2.39  59.8 -0.393    19.18 20.51 02a59053o0038c 0x000000   -7.933333
59053.262001 19.766969      NaN  -100    15 c    0   2.73 212.2558 -30.55755  7405.58  5225.72 2.60 2.41  59.7 -0.388    19.29 20.81 02a59053o0047c 0x000000   -6.666667
59053.267509 20.009244      NaN  -104    12 c    0   2.54 212.2558 -30.55755  7463.70  5303.34 2.58 2.41  65.9 -0.391    19.39 20.95 02a59053o0059c 0x000000   -8.666667
59053.278283 20.009244      NaN  -146    12 c    0   3.38 212.2558 -30.55755  7484.37  5192.80 2.64 2.46  60.5 -0.385    19.35 21.00 02a59053o0082c 0x000000  -12.166667
59227.623157 20.207197      NaN   -71    10 c    0   4.15 212.2558 -30.55755  7378.70  7008.45 2.76 2.67 -75.7 -0.348    19.51 21.56 01a59227o0868c 0x000000   -7.100000
59227.627304 20.207197      NaN   -75    10 c    0   6.46 212.2558 -30.55755  7360.59  6969.94 2.67 2.63  13.6 -0.337    19.57 21.58 01a59227o0877c 0x000000   -7.500000
59227.633295 20.321591      NaN  -117     9 c    0   4.43 212.2558 -30.55755  7421.97  7046.97 2.84 2.64   1.2 -0.342    19.53 21.58 01a59227o0890c 0x000000  -13.000000
59227.651827 20.321591      NaN   -71     9 c    0   4.89 212.2558 -30.55755  7447.11  6931.04 2.94 2.59  12.4 -0.345    19.52 21.56 01a59227o0930c 0x000000   -7.888889
59229.625064 20.009244      NaN  -114    12 c    0   7.10 212.2558 -30.55755  1307.61  7356.39 2.34 2.27 -48.3 -0.423    19.55 21.35 02a59229o0928c 0x000000   -9.500000
59229.628740 20.009244      NaN   -60    12 c    0   6.73 212.2558 -30.55755  1326.49  7393.57 2.33 2.18 -45.1 -0.431    19.63 21.37 02a59229o0936c 0x000000   -5.000000
59229.634227 19.841877      NaN   -77    14 c    0   5.16 212.2558 -30.55755  1268.29  7317.53 2.35 2.23 -46.8 -0.427    19.63 21.39 02a59229o0948c 0x000000   -5.500000
59229.655225 20.103715      NaN  -117    11 c    0   4.52 212.2558 -30.55755  1246.24  7432.06 2.45 2.36 -31.4 -0.412    19.60 21.40 02a59229o0993c 0x000000  -10.636364
59231.626721 20.207197      NaN   -98    10 c    0   3.28 212.2558 -30.55755  7386.47  7009.93 3.32 2.80 -81.7 -0.364    19.41 21.53 01a59231o0798c 0x000000   -9.800000
59231.629946 20.103715      NaN   -60    11 c    0   2.51 212.2558 -30.55755  7365.85  6970.73 3.63 3.03 -79.7 -0.350    19.34 21.53 01a59231o0805c 0x000000   -5.454545
59231.636851 19.922338      NaN  -124    13 c    0   1.66 212.2558 -30.55755  7428.29  7047.41 3.90 3.49 -83.1 -0.361    19.27 21.52 01a59231o0820c 0x000000   -9.538462
59231.655311 20.207197      NaN  -111    10 c    0   3.77 212.2558 -30.55755  7451.43  6931.78 3.09 2.78 -83.7 -0.365    19.46 21.47 01a59231o0860c 0x000000  -11.100000
59253.611204 20.103715      NaN  -163    11 c    0   3.10 212.2558 -30.55755  3132.26  5281.79 3.12 3.00  27.8 -0.385    19.23 21.33 02a59253o0589c 0x000000  -14.818182
59253.613492 19.051202      NaN   -91    29 c    0   1.52 212.2558 -30.55755  3151.47  5320.41 2.54 2.46  26.5 -0.389    18.38 20.19 02a59253o0594c 0x000000   -3.137931
59253.616236 16.620775      NaN -1713   272 c    0   2.04 212.2558 -30.55755  3093.58  5243.34 3.26 3.15  35.0 -0.378    15.84 17.96 02a59253o0600c 0x100002   -6.297794
59253.656338 20.009244      NaN  -179    12 c    0   1.81 212.2558 -30.55755  7477.91  5188.11 2.87 2.63  45.9 -0.372    19.49 21.32 02a59253o0623c 0x000000  -14.916667
59255.594194 20.207197      NaN   -90    10 c    0   2.47 212.2558 -30.55755  7064.16  9735.68 2.99 2.94   0.5 -0.332    19.46 21.92 01a59255o0818c 0x000000   -9.000000
59255.596036 20.103715      NaN   -36    11 c    0   4.66 212.2558 -30.55755  7044.92  9696.16 3.13 3.05  24.7 -0.317    19.44 21.93 01a59255o0822c 0x000000   -3.272727
59255.599721 20.321591      NaN   -97     9 c    0   5.22 212.2558 -30.55755  7105.02  9773.42 2.72 2.70  55.0 -0.333    19.56 21.90 01a59255o0830c 0x000000  -10.777778
59255.605730 20.321591      NaN  -151     9 c    0   4.50 212.2558 -30.55755  7127.23  9656.07 2.94 2.91 -58.0 -0.299    19.54 21.90 01a59255o0843c 0x000000  -16.777778
59257.595742 20.103715      NaN  -141    11 c    0   4.11 212.2558 -30.55755  3125.28  5282.01 2.81 2.51  35.8 -0.382    19.57 21.64 02a59257o0840c 0x000000  -12.818182
59257.598058 20.207197      NaN  -135    10 c    0   6.94 212.2558 -30.55755  3143.87  5322.18 2.82 2.51  34.3 -0.380    19.58 21.64 02a59257o0845c 0x000000  -13.500000
59257.601262 20.594452      NaN  -141     7 c    0   6.33 212.2558 -30.55755  3086.19  5243.88 2.88 2.52  33.9 -0.379    19.60 21.64 02a59257o0852c 0x000000  -20.142857
59257.606752 20.321591      NaN  -187     9 c    0   5.52 212.2558 -30.55755  3067.33  5361.20 2.85 2.37  31.4 -0.376    19.59 21.63 02a59257o0864c 0x000000  -20.777778
59259.588293 20.009244      NaN   -39    12 c    0   2.64 212.2558 -30.55755  9384.56  5130.34 2.67 2.60 -59.4 -0.374    19.69 21.66 01a59259o0641c 0x000000   -3.250000
59259.591999 20.207197      NaN   -53    10 c    0   4.20 212.2558 -30.55755  9364.64  5091.55 2.68 2.51 -80.9 -0.386    19.72 21.68 01a59259o0649c 0x000000   -5.300000
59259.597073 20.449472      NaN  -102     8 c    0   5.97 212.2558 -30.55755  9424.50  5167.26 2.70 2.56 -80.5 -0.368    19.70 21.67 01a59259o0660c 0x000000  -12.750000
59259.603074 20.321591      NaN  -142     9 c    0   4.20 212.2558 -30.55755  9443.71  5050.29 2.67 2.52 -81.2 -0.384    19.71 21.66 01a59259o0673c 0x000000  -15.777778
59261.583372 20.321591      NaN   -53     9 c    0   7.90 212.2558 -30.55755  1530.35   932.76 2.43 2.26 -70.5 -0.430    19.63 21.50 02a59261o0810c 0x000000   -5.888889
59261.586579 20.449472      NaN   -63     8 c    0  16.05 212.2558 -30.55755  1550.79   971.25 2.40 2.26 -73.6 -0.427    19.64 21.50 02a59261o0817c 0x100001   -7.875000
59261.592547 20.039830      NaN     5    10 c    0  11.26 212.2558 -30.55755  1490.41   892.32 2.46 2.25 -63.5 -0.432    19.67 21.52 02a59261o0830c 0x100001    0.500000
59261.602589 20.321591      NaN   -66     9 c    0   3.77 212.2558 -30.55755  1470.71  1010.74 2.39 2.33  82.9 -0.426    19.64 21.53 02a59261o0851c 0x000000   -7.333333
59263.588868 17.156927      NaN  -116   166 c    0   0.82 212.2558 -30.55755  9423.91  5167.29 2.64 2.55 -15.6 -0.368    17.48 19.56 01a59263o0688c 0x100002   -0.698795
59267.637955 20.449472      NaN   -75     8 c    0   9.36 212.2558 -30.55755  3401.75  9486.48 2.69 2.40 -60.7 -0.377    19.70 21.83 01a59267o0797c 0x000000   -9.375000
59267.642101 20.449472      NaN   -92     8 c    0   7.12 212.2558 -30.55755  3421.31  9523.57 2.89 2.59 -63.7 -0.369    19.63 21.79 01a59267o0806c 0x000000  -11.500000
59267.647651 20.321591      NaN  -175     9 c    0   3.74 212.2558 -30.55755  3364.46  9444.80 2.73 2.40 -57.3 -0.374    19.67 21.75 01a59267o0818c 0x000000  -19.444444
59267.665532 18.757738      NaN  -166    38 c    0   1.51 212.2558 -30.55755  3351.94  9560.28 2.86 2.56 -58.9 -0.359    18.22 18.97 01a59267o0856c 0x100002   -4.368421
59293.600969 20.321591      NaN  -126     9 c    0   3.75 212.2558 -30.55755  5394.11  3450.75 2.62 2.33  49.2 -0.388    19.52 21.27 02a59293o0375c 0x000000  -14.000000
59293.605545 20.594452      NaN  -150     7 c    0   5.58 212.2558 -30.55755  5375.58  3412.38 2.61 2.33  50.4 -0.389    19.50 21.26 02a59293o0385c 0x000000  -21.428571
59293.613344 20.103715      NaN   -20    11 c    0   5.55 212.2558 -30.55755  5434.98  3492.24 2.73 2.45  50.6 -0.381    19.38 21.23 02a59293o0402c 0x000000   -1.818182
59293.624391 20.009244      NaN   -79    12 c    0   3.06 212.2558 -30.55755  5454.49  3377.28 2.75 2.40  48.7 -0.387    19.39 21.21 02a59293o0426c 0x000000   -6.583333
59293.648844 19.256669      NaN   -68    24 c    0   2.42 212.2558 -30.55755  5417.96  3432.69 2.75 2.43  52.9 -0.384    18.68 19.89 02a59293o0479c 0x000000   -2.833333
59311.494098 20.103715      NaN  -150    11 c    0   4.18 212.2558 -30.55755  9095.92  5495.10 2.72 2.66 -85.6 -0.371    19.50 21.23 01a59311o0596c 0x000000  -13.636364
59311.497340 20.207197      NaN   -69    10 c    0   6.61 212.2558 -30.55755  9114.98  5533.01 2.86 2.71 -82.0 -0.369    19.62 21.38 01a59311o0603c 0x000000   -6.900000
59311.502894 20.207197      NaN  -121    10 c    0   3.63 212.2558 -30.55755  9059.04  5453.05 2.82 2.74  20.3 -0.355    19.65 21.38 01a59311o0615c 0x000000  -12.100000
59311.537362 19.510313      NaN  -122    19 c    0   1.97 212.2558 -30.55755  9039.74  5566.77 2.94 2.85  72.1 -0.364    18.87 20.55 01a59311o0689c 0x000000   -6.421053
59315.472374 20.321591      NaN   -14     9 c    0   9.64 212.2558 -30.55755  7717.57  1124.50 2.55 2.28 -21.7 -0.374    19.76 21.26 01a59315o0548c 0x000000   -1.555556
59315.475601 20.321591      NaN  -129     9 c    0   7.04 212.2558 -30.55755  7738.23  1162.76 2.60 2.32 -17.9 -0.365    19.77 21.28 01a59315o0555c 0x000000  -14.333333
59315.481224 20.449472      NaN   -97     8 c    0  11.17 212.2558 -30.55755  7677.67  1083.08 2.59 2.34 -17.3 -0.366    19.75 21.27 01a59315o0567c 0x100001  -12.125000
59315.516685 19.922338      NaN  -105    13 c    0   5.68 212.2558 -30.55755  7657.41  1195.82 2.33 2.26 -16.5 -0.404    19.76 21.27 01a59315o0643c 0x000000   -8.076923
59319.465200 20.321591      NaN   -55     9 c    0  23.21 212.2558 -30.55755  7715.50  1122.30 2.53 2.39 -27.3 -0.385    19.77 21.35 01a59319o0532c 0x100001   -6.111111
59319.495076 20.207197      NaN   -62    10 c    0   4.11 212.2558 -30.55755  7739.23  1155.38 2.80 2.60 -20.0 -0.344    19.64 21.34 01a59319o0596c 0x000000   -6.200000
59319.523588 20.207197      NaN   -53    10 c    0   4.89 212.2558 -30.55755  7677.91  1075.46 2.51 2.48 -45.8 -0.404    19.63 21.25 01a59319o0657c 0x000000   -5.300000
59319.548504 20.103715      NaN  -145    11 c    0   2.48 212.2558 -30.55755  7664.48  1192.71 2.74 2.68 -43.3 -0.393    19.50 21.19 01a59319o0710c 0x000000  -13.181818
59323.472383 20.449472      NaN  -112     8 c    0   7.21 212.2558 -30.55755  1335.36  7410.05 2.66 2.39 -72.3 -0.360    19.67 21.34 01a59323o0536c 0x000000  -14.000000
59323.476567 20.321591      NaN  -185     9 c    0   8.81 212.2558 -30.55755  1355.50  7446.93 2.33 2.11 -68.9 -0.385    19.79 21.38 01a59323o0545c 0x000000  -20.555556
59323.483081 20.449472      NaN  -144     8 c    0  11.12 212.2558 -30.55755  1297.38  7370.31 2.46 2.14 -67.5 -0.385    19.78 21.36 01a59323o0559c 0x100001  -18.000000
59323.518461 20.009244      NaN  -156    12 c    0   2.90 212.2558 -30.55755  1281.60  7484.30 3.03 2.79 -58.8 -0.339    19.49 21.25 01a59323o0635c 0x000000  -13.000000
59337.385219 20.594452      NaN  -115     7 c    0   9.10 212.2558 -30.55755  3212.42  3541.97 2.38 2.27  31.3 -0.398    19.63 21.42 02a59337o0344c 0x000000  -16.428571
59337.387054 20.103715      NaN   -64    11 c    0   4.43 212.2558 -30.55755  3232.36  3581.13 2.33 2.32 -63.7 -0.400    19.60 21.42 02a59337o0348c 0x000000   -5.818182
59337.392998 20.009244      NaN  -112    12 c    0   3.31 212.2558 -30.55755  3169.66  3503.96 2.33 2.24  32.6 -0.402    19.41 21.24 02a59337o0361c 0x000000   -9.333333
59337.403074 19.766969      NaN   -60    15 c    0   2.07 212.2558 -30.55755  3150.56  3619.67 2.34 2.27  25.7 -0.404    19.18 20.97 02a59337o0383c 0x000000   -4.000000
59349.370059 19.766969      NaN  -222    15 c    0   2.87 212.2558 -30.55755   783.55  9503.48 3.50 3.08 -54.1 -0.423    19.18 21.21 02a59349o0277c 0x000000  -14.800000
59349.373260 19.922338      NaN  -132    13 c    0   3.57 212.2558 -30.55755   763.96  9465.88 2.91 2.66 -46.5 -0.438    19.30 21.23 02a59349o0284c 0x000000  -10.153846
59349.378818 19.454622      NaN    -7    20 c    0   1.50 212.2558 -30.55755   823.09  9545.19 4.22 3.77 -54.3 -0.413    18.93 21.20 02a59349o0296c 0x000000   -0.350000
59349.415490 19.841877      NaN  -100    14 c    0   3.60 212.2558 -30.55755   848.93  9429.50 3.08 2.76 -48.8 -0.446    19.22 21.11 02a59349o0322c 0x000000   -7.142857
59367.344080 20.321591      NaN  -145     9 c    0   8.53 212.2558 -30.55755  7349.65  7512.91 2.50 2.20 -69.2 -0.396    19.80 21.55 01a59367o0238c 0x000000  -16.111111
59367.347306 20.449472      NaN   -67     8 c    0   8.02 212.2558 -30.55755  7370.17  7551.42 2.46 2.18 -74.5 -0.398    19.84 21.55 01a59367o0245c 0x000000   -8.375000
59367.353766 20.594452      NaN  -117     7 c    0  10.90 212.2558 -30.55755  7312.85  7472.96 2.40 2.16 -71.1 -0.408    19.83 21.57 01a59367o0259c 0x100001  -16.714286
59367.364364 20.321591      NaN  -142     9 c    0   7.52 212.2558 -30.55755  7295.67  7588.10 2.36 2.13 -71.6 -0.405    19.84 21.58 01a59367o0282c 0x000000  -15.777778
59371.339173 19.950541 0.285720    38    10 c    0  16.09 212.2558 -30.55755  5731.11  1223.25 2.55 2.46 -25.4 -0.383    19.78 21.55 01a59371o0223c 0x100001    3.800000
59371.342393 20.103715      NaN   -78    11 c    0   3.38 212.2558 -30.55755  5751.66  1262.29 3.00 2.81 -26.2 -0.348    19.60 21.53 01a59371o0230c 0x000000   -7.090909
59371.348389 20.449472      NaN  -101     8 c    0  11.48 212.2558 -30.55755  5692.35  1184.05 2.54 2.41 -10.4 -0.372    19.70 21.53 01a59371o0243c 0x100001  -12.625000
59371.361330 20.449472      NaN  -117     8 c    0   8.16 212.2558 -30.55755  5674.22  1300.08 2.55 2.49 -20.9 -0.381    19.67 21.50 01a59371o0271c 0x000000  -14.625000
59379.334374 20.207197      NaN   -81    10 c    0   6.91 212.2558 -30.55755  1221.98  3730.97 2.23 2.09  88.9 -0.400    19.80 21.50 01a59379o0209c 0x000000   -8.100000
59379.337599 20.449472      NaN   -53     8 c    0  12.27 212.2558 -30.55755  1242.94  3768.21 2.15 2.08 -83.9 -0.394    19.84 21.52 01a59379o0216c 0x100001   -6.625000
59379.343124 20.449472      NaN  -152     8 c    0  13.56 212.2558 -30.55755  1182.02  3691.85 2.23 2.06 -88.4 -0.404    19.83 21.51 01a59379o0228c 0x100001  -19.000000
59379.353740 20.321591      NaN   -77     9 c    0  17.87 212.2558 -30.55755  1164.32  3807.55 2.24 2.04 -87.8 -0.409    19.79 21.45 01a59379o0251c 0x100001   -8.555556
59405.260161 19.454622      NaN   -91    20 c    0   4.02 212.2558 -30.55755  5409.85  7102.82 2.56 2.31  51.4 -0.397    18.65 20.04 02a59405o0036c 0x000000   -4.550000
59405.263826 18.786693      NaN  -113    37 c    0   1.32 212.2558 -30.55755  5390.61  7064.65 2.59 2.32  50.5 -0.390    18.37 19.84 02a59405o0044c 0x100002   -3.054054
59405.269337 18.878500      NaN   -76    34 c    0   2.73 212.2558 -30.55755  5448.24  7144.02 2.56 2.30  50.4 -0.392    17.97 19.49 02a59405o0056c 0x100002   -2.235294
59405.279880 19.212347      NaN  -121    25 c    0   2.85 212.2558 -30.55755  5466.97  7032.58 2.73 2.29  45.2 -0.384    18.88 20.45 02a59405o0079c 0x000000   -4.840000
59409.268258 20.103715      NaN  -120    11 c    0   3.23 212.2558 -30.55755  5412.71  7107.07 2.57 2.50 -73.4 -0.391    19.31 20.85 02a59409o0055c 0x000000  -10.909091
59409.272385 20.009244      NaN   -51    12 c    0   6.43 212.2558 -30.55755  5393.37  7067.89 2.55 2.44  63.1 -0.390    19.38 20.88 02a59409o0064c 0x000000   -4.250000
59409.279255 20.009244      NaN  -154    12 c    0   2.68 212.2558 -30.55755  5451.33  7145.74 2.63 2.51  63.7 -0.389    19.37 20.89 02a59409o0079c 0x000000  -12.833333
59409.289831 19.841877      NaN  -119    14 c    0   3.38 212.2558 -30.55755  5473.30  7031.23 2.59 2.48  74.2 -0.390    19.32 20.87 02a59409o0102c 0x000000   -8.500000
59427.250345 19.841877      NaN   -46    14 c    0   2.31 212.2558 -30.55755  3183.51  3575.53 2.86 2.70  89.4 -0.346    19.17 20.51 01a59427o0035c 0x000000   -3.285714
59427.254032 20.009244      NaN   -70    12 c    0   4.13 212.2558 -30.55755  3202.87  3613.14 2.65 2.57 -88.0 -0.349    19.35 20.84 01a59427o0043c 0x000000   -5.833333
59427.259564 19.401649 0.189573    63    11 c    0   5.94 212.2558 -30.55755  3142.63  3535.47 2.93 2.82  84.1 -0.327    19.32 20.96 01a59427o0055c 0x000000    5.727273
59427.271090 19.841877      NaN  -103    14 c    0   1.96 212.2558 -30.55755  3124.44  3651.00 2.82 2.69 -78.8 -0.353    19.34 20.92 01a59427o0080c 0x000000   -7.357143
59431.242226 19.089302      NaN  -169    28 c    0   1.16 212.2558 -30.55755  3178.17  3579.04 2.43 2.29 -69.9 -0.356    18.42 18.97 01a59431o0021c 0x000000   -6.035714
59431.245447 19.696897      NaN   -99    16 c    0   3.42 212.2558 -30.55755  3199.85  3615.72 2.40 2.32  78.9 -0.369    18.95 19.77 01a59431o0028c 0x000000   -6.187500
59431.251898 20.103715      NaN  -139    11 c    0   5.34 212.2558 -30.55755  3139.74  3537.13 2.46 2.29 -86.8 -0.372    19.41 20.72 01a59431o0042c 0x000000  -12.636364
59431.262060 20.103715      NaN  -142    11 c    0   3.23 212.2558 -30.55755  3121.03  3651.80 2.61 2.43 -89.1 -0.374    19.47 21.05 01a59431o0064c 0x000000  -12.909091
59435.253180 20.103715      NaN   -14    11 c    0   4.36 212.2558 -30.55755  3257.70  7246.44 2.29 2.17 -48.4 -0.384    19.53 21.04 01a59435o0008c 0x000000   -1.272727
59435.256402 20.321591      NaN  -121     9 c    0   9.13 212.2558 -30.55755  3277.63  7284.12 2.26 2.12 -57.6 -0.382    19.64 21.15 01a59435o0015c 0x000000  -13.444444
59435.264237 20.321591      NaN   -54     9 c    0   8.38 212.2558 -30.55755  3218.43  7206.68 2.36 2.19 -72.3 -0.391    19.61 21.19 01a59435o0032c 0x000000   -6.000000
59435.278533 20.009244      NaN   -69    12 c    0  11.39 212.2558 -30.55755  3199.29  7320.43 2.58 2.34 -66.1 -0.388    19.48 21.16 01a59435o0063c 0x100001   -5.750000