         MJD         m       dm   uJy  duJy F  err  chi/N        RA      Dec        x        y  maj  min   phi  apfit  mag5sig   Sky            Obs     Mask  __tmp_SN
57817.667044 16.326541      NaN   266   268 c    0   1.29 257.54654 21.64906  9344.46  7934.73 3.82 3.37 -89.3 -0.580    17.83 18.16 02a57817o0712c 0x100002  0.992537
57833.625089 19.302877      NaN   -30    23 c    0   1.26 257.54654 21.64906  9804.66  8396.04 3.92 3.52 -84.0 -0.427    18.77 20.38 02a57833o0703c 0x100002 -1.304348
57833.639350 19.302877      NaN   -47    23 c    0   1.33 257.54654 21.64906   123.69  8383.47 3.82 3.44  32.7 -0.438    18.77 20.27 02a57833o0723c 0x100002 -2.043478
57833.643417 19.256669      NaN    -1    24 c    0   1.39 257.54654 21.64906  9825.04  8438.55 3.65 3.20 -77.6 -0.423    18.72 20.15 02a57833o0729c 0x100002 -0.041667
57833.656906 16.094460      NaN   557   256 c    0   1.21 257.54654 21.64906   161.40  8424.98 3.79 3.43  35.6 -0.523    17.39 17.52 02a57833o0749c 0x100002  2.175781
57841.607550 19.454622      NaN   -12    20 c    0   0.99 257.54654 21.64906   930.02  5958.60 3.92 3.64  57.5 -0.424    19.05 20.96 02a57841o0682c 0x000000 -0.600000
57841.625838 19.696897      NaN    -5    16 c    0   1.11 257.54654 21.64906  9535.01  4451.31 4.02 3.65 -89.4 -0.404    19.02 20.98 02a57841o0709c 0x000000 -0.312500
57841.643309 18.693037      NaN    40    27 c    0   0.99 257.54654 21.64906  9605.58  4533.47 3.91 3.56 -86.0 -0.418    18.53 19.85 02a57841o0736c 0x100002  1.481481
57893.493236 20.103715      NaN   -25    11 c    0   1.40 257.54654 21.64906  9155.89  5384.72 3.46 3.00  25.3 -0.475    19.64 21.72 02a57893o0461c 0x000000 -2.272727
57893.522773 20.009244      NaN   -20    12 c    0   1.61 257.54654 21.64906  9136.26  5349.02 3.05 2.50  61.1 -0.485    19.74 21.45 02a57893o0511c 0x000000 -1.666667
57893.533099 19.979496      NaN     1    12 c    0   1.36 257.54654 21.64906  9189.91  5426.91 3.14 2.62  59.9 -0.472    19.65 21.42 02a57893o0527c 0x000000  0.083333
57893.544966 20.009244      NaN   -16    12 c    0   1.50 257.54654 21.64906  9210.53  5311.82 3.04 2.52  60.3 -0.482    19.72 21.39 02a57893o0547c 0x000000 -1.333333
57893.570365 20.009244      NaN   -17    12 c    0   1.37 257.54654 21.64906  9174.85  5370.65 3.16 2.64  61.4 -0.467    19.68 21.30 02a57893o0589c 0x000000 -1.416667
57901.469551 20.594452      NaN   -15     7 c    0   2.07 257.54654 21.64906   571.34  3891.50 2.58 2.28  14.0 -0.466    19.88 21.78 02a57901o0361c 0x000000 -2.142857
57901.472090 19.816329      NaN    19     8 c    0   1.56 257.54654 21.64906 10234.88  3899.75 2.73 2.67 -83.0 -0.442    19.88 21.78 02a57901o0366c 0x000000  2.375000
57901.486508 20.594452      NaN   -19     7 c    0   2.22 257.54654 21.64906   551.95  3853.32 2.47 2.22  22.1 -0.465    19.92 21.77 02a57901o0391c 0x000000 -2.714286
57901.499987 20.594452      NaN   -24     7 c    0   2.31 257.54654 21.64906   605.41  3934.30 2.52 2.23  17.8 -0.464    19.87 21.76 02a57901o0414c 0x000000 -3.428571
57901.501389 20.207197      NaN   -11    10 c    0   1.48 257.54654 21.64906 10215.41  3864.54 2.76 2.65  58.2 -0.442    19.91 21.78 02a57901o0416c 0x000000 -1.100000
57901.510821 19.766969      NaN    15    10 c    0   1.39 257.54654 21.64906 10268.36  3943.25 2.80 2.64  75.0 -0.453    19.83 21.77 02a57901o0432c 0x000000  1.500000
57901.522263 20.321591      NaN   -17     9 c    0   1.68 257.54654 21.64906   625.56  3813.40 2.59 2.28  21.3 -0.465    19.88 21.76 02a57901o0453c 0x000000 -1.888889
57901.535054 20.321591      NaN   -13     9 c    0   1.62 257.54654 21.64906 10290.59  3828.92 2.90 2.73 -88.5 -0.455    19.83 21.78 02a57901o0474c 0x000000 -1.444444
57901.536006 20.594452      NaN    -2     7 c    0   1.54 257.54654 21.64906   593.02  3874.44 2.53 2.27  20.5 -0.471    19.83 21.72 02a57901o0475c 0x000000 -0.285714
57901.545562 19.351140      NaN   -44    22 c    0   1.22 257.54654 21.64906 10254.44  3884.18 2.79 2.69  77.2 -0.455    19.01 20.75 02a57901o0492c 0x000000 -2.000000
57983.316580 20.594452      NaN    -4     7 c    0   2.29 257.54654 21.64906   488.90  3680.89 2.37 2.21  44.3 -0.440    19.88 21.81 02a57983o0166c 0x000000 -0.571429
57983.328881 20.761819      NaN   -14     6 c    0   2.03 257.54654 21.64906   474.73  3641.32 2.38 2.22  44.8 -0.444    19.87 21.75 02a57983o0188c 0x000000 -2.333333
57983.329853 20.449472      NaN    -4     8 c    0   1.83 257.54654 21.64906 10135.81  3685.58 2.53 2.45  68.6 -0.465    19.88 21.78 02a57983o0190c 0x000000 -0.500000
57983.337433 20.449472      NaN   -14     8 c    0   1.81 257.54654 21.64906 10118.92  3645.55 2.54 2.43  75.2 -0.467    19.87 21.77 02a57983o0205c 0x000000 -1.750000
57983.337919 20.039830      NaN    14     7 c    0   2.56 257.54654 21.64906   531.43  3716.17 2.41 2.25  45.2 -0.439    19.82 21.72 02a57983o0206c 0x000000  2.000000
57983.338402 20.594452      NaN   -36     7 c    0   2.14 257.54654 21.64906   549.17  3599.30 2.42 2.26  42.8 -0.438    19.88 21.72 02a57983o0207c 0x000000 -5.142857
57983.349777 20.594452      NaN   -24     7 c    0   3.04 257.54654 21.64906 10194.50  3608.47 2.54 2.45  78.8 -0.466    19.83 21.72 02a57983o0229c 0x000000 -3.428571
57983.350260 20.449472      NaN    -4     8 c    0   2.39 257.54654 21.64906 10175.74  3724.96 2.55 2.46  75.2 -0.461    19.88 21.72 02a57983o0230c 0x000000 -0.500000
58019.240364 20.171596      NaN     4     9 c    0   2.67 257.54654 21.64906  3940.90  9957.00 2.59 2.44   2.4 -0.445    19.73 21.40 02a58019o0056c 0x000000  0.444444
58019.248962 20.207197      NaN   -14    10 c    0   1.48 257.54654 21.64906  8067.43   268.37 2.59 2.42  60.3 -0.414    19.78 21.48 02a58019o0072c 0x000000 -1.400000
58019.249418 20.321591      NaN   -20     9 c    0   2.30 257.54654 21.64906  3922.74  9916.26 2.60 2.46 -10.2 -0.447    19.74 21.43 02a58019o0073c 0x000000 -2.222222
58019.257425 20.207197      NaN   -13    10 c    0   1.45 257.54654 21.64906  8049.54   227.28 2.60 2.42  57.2 -0.408    19.78 21.51 02a58019o0089c 0x000000 -1.300000
58019.257881 20.039830      NaN     2    11 c    0   1.78 257.54654 21.64906  3976.21  9993.47 2.56 2.41  -5.1 -0.450    19.72 21.45 02a58019o0090c 0x000000  0.181818
58019.265856 19.841877      NaN   -11    14 c    0   1.13 257.54654 21.64906  8103.43   306.21 2.65 2.49  57.2 -0.409    19.73 21.53 02a58019o0106c 0x000000 -0.785714
58019.266313 20.137125      NaN     2    10 c    0   1.39 257.54654 21.64906  3994.83  9875.39 2.58 2.44  -7.4 -0.451    19.74 21.46 02a58019o0107c 0x000000  0.200000
58019.274235 19.609992      NaN    22    10 c    0   2.22 257.54654 21.64906  8122.80   188.16 2.66 2.46  55.8 -0.408    19.76 21.51 02a58019o0123c 0x000000  2.200000
58227.603146 18.944322      NaN    -8    32 c    0   1.03 257.54654 21.64906  4730.81  7141.00 2.46 2.42 -43.4 -0.447    18.48 20.14 02a58227o0602c 0x100002 -0.250000
58227.617226 17.833722      NaN  -147    89 c    0   0.83 257.54654 21.64906  4709.60  7101.50 2.55 2.50 -27.0 -0.434    17.40 18.95 02a58227o0627c 0x100002 -1.651685
58227.631383 19.038793      NaN    22    22 c    0   1.05 257.54654 21.64906  4764.98  7179.35 2.60 2.57 -34.7 -0.438    18.84 20.21 02a58227o0648c 0x000000  1.000000
58259.520191 19.979496      NaN    13     8 c    0   2.28 257.54654 21.64906  5373.03  8070.82 2.58 2.46   3.0 -0.462    19.82 21.85 02a58259o0356c 0x000000  1.625000
58259.532349 19.922338      NaN    15     8 c    0   2.11 257.54654 21.64906  5354.31  8031.69 2.50 2.37   0.6 -0.454    19.83 21.79 02a58259o0380c 0x000000  1.875000
58259.542133 20.449472      NaN    -6     8 c    0   1.94 257.54654 21.64906  5408.80  8109.84 2.60 2.48   1.3 -0.453    19.80 21.79 02a58259o0399c 0x000000 -0.750000
58259.552371 19.609992      NaN    25     9 c    0   1.05 257.54654 21.64906  5424.62  7993.19 2.57 2.45  -9.3 -0.457    19.80 21.82 02a58259o0418c 0x000000  2.777778
58279.503867 19.719755      NaN    14    11 c    0   1.43 257.54654 21.64906  5296.32  7931.75 2.58 2.41 -34.2 -0.427    19.62 21.45 02a58279o0540c 0x000000  1.272727
58279.513388 20.207197      NaN   -10    10 c    0   1.49 257.54654 21.64906  5279.02  7893.69 2.61 2.43 -37.2 -0.427    19.57 21.42 02a58279o0559c 0x000000 -1.000000
58279.522320 20.207197      NaN    -8    10 c    0   2.07 257.54654 21.64906  5332.95  7971.33 2.62 2.48 -30.3 -0.430    19.53 21.38 02a58279o0578c 0x000000 -0.800000
58279.531564 20.244005      NaN     2     9 c    0   1.87 257.54654 21.64906  5350.82  7854.39 2.65 2.47 -36.0 -0.422    19.55 21.42 02a58279o0596c 0x000000  0.222222
58287.472505 20.244005      NaN     5     8 c    0   1.80 257.54654 21.64906  2594.38  8120.12 2.54 2.36 -25.8 -0.421    19.84 21.84 02a58287o0465c 0x000000  0.625000
58287.482743 20.071303      NaN     7     9 c    0   1.72 257.54654 21.64906  2575.83  8081.24 2.50 2.34 -16.1 -0.432    19.83 21.85 02a58287o0487c 0x000000  0.777778
58287.492354 19.816329      NaN    13    10 c    0   1.37 257.54654 21.64906  2630.68  8158.21 2.58 2.41 -25.7 -0.421    19.61 21.62 02a58287o0506c 0x000000  1.300000
58287.502669 20.449472      NaN   -22     8 c    0   1.70 257.54654 21.64906  2649.39  8041.62 2.64 2.48 -13.2 -0.429    19.74 21.78 02a58287o0528c 0x000000 -2.750000
58307.449878 20.282105 0.348987    28     9 c    0   1.80 257.54654 21.64906  3224.46  7985.94 2.71 2.56 -39.4 -0.420    19.72 21.82 02a58307o0354c 0x000000  3.111111
58307.460698 19.791368      NaN    17     9 c    0   3.29 257.54654 21.64906  3205.66  7947.75 2.66 2.47 -27.6 -0.434    19.72 21.77 02a58307o0376c 0x000000  1.888889
58307.473540 20.449472      NaN   -15     8 c    0   2.16 257.54654 21.64906  3268.35  8020.94 2.58 2.42 -21.0 -0.430    19.75 21.68 02a58307o0400c 0x000000 -1.875000
58307.486867 20.321591      NaN   -33     9 c    0   1.43 257.54654 21.64906  3287.67  7903.31 2.66 2.53 -30.0 -0.427    19.65 21.63 02a58307o0424c 0x000000 -3.666667
58311.451104 19.743105      NaN    19     9 c    0   1.82 257.54654 21.64906  2169.67 10364.52 2.81 2.63 -28.2 -0.390    19.66 21.64 02a58311o0428c 0x000000  2.111111
58311.453056 20.321591      NaN   -14     9 c    0   1.70 257.54654 21.64906  6231.19   644.22 2.67 2.60  61.5 -0.415    19.70 21.68 02a58311o0432c 0x000000 -1.555556
58311.462258 19.510313      NaN    24    11 c    0   1.24 257.54654 21.64906  2151.32 10325.30 2.90 2.72 -29.8 -0.394    19.63 21.58 02a58311o0451c 0x000000  2.181818
58311.464185 20.321591      NaN   -20     9 c    0   1.65 257.54654 21.64906  6212.57   605.12 2.73 2.63  50.5 -0.410    19.69 21.63 02a58311o0455c 0x000000 -2.222222
58311.473550 20.321591      NaN    -2     9 c    0   1.67 257.54654 21.64906  2205.22 10402.45 2.84 2.68 -28.8 -0.395    19.61 21.54 02a58311o0474c 0x000000 -0.222222
58311.475475 20.321591      NaN   -16     9 c    0   1.77 257.54654 21.64906  6266.28   683.86 2.68 2.63  86.8 -0.409    19.64 21.59 02a58311o0478c 0x000000 -1.777778
58311.484963 20.207197      NaN    -3    10 c    0   1.55 257.54654 21.64906  2226.96 10281.40 2.83 2.56  -4.3 -0.418    19.62 21.47 02a58311o0497c 0x000000 -0.300000
58311.486821 20.449472      NaN   -47     8 c    0   1.75 257.54654 21.64906  6286.46   566.58 2.70 2.64  64.3 -0.415    19.62 21.53 02a58311o0501c 0x000000 -5.875000
58315.431323 20.321591      NaN    -8     9 c    0   1.36 257.54654 21.64906  4128.72  7323.55 2.65 2.49 -36.3 -0.421    19.70 21.75 02a58315o0389c 0x000000 -0.888889
58315.444454 20.321591      NaN     3     8 c    0   2.12 257.54654 21.64906  4111.33  7284.67 2.64 2.46 -42.4 -0.420    19.73 21.71 02a58315o0413c 0x000000  0.375000
58315.458180 20.321591      NaN   -14     9 c    0   1.44 257.54654 21.64906  4164.80  7361.83 2.69 2.53 -38.3 -0.418    19.67 21.67 02a58315o0438c 0x000000 -1.555556
58315.471308 19.841877      NaN    12    10 c    0   1.20 257.54654 21.64906  4182.99  7245.00 2.73 2.53 -42.4 -0.410    19.65 21.61 02a58315o0462c 0x000000  1.200000
58331.451034 18.452558      NaN    58    31 c    0   1.81 257.54654 21.64906  3733.80  7574.86 3.02 2.69 -51.4 -0.380    18.26 19.40 02a58331o0444c 0x100002  1.870968
58331.473190 16.798167      NaN   345   116 c    0   0.95 257.54654 21.64906  3790.62  7615.21 3.01 2.75 -50.4 -0.411    17.06 18.11 02a58331o0490c 0x100002  2.974138
58331.484300 18.356290      NaN  -137    55 c    0   1.18 257.54654 21.64906  3811.65  7501.37 3.01 2.70 -46.2 -0.381    17.59 18.75 02a58331o0513c 0x100002 -2.490909
58335.391253 19.922338      NaN   -44    13 c    0   1.11 257.54654 21.64906  4861.99 10125.18 2.79 2.65 -30.5 -0.403    19.41 21.37 02a58335o0333c 0x000000 -3.384615
58335.393199 19.696897      NaN   -14    16 c    0   1.52 257.54654 21.64906  9016.29   443.37 2.64 2.57  60.3 -0.407    19.51 21.56 02a58335o0337c 0x000000 -0.875000
58335.401712 19.979496 0.322786    37    11 c    0   1.53 257.54654 21.64906  4845.40 10084.77 2.77 2.61 -22.5 -0.411    19.65 21.73 02a58335o0354c 0x000000  3.363636
58335.403689 19.696897      NaN   -62    16 c    0   1.30 257.54654 21.64906  8999.28   404.43 2.79 2.62  25.4 -0.414    19.45 21.45 02a58335o0358c 0x000000 -3.875000
58335.412253 19.510313      NaN    15    14 c    0   1.46 257.54654 21.64906  4900.42 10162.86 2.78 2.64 -20.8 -0.404    19.37 21.33 02a58335o0375c 0x000000  1.071429
58335.414303 20.103715      NaN   -20    11 c    0   2.11 257.54654 21.64906  9072.06   484.36 2.72 2.61  45.9 -0.408    19.62 21.68 02a58335o0379c 0x000000 -1.818182
58335.422669 20.171596      NaN     1    10 c    0   1.79 257.54654 21.64906  4919.86 10044.83 2.78 2.62 -21.6 -0.411    19.72 21.79 02a58335o0396c 0x000000  0.100000
58335.424734 20.207197      NaN    -9    10 c    0   1.99 257.54654 21.64906  9093.27   365.89 2.73 2.67  52.6 -0.395    19.69 21.84 02a58335o0400c 0x000000 -0.900000
58339.384155 18.079051      NaN    15    66 c    0   0.73 257.54654 21.64906  4268.34  9851.70 2.82 2.65 -41.4 -0.397    17.88 19.50 02a58339o0324c 0x100002  0.227273
58339.386005 17.837796      NaN    41    75 c    0   0.90 257.54654 21.64906  8419.71   164.84 2.64 2.56 -69.8 -0.394    17.86 19.46 02a58339o0328c 0x100002  0.546667
58339.394976 17.620292      NaN    49    92 c    0   1.36 257.54654 21.64906  4250.06  9812.46 2.84 2.69 -38.9 -0.393    17.42 18.97 02a58339o0346c 0x100002  0.532609
58339.396840 17.718109      NaN  -163    99 c    0   1.14 257.54654 21.64906  8383.83   125.38 2.64 2.59  88.3 -0.381    16.83 18.29 02a58339o0350c 0x100002 -1.646465
58339.406070 16.096100      NaN  -935   441 c    0   0.99 257.54654 21.64906  4306.05  9889.71 2.82 2.64 -34.3 -0.405    15.53 16.91 02a58339o0369c 0x100002 -2.120181
58339.407925 16.066153      NaN    37   441 c    0   0.95 257.54654 21.64906  8456.92   204.16 2.63 2.59  81.2 -0.401    15.87 17.29 02a58339o0373c 0x100002  0.083900
58339.417178 16.540028      NaN   -26   293 c    0   1.27 257.54654 21.64906  4325.91  9771.41 2.90 2.71 -30.4 -0.407    16.36 17.83 02a58339o0391c 0x100002 -0.088737
58339.419073 16.708013      NaN    60   231 c    0   1.32 257.54654 21.64906  8477.66    85.20 2.69 2.66 -34.7 -0.338    16.75 18.21 02a58339o0395c 0x100002  0.259740
58395.254077 16.954622 0.034382   600    19 c    0   1.96 257.54654 21.64906  3983.66  8999.90 2.81 2.57 -49.9 -0.394    18.90 20.53 02a58395o0120c 0x000000 31.578947
58395.264071 17.057018 0.055679   546    28 c    0   1.73 257.54654 21.64906  3967.27  8959.06 2.92 2.61 -52.3 -0.389    18.67 20.19 02a58395o0141c 0x100002 19.500000
58395.274104 16.961884 0.071046   596    39 c    0   1.47 257.54654 21.64906  4022.96  9036.33 2.80 2.52 -53.0 -0.394    18.11 19.40 02a58395o0162c 0x100002 15.282051
58395.284140 17.150406 0.075850   501    35 c    0   1.35 257.54654 21.64906  4042.51  8918.36 2.79 2.50 -49.9 -0.395    18.32 19.61 02a58395o0183c 0x100002 14.314286
58403.236769 14.892681      NaN  -225  1336 c    0   0.94 257.54654 21.64906  4021.03  7345.53 2.59 2.37 -52.0 -0.471    15.50 16.52 02a58403o0092c 0x100002 -0.168413
58403.246863 14.774231      NaN   699  1257 c    0   1.13 257.54654 21.64906  4002.73  7304.68 2.64 2.45 -50.2 -0.443    14.59 15.66 02a58403o0113c 0x100002  0.556086
58403.256838 17.403024 0.035553   397    13 c    0   1.67 257.54654 21.64906  4075.73  7380.80 2.49 2.36 -43.2 -0.442    19.48 20.94 02a58403o0134c 0x000000 30.538462
58403.266849 17.215145 0.036805   472    16 c    0   1.67 257.54654 21.64906  4095.41  7264.25 2.49 2.35 -45.1 -0.436    19.24 20.58 02a58403o0155c 0x000000 29.500000
58431.191905 17.626994 0.228576   323    68 c    0   1.10 257.54654 21.64906  2965.10 10431.94 2.76 2.45 -52.7 -0.399    17.68 18.28 02a58431o0022c 0x100002  4.750000
58431.192833 18.186107 0.191270   193    34 c    0   1.63 257.54654 21.64906  7057.68   730.27 2.55 2.30 -62.5 -0.429    18.06 18.74 02a58431o0024c 0x100002  5.676471
58431.196175 18.073966 0.136985   214    27 c    0   1.35 257.54654 21.64906  2948.35 10392.08 2.69 2.44 -50.1 -0.393    18.58 19.38 02a58431o0031c 0x100002  7.925926
58431.198004 18.039019 0.083518   221    17 c    0   1.32 257.54654 21.64906  7040.57   690.02 2.47 2.34 -70.0 -0.428    18.92 19.97 02a58431o0035c 0x000000 13.000000
58431.202780 18.431198 0.155105   154    22 c    0   0.98 257.54654 21.64906  3002.38 10470.51 2.62 2.46 -31.2 -0.394    19.23 20.45 02a58431o0045c 0x000000  7.000000
58431.205665 18.280067 0.085877   177    14 c    0   1.56 257.54654 21.64906  7094.12   768.86 2.45 2.42 -87.9 -0.428    19.41 20.79 02a58431o0051c 0x000000 12.642857
58431.211892 17.905150 0.060801   250    14 c    0   1.33 257.54654 21.64906  3023.86 10351.97 2.63 2.45 -22.6 -0.409    19.35 20.71 02a58431o0064c 0x000000 17.857143
58431.215646 18.323878 0.083027   170    13 c    0   2.06 257.54654 21.64906  7113.16   652.59 2.51 2.43  31.6 -0.434    19.39 20.85 02a58431o0072c 0x000000 13.076923
58575.596344 20.244005 0.299513    29     8 c    0   1.94 257.54654 21.64906  3741.49  5938.85 2.34 2.30 -41.5 -0.409    19.74 21.80 02a58575o0534c 0x000000  3.625000
58575.608332 20.449472      NaN    -7     8 c    0   1.94 257.54654 21.64906  3759.17  5980.90 2.40 2.31 -51.8 -0.411    19.70 21.82 02a58575o0552c 0x000000 -0.875000
58575.618192 20.321591      NaN     6     7 c    0   2.20 257.54654 21.64906  3704.62  5900.36 2.30 2.27 -58.8 -0.413    19.75 21.80 02a58575o0571c 0x000000  0.857143
58575.627378 20.449472      NaN    -4     8 c    0   2.22 257.54654 21.64906  3686.72  6018.45 2.33 2.29 -40.8 -0.411    19.73 21.77 02a58575o0589c 0x000000 -0.500000
58579.578822 20.009244 0.301593    36    10 c    0   1.39 257.54654 21.64906  2704.74  7872.34 2.50 2.37  49.6 -0.400    19.75 21.72 02a58579o0742c 0x000000  3.600000
58579.597334 19.816329      NaN    13    10 c    0   1.39 257.54654 21.64906  2722.24  7911.15 2.50 2.41  36.0 -0.403    19.71 21.74 02a58579o0771c 0x000000  1.300000
58579.608148 19.950541      NaN    11     9 c    0   1.79 257.54654 21.64906  2671.31  7833.27 2.43 2.40  21.1 -0.409    19.71 21.75 02a58579o0790c 0x000000  1.222222
58579.617734 20.321591      NaN    -4     9 c    0   1.51 257.54654 21.64906  2654.22  7952.00 2.44 2.40   5.6 -0.405    19.71 21.74 02a58579o0808c 0x000000 -0.444444
58583.543911 20.103715      NaN   -45    11 c    0   1.92 257.54654 21.64906 10485.70  1998.08 3.05 2.42 -52.3 -0.410    19.59 21.62 02a58583o0570c 0x000000 -4.090909
58583.549545 19.696897      NaN   -32    16 c    0   1.11 257.54654 21.64906 10502.74  2037.03 3.15 2.60 -55.3 -0.407    19.53 21.64 02a58583o0580c 0x000000 -2.000000
58583.551401 19.950541 0.285720    38    10 c    0   1.47 257.54654 21.64906  1039.45  2022.75 2.91 2.60 -49.5 -0.419    19.51 21.61 02a58583o0583c 0x000000  3.800000
58583.559951 19.367717      NaN    26    13 c    0   1.31 257.54654 21.64906 10450.79  1962.42 3.63 3.08 -52.4 -0.385    19.39 21.63 02a58583o0597c 0x000000  2.000000
58583.561694 19.950541      NaN     8    10 c    0   1.55 257.54654 21.64906  1056.33  2064.42 3.29 2.94 -57.1 -0.390    19.42 21.61 02a58583o0600c 0x000000  0.800000
58603.541196 19.922338      NaN   -18    13 c    0   1.36 257.54654 21.64906  1852.28  8524.58 2.50 2.09 -43.5 -0.444    19.60 21.54 02a58603o0657c 0x000000 -1.384615
58603.547127 19.791368      NaN     8    12 c    0   1.57 257.54654 21.64906  1829.05  8482.88 2.45 2.16 -39.7 -0.424    19.60 21.53 02a58603o0668c 0x000000  0.666667
58603.556796 19.510313      NaN    18    13 c    0   1.24 257.54654 21.64906  1882.32  8563.67 2.59 2.12 -46.3 -0.433    19.60 21.50 02a58603o0688c 0x000000  1.384615
58603.570470 20.009244      NaN    -2    12 c    0   1.63 257.54654 21.64906  1892.61  8444.40 2.61 2.25 -42.9 -0.444    19.51 21.38 02a58603o0713c 0x000000 -0.166667
58607.554318 20.039830 0.279189    35     9 c    0   1.39 257.54654 21.64906  4918.81  4625.05 2.82 2.62 -40.7 -0.389    19.63 21.71 02a58607o0666c 0x000000  3.888889
58607.562176 20.207197      NaN   -36    10 c    0   1.46 257.54654 21.64906  4898.17  4586.90 3.17 3.01 -49.4 -0.399    19.46 21.66 02a58607o0682c 0x000000 -3.600000
58607.568946 20.039830      NaN     8     9 c    0   1.36 257.54654 21.64906  4950.52  4663.50 2.91 2.74 -50.0 -0.388    19.59 21.69 02a58607o0696c 0x000000  0.888889
58607.580980 20.171596      NaN     1    10 c    0   1.15 257.54654 21.64906  4967.26  4550.05 2.52 2.39 -52.3 -0.400    19.72 21.65 02a58607o0721c 0x000000  0.100000
58611.517293 20.009244 0.211115    36     7 c    0   3.24 257.54654 21.64906   259.58  6813.59 2.44 2.28 -45.3 -0.399    19.84 21.87 02a58611o0535c 0x000000  5.142857
58611.537599 19.979496      NaN    13     8 c    0   1.22 257.54654 21.64906   233.86  6772.52 2.35 2.21 -43.4 -0.398    19.85 21.83 02a58611o0568c 0x000000  1.625000
58611.539823 20.071303      NaN    10     8 c    0   1.45 257.54654 21.64906   291.68  6849.17 2.38 2.20 -38.3 -0.404    19.86 21.84 02a58611o0572c 0x000000  1.250000
58611.547669 20.362567      NaN     2     8 c    0   1.93 257.54654 21.64906   310.20  6732.47 2.32 2.20 -42.8 -0.401    19.83 21.85 02a58611o0586c 0x000000  0.250000
58611.548808 20.321591      NaN   -13     9 c    0   1.61 257.54654 21.64906 10264.32  6809.18 2.62 2.54 -77.6 -0.414    19.85 21.87 02a58611o0588c 0x000000 -1.444444
58611.551403 20.171596 0.280190    31     8 c    0   1.93 257.54654 21.64906 10242.84  6769.45 2.62 2.56 -73.9 -0.413    19.90 21.85 02a58611o0592c 0x000000  3.875000
58611.560031 19.589310      NaN    23    10 c    0   0.92 257.54654 21.64906 10298.71  6846.77 2.70 2.59 -72.7 -0.411    19.87 21.85 02a58611o0606c 0x000000  2.300000
58611.588315 20.321591      NaN    -2     9 c    0   1.69 257.54654 21.64906 10308.25  6731.81 2.79 2.57 -60.4 -0.412    19.86 21.83 02a58611o0654c 0x000000 -0.222222
58635.451568 20.594452      NaN    -2     7 c    0   2.27 257.54654 21.64906   930.84   764.86 2.66 2.27 -55.8 -0.433    19.88 21.95 02a58635o0454c 0x000000 -0.285714
58635.455534 20.321591      NaN     6     7 c    0   1.81 257.54654 21.64906   909.64   725.16 2.78 2.29 -55.7 -0.419    19.84 21.94 02a58635o0462c 0x000000  0.857143
58635.461626 20.761819      NaN   -21     6 c    0   2.26 257.54654 21.64906   968.24   803.74 2.64 2.29 -56.5 -0.425    19.88 21.94 02a58635o0473c 0x000000 -3.500000
58635.482117 20.449472      NaN     0     8 c    0   1.08 257.54654 21.64906   979.10   687.43 2.66 2.25 -59.8 -0.433    19.85 21.95 02a58635o0513c 0x000000  0.000000
58639.416428 20.321591      NaN    -4     9 c    0   2.04 257.54654 21.64906  9664.88  9810.61 2.97 2.61 -55.4 -0.383    19.83 21.93 02a58639o0334c 0x000000 -0.444444
58639.432449 20.207197      NaN    -9    10 c    0   1.09 257.54654 21.64906  9688.61  9853.56 2.93 2.52 -56.3 -0.379    19.78 21.86 02a58639o0362c 0x000000 -0.900000
58639.445288 20.009244      NaN   -20    12 c    0   1.32 257.54654 21.64906  9628.81  9776.30 2.92 2.63 -54.2 -0.377    19.55 21.64 02a58639o0387c 0x000000 -1.666667
58639.451022 19.401649      NaN     3    20 c    0   1.60 257.54654 21.64906   986.77   684.51 2.74 2.31 -57.7 -0.430    19.02 20.88 02a58639o0397c 0x000000  0.150000
58663.411754 19.868040      NaN    14     9 c    0   1.07 257.54654 21.64906  4667.87  9091.01 2.42 2.36 -47.7 -0.425    19.87 21.93 02a58663o0351c 0x000000  1.555556
58663.417934 20.207197      NaN     6     8 c    0   2.11 257.54654 21.64906  4641.03  9048.57 2.48 2.42  10.9 -0.408    19.85 21.93 02a58663o0363c 0x000000  0.750000
58663.421305 20.321591      NaN   -33     9 c    0   1.96 257.54654 21.64906  4698.69  9127.31 2.49 2.47  -5.5 -0.411    19.86 21.93 02a58663o0369c 0x000000 -3.666667
58663.432455 20.321591      NaN   -12     9 c    0   1.68 257.54654 21.64906  4712.29  9010.76 2.51 2.44  28.9 -0.410    19.87 21.91 02a58663o0391c 0x000000 -1.333333
58667.401159 20.761819      NaN    -8     6 c    0   2.36 257.54654 21.64906  4930.89  2502.77 2.41 2.27  47.3 -0.405    19.86 22.02 02a58667o0142c 0x000000 -1.333333
58667.423004 20.362567      NaN     5     7 c    0   1.51 257.54654 21.64906  4903.80  2463.44 2.44 2.29  54.8 -0.401    19.83 21.94 02a58667o0185c 0x000000  0.714286
58667.427965 20.449472      NaN   -30     8 c    0   1.61 257.54654 21.64906  4962.23  2540.92 2.38 2.31  70.1 -0.400    19.83 21.93 02a58667o0195c 0x000000 -3.750000
58667.438156 20.449472      NaN    -6     8 c    0   1.28 257.54654 21.64906  4980.27  2424.97 2.36 2.29 -74.9 -0.403    19.85 21.91 02a58667o0214c 0x000000 -0.750000
58691.453368 20.362567 0.292314    26     7 c    0   2.96 257.54654 21.64906  7222.81  2896.59 2.67 2.63  39.3 -0.387    19.64 21.72 02a58691o0360c 0x000000  3.714286
58691.456603 20.449472      NaN   -23     8 c    0   1.79 257.54654 21.64906  7204.66  2857.02 2.63 2.59  50.4 -0.380    19.60 21.70 02a58691o0367c 0x000000 -2.875000
58691.461268 20.071303      NaN    10     8 c    0   2.18 257.54654 21.64906  7263.65  2935.15 2.61 2.58  55.9 -0.385    19.62 21.67 02a58691o0377c 0x000000  1.250000
58691.471367 20.244005 0.299513    29     8 c    0   1.85 257.54654 21.64906  7286.51  2816.95 2.77 2.52 -55.7 -0.385    19.56 21.59 02a58691o0398c 0x000000  3.625000
58699.277930 20.103715      NaN     6     9 c    0   2.10 257.54654 21.64906 10435.66  5707.02 3.03 2.62 -66.0 -0.407    19.57 21.55 02a58699o0098c 0x000000  0.666667
58699.297946 19.841877      NaN   -24    14 c    0   1.24 257.54654 21.64906   134.01  4830.50 2.54 2.27 -52.0 -0.375    18.91 20.83 02a58699o0132c 0x000000 -1.714286
58699.301105 19.766969      NaN   -14    15 c    0   1.50 257.54654 21.64906   192.60  4907.78 2.51 2.29 -58.0 -0.381    19.12 21.06 02a58699o0138c 0x000000 -0.933333
58699.303994 20.321591      NaN    -9     9 c    0   1.32 257.54654 21.64906 10164.90  4867.80 2.71 2.45 -67.1 -0.414    19.71 21.91 02a58699o0144c 0x000000 -1.000000
58699.352602 20.449472      NaN    -6     8 c    0   1.88 257.54654 21.64906 10127.57  4828.76 2.88 2.83  71.5 -0.388    19.71 22.04 02a58699o0164c 0x000000 -0.750000
58699.355510 19.766969      NaN   -28    15 c    0   1.15 257.54654 21.64906 10186.37  4906.41 2.89 2.84  88.3 -0.393    18.90 21.05 02a58699o0170c 0x000000 -1.866667
58699.360770 20.009244      NaN   -27    12 c    0   1.43 257.54654 21.64906 10205.07  4790.77 2.86 2.85 -77.3 -0.386    19.16 21.42 02a58699o0180c 0x000000 -2.250000
58703.355493 20.137125      NaN     2    10 c    0   2.31 257.54654 21.64906   136.44  4876.47 2.45 2.30 -50.5 -0.360    19.31 20.57 02a58703o0252c 0x000000  0.200000
58703.358477 20.207197      NaN    -3    10 c    0   2.76 257.54654 21.64906   115.52  4837.68 2.50 2.27 -51.0 -0.367    19.30 20.56 02a58703o0258c 0x000000 -0.300000
58703.365264 19.510313      NaN    21    12 c    0   2.05 257.54654 21.64906   174.99  4915.67 2.51 2.37 -58.3 -0.365    19.27 20.56 02a58703o0271c 0x000000  1.750000
58703.370953 20.103715      NaN   -21    11 c    0   1.67 257.54654 21.64906 10136.81  4877.67 2.71 2.56 -58.0 -0.410    19.33 20.64 02a58703o0282c 0x000000 -1.909091
58703.376200 20.009244      NaN    -3    12 c    0   1.70 257.54654 21.64906 10118.26  4837.10 2.72 2.60 -40.6 -0.410    19.34 20.64 02a58703o0291c 0x000000 -0.250000
58703.378067 19.472870      NaN    20    13 c    0   1.29 257.54654 21.64906   196.68  4796.56 2.62 2.41 -52.1 -0.377    19.24 20.54 02a58703o0295c 0x000000  1.538462
58703.379928 19.287255      NaN    28    14 c    0   1.33 257.54654 21.64906 10177.81  4915.83 2.75 2.65 -40.4 -0.409    19.31 20.64 02a58703o0299c 0x000000  2.000000
58703.390871 19.922338      NaN     3    12 c    0   1.54 257.54654 21.64906 10198.05  4798.07 2.68 2.55 -44.5 -0.413    19.36 20.64 02a58703o0319c 0x000000  0.250000
58707.268047 18.933071      NaN    25    24 c    0   1.35 257.54654 21.64906  3446.89  9627.27 2.89 2.49 -42.6 -0.406    18.82 19.83 02a58707o0089c 0x100002  1.041667
58707.272299 18.910912      NaN    36    21 c    0   1.40 257.54654 21.64906  3468.27  9663.68 2.60 2.25 -43.1 -0.443    18.94 19.83 02a58707o0097c 0x000000  1.714286
58707.289395 18.921935      NaN    44    18 c    0   1.62 257.54654 21.64906  7186.05   991.08 2.65 2.27 -61.1 -0.401    18.82 19.83 02a58707o0133c 0x000000  2.444444
58707.295070 19.569016      NaN   -26    18 c    0   1.64 257.54654 21.64906  7209.70   879.11 2.61 2.28 -57.8 -0.416    18.87 19.82 02a58707o0145c 0x000000 -1.444444
58723.383508 20.405150      NaN     1     8 c    0   1.81 257.54654 21.64906  2969.83  2611.76 2.47 2.32  53.5 -0.398    19.66 21.61 02a58723o0277c 0x000000  0.125000
58723.386490 20.594452      NaN   -23     7 c    0   2.27 257.54654 21.64906  2950.00  2572.44 2.51 2.38  53.1 -0.398    19.62 21.58 02a58723o0283c 0x000000 -3.285714
58723.393003 19.589310      NaN    23    10 c    0   1.69 257.54654 21.64906  3012.29  2647.34 2.50 2.44  64.8 -0.399    19.61 21.51 02a58723o0297c 0x000000  2.300000
58723.405366 20.207197      NaN   -26    10 c    0   1.84 257.54654 21.64906  3035.47  2531.77 2.64 2.55  52.0 -0.383    19.51 21.36 02a58723o0322c 0x000000 -2.600000
58727.277122 20.362567      NaN     2     8 c    0   1.28 257.54654 21.64906  2973.52  2611.18 2.54 2.33  46.1 -0.397    19.81 21.94 02a58727o0079c 0x000000  0.250000
58727.281381 20.449472      NaN   -24     8 c    0   1.30 257.54654 21.64906  2954.03  2572.90 2.51 2.30  50.3 -0.403    19.83 22.00 02a58727o0087c 0x000000 -3.000000
58727.289268 20.449472      NaN   -22     8 c    0   1.43 257.54654 21.64906  3006.24  2655.71 2.42 2.28  56.7 -0.403    19.84 21.97 02a58727o0103c 0x000000 -2.750000
58727.299445 20.449472      NaN   -20     8 c    0   1.72 257.54654 21.64906  3028.34  2535.51 2.59 2.54  73.6 -0.400    19.77 21.96 02a58727o0123c 0x000000 -2.500000
58755.265184 20.009244      NaN    -7    12 c    0   1.55 257.54654 21.64906  2746.15  9202.73 2.42 2.36  60.2 -0.401    19.42 21.04 02a58755o0139c 0x000000 -0.583333
58755.268476 19.922338      NaN   -12    13 c    0   1.24 257.54654 21.64906  2728.07  9163.17 2.45 2.28 -34.9 -0.422    19.47 21.10 02a58755o0146c 0x000000 -0.923077
58755.274035 19.436675      NaN    22    13 c    0   1.96 257.54654 21.64906  2785.20  9240.52 2.53 2.44  64.7 -0.391    19.12 20.75 02a58755o0158c 0x000000  1.692308
58755.286974 19.696897      NaN   -23    16 c    0   1.83 257.54654 21.64906  2808.31  9121.68 2.40 2.39   3.5 -0.403    19.02 20.57 02a58755o0186c 0x000000 -1.437500
58779.220762 20.449472      NaN   -26     8 c    0   2.34 257.54654 21.64906  7931.92  4454.88 2.56 2.30  36.8 -0.380    19.54 21.10 02a58779o0083c 0x000000 -3.250000
58779.223581 20.207197      NaN   -25    10 c    0   1.71 257.54654 21.64906  7912.37  4414.84 2.59 2.39  37.9 -0.381    19.55 21.08 02a58779o0089c 0x000000 -2.500000
58779.229615 20.282105      NaN     1     9 c    0   2.52 257.54654 21.64906  7970.78  4492.99 2.58 2.35  37.2 -0.378    19.51 21.03 02a58779o0102c 0x000000  0.111111
58779.241081 20.207197      NaN    -8    10 c    0   1.75 257.54654 21.64906  7991.90  4377.32 2.56 2.36  36.3 -0.378    19.46 20.95 02a58779o0127c 0x000000 -0.800000
58871.603370 20.009244      NaN   -26    12 c    0   1.49 257.54654 21.64906  5641.89  8067.65 2.79 2.48  29.3 -0.388    19.37 21.06 02a58871o0818c 0x000000 -2.166667
58871.606129 19.841877      NaN   -30    14 c    0   1.35 257.54654 21.64906  5660.84  8106.57 2.88 2.58  27.8 -0.386    19.37 21.07 02a58871o0824c 0x000000 -2.142857
58871.615729 19.472870      NaN    20    13 c    0   1.36 257.54654 21.64906  5604.07  8028.09 2.80 2.51  29.5 -0.389    19.43 21.12 02a58871o0843c 0x000000  1.538462
58871.636517 20.207197      NaN   -24    10 c    0   2.31 257.54654 21.64906  5580.28  8146.24 2.62 2.45  26.8 -0.399    19.57 21.24 02a58871o0886c 0x000000 -2.400000
58879.569481 13.398421      NaN  4901  3657 c    0   1.48 257.54654 21.64906 10001.11  1710.79 3.13 2.83   3.4 -0.379    15.01 17.06 02a58879o0749c 0x100002  1.340170
58879.572736 16.678148      NaN   -99   258 c    0   0.98 257.54654 21.64906 10020.38  1748.15 3.15 2.87 -22.0 -0.378    17.16 19.13 02a58879o0756c 0x100002 -0.383721
58879.577961 19.014394      NaN   -50    30 c    0   1.40 257.54654 21.64906  9963.72  1672.05 2.88 2.50 -45.9 -0.402    18.63 20.55 02a58879o0767c 0x100002 -1.666667
58879.587000 17.785989      NaN   -80    93 c    0   1.23 257.54654 21.64906   134.99  1720.01 2.59 2.49 -62.1 -0.387    18.61 20.48 02a58879o0786c 0x100002 -0.860215
58879.587915 17.613631      NaN    27   100 c    0   1.42 257.54654 21.64906  9938.95  1788.60 2.64 2.43 -33.4 -0.411    16.66 18.53 02a58879o0788c 0x100002  0.270000
58879.590773 16.457979      NaN  -368   316 c    0   0.93 257.54654 21.64906   155.36  1759.54 3.01 2.37 -54.1 -0.395    15.27 17.18 02a58879o0794c 0x100002 -1.164557
58879.606345 14.672739      NaN -2349  1636 c    0   1.24 257.54654 21.64906    72.23  1793.15 2.57 2.49 -70.3 -0.391    15.46 17.27 02a58879o0826c 0x100002 -1.435819
58879.678307 17.456271      NaN  -164   126 c    0   0.70 257.54654 21.64906  9984.62  1734.31 2.58 2.19 -55.2 -0.448    16.90 17.82 02a58879o0968c 0x100002 -1.301587
58903.610812 20.321591      NaN   -21     9 c    0   1.71 257.54654 21.64906 10420.25  5696.89 2.94 2.48 -59.5 -0.430    19.80 21.82 02a58903o0749c 0x000000 -2.333333
58903.614504 20.321591      NaN   -20     9 c    0   1.40 257.54654 21.64906 10437.47  5736.48 2.83 2.45 -57.9 -0.428    19.80 21.82 02a58903o0756c 0x000000 -2.222222
58903.620873 20.321591      NaN   -27     9 c    0   1.66 257.54654 21.64906 10379.67  5660.48 2.96 2.46 -57.8 -0.424    19.79 21.81 02a58903o0768c 0x000000 -3.000000
58903.623641 20.449472      NaN    -3     8 c    0   1.55 257.54654 21.64906   412.76  5712.02 2.32 2.20 -37.1 -0.388    19.78 21.76 02a58903o0774c 0x000000 -0.375000
58903.627569 20.282105      NaN     4     8 c    0   1.73 257.54654 21.64906   429.94  5751.39 2.36 2.23 -29.8 -0.394    19.75 21.77 02a58903o0782c 0x000000  0.500000
58903.634967 19.868040      NaN    17     8 c    0   1.29 257.54654 21.64906   373.46  5672.25 2.33 2.17 -45.5 -0.380    19.82 21.78 02a58903o0798c 0x000000  2.125000
58903.635424 20.449472      NaN   -50     8 c    0   1.40 257.54654 21.64906 10358.02  5778.56 2.85 2.41 -61.3 -0.423    19.80 21.83 02a58903o0799c 0x000000 -6.250000
58903.644816 20.449472      NaN    -6     8 c    0   1.95 257.54654 21.64906   353.66  5788.91 2.43 2.13 -48.8 -0.387    19.83 21.80 02a58903o0817c 0x000000 -0.750000
58903.665141 19.302877      NaN   -82    23 c    0   0.88 257.54654 21.64906 10407.82  5723.09 2.89 2.44 -58.4 -0.441    18.98 20.10 02a58903o0855c 0x100002 -3.565217
58903.666514 19.401649      NaN   -16    21 c    0   1.02 257.54654 21.64906   402.36  5733.22 2.46 2.08 -55.8 -0.418    18.61 19.65 02a58903o0858c 0x000000 -0.761905
58911.564734 20.594452      NaN    -8     7 c    0   2.74 257.54654 21.64906  3431.09  9623.61 2.47 2.43 -37.7 -0.393    19.68 21.72 02a58911o0571c 0x000000 -1.142857
58911.567487 20.362567      NaN     2     8 c    0   1.96 257.54654 21.64906  3450.14  9663.57 2.44 2.40 -41.4 -0.392    19.72 21.73 02a58911o0577c 0x000000  0.250000
58911.577556 20.207197      NaN   -24    10 c    0   1.40 257.54654 21.64906  3391.53  9585.40 2.45 2.38 -37.7 -0.400    19.78 21.76 02a58911o0597c 0x000000 -2.400000
58911.583077 20.321591      NaN    -1     9 c    0   1.82 257.54654 21.64906  3370.38  9703.03 2.38 2.27 -44.9 -0.403    19.81 21.80 02a58911o0609c 0x000000 -0.111111
58959.491553 20.207197      NaN     6     8 c    0   1.82 257.54654 21.64906  7832.98  1364.20 2.34 2.31 -63.8 -0.401    19.70 21.41 02a58959o0535c 0x000000  0.750000
58959.500244 19.894850      NaN    16     8 c    0   1.62 257.54654 21.64906  7865.05  1399.11 2.38 2.26 -68.3 -0.406    19.68 21.45 02a58959o0553c 0x000000  2.000000
58959.513621 20.362567      NaN     2     8 c    0   2.48 257.54654 21.64906  7797.64  1326.62 2.38 2.20 -58.0 -0.406    19.69 21.39 02a58959o0578c 0x000000  0.250000
58959.521391 20.321591      NaN   -31     9 c    0   1.56 257.54654 21.64906  7779.63  1445.63 2.40 2.28 -34.6 -0.402    19.69 21.39 02a58959o0594c 0x000000 -3.444444
58963.496453 18.459772      NaN   -59    50 c    0   1.20 257.54654 21.64906  6538.97  5935.67 2.60 2.35  42.3 -0.393    17.71 19.31 02a58963o0575c 0x100002 -1.180000
58963.499283 17.183409      NaN  -145   162 c    0   1.33 257.54654 21.64906  6559.10  5973.94 2.71 2.50  41.8 -0.388    16.66 18.23 02a58963o0581c 0x100002 -0.895062
58963.502026 18.243872      NaN   -24    61 c    0   1.03 257.54654 21.64906  6500.84  5898.40 2.63 2.45  43.7 -0.398    17.65 19.27 02a58963o0587c 0x100002 -0.393443
58963.507657 15.970684      NaN -1341   495 c    0   0.94 257.54654 21.64906  6480.34  6014.98 2.76 2.50  41.2 -0.397    15.49 17.04 02a58963o0599c 0x100002 -2.709091
58967.488605 20.449472      NaN   -29     8 c    0   1.46 257.54654 21.64906  6539.66  5937.22 2.53 2.34  41.2 -0.399    19.71 21.53 02a58967o0542c 0x000000 -3.625000
58967.490892 20.449472      NaN   -21     8 c    0   1.66 257.54654 21.64906  6558.88  5975.61 2.49 2.33  39.9 -0.404    19.75 21.52 02a58967o0547c 0x000000 -2.625000
58967.495021 20.321591      NaN   -20     9 c    0   1.92 257.54654 21.64906  6501.03  5899.78 2.52 2.33  40.9 -0.405    19.73 21.54 02a58967o0556c 0x000000 -2.222222
58967.500142 20.594452      NaN   -11     7 c    0   2.59 257.54654 21.64906  6480.92  6015.91 2.60 2.43  48.5 -0.400    19.67 21.54 02a58967o0567c 0x000000 -1.571429
58971.558041 20.449472      NaN   -22     8 c    0   2.16 257.54654 21.64906  4868.52   548.44 2.44 2.27 -72.5 -0.411    19.74 21.65 02a58971o0669c 0x000000 -2.750000
58971.561250 20.449472      NaN   -34     8 c    0   1.57 257.54654 21.64906  4849.56   508.44 2.46 2.29 -69.8 -0.405    19.74 21.62 02a58971o0676c 0x000000 -4.250000
58971.566903 20.321591      NaN    -9     9 c    0   1.71 257.54654 21.64906  4910.80   589.45 2.39 2.25 -88.1 -0.411    19.76 21.64 02a58971o0688c 0x000000 -1.000000
58971.586635 20.405150      NaN     1     8 c    0   1.57 257.54654 21.64906  4930.80   469.58 2.42 2.28 -79.5 -0.400    19.76 21.58 02a58971o0727c 0x000000  0.125000
58971.623073 19.652575      NaN     5    15 c    0   1.14 257.54654 21.64906  4890.85   527.29 2.38 2.23 -88.4 -0.406    19.24 20.43 02a58971o0800c 0x000000  0.333333
58987.499263 20.321591      NaN    -2     9 c    0   1.35 257.54654 21.64906  9105.13   845.95 2.65 2.23 -57.9 -0.413    19.77 21.83 02a58987o0573c 0x000000 -0.222222
58987.507908 20.594452      NaN    -5     7 c    0   2.73 257.54654 21.64906  9085.22   811.05 2.70 2.21 -56.3 -0.416    19.77 21.82 02a58987o0590c 0x000000 -0.714286
58987.510799 20.594452      NaN   -10     7 c    0   2.11 257.54654 21.64906  9145.36   890.12 2.68 2.26 -55.8 -0.413    19.78 21.83 02a58987o0596c 0x000000 -1.428571
58987.522060 20.449472      NaN    -5     8 c    0   2.45 257.54654 21.64906  9166.37   772.51 2.66 2.18 -55.3 -0.412    19.80 21.81 02a58987o0618c 0x000000 -0.625000
58991.537797 20.282105      NaN     7     7 c    0   2.32 257.54654 21.64906  9098.00   853.96 2.59 2.22 -54.1 -0.416    19.77 21.79 02a58991o0147c 0x000000  1.000000
58991.541000 19.868040      NaN    17     8 c    0   1.93 257.54654 21.64906  9078.89   814.70 2.48 2.14 -57.2 -0.416    19.80 21.77 02a58991o0154c 0x000000  2.125000
58991.547402 20.449472      NaN   -23     8 c    0   2.09 257.54654 21.64906  9137.65   894.64 2.50 2.11 -54.5 -0.420    19.81 21.75 02a58991o0168c 0x000000 -2.875000
58991.567155 20.207197      NaN    -5    10 c    0   1.33 257.54654 21.64906  9159.73   774.33 2.65 2.22 -52.4 -0.415    19.81 21.83 02a58991o0210c 0x000000 -0.500000
58995.470503 20.594452      NaN   -15     7 c    0   2.41 257.54654 21.64906  2170.99  6669.46 2.35 2.27 -51.4 -0.422    19.77 21.69 02a58995o0499c 0x000000 -2.142857
58995.473374 20.207197      NaN   -44    10 c    0   1.22 257.54654 21.64906  2153.05  6633.48 2.38 2.31 -41.5 -0.413    19.75 21.67 02a58995o0505c 0x000000 -4.400000
58995.483439 20.321591      NaN    -1     9 c    0   1.29 257.54654 21.64906  2210.61  6711.50 2.37 2.34 -56.5 -0.411    19.76 21.69 02a58995o0525c 0x000000 -0.111111
58995.489092 20.594452      NaN   -28     7 c    0   2.03 257.54654 21.64906  2229.40  6593.42 2.35 2.32 -60.5 -0.415    19.78 21.70 02a58995o0537c 0x000000 -4.000000
59023.354077 20.449472      NaN    -1     8 c    0   1.28 257.54654 21.64906  2086.41  1659.18 2.45 2.24 -58.2 -0.413    19.86 21.86 02a59023o0226c 0x000000 -0.125000
59023.355907 20.761819      NaN   -11     6 c    0   2.60 257.54654 21.64906  2105.29  1699.61 2.47 2.24 -58.3 -0.413    19.89 21.87 02a59023o0230c 0x000000 -1.833333
59023.359148 20.594452      NaN   -22     7 c    0   2.33 257.54654 21.64906  2046.08  1621.85 2.63 2.43 -59.7 -0.406    19.79 21.89 02a59023o0237c 0x000000 -3.142857
59023.364261 20.594452      NaN    -8     7 c    0   1.86 257.54654 21.64906  2028.13  1739.81 2.40 2.26 -59.4 -0.411    19.88 21.88 02a59023o0248c 0x000000 -1.142857
59043.388848 19.589310      NaN    26     9 c    0   1.70 257.54654 21.64906  2883.83   653.87 2.57 2.26 -56.2 -0.424    19.73 21.72 02a59043o0256c 0x000000  2.888889
59043.392606 20.449472      NaN    -6     8 c    0   1.79 257.54654 21.64906  2862.14   612.97 2.47 2.30 -89.7 -0.412    19.69 21.75 02a59043o0264c 0x000000 -0.750000
59043.398191 20.449472      NaN    -9     8 c    0   1.48 257.54654 21.64906  2922.51   692.75 2.64 2.35 -58.8 -0.417    19.76 21.82 02a59043o0276c 0x000000 -1.125000
59043.411263 20.321591      NaN   -21     9 c    0   1.77 257.54654 21.64906  2940.06   573.20 2.45 2.26 -69.1 -0.417    19.78 21.75 02a59043o0304c 0x000000 -2.333333
59047.382382 20.321591      NaN   -11     9 c    0   1.40 257.54654 21.64906  2886.99   656.05 2.44 2.29 -78.4 -0.417    19.67 21.80 02a59047o0192c 0x000000 -1.222222
59047.387516 20.103715      NaN     0    11 c    0   1.53 257.54654 21.64906  2866.87   616.13 2.44 2.28 -80.9 -0.417    19.38 21.39 02a59047o0203c 0x000000  0.000000
59047.390724 20.244005      NaN     2     9 c    0   1.47 257.54654 21.64906  2927.46   693.77 2.49 2.30 -63.8 -0.427    19.55 21.67 02a59047o0210c 0x000000  0.222222
59047.410619 20.103715      NaN   -31    11 c    0   1.41 257.54654 21.64906  2947.36   575.12 2.42 2.27 -80.4 -0.416    19.48 21.48 02a59047o0253c 0x000000 -2.818182
59051.367993 20.594452      NaN   -33     7 c    0   2.17 257.54654 21.64906  2082.49  4744.36 2.25 2.21  88.1 -0.422    19.80 21.92 02a59051o0274c 0x000000 -4.714286
59051.371202 20.594452      NaN   -12     7 c    0   2.16 257.54654 21.64906  2063.40  4707.78 2.26 2.23 -89.3 -0.423    19.82 21.92 02a59051o0281c 0x000000 -1.714286
59051.381044 20.761819      NaN    -1     6 c    0   2.34 257.54654 21.64906  2122.17  4782.71 2.29 2.25 -83.7 -0.423    19.79 21.90 02a59051o0302c 0x000000 -0.166667
59051.386570 20.761819      NaN   -10     6 c    0   1.99 257.54654 21.64906  2141.16  4664.82 2.30 2.25 -75.5 -0.422    19.79 21.89 02a59051o0314c 0x000000 -1.666667
59071.292271 20.449472      NaN   -10     8 c    0   1.82 257.54654 21.64906  4916.41  2512.30 2.34 2.27 -84.0 -0.398    19.80 21.82 02a59071o0127c 0x000000 -1.250000
59071.295641 20.321591      NaN     3     8 c    0   1.52 257.54654 21.64906  4897.12  2473.89 2.35 2.27 -82.7 -0.400    19.81 21.83 02a59071o0134c 0x000000  0.375000
59071.303440 20.594452      NaN   -11     7 c    0   2.33 257.54654 21.64906  4956.32  2549.82 2.32 2.25 -88.2 -0.399    19.81 21.88 02a59071o0151c 0x000000 -1.571429
59071.316268 20.594452      NaN   -22     7 c    0   2.55 257.54654 21.64906  4975.63  2433.32 2.36 2.28 -78.4 -0.396    19.81 21.91 02a59071o0178c 0x000000 -3.142857
59075.318385 20.321591      NaN   -17     9 c    0   1.99 257.54654 21.64906   538.76  8859.62 2.37 2.06 -51.5 -0.447    19.79 21.82 02a59075o0170c 0x000000 -1.888889
59075.322092 20.207197      NaN   -16    10 c    0   1.57 257.54654 21.64906   519.43  8820.63 2.40 2.14 -51.9 -0.440    19.73 21.82 02a59075o0178c 0x000000 -1.600000
59075.328526 19.979496      NaN    10     9 c    0   2.67 257.54654 21.64906   576.82  8897.23 2.37 2.14 -48.9 -0.442    19.78 21.79 02a59075o0192c 0x000000  1.111111
59075.329895 20.321591      NaN    -5     9 c    0   1.72 257.54654 21.64906 10418.74  8872.14 2.81 2.71 -49.8 -0.386    19.79 21.82 02a59075o0195c 0x000000 -0.555556
59075.333111 20.071303      NaN     7     9 c    0   1.82 257.54654 21.64906 10401.18  8831.87 2.79 2.76 -62.1 -0.379    19.77 21.81 02a59075o0202c 0x000000  0.777778
59075.339562 20.449472      NaN   -18     8 c    0   2.46 257.54654 21.64906 10460.47  8911.23 2.79 2.70 -50.1 -0.392    19.80 21.79 02a59075o0216c 0x000000 -2.250000
59075.342306 20.449472      NaN    -9     8 c    0   2.02 257.54654 21.64906   598.90  8778.30 2.48 2.24 -52.2 -0.442    19.71 21.72 02a59075o0222c 0x000000 -1.125000
59075.350562 20.321591      NaN   -52     9 c    0   2.49 257.54654 21.64906 10479.12  8795.57 2.81 2.65 -41.9 -0.391    19.76 21.73 02a59075o0240c 0x000000 -5.777778
59079.264777 20.321591      NaN    -8     9 c    0   1.36 257.54654 21.64906   549.02  8863.37 2.51 2.19 -53.7 -0.438    19.78 21.82 02a59079o0079c 0x000000 -0.888889
59079.269873 20.449472      NaN   -30     8 c    0   1.93 257.54654 21.64906   529.33  8823.34 2.45 2.25 -50.5 -0.429    19.73 21.83 02a59079o0090c 0x000000 -3.750000
59079.273531 20.321591      NaN   -24     9 c    0   1.88 257.54654 21.64906   587.31  8900.88 2.41 2.13 -53.2 -0.449    19.77 21.83 02a59079o0098c 0x000000 -2.666667
59079.276747 20.039830      NaN    11     8 c    0   2.12 257.54654 21.64906 10430.47  8870.79 2.75 2.69 -55.0 -0.386    19.81 21.86 02a59079o0105c 0x000000  1.375000
59079.279599 20.449472      NaN   -20     8 c    0   2.00 257.54654 21.64906 10410.49  8831.29 2.77 2.77 -52.6 -0.381    19.79 21.86 02a59079o0111c 0x000000 -2.500000
59079.283738 20.207197      NaN   -17    10 c    0   1.16 257.54654 21.64906   609.01  8784.94 2.47 2.22 -54.3 -0.436    19.78 21.83 02a59079o0120c 0x000000 -1.700000
59079.285567 20.207197      NaN   -23    10 c    0   1.43 257.54654 21.64906 10470.72  8913.62 2.87 2.70 -57.9 -0.375    19.78 21.85 02a59079o0124c 0x000000 -2.300000
59079.295711 20.103715      NaN   -37    11 c    0   1.45 257.54654 21.64906 10487.36  8796.05 2.78 2.66 -46.7 -0.387    19.78 21.85 02a59079o0145c 0x000000 -3.363636
59083.282304 20.405150      NaN     4     7 c    0   2.00 257.54654 21.64906  7966.64  6392.97 2.53 2.41  52.1 -0.397    19.82 21.78 02a59083o0102c 0x000000  0.571429
59083.287830 20.321591      NaN   -20     9 c    0   1.52 257.54654 21.64906  7947.06  6353.65 2.54 2.41  49.4 -0.400    19.80 21.79 02a59083o0114c 0x000000 -2.222222
59083.290684 20.321591      NaN     0     9 c    0   1.39 257.54654 21.64906  8006.01  6434.00 2.49 2.39  53.9 -0.399    19.77 21.80 02a59083o0120c 0x000000  0.000000
59083.305681 20.321591 0.321700    27     8 c    0   2.01 257.54654 21.64906  8023.73  6315.44 2.64 2.39  43.2 -0.391    19.77 21.86 02a59083o0152c 0x000000  3.375000
59103.289272 20.594452      NaN   -14     7 c    0   2.04 257.54654 21.64906   133.60  4871.26 2.34 2.24 -58.6 -0.384    19.71 21.75 02a59103o0166c 0x000000 -2.000000
59103.292510 20.543943      NaN     1     7 c    0   2.25 257.54654 21.64906   113.71  4833.86 2.28 2.21 -63.1 -0.379    19.71 21.72 02a59103o0173c 0x000000  0.142857
59103.297108 19.841877      NaN    12    10 c    0   1.43 257.54654 21.64906 10135.39  4871.76 2.55 2.48 -28.9 -0.419    19.71 21.77 02a59103o0183c 0x000000  1.200000
59103.298505 20.282105      NaN     4     8 c    0   1.86 257.54654 21.64906   174.21  4908.15 2.37 2.22 -59.4 -0.387    19.71 21.69 02a59103o0186c 0x000000  0.500000
59103.301257 20.449472      NaN   -36     8 c    0   2.82 257.54654 21.64906 10115.61  4832.34 2.58 2.47 -29.8 -0.417    19.69 21.77 02a59103o0192c 0x000000 -4.500000
59103.308617 20.207197      NaN    -9    10 c    0   1.43 257.54654 21.64906 10175.69  4911.66 2.57 2.47 -30.2 -0.420    19.74 21.74 02a59103o0208c 0x000000 -0.900000
59103.309073 20.244005      NaN    11     6 c    0   3.77 257.54654 21.64906   193.88  4791.68 2.32 2.19 -60.0 -0.396    19.72 21.66 02a59103o0209c 0x000000  1.833333
59103.319163 20.449472      NaN   -23     8 c    0   2.41 257.54654 21.64906 10195.13  4793.66 2.77 2.62 -18.4 -0.406    19.68 21.71 02a59103o0231c 0x000000 -2.875000
59107.281123 20.207197      NaN    -2    10 c    0   1.10 257.54654 21.64906  7126.97   949.56 2.47 2.23 -56.5 -0.414    19.66 21.51 02a59107o0154c 0x000000 -0.200000
59107.284808 20.321591      NaN   -25     9 c    0   1.41 257.54654 21.64906  7107.45   909.92 2.53 2.31 -58.6 -0.406    19.62 21.50 02a59107o0162c 0x000000 -2.777778
59107.290329 20.207197      NaN   -31    10 c    0   1.33 257.54654 21.64906  7166.78   988.49 2.68 2.42 -58.3 -0.403    19.55 21.49 02a59107o0174c 0x000000 -3.100000
59107.302776 20.103715      NaN   -15    11 c    0   1.07 257.54654 21.64906  7188.44   870.14 2.81 2.55 -51.7 -0.408    19.51 21.46 02a59107o0201c 0x000000 -1.363636
59111.229292 14.725778      NaN   426  1416 c    0   0.83 257.54654 21.64906  7138.85   951.02 2.60 2.34 -63.0 -0.385    14.90 16.28 02a59111o0048c 0x100002  0.300847
59111.232057 14.569619      NaN  -138  1799 c    0   1.02 257.54654 21.64906  7119.80   910.68 2.62 2.33 -61.7 -0.394    14.20 15.60 02a59111o0054c 0x100002 -0.076709
59111.237578 15.625925      NaN   690   450 c    0   1.05 257.54654 21.64906  7179.57   988.72 2.58 2.34 -60.0 -0.388    15.00 16.39 02a59111o0066c 0x100002  1.533333
59111.247449 17.643932      NaN    42    92 c    0   1.11 257.54654 21.64906  7199.07   871.66 2.69 2.46 -59.1 -0.397    17.11 18.59 02a59111o0086c 0x100002  0.456522
59131.242714 20.071303      NaN     1    11 c    0   1.44 257.54654 21.64906  6036.21  6477.68 2.57 2.41  39.6 -0.398    19.62 21.38 02a59131o0103c 0x000000  0.090909
59131.246869 20.207197      NaN   -35    10 c    0   1.55 257.54654 21.64906  6017.03  6438.59 2.62 2.50  45.5 -0.397    19.56 21.36 02a59131o0112c 0x000000 -3.500000
59131.252362 20.207197      NaN   -18    10 c    0   1.18 257.54654 21.64906  6075.04  6515.73 2.60 2.46  41.2 -0.397    19.60 21.33 02a59131o0124c 0x000000 -1.800000
59131.266114 20.207197      NaN   -30    10 c    0   1.50 257.54654 21.64906  6096.29  6397.56 2.61 2.49  37.6 -0.390    19.55 21.30 02a59131o0154c 0x000000 -3.000000
59139.232260 20.449472      NaN    -5     8 c    0   2.65 257.54654 21.64906  9188.45  2824.53 2.40 2.32 -40.3 -0.393    19.58 21.22 02a59139o0070c 0x000000 -0.625000
59139.235470 20.321591      NaN    -3     9 c    0   1.80 257.54654 21.64906  9168.75  2785.49 2.41 2.28 -45.5 -0.399    19.63 21.23 02a59139o0077c 0x000000 -0.333333
59139.240955 20.103715      NaN    -6    11 c    0   0.90 257.54654 21.64906  9229.33  2861.03 2.42 2.31 -41.3 -0.400    19.62 21.23 02a59139o0089c 0x000000 -0.545455
59139.252421 20.207197      NaN    -8    10 c    0   2.12 257.54654 21.64906  9250.64  2744.06 2.47 2.23 -47.5 -0.409    19.56 21.13 02a59139o0114c 0x000000 -0.800000
59163.191744 18.317510      NaN   -14    57 c    0   1.07 257.54654 21.64906  4047.59  4638.17 2.71 2.60  63.3 -0.392    17.53 18.44 02a59163o0019c 0x100002 -0.245614
59163.194945 18.878500      NaN   -24    34 c    0   1.15 257.54654 21.64906  4029.18  4597.70 2.76 2.68  81.7 -0.384    18.17 19.21 02a59163o0026c 0x100002 -0.705882
59163.200479 19.155932      NaN    13    22 c    0   1.30 257.54654 21.64906  4090.07  4672.17 3.46 3.32 -63.4 -0.368    18.65 20.18 02a59163o0036c 0x000000  0.590909
59253.629097 20.321591      NaN   -18     9 c    0   1.51 257.54654 21.64906  2754.02  9197.10 2.56 2.32 -70.4 -0.391    19.69 21.71 01a59253o0843c 0x000000 -2.000000
59253.631874 19.674510      NaN    22     9 c    0   1.31 257.54654 21.64906  2733.88  9152.68 2.57 2.30 -71.4 -0.397    19.71 21.70 01a59253o0849c 0x000000  2.444444
59253.649953 20.449472      NaN   -17     8 c    0   1.51 257.54654 21.64906  2797.46  9235.80 2.50 2.28 -62.2 -0.387    19.67 21.61 01a59253o0885c 0x000000 -2.125000
59253.655962 20.207197      NaN    -1    10 c    0   1.59 257.54654 21.64906  2818.46  9118.96 2.55 2.37 -80.3 -0.384    19.64 21.53 01a59253o0898c 0x000000 -0.100000
59255.611828 20.207197      NaN   -12    10 c    0   1.39 257.54654 21.64906  8468.38  5824.91 3.24 2.91  30.4 -0.354    19.54 21.87 02a59255o0842c 0x000000 -1.200000
59255.615040 20.207197      NaN   -23    10 c    0   1.41 257.54654 21.64906  8487.67  5863.74 3.05 2.80  32.0 -0.362    19.60 21.86 02a59255o0849c 0x000000 -2.300000
59255.621001 20.594452      NaN   -18     7 c    0   2.18 257.54654 21.64906  8421.29  5786.29 2.99 2.66  31.6 -0.364    19.61 21.85 02a59255o0862c 0x000000 -2.571429
59255.633585 20.321591      NaN   -34     9 c    0   1.38 257.54654 21.64906  8404.64  5903.27 2.94 2.67  33.2 -0.364    19.63 21.84 02a59255o0889c 0x000000 -3.777778
59257.644255 20.594452      NaN   -22     7 c    0   2.50 257.54654 21.64906  4042.06  4621.59 2.47 2.37 -72.1 -0.382    19.76 21.95 01a59257o0920c 0x000000 -3.142857
59257.648662 20.761819      NaN   -14     6 c    0   2.99 257.54654 21.64906  4022.04  4584.22 2.48 2.38 -72.2 -0.383    19.77 21.94 01a59257o0929c 0x000000 -2.333333
59257.653761 20.594452      NaN   -15     7 c    0   1.79 257.54654 21.64906  4080.28  4661.21 2.46 2.37 -75.1 -0.380    19.76 21.84 01a59257o0939c 0x000000 -2.142857
59257.663160 20.321591      NaN    -6     9 c    0   2.21 257.54654 21.64906  4101.52  4541.99 2.55 2.43 -77.1 -0.380    19.43 20.87 01a59257o0957c 0x000000 -0.666667
59261.605395 20.761819      NaN   -25     6 c    0   2.12 257.54654 21.64906  4043.68  4617.74 2.27 2.22 -52.4 -0.381    19.81 21.84 01a59261o0825c 0x000000 -4.166667
59261.608160 20.761819      NaN   -44     6 c    0   1.82 257.54654 21.64906  4025.49  4583.53 2.28 2.23 -58.9 -0.380    19.81 21.86 01a59261o0831c 0x000000 -7.333333
59261.613687 20.594452      NaN   -24     7 c    0   2.09 257.54654 21.64906  4085.43  4661.03 2.29 2.20 -31.0 -0.377    19.81 21.87 01a59261o0843c 0x000000 -3.428571
59261.629498 20.761819      NaN   -22     6 c    0   3.24 257.54654 21.64906  4109.39  4542.93 2.38 2.30  -7.9 -0.373    19.79 21.91 01a59261o0876c 0x000000 -3.666667
59291.555418 20.362567      NaN     2     8 c    0   1.70 257.54654 21.64906  3346.30  7684.21 2.88 2.36  35.4 -0.354    19.69 21.71 02a59291o0475c 0x000000  0.250000
59291.566002 19.791368      NaN    17     9 c    0   1.60 257.54654 21.64906  3367.48  7721.21 2.85 2.53  34.5 -0.359    19.61 21.70 02a59291o0497c 0x000000  1.888889
59291.598329 20.103715      NaN     6     9 c    0   1.56 257.54654 21.64906  3319.51  7645.22 2.59 2.43  29.7 -0.382    19.71 21.78 02a59291o0518c 0x000000  0.666667
59313.528237 20.449472      NaN    -8     8 c    0   1.19 257.54654 21.64906  8493.44  8892.40 2.48 2.36  82.0 -0.345    19.95 21.76 01a59313o0653c 0x000000 -1.000000
59313.535625 20.449472      NaN   -16     8 c    0   1.47 257.54654 21.64906  8474.67  8852.74 2.50 2.40 -85.7 -0.343    19.72 21.80 01a59313o0668c 0x000000 -2.000000
59313.538848 20.594452      NaN   -12     7 c    0   1.81 257.54654 21.64906  8532.32  8930.18 2.54 2.39  85.8 -0.342    19.75 21.82 01a59313o0675c 0x000000 -1.714286
59313.545805 20.761819      NaN   -15     6 c    0   2.23 257.54654 21.64906  8552.10  8813.48 2.45 2.33  87.8 -0.347    19.95 21.77 01a59313o0690c 0x000000 -2.500000
59317.519435 20.282105      NaN    10     6 c    0   1.64 257.54654 21.64906  8492.68  8890.18 2.55 2.30 -88.5 -0.355    19.92 21.78 01a59317o0250c 0x000000  1.666667
59317.521275 20.594452      NaN    -7     7 c    0   1.98 257.54654 21.64906  8472.96  8850.67 2.49 2.23 -89.9 -0.351    19.96 21.80 01a59317o0254c 0x000000 -1.000000
59317.524504 20.761819      NaN   -18     6 c    0   2.21 257.54654 21.64906  8531.25  8929.09 2.58 2.33 -89.1 -0.348    19.92 21.82 01a59317o0261c 0x000000 -3.000000
59317.529664 20.449472      NaN    -2     8 c    0   1.54 257.54654 21.64906  8552.82  8815.65 2.69 2.29  84.3 -0.352    19.76 21.85 01a59317o0271c 0x000000 -0.250000
59321.509246 20.594452      NaN   -28     7 c    0   2.03 257.54654 21.64906   988.25  2722.17 2.60 2.49  62.7 -0.375    19.85 21.72 01a59321o0560c 0x000000 -4.000000
59321.511092 20.761819      NaN   -19     6 c    0   2.75 257.54654 21.64906   968.23  2683.88 2.51 2.41  57.0 -0.376    19.89 21.73 01a59321o0564c 0x000000 -3.166667
59321.514372 20.449472      NaN   -24     8 c    0   1.23 257.54654 21.64906  1028.44  2761.25 2.73 2.60  52.0 -0.367    19.81 21.74 01a59321o0571c 0x000000 -3.000000
59321.523911 20.594452      NaN   -31     7 c    0   1.65 257.54654 21.64906  1044.08  2641.64 2.73 2.58  56.8 -0.368    19.83 21.79 01a59321o0591c 0x000000 -4.428571
59343.457842 20.594452      NaN    -7     7 c    0   2.03 257.54654 21.64906  1403.17  7762.49 2.34 2.22 -46.5 -0.432    19.75 21.62 02a59343o0454c 0x000000 -1.000000
59343.460619 20.321591      NaN   -41     9 c    0   1.75 257.54654 21.64906  1424.83  7801.47 2.27 2.15 -47.0 -0.433    19.79 21.63 02a59343o0459c 0x000000 -4.555556
59343.463363 19.791368      NaN    20     8 c    0   2.18 257.54654 21.64906  1366.04  7723.23 2.25 2.13 -51.2 -0.437    19.78 21.64 02a59343o0465c 0x000000  2.500000
59343.469681 20.449472      NaN   -13     8 c    0   1.97 257.54654 21.64906  1344.33  7838.16 2.30 2.20 -50.6 -0.432    19.77 21.68 02a59343o0478c 0x000000 -1.625000
59347.509133 20.449472      NaN   -19     8 c    0   2.74 257.54654 21.64906  6571.15  8990.08 2.64 2.43  45.9 -0.398    19.74 21.88 02a59347o0577c 0x000000 -2.375000
59347.512446 20.321591      NaN   -22     9 c    0   1.61 257.54654 21.64906  6550.73  8950.39 2.67 2.53  40.9 -0.398    19.78 21.88 02a59347o0582c 0x000000 -2.444444
59347.542622 20.449472      NaN    -1     8 c    0   2.59 257.54654 21.64906  6603.80  9034.27 2.61 2.49  48.6 -0.401    19.77 21.81 02a59347o0643c 0x000000 -0.125000
59347.547852 20.207197      NaN   -12    10 c    0   1.28 257.54654 21.64906  6627.54  8920.39 2.63 2.46  43.7 -0.401    19.76 21.80 02a59347o0654c 0x000000 -1.200000
59351.425611 20.282105      NaN     7     7 c    0   2.51 257.54654 21.64906  4023.32  1581.77 2.42 2.34  87.8 -0.402    19.67 21.62 02a59351o0395c 0x000000  1.000000
59351.428356 20.449472      NaN   -40     8 c    0   1.54 257.54654 21.64906  4042.52  1619.59 2.43 2.33  81.7 -0.405    19.64 21.65 02a59351o0401c 0x000000 -5.000000
59351.431172 20.449472      NaN   -13     8 c    0   1.92 257.54654 21.64906  3984.29  1542.12 2.47 2.41 -84.3 -0.402    19.64 21.65 02a59351o0407c 0x000000 -1.625000
59351.436222 20.449472      NaN   -35     8 c    0   2.05 257.54654 21.64906  3964.48  1659.60 2.45 2.38 -77.5 -0.400    19.64 21.62 02a59351o0418c 0x000000 -4.375000
59355.512480 20.321591      NaN   -15     9 c    0   1.67 257.54654 21.64906  2727.87  9199.54 2.36 2.34 -84.3 -0.416    19.69 21.42 02a59355o0022c 0x000000 -1.666667
59355.515839 20.207197      NaN   -33    10 c    0   1.15 257.54654 21.64906  2708.24  9159.28 2.34 2.33  86.0 -0.410    19.73 21.53 02a59355o0029c 0x000000 -3.300000
59355.522901 20.207197      NaN    -6    10 c    0   1.24 257.54654 21.64906  2764.82  9236.96 2.39 2.34  55.7 -0.406    19.77 21.62 02a59355o0044c 0x000000 -0.600000
59355.533155 20.207197      NaN   -24    10 c    0   1.44 257.54654 21.64906  2782.27  9120.24 2.49 2.36  51.0 -0.396    19.73 21.66 02a59355o0066c 0x000000 -2.400000
59369.395629 20.449472      NaN    -4     8 c    0   1.64 257.54654 21.64906   552.93  8852.44 2.24 1.99 -67.7 -0.403    19.94 21.84 01a59369o0343c 0x000000 -0.500000
59369.397931 20.449472      NaN     3     7 c    0   1.74 257.54654 21.64906   534.03  8813.66 2.20 1.95 -64.1 -0.409    19.97 21.83 01a59369o0348c 0x000000  0.428571
59369.400234 20.594452      NaN   -22     7 c    0   1.90 257.54654 21.64906 10421.23  8830.69 2.63 2.34  67.2 -0.349    19.93 21.82 01a59369o0353c 0x000000 -3.142857
59369.402077 20.594452      NaN   -26     7 c    0   1.92 257.54654 21.64906 10401.30  8790.16 2.60 2.34  65.1 -0.348    19.96 21.84 01a59369o0357c 0x000000 -3.714286
59369.433188 20.449472      NaN   -10     8 c    0   1.78 257.54654 21.64906  9920.22  1669.29 2.65 2.34 -50.7 -0.373    19.98 21.82 01a59369o0416c 0x000000 -1.250000
59369.437892 20.282105 0.310210    28     8 c    0   1.64 257.54654 21.64906 10464.75  8866.02 2.59 2.31  64.4 -0.353    19.96 21.79 01a59369o0425c 0x000000  3.500000
59369.440796 20.449472      NaN   -12     8 c    0   1.33 257.54654 21.64906 10483.04  8748.65 2.55 2.33  68.6 -0.354    19.98 21.80 01a59369o0431c 0x000000 -1.500000
59369.452764 20.321591      NaN   -29     9 c    0   1.61 257.54654 21.64906  9906.65  1781.49 2.61 2.38 -46.6 -0.370    19.88 21.72 01a59369o0453c 0x000000 -3.222222
59373.382891 20.449472      NaN     0     8 c    0   1.58 257.54654 21.64906   553.75  8852.03 2.26 1.99 -66.9 -0.412    20.07 21.98 01a59373o0314c 0x000000  0.000000
59373.385195 20.594452      NaN   -37     7 c    0   2.38 257.54654 21.64906   534.19  8812.78 2.36 2.01 -64.5 -0.403    20.03 21.98 01a59373o0319c 0x000000 -5.285714
59373.386117 20.761819      NaN   -30     6 c    0   2.44 257.54654 21.64906 10421.26  8830.10 2.62 2.27  71.7 -0.362    20.03 22.03 01a59373o0321c 0x000000 -5.000000
59373.389196 20.594452      NaN   -21     7 c    0   1.64 257.54654 21.64906 10400.37  8789.61 2.58 2.21  78.6 -0.366    20.05 21.99 01a59373o0327c 0x000000 -3.000000
59373.389658 20.761819      NaN    -4     6 c    0   1.54 257.54654 21.64906   591.69  8888.92 2.26 1.99 -72.4 -0.411    20.04 21.98 01a59373o0328c 0x000000 -0.666667
59373.391961 20.594452      NaN   -21     7 c    0   1.45 257.54654 21.64906 10459.35  8866.38 2.64 2.26  81.1 -0.362    20.04 21.99 01a59373o0333c 0x000000 -3.000000
59373.403375 20.449472      NaN   -15     8 c    0   1.52 257.54654 21.64906 10481.69  8752.12 2.66 2.35  69.5 -0.352    19.99 21.99 01a59373o0354c 0x000000 -1.875000
59373.425011 19.950541      NaN    14     8 c    0   2.02 257.54654 21.64906  9902.76  1787.22 2.60 2.37 -55.4 -0.374    20.00 21.93 01a59373o0398c 0x000000  1.750000
59377.381835 20.594452      NaN   -16     7 c    0   1.82 257.54654 21.64906  7959.21  6363.97 2.42 2.26  83.2 -0.395    20.04 22.10 01a59377o0304c 0x000000 -2.285714
59377.384600 20.449472      NaN     6     6 c    0   2.31 257.54654 21.64906  7939.15  6324.63 2.37 2.22  82.1 -0.400    20.05 22.08 01a59377o0310c 0x000000  1.000000
59377.395952 20.761819      NaN    -8     6 c    0   2.53 257.54654 21.64906  7998.36  6400.46 2.26 2.15  84.7 -0.406    20.11 22.03 01a59377o0334c 0x000000 -1.333333
59377.402096 19.894850      NaN    16     8 c    0   1.27 257.54654 21.64906  8015.95  6282.06 2.30 2.10  88.2 -0.408    20.10 22.02 01a59377o0347c 0x000000  2.000000
59381.451420 20.761819      NaN    -2     6 c    0   2.43 257.54654 21.64906  2582.12  4230.68 2.23 2.16  89.0 -0.400    20.03 22.10 01a59381o0439c 0x000000 -0.333333
59381.454263 20.761819      NaN   -34     6 c    0   2.05 257.54654 21.64906  2602.78  4268.33 2.20 2.09 -86.1 -0.405    20.06 22.11 01a59381o0445c 0x000000 -5.666667
59381.460391 20.761819      NaN   -20     6 c    0   2.10 257.54654 21.64906  2544.65  4190.37 2.28 2.19  86.0 -0.403    20.03 22.13 01a59381o0457c 0x000000 -3.333333
59381.484533 20.761819      NaN   -15     6 c    0   2.92 257.54654 21.64906  2533.90  4300.32 2.31 2.24 -83.1 -0.398    20.00 22.12 01a59381o0506c 0x000000 -2.500000
59403.417452 20.009244      NaN     9     9 c    0   1.98 257.54654 21.64906  4101.99  6562.20 2.33 2.29  51.6 -0.403    19.75 21.67 02a59403o0375c 0x000000  1.000000
59403.445770 20.449472      NaN    -3     8 c    0   1.82 257.54654 21.64906  4080.48  6524.63 2.40 2.37  47.8 -0.404    19.71 21.69 02a59403o0432c 0x000000 -0.375000
59403.458385 20.321591      NaN   -16     9 c    0   1.30 257.54654 21.64906  4149.46  6602.20 2.45 2.40  47.1 -0.399    19.66 21.63 02a59403o0456c 0x000000 -1.777778
59403.462511 20.321591      NaN   -20     9 c    0   1.66 257.54654 21.64906  4168.23  6487.38 2.41 2.40  17.7 -0.402    19.68 21.62 02a59403o0465c 0x000000 -2.222222
59407.361208 16.700827      NaN    44   238 c    0   0.75 257.54654 21.64906  4151.69  6603.52 2.45 2.28  38.9 -0.405    16.28 17.73 02a59407o0253c 0x100002  0.184874
59429.357486 20.449472      NaN     6     6 c    0   2.46 257.54654 21.64906  4518.15  4111.22 2.21 2.04 -80.7 -0.388    19.99 21.98 01a59429o0270c 0x000000  1.000000
59429.374913 20.761819      NaN    -8     6 c    0   1.94 257.54654 21.64906  4539.50  4148.82 2.21 2.04 -77.7 -0.387    19.94 21.91 01a59429o0307c 0x000000 -1.333333
59429.391590 20.594452      NaN   -29     7 c    0   1.95 257.54654 21.64906  4482.24  4070.76 2.19 2.05 -75.0 -0.387    19.95 21.83 01a59429o0341c 0x000000 -4.142857
59429.397054 20.703116      NaN     1     6 c    0   2.67 257.54654 21.64906  4466.48  4186.91 2.21 2.05 -75.1 -0.383    19.94 21.80 01a59429o0352c 0x000000  0.166667
59433.337272 20.594452      NaN   -15     7 c    0   3.12 257.54654 21.64906  1401.79  7799.57 2.41 2.16 -76.8 -0.389    19.90 21.98 01a59433o0229c 0x000000 -2.142857
59433.341526 20.761819      NaN    -5     6 c    0   1.75 257.54654 21.64906  1420.66  7837.97 2.35 2.18 -67.9 -0.387    19.92 21.98 01a59433o0238c 0x000000 -0.833333
59433.347526 20.761819      NaN    -4     6 c    0   1.94 257.54654 21.64906  1361.59  7758.98 2.34 2.07 -76.0 -0.393    19.94 21.97 01a59433o0251c 0x000000 -0.666667
59433.357314 20.449472      NaN    -1     8 c    0   2.00 257.54654 21.64906  1343.99  7874.52 2.34 2.09 -74.1 -0.391    19.92 21.92 01a59433o0272c 0x000000 -0.125000
59437.322382 20.761819      NaN    -9     6 c    0   2.25 257.54654 21.64906  1388.05  7800.10 2.26 1.97 -49.0 -0.380    20.07 22.10 01a59437o0081c 0x000000 -1.500000
59437.327490 20.071303      NaN    16     6 c    0   2.65 257.54654 21.64906  1409.13  7838.08 2.28 2.05 -56.3 -0.373    20.02 22.09 01a59437o0092c 0x000000  2.666667
59437.336272 20.449472 0.316673    24     7 c    0   1.85 257.54654 21.64906  1350.35  7759.01 2.31 1.99 -46.4 -0.382    19.96 21.90 01a59437o0111c 0x000000  3.428571
59437.347469 20.449472      NaN   -11     8 c    0   1.27 257.54654 21.64906  1332.80  7876.38 2.35 2.04 -52.1 -0.379    19.97 21.90 01a59437o0134c 0x000000 -1.375000
59455.258297 19.950541      NaN    14     8 c    0   1.45 257.54654 21.64906  2101.65  4741.34 2.33 2.15 -55.4 -0.435    19.77 21.64 02a59455o0078c 0x000000  1.750000
59455.261499 20.449472      NaN   -16     8 c    0   1.70 257.54654 21.64906  2082.34  4702.69 2.39 2.20 -54.8 -0.429    19.75 21.66 02a59455o0085c 0x000000 -2.000000
59455.268154 20.321591      NaN    -3     9 c    0   1.65 257.54654 21.64906  2139.84  4777.51 2.32 2.19 -54.0 -0.432    19.79 21.67 02a59455o0099c 0x000000 -0.333333
59455.278780 20.449472      NaN    -9     8 c    0   1.72 257.54654 21.64906  2158.55  4663.63 2.37 2.20 -53.8 -0.422    19.78 21.67 02a59455o0122c 0x000000 -1.125000
59467.238308 20.321591      NaN    -4     9 c    0   1.40 257.54654 21.64906  4923.51  2502.64 2.31 2.21 -72.2 -0.398    19.65 21.35 02a59467o0051c 0x000000 -0.444444
59467.243421 20.761819      NaN    -7     6 c    0   3.67 257.54654 21.64906  4903.59  2464.41 2.32 2.23 -75.9 -0.401    19.67 21.38 02a59467o0062c 0x000000 -1.166667
59467.254493 20.449472      NaN    -7     8 c    0   1.44 257.54654 21.64906  4961.64  2541.19 2.28 2.20 -70.6 -0.402    19.71 21.40 02a59467o0086c 0x000000 -0.875000
59467.258234 19.950541      NaN    14     8 c    0   1.91 257.54654 21.64906  4980.89  2424.74 2.32 2.22 -65.1 -0.398    19.71 21.42 02a59467o0094c 0x000000  1.750000
59515.202470 19.472870      NaN    11    16 c    0   0.97 257.54654 21.64906   236.84  6804.15 2.32 2.23 -66.4 -0.353    18.94 20.09 02a59515o0044c 0x000000  0.687500
59515.206132 20.321591      NaN   -52     9 c    0   2.37 257.54654 21.64906   217.04  6766.43 2.32 2.22 -61.0 -0.356    19.21 20.48 02a59515o0052c 0x000000 -5.777778
59515.211169 19.674510      NaN    10    13 c    0   1.78 257.54654 21.64906 10239.74  6809.95 2.65 2.53  10.1 -0.406    19.38 20.79 02a59515o0063c 0x000000  0.769231
59515.211626 20.449472      NaN   -19     8 c    0   2.38 257.54654 21.64906   276.82  6840.37 2.30 2.16 -58.0 -0.383    19.32 20.67 02a59515o0064c 0x000000 -2.375000
59515.214370 19.766969      NaN    -8    15 c    0   1.34 257.54654 21.64906 10220.29  6769.91 2.66 2.56   2.1 -0.409    19.42 20.82 02a59515o0070c 0x000000 -0.533333
59515.220361 20.009244      NaN   -32    12 c    0   1.98 257.54654 21.64906 10279.56  6849.11 2.67 2.54 -24.9 -0.414    19.40 20.81 02a59515o0083c 0x000000 -2.666667
59515.224021 20.009244      NaN    -7    12 c    0   1.52 257.54654 21.64906   295.59  6723.40 2.28 2.20 -70.4 -0.376    19.29 20.66 02a59515o0091c 0x000000 -0.583333
59515.230441 19.922338      NaN   -13    13 c    0   1.40 257.54654 21.64906 10297.76  6732.52 2.64 2.53  -7.4 -0.413    19.37 20.77 02a59515o0105c 0x000000 -1.000000
59519.196463 18.978793      NaN   -20    31 c    0   1.70 257.54654 21.64906   238.27  6802.61 2.40 2.29 -82.0 -0.308    17.97 19.02 02a59519o0026c 0x100002 -0.645161
59519.199674 19.510313      NaN    -4    19 c    0   1.00 257.54654 21.64906   219.05  6764.99 2.32 2.21 -75.6 -0.359    18.61 19.74 02a59519o0033c 0x000000 -0.210526
59519.201962 19.454622      NaN   -55    20 c    0   1.25 257.54654 21.64906 10242.28  6808.64 2.66 2.57   2.1 -0.415    19.08 20.32 02a59519o0038c 0x000000 -2.750000
59519.206080 19.766969      NaN    -2    15 c    0   1.50 257.54654 21.64906 10221.85  6769.49 2.66 2.58   6.7 -0.413    19.31 20.70 02a59519o0047c 0x000000 -0.133333
59519.207453 20.207197      NaN    -9    10 c    0   1.84 257.54654 21.64906   276.47  6841.54 2.32 2.18 -65.6 -0.386    19.26 20.61 02a59519o0050c 0x000000 -0.900000
59519.211571 20.009244      NaN   -16    12 c    0   1.78 257.54654 21.64906 10281.51  6848.61 2.62 2.52 -20.3 -0.421    19.40 20.85 02a59519o0059c 0x000000 -1.333333
59519.218464 20.103715      NaN   -21    11 c    0   1.46 257.54654 21.64906   297.72  6722.45 2.27 2.09 -53.2 -0.395    19.32 20.72 02a59519o0074c 0x000000 -1.909091
59519.222122 19.841877      NaN    -3    14 c    0   2.03 257.54654 21.64906 10298.05  6733.00 2.62 2.50 -10.3 -0.415    19.40 20.87 02a59519o0082c 0x000000 -0.214286
59523.194808 18.598565      NaN   -68    44 c    0   1.00 257.54654 21.64906  2970.40  2598.81 2.96 2.86 -69.5 -0.368    17.74 19.04 02a59523o0034c 0x100002 -1.545455
59523.198012 19.169763      NaN   -18    26 c    0   0.99 257.54654 21.64906  2950.74  2559.35 2.92 2.83 -60.9 -0.368    18.36 19.74 02a59523o0041c 0x100002 -0.692308
59523.205336 19.841877      NaN   -14    14 c    0   1.48 257.54654 21.64906  3009.87  2635.60 2.86 2.72 -57.0 -0.370    19.04 20.62 02a59523o0057c 0x000000 -1.000000
59523.216358 19.791368      NaN     8    12 c    0   1.73 257.54654 21.64906  3027.79  2519.02 2.83 2.73 -62.1 -0.377    19.08 20.76 02a59523o0081c 0x000000  0.666667