         MJD         m       dm     uJy     duJy   F  err  chi/N        RA      Dec        x        y  maj  min   phi  apfit  mag5sig   Sky            Obs     Mask   __tmp_SN
57984.396458 20.449472      NaN   -30.0      8.0   c  0.0   1.28 299.60095 62.13486  4575.21  3571.92 2.60 2.42  55.5 -0.404    19.73 21.68 02a57984o0339c 0x400330  -3.750000
57984.406246 20.449472      NaN   -16.0      8.0   c  0.0   1.11 299.60095 62.13486  4559.12  3535.17 2.47 2.30  52.0 -0.413    19.75 21.64 02a57984o0359c 0x400230  -2.000000
57984.407706 20.449472      NaN   -18.0      8.0   c  0.0   0.95 299.60095 62.13486  4612.82  3609.02 2.45 2.27  53.3 -0.414    19.80 21.64 02a57984o0362c 0x082030  -2.250000
57984.424912 20.449472      NaN    -9.0      8.0   c  0.0   1.38 299.60095 62.13486  4629.15  3492.76 2.71 2.52  50.1 -0.397    19.68 21.62 02a57984o0397c 0x400830  -1.125000
57988.398184 20.321591      NaN     0.0      9.0   c  0.0   1.12 299.60095 62.13486  7098.27  5723.98 2.52 2.49 -68.9 -0.410    19.80 21.64 02a57988o0338c 0x000030   0.000000
57988.408532 20.039830      NaN     5.0     10.0   c  0.0   1.17 299.60095 62.13486  7082.76  5681.42 2.56 2.51  83.7 -0.407    19.73 21.54 02a57988o0359c 0x080030   0.500000
57988.410004 20.009244      NaN    -1.0     12.0   c  0.0   0.72 299.60095 62.13486  7137.27  5760.73 2.60 2.57  84.0 -0.405    19.69 21.53 02a57988o0362c 0x000030  -0.083333
57988.427308 19.589310      NaN    11.0     14.0   c  0.0   0.47 299.60095 62.13486  7161.98  5647.58 2.47 2.44 -65.0 -0.413    19.75 21.46 02a57988o0397c 0x400830   0.785714
58012.343927 20.207197      NaN    -3.0     10.0   c  0.0   0.90 299.60095 62.13486  8316.04  8138.82 2.59 2.47  34.9 -0.421    19.79 21.59 02a58012o0280c 0x082030  -0.300000
58012.344383 19.652575      NaN    20.0     10.0   c  0.0   1.22 299.60095 62.13486  8297.62  8098.96 2.58 2.49  34.7 -0.416    19.78 21.57 02a58012o0281c 0x400330   2.000000
58012.360239 19.841877      NaN     6.0     12.0   c  0.0   0.85 299.60095 62.13486  8363.33  8180.28 2.63 2.52  39.8 -0.421    19.68 21.46 02a58012o0315c 0x002030   0.500000
58012.363908 19.922338      NaN    -6.0     13.0   c  0.0   0.95 299.60095 62.13486  8371.25  8065.28 2.63 2.51  42.7 -0.420    19.50 21.28 02a58012o0323c 0x400330  -0.461538
58072.263371 19.922338      NaN    -4.0     13.0   c  0.0   1.47 299.60095 62.13486   684.38  9616.15 2.88 2.33  28.9 -0.442    19.62 21.35 02a58072o0151c 0x000030  -0.307692
58072.272314 19.841877      NaN    -1.0     14.0   c  0.0   1.45 299.60095 62.13486   665.56  9577.97 2.89 2.32  25.3 -0.450    19.60 21.34 02a58072o0170c 0x400130  -0.071429
58072.281586 19.743105      NaN     1.0     15.0   c  0.0   0.90 299.60095 62.13486   718.40  9653.75 2.96 2.37  26.5 -0.445    19.52 21.26 02a58072o0189c 0x000030   0.066667
58072.282499 19.589310      NaN    14.0     13.0   c  0.0   1.05 299.60095 62.13486  9822.54  9560.17 2.85 2.84 -53.2 -0.403    19.60 21.35 02a58072o0191c 0x000030   1.076923
58076.265858 18.550302      NaN    -7.0     46.0   c  0.0   1.06 299.60095 62.13486  2801.16  1535.91 2.96 2.52  40.5 -0.411    18.29 19.90 02a58076o0130c 0xd00812  -0.152174
58076.275278 19.841877      NaN   -37.0     14.0   c  0.0   1.82 299.60095 62.13486  2781.18  1498.35 3.05 2.52  40.3 -0.427    19.32 20.87 02a58076o0149c 0xc00a30  -2.642857
58076.284042 19.766969      NaN     6.0     13.0   c  0.0   1.28 299.60095 62.13486  2834.75  1576.62 3.03 2.50  40.2 -0.418    19.41 20.99 02a58076o0167c 0xc00830   0.461538
58076.293419 20.009244      NaN   -51.0     12.0   c  0.0   1.43 299.60095 62.13486  2859.48  1455.48 3.04 2.53  39.7 -0.410    19.31 20.89 02a58076o0186c 0xc00330  -4.250000
58104.205777 19.241693 0.223096    73.0     15.0   c  0.0   2.83 299.60095 62.13486  1128.47  1801.68 3.47 2.99  46.8 -0.433    19.21 20.81 02a58104o0040c 0xc00b30   4.866667
58104.214283 18.836735 0.163885   106.0     16.0   c  0.0   3.56 299.60095 62.13486  1108.74  1769.05 3.63 3.12  43.2 -0.428    19.24 21.02 02a58104o0058c 0xc00b30   6.625000
58256.579525 19.922338      NaN   -19.0     13.0   c  0.0   1.50 299.60095 62.13486  9323.69  8957.36 2.73 2.60  45.2 -0.412    19.67 21.61 02a58256o0591c 0x400930  -1.461538
58256.590633 19.510313      NaN    21.0     12.0   c  0.0   1.96 299.60095 62.13486  9355.15  8997.73 2.62 2.54  42.6 -0.424    19.72 21.63 02a58256o0612c 0x400330   1.750000
58256.601176 19.979496 0.322786    37.0     11.0   c  0.0   2.37 299.60095 62.13486  9291.99  8923.56 2.80 2.63  43.4 -0.428    19.67 21.65 02a58256o0633c 0x400230   3.363636
58256.612013 20.009244      NaN   -16.0     12.0   c  0.0   2.01 299.60095 62.13486  1184.15  1394.50 2.51 2.31  45.7 -0.469    19.56 21.13 02a58256o0654c 0x082030  -1.333333
58280.542938 18.376212      NaN   -31.0     54.0   c  0.0   0.74 299.60095 62.13486  3476.46   900.48 2.78 2.51   5.2 -0.397    18.34 20.07 02a58280o0641c 0xd00812  -0.574074
58280.552771 17.488335      NaN    22.0    115.0   c  0.0   0.84 299.60095 62.13486  3460.99   868.64 2.82 2.49  38.3 -0.412    16.76 18.35 02a58280o0662c 0xd00832   0.191304
58280.563072 17.837796      NaN    59.0     69.0   c  0.0   1.14 299.60095 62.13486  3512.73   948.43 3.10 2.59   5.9 -0.386    17.22 18.85 02a58280o0683c 0xd00832   0.855072
58280.574365 17.593889      NaN   126.0     69.0   c  0.0   1.36 299.60095 62.13486  3536.87   831.38 2.68 2.42  47.2 -0.422    17.52 19.07 02a58280o0704c 0xd00822   1.826087
58284.536494 20.449472      NaN    -6.0      8.0   c  0.0   1.35 299.60095 62.13486   745.95  1760.75 2.55 2.35  43.7 -0.456    19.74 21.75 02a58284o0626c 0x080010  -0.750000
58284.546376 20.321591      NaN    -8.0      9.0   c  0.0   1.27 299.60095 62.13486   729.62  1729.08 2.65 2.40  43.4 -0.458    19.75 21.75 02a58284o0647c 0x080030  -0.888889
58284.556171 20.009244      NaN    -7.0     12.0   c  0.0   0.88 299.60095 62.13486   793.78  1799.59 2.75 2.43  48.1 -0.450    19.75 21.76 02a58284o0668c 0x000000  -0.583333
58284.566214 20.321591      NaN   -20.0      9.0   c  0.0   1.37 299.60095 62.13486   811.86  1682.37 2.76 2.46  43.4 -0.450    19.72 21.79 02a58284o0689c 0x400930  -2.222222
58308.504097 20.321591      NaN    -9.0      9.0   c  0.0   1.65 299.60095 62.13486  2192.12  9614.47 2.66 2.44  32.0 -0.454    19.75 21.75 02a58308o0282c 0x082030  -1.000000
58308.521475 20.103715      NaN    -8.0     11.0   c  0.0   0.93 299.60095 62.13486  2165.35  9578.16 2.73 2.47  27.4 -0.455    19.74 21.74 02a58308o0319c 0x002030  -0.727273
58308.523778 20.103715      NaN   -24.0     11.0   c  0.0   1.47 299.60095 62.13486  2218.25  9653.30 2.84 2.55  24.0 -0.449    19.69 21.73 02a58308o0324c 0x400330  -2.181818
58308.537646 19.922338      NaN   -21.0     13.0   c  0.0   0.92 299.60095 62.13486  2234.26  9535.78 2.72 2.42  21.8 -0.462    19.70 21.67 02a58308o0353c 0x400230  -1.615385
58312.485180 20.321591      NaN   -20.0      9.0   c  0.0   1.88 299.60095 62.13486  1812.02  9703.09 2.52 2.33  19.8 -0.451    19.73 21.62 02a58312o0517c 0x400c30  -2.222222
58312.487042 20.321591      NaN   -16.0      9.0   c  0.0   1.46 299.60095 62.13486  1793.47  9665.83 2.56 2.34  16.7 -0.453    19.72 21.61 02a58312o0521c 0x400110  -1.777778
58312.502626 20.103715      NaN   -31.0     11.0   c  0.0   1.28 299.60095 62.13486  1841.56  9741.66 2.76 2.48  22.4 -0.453    19.68 21.60 02a58312o0554c 0x400130  -2.818182
58312.507710 20.207197      NaN   -14.0     10.0   c  0.0   1.02 299.60095 62.13486  1858.48  9621.23 2.67 2.44  23.2 -0.456    19.68 21.60 02a58312o0565c 0x002030  -1.400000
58344.417990 20.103715      NaN   -13.0     11.0   c  0.0   1.31 299.60095 62.13486   756.39  8488.81 2.38 2.23  -1.8 -0.443    19.78 21.71 02a58344o0399c 0x000030  -1.181818
58344.435683 20.207197      NaN   -34.0     10.0   c  0.0   0.99 299.60095 62.13486   732.15  8448.53 2.36 2.23  -1.5 -0.444    19.78 21.76 02a58344o0437c 0x400330  -3.400000
58344.436620 20.009244      NaN    -7.0     12.0   c  0.0   0.84 299.60095 62.13486  9881.95  8432.49 2.61 2.36  48.0 -0.439    19.78 21.75 02a58344o0439c 0x000030  -0.583333
58344.437992 20.207197      NaN   -22.0     10.0   c  0.0   3.02 299.60095 62.13486   786.11  8521.74 2.43 2.28   6.2 -0.449    19.75 21.76 02a58344o0442c 0x080010  -2.200000
58344.452610 20.405150      NaN     1.0      8.0   c  0.0   1.68 299.60095 62.13486   803.59  8401.79 2.40 2.27   9.5 -0.449    19.73 21.68 02a58344o0473c 0x080030   0.125000
58344.454452 20.207197      NaN    -2.0     10.0   c  0.0   1.03 299.60095 62.13486  9857.35  8391.65 2.68 2.39  42.0 -0.434    19.75 21.65 02a58344o0477c 0x000030  -0.200000
58344.457668 20.137125      NaN     2.0     10.0   c  0.0   1.23 299.60095 62.13486  9912.60  8475.52 2.71 2.43  40.7 -0.445    19.72 21.63 02a58344o0484c 0x000030   0.200000
58344.471762 20.137125      NaN     2.0     10.0   c  0.0   1.27 299.60095 62.13486  9926.55  8360.57 2.73 2.45  42.7 -0.438    19.65 21.58 02a58344o0514c 0x000030   0.200000
58376.361911 20.103715      NaN   -11.0     11.0   c  0.0   1.37 299.60095 62.13486  2305.22  7901.74 2.56 2.42 -40.1 -0.391    19.72 21.66 02a58376o0318c 0x080030  -1.000000
58376.379589 20.103715      NaN    -5.0     11.0   c  0.0   1.09 299.60095 62.13486  2284.77  7859.09 2.54 2.43 -19.0 -0.401    19.52 21.42 02a58376o0356c 0x000030  -0.454545
58376.382333 19.922338      NaN    -8.0     13.0   c  0.0   0.92 299.60095 62.13486  2338.63  7933.76 2.61 2.50 -16.9 -0.412    19.50 21.36 02a58376o0362c 0x000030  -0.615385
58376.395392 19.766969      NaN    -8.0     15.0   c  0.0   0.61 299.60095 62.13486  2355.74  7814.81 2.64 2.51  -6.8 -0.398    19.40 21.26 02a58376o0390c 0x080010  -0.533333
58396.337535 19.696897      NaN    -8.0     16.0   c  0.0   1.01 299.60095 62.13486  2189.81  1201.52 2.49 2.39 -78.8 -0.419    19.09 20.67 02a58396o0297c 0x000000  -0.500000
58396.346371 19.197966      NaN    10.0     22.0   c  0.0   0.74 299.60095 62.13486  2163.79  1161.65 2.53 2.42  48.9 -0.434    18.80 20.26 02a58396o0316c 0x000000   0.454545
58396.348200 19.351140      NaN   -54.0     22.0   c  0.0   1.15 299.60095 62.13486  2227.33  1235.48 2.52 2.45  55.1 -0.424    18.68 20.14 02a58396o0320c 0x000030  -2.454545
58396.362236 18.237955      NaN    28.0     52.0   c  0.0   0.91 299.60095 62.13486  2253.75  1116.07 2.57 2.45  46.1 -0.430    17.91 19.25 02a58396o0350c 0x100002   0.538462
58400.317615 20.103715      NaN   -20.0     11.0   c  0.0   1.13 299.60095 62.13486  2096.02  8708.46 2.56 2.41 -25.0 -0.421    19.73 21.57 02a58400o0256c 0xc00130  -1.818182
58400.326124 15.899927      NaN   298.0    429.0   c  0.0   0.94 299.60095 62.13486  2076.17  8665.85 2.74 2.61   2.1 -0.438    16.15 17.67 02a58400o0274c 0x900002   0.694639
58424.296802 20.103715      NaN    -1.0     11.0   c  0.0   1.30 299.60095 62.13486  8251.99  9516.91 2.92 2.61  26.8 -0.400    19.52 21.19 02a58424o0238c 0x002030  -0.090909
58424.298633 19.384550      NaN    19.0     15.0   c  0.0   0.71 299.60095 62.13486  8232.68  9473.52 3.00 2.70  26.1 -0.401    19.51 21.18 02a58424o0242c 0x400330   1.266667
58424.312630 19.652575      NaN    14.0     12.0   c  0.0   1.48 299.60095 62.13486  8286.15  9555.06 3.02 2.71  28.8 -0.398    19.46 21.12 02a58424o0272c 0x400130   1.166667
58424.320425 19.609992      NaN    10.0     14.0   c  0.0   1.05 299.60095 62.13486  8302.41  9416.09 3.17 2.84  29.3 -0.396    19.41 21.09 02a58424o0289c 0x002000   0.714286
58428.265127 20.207197      NaN   -14.0     10.0   c  0.0   0.93 299.60095 62.13486  1491.69  7728.63 2.54 2.42 -15.0 -0.421    19.56 21.31 02a58428o0117c 0x400130  -1.400000
58428.272595 20.009244      NaN    -9.0     12.0   c  0.0   1.49 299.60095 62.13486  1472.34  7687.26 2.54 2.45 -21.4 -0.424    19.56 21.28 02a58428o0133c 0x002030  -0.750000
58428.279024 19.922338      NaN   -28.0     13.0   c  0.0   0.93 299.60095 62.13486  1523.35  7759.98 2.57 2.42 -20.2 -0.425    19.53 21.27 02a58428o0147c 0x002030  -2.153846
58428.289798 20.207197      NaN   -26.0     10.0   c  0.0   1.41 299.60095 62.13486  1542.95  7638.79 2.51 2.38   4.1 -0.437    19.53 21.21 02a58428o0170c 0x400110  -2.600000
58432.266519 20.137125      NaN     2.0     10.0   c  0.0   2.96 299.60095 62.13486  1546.19  1332.30 2.51 2.32  41.9 -0.450    19.67 21.39 02a58432o0177c 0x000030   0.200000
58432.275994 20.207197      NaN   -17.0     10.0   c  0.0   1.83 299.60095 62.13486  1525.26  1293.36 2.49 2.39  78.3 -0.433    19.58 21.35 02a58432o0197c 0x000030  -1.700000
58432.279224 20.039830 0.341231    35.0     11.0   c  0.0   1.17 299.60095 62.13486  1588.64  1369.32 2.47 2.39  85.1 -0.437    19.55 21.31 02a58432o0204c 0x400830   3.181818
58432.291397 19.631075      NaN   -23.0     17.0   c  0.0   1.04 299.60095 62.13486  1606.69  1243.03 2.53 2.35  36.7 -0.441    18.80 20.35 02a58432o0230c 0x080010  -1.352941
58436.256774 19.569016      NaN    -9.0     18.0   c  0.0   0.61 299.60095 62.13486  1186.89  8447.23 2.56 2.35 -13.7 -0.441    19.35 20.69 02a58436o0157c 0x080030  -0.500000
58436.265410 19.766969      NaN    -1.0     15.0   c  0.0   0.85 299.60095 62.13486  1157.50  8408.01 2.55 2.35 -30.9 -0.432    19.33 20.68 02a58436o0175c 0x080030  -0.066667
58436.272411 19.766969      NaN   -19.0     15.0   c  0.0   1.45 299.60095 62.13486  1221.23  8479.31 2.55 2.34  -5.0 -0.450    19.32 20.65 02a58436o0190c 0x000030  -1.266667
58436.275627 19.841877      NaN   -38.0     14.0   c  0.0   0.84 299.60095 62.13486 10304.79  8474.22 2.77 2.46  26.3 -0.442    19.33 20.72 02a58436o0197c 0x080030  -2.714286
58436.278371 20.009244      NaN   -36.0     12.0   c  0.0   1.42 299.60095 62.13486 10278.04  8428.60 2.73 2.38  24.5 -0.445    19.36 20.72 02a58436o0203c 0x000030  -3.000000
58436.280203 19.766969      NaN   -40.0     15.0   c  0.0   0.79 299.60095 62.13486  1238.42  8356.96 2.49 2.30  -5.4 -0.458    19.30 20.61 02a58436o0207c 0x400130  -2.666667
58436.290055 19.841877      NaN    -3.0     14.0   c  0.0   1.11 299.60095 62.13486 10340.63  8511.58 2.85 2.50  28.3 -0.429    19.11 20.47 02a58436o0228c 0x080030  -0.214286
58436.299691 19.743105      NaN     1.0     15.0   c  0.0   1.28 299.60095 62.13486 10356.36  8393.13 2.75 2.47  25.6 -0.457    19.19 20.54 02a58436o0249c 0x400130   0.066667
58456.229644 20.039830      NaN     2.0     11.0   c  0.0   1.19 299.60095 62.13486  1906.59  6048.59 2.46 2.38 -32.3 -0.419    19.56 21.31 02a58456o0101c 0x400130   0.181818
58456.240223 19.922338      NaN   -14.0     13.0   c  0.0   0.93 299.60095 62.13486  1887.36  6006.72 2.47 2.37 -36.2 -0.414    19.55 21.26 02a58456o0123c 0x080010  -1.076923
58456.248962 19.287255      NaN    28.0     14.0   c  0.0   1.40 299.60095 62.13486 10496.48  6189.81 2.67 2.55  30.7 -0.451    19.58 21.31 02a58456o0141c 0x400330   2.000000
58456.250428 20.009244      NaN    -3.0     12.0   c  0.0   1.74 299.60095 62.13486  1950.20  6080.01 2.45 2.34 -25.2 -0.418    19.52 21.23 02a58456o0144c 0x000000  -0.250000
58456.259489 19.183773      NaN    32.0     15.0   c  0.0   1.46 299.60095 62.13486 10477.68  6149.34 2.68 2.58  35.9 -0.443    19.51 21.29 02a58456o0163c 0x000030   2.133333
58456.260873 20.103715      NaN   -12.0     11.0   c  0.0   1.12 299.60095 62.13486  1968.71  5960.68 2.50 2.44 -36.6 -0.415    19.45 21.17 02a58456o0166c 0x400110  -1.090909
58456.269477       NaN      NaN     NaN      NaN NaN  NaN    NaN       NaN      NaN      NaN      NaN  NaN  NaN   NaN    NaN      NaN   NaN            NaN 0x400830        NaN
58460.238681 19.384550      NaN    22.0     14.0   c  0.0   1.24 299.60095 62.13486 10060.36  3804.63 3.11 2.99 -47.2 -0.403    19.39 21.38 02a58460o0120c 0x400830   1.571429
58460.239596 20.207197      NaN    -5.0     10.0   c  0.0   1.34 299.60095 62.13486   777.35  3810.05 2.62 2.58  32.1 -0.405    19.45 21.28 02a58460o0122c 0x002030  -0.500000
58460.248526 19.569016      NaN     9.0     15.0   c  0.0   0.73 299.60095 62.13486 10041.69  3756.81 3.03 2.94  49.0 -0.415    19.46 21.36 02a58460o0141c 0x400220   0.600000
58460.249441 16.647717 0.015004   796.0     11.0   c  0.0 181.08 299.60095 62.13486   796.22  3699.21 3.05 2.98  60.8 -0.400    19.26 21.24 02a58460o0143c 0x500831  72.363636
58460.258451 19.631075      NaN   -22.0     17.0   c  0.0   1.37 299.60095 62.13486 10104.68  3840.20 3.60 3.56  47.7 -0.393    19.26 21.30 02a58460o0162c 0x400230  -1.294118
58460.268676 18.921935      NaN    44.0     18.0   c  0.0   1.79 299.60095 62.13486 10122.36  3728.06 3.73 3.68  19.9 -0.398    19.17 21.23 02a58460o0183c 0x400220   2.444444
58604.626867 19.212347      NaN   -43.0     25.0   c  0.0   1.51 299.60095 62.13486  9149.35   995.12 2.98 2.38 -51.8 -0.431    18.59 19.62 02a58604o0771c 0x900002  -1.720000
58612.560141 19.367717      NaN    29.0     12.0   c  0.0   1.29 299.60095 62.13486  3805.17  8967.59 2.82 2.60  57.7 -0.386    19.56 21.40 02a58612o0702c 0x002030   2.416667
58612.562245 20.103715      NaN   -49.0     11.0   c  0.0   3.20 299.60095 62.13486  3818.79  9007.95 2.66 2.53  55.9 -0.396    19.61 21.41 02a58612o0706c 0x400830  -4.454545
58612.567089 19.271854      NaN    35.0     12.0   c  0.0   1.19 299.60095 62.13486  3761.27  8930.71 2.71 2.56  63.8 -0.386    19.57 21.44 02a58612o0716c 0x400130   2.916667
58612.581409 19.922338      NaN   -23.0     13.0   c  0.0   1.85 299.60095 62.13486  3736.64  9047.07 2.78 2.47  46.3 -0.383    19.63 21.49 02a58612o0745c 0x400130  -1.769231
58636.524216 19.841877      NaN     6.0     12.0   c  0.0   0.56 299.60095 62.13486  1508.34  2469.07 2.46 2.33 -72.9 -0.424    19.70 21.60 02a58636o0626c 0x080030   0.500000
58636.528115 20.321591      NaN    -6.0      9.0   c  0.0   1.93 299.60095 62.13486  1521.99  2509.42 2.55 2.26  48.9 -0.410    19.67 21.63 02a58636o0634c 0x080030  -0.666667
58636.533263 19.950541      NaN     5.0     11.0   c  0.0   0.84 299.60095 62.13486  1471.34  2429.47 2.52 2.34 -59.6 -0.423    19.71 21.67 02a58636o0645c 0x000030   0.454545
58636.545098 20.207197      NaN    -3.0     10.0   c  0.0   1.08 299.60095 62.13486  1458.25  2547.12 2.47 2.38 -69.4 -0.422    19.73 21.73 02a58636o0670c 0x000030  -0.300000
58664.492656 20.207197      NaN    -2.0     10.0   c  0.0   1.02 299.60095 62.13486  5633.63  6137.44 2.74 2.32  38.9 -0.385    19.73 21.84 02a58664o0542c 0x080030  -0.200000
58664.495440 20.207197      NaN   -15.0     10.0   c  0.0   1.05 299.60095 62.13486  5614.19  6097.42 2.68 2.30  38.0 -0.387    19.75 21.84 02a58664o0548c 0x000030  -1.500000
58664.502335 19.979496      NaN     7.0     10.0   c  0.0   0.90 299.60095 62.13486  5667.83  6175.43 2.86 2.37  38.7 -0.379    19.72 21.88 02a58664o0563c 0x400330   0.700000
58664.513611 20.103715      NaN   -10.0     11.0   c  0.0   1.07 299.60095 62.13486  5674.13  6057.62 2.76 2.31  37.3 -0.385    19.73 21.90 02a58664o0586c 0x000030  -0.909091
58668.442928 20.449472      NaN   -13.0      8.0   c  0.0   2.38 299.60095 62.13486  5292.52   838.63 2.51 2.31 -73.4 -0.420    19.73 21.61 02a58668o0434c 0x002030  -1.625000
58668.446344 19.950541      NaN     8.0     10.0   c  0.0   0.92 299.60095 62.13486  5310.54   880.28 2.49 2.32 -77.7 -0.419    19.68 21.62 02a58668o0441c 0x002030   0.800000
58668.452789 20.207197      NaN   -30.0     10.0   c  0.0   0.99 299.60095 62.13486  5254.53   803.77 2.48 2.29 -76.8 -0.417    19.70 21.64 02a58668o0455c 0x400830  -3.000000
58668.463330 20.449472      NaN   -35.0      8.0   c  0.0   1.41 299.60095 62.13486  5232.65   929.79 2.45 2.33  77.7 -0.411    19.72 21.68 02a58668o0477c 0x400830  -4.375000
58692.352112 19.894850      NaN     7.0     11.0   c  0.0   0.91 299.60095 62.13486  3640.38   434.60 2.56 2.21 -58.7 -0.412    19.74 21.77 02a58692o0246c 0x400230   0.636364
58692.355528 19.841877      NaN   -11.0     14.0   c  0.0   0.58 299.60095 62.13486  3657.71   473.62 2.50 2.22 -65.0 -0.415    19.73 21.76 02a58692o0253c 0x400830  -0.785714
58692.503674 20.103715      NaN   -16.0     11.0   c  0.0   0.84 299.60095 62.13486  6953.68 10190.11 2.63 2.53 -58.9 -0.401    19.79 21.81 02a58692o0502c 0x002030  -1.454545
58692.510994 17.597155      NaN    20.0    104.0   c  0.0   0.04 299.60095 62.13486  8868.54    47.65 2.51 2.17 -59.2 -0.387    19.70 21.76 02a58692o0518c 0x500832   0.192308
58692.511452 20.103715      NaN   -19.0     11.0   c  0.0   0.85 299.60095 62.13486  6966.72 10065.30 2.64 2.56  89.4 -0.397    19.76 21.81 02a58692o0519c 0x082030  -1.727273
58700.498804 20.103715      NaN   -20.0     11.0   c  0.0   0.92 299.60095 62.13486   554.91  2043.02 2.60 2.50  41.8 -0.397    19.63 21.68 02a58700o0511c 0x400130  -1.818182
58700.502117 20.449472      NaN    -7.0      8.0   c  0.0   1.95 299.60095 62.13486   533.13  2004.72 2.64 2.54  44.6 -0.397    19.56 21.66 02a58700o0518c 0x000000  -0.875000
58700.507348 20.321591      NaN    -8.0      9.0   c  0.0   1.54 299.60095 62.13486   595.44  2077.16 2.46 2.42  64.0 -0.401    19.68 21.64 02a58700o0529c 0x000030  -0.888889
58700.518774 20.207197      NaN     0.0     10.0   c  0.0   1.11 299.60095 62.13486   614.24  1956.58 2.43 2.36  72.5 -0.405    19.68 21.60 02a58700o0553c 0x000030   0.000000
58700.553410 20.009244      NaN    -3.0     12.0   c  0.0   1.06 299.60095 62.13486 10474.34  2084.50 2.70 2.35 -47.3 -0.416    19.68 21.55 02a58700o0627c 0x000030  -0.250000
58700.556737 19.922338      NaN    -5.0     13.0   c  0.0   0.62 299.60095 62.13486 10453.01  2041.38 2.63 2.34 -43.8 -0.419    19.68 21.53 02a58700o0634c 0x000030  -0.384615
58700.564156 19.142275      NaN     5.0     25.0   c  0.0   0.50 299.60095 62.13486 10513.82  2121.25 2.65 2.36 -41.8 -0.421    19.65 21.50 02a58700o0650c 0x500132   0.200000
58700.576892       NaN      NaN     NaN      NaN NaN  NaN    NaN       NaN      NaN      NaN      NaN  NaN  NaN   NaN    NaN      NaN   NaN            NaN 0x400a20        NaN
58704.359460 19.271854      NaN    20.0     17.0   c  0.0   1.06 299.60095 62.13486   115.15  8484.41 2.64 2.34 -47.7 -0.411    19.14 20.43 02a58704o0278c 0x080030   1.176471
58704.362414 19.510313 0.323816    57.0     17.0   c  0.0   4.40 299.60095 62.13486   134.21  8527.64 2.85 2.55 -47.8 -0.391    19.05 20.44 02a58704o0284c 0x400220   3.352941
58704.370521 19.510313      NaN     3.0     18.0   c  0.0   1.35 299.60095 62.13486    74.08  8445.92 2.81 2.39 -58.8 -0.392    19.16 20.45 02a58704o0301c 0x400830   0.166667
58704.380476 18.767304      NaN    50.0     21.0   c  0.0   2.42 299.60095 62.13486    54.41  8562.17 3.01 2.59 -55.0 -0.400    19.06 20.47 02a58704o0322c 0x400830   2.380952
58704.387999 19.696897      NaN   -12.0     16.0   c  0.0   1.32 299.60095 62.13486   580.23  2071.93 2.95 2.63 -60.6 -0.389    19.15 20.52 02a58704o0338c 0x000030  -0.750000
58704.390783 19.491430      NaN    19.0     13.0   c  0.0   1.29 299.60095 62.13486   561.51  2034.91 2.91 2.51 -59.5 -0.397    19.16 20.52 02a58704o0344c 0x400130   1.461538
58704.396487 20.009244      NaN    -9.0     12.0   c  0.0   1.57 299.60095 62.13486   621.46  2101.96 2.71 2.44 -57.2 -0.399    19.25 20.53 02a58704o0356c 0x000030  -0.750000
58704.406761 19.841877      NaN   -34.0     14.0   c  0.0   1.60 299.60095 62.13486   640.14  1984.60 2.66 2.40 -57.6 -0.403    19.23 20.56 02a58704o0378c 0x400110  -2.428571
58708.438118 18.504094      NaN    18.0     42.0   c  0.0   0.57 299.60095 62.13486  5349.70  8177.19 2.68 2.52  41.2 -0.379    18.56 19.49 02a58708o0457c 0x900002   0.428571
58708.441777 18.582238      NaN    38.0     32.0   c  0.0   1.44 299.60095 62.13486  5330.56  8137.50 2.63 2.49  41.7 -0.386    18.56 19.49 02a58708o0465c 0x900002   1.187500
58708.447789 18.598565      NaN     3.0     43.0   c  0.0   0.84 299.60095 62.13486  5386.81  8214.38 2.60 2.52  31.0 -0.392    18.58 19.48 02a58708o0478c 0x900002   0.069767
58708.457937 18.574166      NaN   -16.0     45.0   c  0.0   0.97 299.60095 62.13486  5402.79  8095.58 2.90 2.81  38.8 -0.377    18.51 19.46 02a58708o0498c 0x900002  -0.355556
58720.360095 20.449472      NaN    -8.0      8.0   c  0.0   1.24 299.60095 62.13486  2449.05  3899.54 2.47 2.28  28.8 -0.407    19.80 21.80 02a58720o0301c 0x000030  -1.000000
58720.363328 20.321591      NaN    -7.0      9.0   c  0.0   1.18 299.60095 62.13486  2432.98  3864.56 2.38 2.36   7.9 -0.406    19.78 21.80 02a58720o0308c 0x000030  -0.777778
58720.368871 20.103715      NaN   -15.0     11.0   c  0.0   0.57 299.60095 62.13486  2491.28  3937.12 2.40 2.33  21.9 -0.408    19.75 21.80 02a58720o0320c 0x000030  -1.363636
58720.380352 20.207197      NaN    -7.0     10.0   c  0.0   0.81 299.60095 62.13486  2507.55  3817.34 2.48 2.26  32.1 -0.404    19.74 21.75 02a58720o0345c 0x000030  -0.700000
58724.392541 20.009244      NaN    -1.0     12.0   c  0.0   1.02 299.60095 62.13486  3489.54  9863.16 2.63 2.28 -53.6 -0.410    19.75 21.56 02a58724o0378c 0x000000  -0.083333
58724.395750 19.674510      NaN     7.0     14.0   c  0.0   0.69 299.60095 62.13486  3470.83  9823.77 2.56 2.24 -54.2 -0.414    19.80 21.69 02a58724o0385c 0x000000   0.500000
58724.402853 19.696897      NaN    12.0     12.0   c  0.0   0.81 299.60095 62.13486  3522.73  9900.03 2.42 2.36 -64.8 -0.401    19.75 21.67 02a58724o0400c 0x080030   1.000000
58724.413430 20.207197      NaN   -14.0     10.0   c  0.0   1.18 299.60095 62.13486  3542.29  9777.69 2.56 2.29 -52.4 -0.409    19.77 21.62 02a58724o0423c 0x000030  -1.400000
58728.325056 20.207197      NaN   -14.0     10.0   c  0.0   0.97 299.60095 62.13486  3513.79  9872.09 2.83 2.36 -54.2 -0.399    19.79 21.89 02a58728o0218c 0x400130  -1.400000
58728.328259 20.009244      NaN    -8.0     12.0   c  0.0   0.93 299.60095 62.13486  3495.34  9836.40 2.83 2.33 -53.5 -0.403    19.82 21.89 02a58728o0225c 0x002030  -0.666667
58728.334683 19.791368      NaN     8.0     12.0   c  0.0   1.04 299.60095 62.13486  3546.39  9909.01 2.75 2.34 -55.3 -0.401    19.81 21.86 02a58728o0239c 0x400130   0.666667
58728.344766 20.009244      NaN   -12.0     12.0   c  0.0   0.95 299.60095 62.13486  3562.82  9790.47 2.81 2.28 -53.4 -0.406    19.77 21.82 02a58728o0261c 0x002000  -1.000000
58752.325547 20.207197      NaN    -9.0     10.0   c  0.0   0.80 299.60095 62.13486  7521.42  6085.53 2.44 2.30  41.1 -0.393    19.78 21.59 02a58752o0227c 0x000030  -0.900000
58752.328769 20.321591      NaN   -10.0      9.0   c  0.0   1.16 299.60095 62.13486  7499.61  6042.78 2.57 2.24  40.0 -0.385    19.74 21.61 02a58752o0234c 0x080030  -1.111111
58752.334414 20.103715      NaN    -8.0     11.0   c  0.0   0.58 299.60095 62.13486  7558.32  6124.89 2.48 2.30  47.0 -0.393    19.76 21.64 02a58752o0246c 0x000030  -0.727273
58752.345178 19.922338      NaN     9.0     10.0   c  0.0   1.32 299.60095 62.13486  7568.49  6009.03 2.92 2.29  38.3 -0.369    19.72 21.63 02a58752o0269c 0x000030   0.900000
58756.356932 20.009244      NaN   -12.0     12.0   c  0.0   0.94 299.60095 62.13486  3685.31  6249.97 2.82 2.69  42.7 -0.370    19.47 21.43 02a58756o0345c 0x400930  -1.000000
58756.360175 20.103715      NaN   -24.0     11.0   c  0.0   1.09 299.60095 62.13486  3665.36  6210.88 2.81 2.69  35.3 -0.371    19.48 21.41 02a58756o0352c 0x400930  -2.181818
58756.366239 19.841877      NaN   -12.0     14.0   c  0.0   0.82 299.60095 62.13486  3722.05  6291.21 2.76 2.68  58.2 -0.388    19.43 21.35 02a58756o0365c 0x002030  -0.857143
58756.376355 18.847027      NaN    -6.0     35.0   c  0.0   0.70 299.60095 62.13486  3739.38  6170.55 2.99 2.94 -65.4 -0.366    18.33 20.16 02a58756o0387c 0x500832  -0.171429
58780.310193 20.321591      NaN   -16.0      9.0   c  0.0   1.29 299.60095 62.13486  8845.33  1583.17 2.38 2.21 -64.3 -0.407    19.65 21.29 02a58780o0270c 0x400130  -1.777778
58780.313955 20.103715      NaN    -4.0     11.0   c  0.0   0.72 299.60095 62.13486  8824.37  1542.39 2.37 2.19 -62.0 -0.409    19.64 21.28 02a58780o0278c 0x082030  -0.363636
58780.320553 19.922338      NaN   -13.0     13.0   c  0.0   0.83 299.60095 62.13486  8889.94  1622.03 2.52 2.18 -60.1 -0.411    19.62 21.27 02a58780o0292c 0x082030  -1.000000
58780.330668 20.039830      NaN     8.0      9.0   c  0.0   2.10 299.60095 62.13486  8908.02  1500.33 2.44 2.26 -63.6 -0.407    19.59 21.24 02a58780o0314c 0x400130   0.888889
58784.256457 19.868040      NaN     5.0     12.0   c  0.0   1.26 299.60095 62.13486  8864.69  1583.69 3.07 2.77 -53.6 -0.401    19.46 21.24 02a58784o0107c 0x080030   0.416667
58784.285299 20.103715      NaN    -4.0     11.0   c  0.0   1.12 299.60095 62.13486  8838.49  1540.82 2.48 2.21 -53.1 -0.416    19.59 21.13 02a58784o0116c 0x000030  -0.363636
58784.288346 19.922338      NaN    -6.0     13.0   c  0.0   0.64 299.60095 62.13486  8899.72  1622.44 2.45 2.22 -54.1 -0.413    19.60 21.16 02a58784o0122c 0x000030  -0.461538
58784.293572 20.321591      NaN   -19.0      9.0   c  0.0   1.23 299.60095 62.13486  8919.98  1504.86 2.53 2.28 -54.8 -0.411    19.57 21.16 02a58784o0133c 0x000030  -2.111111
58804.311511 19.609992      NaN    16.0     12.0   c  0.0   0.94 299.60095 62.13486  6406.32  3625.91 2.71 2.47  30.6 -0.369    19.40 21.07 02a58804o0285c 0x000030   1.333333
58804.314835 19.510313      NaN    21.0     12.0   c  0.0   1.16 299.60095 62.13486  6387.03  3594.30 2.77 2.52  33.7 -0.371    19.36 20.99 02a58804o0292c 0x400830   1.750000
58804.318145 19.766969      NaN   -22.0     15.0   c  0.0   0.98 299.60095 62.13486  6447.10  3673.50 2.69 2.44  33.3 -0.385    19.32 20.89 02a58804o0299c 0x000030  -1.466667
58804.320964 19.922338      NaN   -17.0     13.0   c  0.0   0.93 299.60095 62.13486  6467.17  3557.46 2.66 2.44  31.7 -0.376    19.29 20.77 02a58804o0305c 0x000030  -1.307692
58808.191305 19.351140      NaN    -8.0     22.0   c  0.0   1.01 299.60095 62.13486  6428.15  3634.20 2.39 2.34 -58.6 -0.385    18.70 19.69 02a58808o0035c 0x080030  -0.363636
58808.195325 20.009244      NaN    -6.0     12.0   c  0.0   1.37 299.60095 62.13486  6405.17  3591.53 2.38 2.35 -89.3 -0.384    19.25 20.50 02a58808o0043c 0x000030  -0.500000
58808.200834 19.841877      NaN     3.0     13.0   c  0.0   0.59 299.60095 62.13486  6464.61  3668.77 2.49 2.47 -78.8 -0.380    19.47 21.08 02a58808o0055c 0x080030   0.230769
58808.211972 20.321591      NaN   -16.0      9.0   c  0.0   1.59 299.60095 62.13486  6480.18  3550.96 2.55 2.51  87.9 -0.380    19.53 21.28 02a58808o0078c 0x400830  -1.777778
58964.582640 19.271854      NaN    23.0     16.0   c  0.0   3.56 299.60095 62.13486  5888.92  8882.44 2.84 2.75 -82.8 -0.387    19.33 21.14 02a58964o0753c 0xc00930   1.437500
58964.587138 16.658684 0.017912   788.0     13.0   c  0.0 118.19 299.60095 62.13486  5904.86  8921.51 3.23 2.82  47.3 -0.350    19.22 21.18 02a58964o0762c 0xd00831  60.615385
58964.592691 20.009244      NaN   -12.0     12.0   c  0.0   1.40 299.60095 62.13486  5850.87  8841.28 2.83 2.78 -85.3 -0.385    19.47 21.42 02a58964o0774c 0xc00830  -1.000000
58964.608645 20.009244      NaN   -12.0     12.0   c  0.0   1.39 299.60095 62.13486  5833.12  8959.90 2.87 2.79  63.9 -0.381    19.49 21.41 02a58964o0808c 0xc00110  -1.000000
58968.539965 19.841877      NaN    -9.0     14.0   c  0.0   0.95 299.60095 62.13486  5888.12  8884.14 2.85 2.52  44.4 -0.382    19.53 21.33 02a58968o0655c 0x400830  -0.642857
58968.543174 19.791368      NaN     8.0     12.0   c  0.0   1.24 299.60095 62.13486  5908.69  8922.48 2.86 2.52  44.9 -0.381    19.54 21.35 02a58968o0662c 0x002030   0.666667
58968.550548 16.692267 0.015632   764.0     11.0   c  0.0 197.69 299.60095 62.13486  5844.86  8844.40 2.82 2.49  47.4 -0.382    19.54 21.38 02a58968o0678c 0x500831  69.454545
58968.563426 19.454622      NaN    21.0     13.0   c  0.0   0.98 299.60095 62.13486  5824.05  8961.16 2.81 2.44  46.0 -0.383    19.53 21.33 02a58968o0706c 0x400210   1.615385
58988.551449 19.674510      NaN    13.0     12.0   c  0.0   1.08 299.60095 62.13486  3382.26  2469.80 2.45 2.35  81.4 -0.395    19.68 21.47 02a58988o0686c 0x082010   1.083333
58988.553734 20.039830      NaN     5.0     10.0   c  0.0   1.98 299.60095 62.13486  3401.05  2509.91 2.52 2.41  70.8 -0.393    19.64 21.50 02a58988o0691c 0x082030   0.500000
58988.559253 20.103715      NaN    -5.0     11.0   c  0.0   1.25 299.60095 62.13486  3344.74  2432.47 2.49 2.37  74.7 -0.393    19.67 21.53 02a58988o0703c 0x400830  -0.454545
58988.570726 20.321591      NaN     0.0      9.0   c  0.0   1.70 299.60095 62.13486  3327.19  2549.08 2.63 2.32  50.1 -0.392    19.62 21.57 02a58988o0728c 0x400830   0.000000
58992.522901 20.071303 0.319334    34.0     10.0   c  0.0   2.55 299.60095 62.13486  3373.59  2470.87 2.50 2.43 -77.6 -0.395    19.64 21.52 02a58992o0622c 0x400830   3.400000
58992.526148 19.922338      NaN     0.0     13.0   c  0.0   0.70 299.60095 62.13486  3391.92  2510.00 2.54 2.41 -74.0 -0.395    19.60 21.52 02a58992o0629c 0x002030   0.000000
58992.533889 20.449472      NaN   -10.0      8.0   c  0.0   2.75 299.60095 62.13486  3334.77  2433.22 2.53 2.40  73.5 -0.397    19.64 21.53 02a58992o0645c 0x400130  -1.250000
58992.540843 20.103715      NaN     0.0     11.0   c  0.0   1.43 299.60095 62.13486  3318.20  2548.95 2.51 2.42  86.4 -0.395    19.65 21.53 02a58992o0660c 0x082030   0.000000
59000.541861 19.569016      NaN    21.0     11.0   c  0.0   3.19 299.60095 62.13486  6173.73  6848.20 3.02 2.33  41.5 -0.382    19.70 21.80 02a59000o0634c 0x400930   1.909091
59000.544174 19.841877      NaN    15.0      9.0   c  0.0   1.26 299.60095 62.13486  6198.31  6884.09 2.52 2.40  50.3 -0.412    19.74 21.80 02a59000o0639c 0x400930   1.666667
59000.547375 19.674510      NaN    13.0     12.0   c  0.0   0.68 299.60095 62.13486  6139.30  6808.21 2.57 2.36  41.7 -0.410    19.77 21.79 02a59000o0646c 0x082030   1.083333
59000.560619 20.321591      NaN     0.0      9.0   c  0.0   3.08 299.60095 62.13486  6120.36  6928.75 2.76 2.32  41.6 -0.402    19.74 21.77 02a59000o0674c 0x002030   0.000000
59020.490271 20.207197      NaN    -2.0     10.0   c  0.0   0.83 299.60095 62.13486  1165.40  4492.90 2.50 2.40  64.1 -0.414    19.65 21.57 02a59020o0477c 0x400130  -0.200000
59020.493050 19.922338      NaN   -16.0     13.0   c  0.0   2.04 299.60095 62.13486  1183.71  4533.02 2.53 2.45  62.0 -0.413    19.50 21.43 02a59020o0483c 0x000030  -1.230769
59020.496265 20.207197      NaN   -29.0     10.0   c  0.0   2.44 299.60095 62.13486  1125.71  4452.18 2.46 2.41  55.5 -0.416    19.65 21.54 02a59020o0490c 0x400a30  -2.900000
59020.507448 19.155932      NaN    37.0     14.0   c  0.0   0.90 299.60095 62.13486    91.40  6184.30 2.61 2.50 -41.6 -0.354    19.62 21.60 02a59020o0514c 0x000030   2.642857
59020.511136 19.766969      NaN    12.0     11.0   c  0.0   1.48 299.60095 62.13486    70.72  6143.53 2.45 2.31 -40.1 -0.347    19.69 21.63 02a59020o0522c 0x000030   1.090909
59020.517093 19.791368      NaN    14.0     10.0   c  0.0   1.09 299.60095 62.13486   124.97  6211.08 2.50 2.34 -36.6 -0.359    19.71 21.67 02a59020o0535c 0x400830   1.400000
59020.519406 19.491430      NaN    28.0     10.0   c  0.0   1.38 299.60095 62.13486  9478.76  6002.06 2.96 2.54  32.6 -0.373    19.67 21.63 02a59020o0540c 0x400210   2.800000
59020.551948 19.922338      NaN     9.0     10.0   c  0.0   0.84 299.60095 62.13486   139.86  6090.67 2.42 2.27  -2.6 -0.358    19.65 21.59 02a59020o0610c 0x000030   0.900000
59028.486076 19.454622      NaN    15.0     15.0   c  0.0   0.86 299.60095 62.13486    50.31   396.21 2.70 2.21 -57.9 -0.432    19.74 21.82 02a59028o0521c 0x400830   1.000000
59028.487906 19.950541      NaN     5.0     11.0   c  0.0   2.46 299.60095 62.13486    68.74   439.26 2.65 2.20 -58.5 -0.437    19.74 21.82 02a59028o0525c 0x400130   0.454545
59028.512753 19.950541      NaN     2.0     12.0   c  0.0   0.99 299.60095 62.13486  1660.91 10057.66 2.32 2.26 -35.0 -0.453    19.75 21.90 02a59028o0579c 0x082030   0.166667
59028.516417 20.282105      NaN     4.0      8.0   c  0.0   1.02 299.60095 62.13486  1642.45 10018.22 2.30 2.16 -42.6 -0.455    19.77 21.91 02a59028o0587c 0x400130   0.500000
59028.523733 19.841877      NaN    -6.0     14.0   c  0.0   0.50 299.60095 62.13486  1699.95 10093.33 2.56 2.04 -50.9 -0.460    19.76 21.91 02a59028o0603c 0x400830  -0.428571
59028.558971 20.103715      NaN   -11.0     11.0   c  0.0   1.02 299.60095 62.13486  1708.98  9967.80 2.30 2.29  37.7 -0.453    19.74 21.93 02a59028o0679c 0x400a30  -1.000000
59048.390375 20.207197      NaN   -20.0     10.0   c  0.0   1.87 299.60095 62.13486  8750.68  2572.81 2.57 2.40 -67.9 -0.394    19.74 21.99 02a59048o0320c 0x002030  -2.000000
59048.393575 20.207197      NaN   -14.0     10.0   c  0.0   1.47 299.60095 62.13486  8771.03  2611.09 2.54 2.39 -76.9 -0.389    19.75 22.00 02a59048o0327c 0x400230  -1.400000
59048.397737 20.321591      NaN    -4.0      9.0   c  0.0   2.12 299.60095 62.13486  8716.81  2537.04 2.59 2.40 -70.4 -0.393    19.73 22.01 02a59048o0336c 0x002030  -0.444444
59048.427716 19.791368      NaN    11.0     11.0   c  0.0   0.85 299.60095 62.13486  8702.89  2659.15 2.58 2.45 -75.6 -0.388    19.73 22.02 02a59048o0400c 0x400830   1.000000
59076.407634 20.009244      NaN    -5.0     12.0   c  0.0   0.56 299.60095 62.13486  2017.06  5956.91 2.38 2.26  16.1 -0.401    19.70 21.64 02a59076o0341c 0x082010  -0.416667
59076.410857 18.944322      NaN    39.0     19.0   c  0.0   0.81 299.60095 62.13486  1997.97  5918.58 2.39 2.27  18.9 -0.397    18.88 20.78 02a59076o0348c 0x400130   2.052632
59076.416894 20.207197      NaN   -11.0     10.0   c  0.0   0.93 299.60095 62.13486  2052.81  5986.29 2.46 2.26  24.6 -0.395    19.69 21.63 02a59076o0361c 0x400130  -1.100000
59076.427485 20.207197      NaN   -13.0     10.0   c  0.0   1.71 299.60095 62.13486  2072.05  5865.65 2.63 2.53  36.5 -0.392    19.59 21.62 02a59076o0384c 0x002010  -1.300000
59080.356854 20.009244      NaN   -11.0     12.0   c  0.0   0.58 299.60095 62.13486  2022.01  5959.59 2.35 2.32  18.4 -0.400    19.73 21.83 02a59080o0279c 0x400830  -0.916667
59080.360069 19.894850      NaN    10.0     10.0   c  0.0   1.25 299.60095 62.13486  1997.69  5915.87 2.72 2.33  28.8 -0.382    19.67 21.83 02a59080o0286c 0x002030   1.000000
59080.365562 19.816329      NaN    13.0     10.0   c  0.0   0.94 299.60095 62.13486  2058.20  5991.81 2.40 2.28  26.3 -0.399    19.72 21.80 02a59080o0298c 0x082030   1.300000
59080.377954 20.103715      NaN    -1.0     11.0   c  0.0   0.73 299.60095 62.13486  2076.19  5873.09 2.37 2.33   3.6 -0.402    19.74 21.80 02a59080o0325c 0x400130  -0.090909
59084.387914 20.321591      NaN    -9.0      9.0   c  0.0   1.24 299.60095 62.13486   789.01  3608.41 2.39 2.26 -53.4 -0.410    19.77 21.77 02a59084o0344c 0x000030  -1.000000
59084.391113 20.103715      NaN   -18.0     11.0   c  0.0   0.85 299.60095 62.13486   766.28  3566.12 2.46 2.31  20.3 -0.400    19.70 21.76 02a59084o0351c 0x400830  -1.636364
59084.397568 19.950541      NaN     5.0     11.0   c  0.0   0.91 299.60095 62.13486   829.58  3641.28 2.45 2.40  19.9 -0.400    19.68 21.71 02a59084o0365c 0x080030   0.454545
59084.408569 20.449472      NaN     0.0      8.0   c  0.0   2.20 299.60095 62.13486   849.15  3519.64 2.47 2.39 -42.9 -0.395    19.67 21.67 02a59084o0389c 0x400830   0.000000
59084.410408 19.979496      NaN    10.0      9.0   c  0.0   1.20 299.60095 62.13486 10397.76  3641.77 2.57 2.49  13.4 -0.409    19.64 21.65 02a59084o0393c 0x400130   1.111111
59084.413608 19.791368      NaN    14.0     10.0   c  0.0   1.07 299.60095 62.13486 10378.29  3604.87 2.64 2.44 -61.5 -0.404    19.68 21.66 02a59084o0400c 0x400a30   1.400000
59084.420963 20.244005      NaN     2.0      9.0   c  0.0   1.56 299.60095 62.13486 10437.74  3687.70 2.58 2.49 -56.8 -0.407    19.66 21.66 02a59084o0416c 0x000030   0.222222
59084.432864 19.696897      NaN    21.0      9.0   c  0.0   1.89 299.60095 62.13486 10458.10  3571.00 2.52 2.39 -50.6 -0.414    19.70 21.65 02a59084o0442c 0x400830   2.333333
59104.365139 20.244005      NaN     2.0      9.0   c  0.0   1.14 299.60095 62.13486   544.19  2056.50 2.50 2.37 -58.8 -0.403    19.67 21.72 02a59104o0330c 0x000030   0.222222
59104.370653 19.950541      NaN     8.0     10.0   c  0.0   0.86 299.60095 62.13486   523.80  2018.86 2.54 2.30 -56.0 -0.407    19.73 21.71 02a59104o0342c 0x000030   0.800000
59104.383124 20.207197      NaN    -8.0     10.0   c  0.0   1.33 299.60095 62.13486   585.02  2086.74 2.53 2.28 -57.5 -0.406    19.70 21.68 02a59104o0369c 0x000030  -0.800000
59104.384043 20.009244      NaN    -5.0     12.0   c  0.0   0.91 299.60095 62.13486 10463.37  2082.91 2.53 2.24 -54.0 -0.425    19.66 21.68 02a59104o0371c 0x000030  -0.416667
59104.387291 20.103715      NaN    -2.0     11.0   c  0.0   0.88 299.60095 62.13486 10444.69  2046.93 2.64 2.29 -60.2 -0.421    19.64 21.67 02a59104o0378c 0x000030  -0.181818
59104.388207 20.449472      NaN   -12.0      8.0   c  0.0   1.55 299.60095 62.13486   605.92  1969.58 2.51 2.34 -64.4 -0.404    19.68 21.67 02a59104o0380c 0x400110  -1.500000
59104.393745 19.491430      NaN    16.0     14.0   c  0.0   0.94 299.60095 62.13486 10503.71  2124.96 2.74 2.44 -63.0 -0.410    19.53 21.65 02a59104o0392c 0x080030   1.142857
59104.403989 17.444842      NaN    70.0    104.0   c  0.0   0.24 299.60095 62.13486 10523.16  2011.16 2.52 2.22 -55.9 -0.424    19.68 21.62 02a59104o0414c 0x500832   0.673077
59108.363261 20.103715      NaN    -4.0     11.0   c  0.0   0.89 299.60095 62.13486  5325.80  8168.68 2.53 2.30 -54.6 -0.419    19.70 21.71 02a59108o0311c 0x400230  -0.363636
59108.366465 20.207197      NaN    -2.0     10.0   c  0.0   1.20 299.60095 62.13486  5307.03  8129.00 2.53 2.28 -55.3 -0.414    19.72 21.72 02a59108o0318c 0x002030  -0.200000
59108.372046 19.719755      NaN    17.0     10.0   c  0.0   1.22 299.60095 62.13486  5361.02  8202.62 2.51 2.43  44.9 -0.397    19.69 21.71 02a59108o0330c 0x400230   1.700000
59108.382624 20.103715      NaN     0.0     11.0   c  0.0   1.07 299.60095 62.13486  5378.44  8088.07 2.60 2.40 -55.9 -0.410    19.65 21.69 02a59108o0353c 0x002030   0.000000
59132.296622 19.766969      NaN    15.0     10.0   c  0.0   1.05 299.60095 62.13486  8395.19  3606.39 2.50 2.41 -75.0 -0.389    19.68 21.53 02a59132o0218c 0x400830   1.500000
59132.300777 20.244005      NaN     2.0      9.0   c  0.0   1.27 299.60095 62.13486  8378.93  3568.65 2.54 2.49  89.0 -0.390    19.65 21.52 02a59132o0227c 0x080030   0.222222
59132.310896 20.103715      NaN    -6.0     11.0   c  0.0   1.03 299.60095 62.13486  8440.85  3648.97 2.53 2.43 -66.0 -0.391    19.67 21.52 02a59132o0249c 0x000030  -0.545455
59132.318267 19.922338      NaN    -4.0     13.0   c  0.0   0.73 299.60095 62.13486  8463.31  3531.96 2.52 2.45 -61.1 -0.388    19.63 21.50 02a59132o0265c 0x000030  -0.307692
59136.289516 17.527492      NaN   -26.0    118.0   c  0.0   0.96 299.60095 62.13486  8395.06  3611.14 2.51 2.41 -79.2 -0.382    16.80 18.20 02a59136o0271c 0x500812  -0.220339
59136.292798 19.549093      NaN    25.0     10.0   c  0.0   1.72 299.60095 62.13486  8375.00  3571.53 2.46 2.28 -68.5 -0.391    19.54 21.24 02a59136o0278c 0x400830   2.500000
59136.298366 19.256669      NaN   -14.0     24.0   c  0.0   1.26 299.60095 62.13486  8433.83  3650.13 2.52 2.41 -76.9 -0.383    18.82 20.41 02a59136o0290c 0x500212  -0.583333
59136.308500 20.039830      NaN     2.0     11.0   c  0.0   1.04 299.60095 62.13486  8454.77  3532.79 2.47 2.32 -70.1 -0.389    19.66 21.40 02a59136o0312c 0x082030   0.181818
59140.305990 14.884853      NaN   242.0   1265.0   c  0.0   0.81 299.60095 62.13486  8716.88 10139.68 2.89 2.78 -63.5 -0.471    15.11 16.46 02a59140o0250c 0x900002   0.191304
59140.309191 13.787377      NaN   356.0   3579.0   c  0.0   1.61 299.60095 62.13486  8698.02 10098.13 3.06 2.77 -62.1 -0.481    14.54 15.91 02a59140o0257c 0x900002   0.099469
59140.315611 14.695089      NaN   779.0   1343.0   c  0.0   2.34 299.60095 62.13486  8752.12 10179.13 2.75 2.63 -69.8 -0.475    14.78 16.02 02a59140o0271c 0xd00812   0.580045
59160.206689 15.373479      NaN  -110.0    858.0   c  0.0   0.86 299.60095 62.13486  3691.78  6264.07 2.64 2.34  35.3 -0.378    15.89 17.29 02a59160o0051c 0x900002  -0.128205
59160.209897 17.033415      NaN    75.0    161.0   c  0.0   0.81 299.60095 62.13486  3672.25  6224.70 2.57 2.34  33.2 -0.375    16.89 18.15 02a59160o0058c 0x900002   0.465839
59160.219995 14.178709      NaN   953.0   2261.0   c  0.0   1.48 299.60095 62.13486  3725.38  6295.61 2.77 2.39  33.6 -0.376    13.49 14.66 02a59160o0080c 0x900002   0.421495
59160.226418 15.399951      NaN   172.0    780.0   c  0.0   1.00 299.60095 62.13486  3745.26  6177.11 2.67 2.34  35.2 -0.380    15.46 16.67 02a59160o0094c 0x900002   0.220513
59194.197338 19.256669      NaN    -7.0     24.0   c  0.0   0.63 299.60095 62.13486   130.38  8549.41 2.20 2.15 -51.6 -0.381    19.17 21.83 01a59194o0032c 0x100002  -0.291667
59194.197797 19.631075      NaN   -29.0     17.0   c  0.0   0.90 299.60095 62.13486 10034.34  8418.49 2.45 2.36  80.9 -0.330    19.13 21.80 01a59194o0033c 0x400110  -1.705882
59194.201024 19.454622      NaN    18.0     14.0   c  0.0   1.03 299.60095 62.13486 10054.54  8454.57 2.58 2.39  89.2 -0.334    19.39 22.28 01a59194o0040c 0x002030   1.285714
59194.201484 19.841877      NaN   -21.0     14.0   c  0.0   1.10 299.60095 62.13486   152.03  8588.39 2.31 2.10 -66.0 -0.396    19.54 22.40 01a59194o0041c 0x082030  -1.500000
59194.206555 19.529530      NaN    23.0     11.0   c  0.0   2.22 299.60095 62.13486  9990.03  8385.61 2.54 2.44  33.9 -0.330    19.56 22.66 01a59194o0052c 0x400330   2.090909
59194.207015 13.997991      NaN   674.0   2821.0   c  0.0   0.01 299.60095 62.13486    87.59  8505.23 2.41 2.15 -65.1 -0.389    19.65 22.71 01a59194o0053c 0x500832   0.238922
59194.221773 19.491430      NaN    28.0     10.0   c  0.0   1.94 299.60095 62.13486  9965.85  8510.48 2.65 2.49   1.2 -0.332    19.56 22.76 01a59194o0085c 0x400830   2.800000
59194.222233  8.957124      NaN 25647.0 307700.0   c  0.0   0.00 299.60095 62.13486    67.29  8617.51 2.35 2.22 -54.7 -0.387    19.64 22.80 01a59194o0086c 0x100002   0.083351
59262.619490 19.436675      NaN    19.0     14.0   c  0.0   1.17 299.60095 62.13486  4727.44  1673.73 2.97 2.85 -12.1 -0.363    19.16 21.24 01a59262o0878c 0x082010   1.357143
59262.629352 19.841877      NaN   -54.0     14.0   c  0.0  29.93 299.60095 62.13486  4702.10  1633.52 2.90 2.77 -14.3 -0.407    19.18 21.14 01a59262o0899c 0x500831  -3.857143
59262.640237 19.491430      NaN    22.0     12.0   c  0.0   1.12 299.60095 62.13486  4759.64  1718.47 2.74 2.67 -31.7 -0.357    19.30 21.28 01a59262o0922c 0x400930   1.833333
59262.647199 19.841877      NaN   -14.0     14.0   c  0.0   2.23 299.60095 62.13486  4779.42  1595.44 3.03 2.95 -27.3 -0.343    19.10 21.16 01a59262o0937c 0x400330  -1.000000
59292.593758 19.367717      NaN    14.0     17.0   c  0.0   1.98 299.60095 62.13486  3636.15   438.71 3.05 2.89 -70.6 -0.382    19.32 21.45 02a59292o0802c 0x002030   0.823529
59292.596993 19.510313 0.323816    57.0     17.0   c  0.0   2.98 299.60095 62.13486  3653.53   476.27 3.07 2.90 -66.2 -0.385    19.32 21.46 02a59292o0809c 0x400330   3.352941
59292.603030 19.318728 0.207567    68.0     13.0   c  0.0   2.89 299.60095 62.13486  3597.21   394.41 2.99 2.86 -84.7 -0.384    19.32 21.48 02a59292o0822c 0x082030   5.230769
59292.616349 19.589310 0.307284    53.0     15.0   c  0.0   1.90 299.60095 62.13486  3580.88   510.16 3.06 2.94 -84.9 -0.381    19.33 21.51 02a59292o0850c 0x400330   3.533333
59322.539999 19.491430      NaN     7.0     17.0   c  0.0   1.00 299.60095 62.13486  1687.54 10040.13 2.61 2.38 -51.5 -0.399    18.86 20.57 01a59322o0668c 0x400830   0.411765
59322.544147 19.454622      NaN    -9.0     20.0   c  0.0   0.85 299.60095 62.13486  1673.89 10002.56 2.58 2.32 -57.7 -0.400    18.90 20.61 01a59322o0677c 0x080010  -0.450000
59322.551061 19.791368      NaN     2.0     14.0   c  0.0   0.90 299.60095 62.13486  1729.51 10078.35 2.52 2.25 -57.3 -0.411    19.47 21.20 01a59322o0692c 0x000030   0.142857
59322.556132       NaN      NaN     NaN      NaN NaN  NaN    NaN       NaN      NaN      NaN      NaN  NaN  NaN   NaN    NaN      NaN   NaN            NaN 0x400820        NaN
59322.559361 19.038793      NaN     1.0     29.0   c  0.0   0.69 299.60095 62.13486 10528.73 10120.99 2.81 2.49  55.0 -0.374    18.96 20.63 01a59322o0710c 0x500932   0.034483
59322.561216 19.841877      NaN   -17.0     14.0   c  0.0   1.04 299.60095 62.13486  1751.76  9962.56 2.59 2.36 -59.2 -0.398    19.21 20.93 01a59322o0714c 0x080010  -1.214286
59326.592173 20.207197      NaN   -25.0     10.0   c  0.0   0.72 299.60095 62.13486  1710.80 10050.44 2.42 2.14 -63.2 -0.407    19.71 21.42 01a59326o0590c 0x400430  -2.500000
59326.595901 20.103715      NaN    -8.0     11.0   c  0.0   0.97 299.60095 62.13486  1693.44 10015.80 2.41 2.19 -66.4 -0.397    19.69 21.43 01a59326o0598c 0x002030  -0.727273
59326.613098 20.449472      NaN   -12.0      8.0   c  0.0   1.34 299.60095 62.13486  1751.01 10092.01 2.45 2.29 -58.1 -0.393    19.74 21.46 01a59326o0635c 0x400110  -1.500000
59326.623392 20.009244      NaN    -6.0     12.0   c  0.0   0.78 299.60095 62.13486  1769.96  9974.29 2.43 2.23 -74.3 -0.395    19.56 20.94 01a59326o0657c 0x082030  -0.500000
59344.540865 19.256669      NaN    30.0     14.0   c  0.0   0.78 299.60095 62.13486  1846.33   447.41 2.58 2.30 -64.3 -0.412    19.57 21.46 02a59344o0643c 0x400130   2.142857
59344.544072 19.868040      NaN     5.0     12.0   c  0.0   0.96 299.60095 62.13486  1864.73   487.34 2.48 2.28 -70.3 -0.414    19.63 21.46 02a59344o0650c 0x002030   0.416667
59344.549603 16.446586 0.012467   958.0     11.0   c  0.0 332.13 299.60095 62.13486  1809.53   403.88 2.66 2.35 -62.5 -0.403    19.58 21.43 02a59344o0662c 0x500931  87.090909
59344.562124 19.922338      NaN    -9.0     13.0   c  0.0   0.59 299.60095 62.13486  1792.38   519.97 2.64 2.35 -62.4 -0.413    19.63 21.45 02a59344o0689c 0x082030  -0.692308
59356.558332 20.207197      NaN    -5.0     10.0   c  0.0   1.50 299.60095 62.13486  6915.05  4309.32 2.56 2.32  49.6 -0.394    19.65 21.54 02a59356o0669c 0x002030  -0.500000
59356.560161 19.674510      NaN    16.0     11.0   c  0.0   1.17 299.60095 62.13486  6932.61  4350.05 2.53 2.31  50.2 -0.396    19.64 21.54 02a59356o0673c 0x400130   1.454545
59356.562907 19.979496      NaN     4.0     11.0   c  0.0   0.91 299.60095 62.13486  6877.47  4273.01 2.54 2.32  52.6 -0.396    19.67 21.56 02a59356o0679c 0x400130   0.363636
59356.568400 19.868040      NaN     5.0     12.0   c  0.0   0.94 299.60095 62.13486  6859.35  4390.57 2.58 2.32  47.7 -0.394    19.67 21.58 02a59356o0691c 0x002030   0.416667
59374.492450 20.321591      NaN    -7.0      9.0   c  0.0   1.38 299.60095 62.13486  2019.52  5951.32 2.51 2.28 -81.4 -0.397    19.83 21.71 01a59374o0545c 0x002030  -0.777778
59374.495229 20.103715      NaN   -14.0     11.0   c  0.0   1.58 299.60095 62.13486  2001.08  5912.96 2.55 2.32 -81.6 -0.397    19.83 21.72 01a59374o0551c 0x002030  -1.272727
59374.513241 20.321591      NaN     0.0      9.0   c  0.0   0.76 299.60095 62.13486  2060.53  5990.41 2.37 2.30 -50.8 -0.384    19.84 21.77 01a59374o0589c 0x400130   0.000000
59374.516003 20.321591      NaN     3.0      8.0   c  0.0   1.38 299.60095 62.13486  2078.39  5872.73 2.41 2.29 -75.5 -0.388    19.87 21.81 01a59374o0595c 0x400130   0.375000
59378.485244 20.207197      NaN     0.0     10.0   c  0.0   0.58 299.60095 62.13486   783.12  3622.19 2.22 2.15  79.4 -0.392    19.94 21.87 01a59378o0528c 0x000000   0.000000
59378.488010 19.816329      NaN    10.0     11.0   c  0.0   0.49 299.60095 62.13486   761.98  3585.01 2.21 2.13  68.7 -0.390    19.94 21.86 01a59378o0534c 0x000030   0.909091
59378.491798 20.321591      NaN   -10.0      9.0   c  0.0   1.01 299.60095 62.13486   823.99  3658.05 2.26 2.20  69.5 -0.388    19.94 21.85 01a59378o0542c 0x400830  -1.111111
59378.496892 20.207197      NaN    -9.0     10.0   c  0.0   1.30 299.60095 62.13486   840.32  3543.20 2.27 2.14  79.9 -0.390    19.90 21.83 01a59378o0553c 0x000030  -0.900000
59378.504770 19.791368      NaN    14.0     10.0   c  0.0   2.17 299.60095 62.13486 10386.23  3597.58 2.70 2.54 -79.7 -0.360    19.86 21.74 01a59378o0570c 0x400a30   1.400000
59378.506613 19.696897      NaN    15.0     11.0   c  0.0   1.81 299.60095 62.13486 10365.49  3556.81 2.68 2.50 -76.8 -0.365    19.88 21.74 01a59378o0574c 0x080030   1.363636
59378.516662 19.549093      NaN    25.0     10.0   c  0.0   2.19 299.60095 62.13486 10424.73  3637.45 2.77 2.53 -72.8 -0.364    19.85 21.75 01a59378o0595c 0x400b30   2.500000
59378.521349 19.436675 0.177990    61.0     10.0   c  0.0   2.60 299.60095 62.13486 10445.21  3522.02 2.76 2.55 -64.5 -0.352    19.83 21.73 01a59378o0605c 0x400a30   6.100000
59382.544160 20.321591      NaN    -3.0      9.0   c  0.0   2.07 299.60095 62.13486  9781.89  6896.97 2.54 2.43  52.7 -0.372    19.92 21.79 01a59382o0469c 0x080030  -0.333333
59382.547389 20.321591      NaN    -7.0      9.0   c  0.0   3.89 299.60095 62.13486  9801.75  6931.29 2.63 2.43  79.2 -0.379    19.90 21.81 01a59382o0476c 0x000030  -0.777778
59382.552932 20.207197      NaN   -16.0     10.0   c  0.0   1.49 299.60095 62.13486  9740.27  6859.25 2.59 2.39  77.4 -0.384    19.94 21.82 01a59382o0488c 0x080010  -1.600000
59382.558007 20.321591      NaN    -7.0      9.0   c  0.0   1.20 299.60095 62.13486   172.57  7045.24 2.31 2.08 -85.3 -0.400    19.91 21.77 01a59382o0499c 0x080030  -0.777778
59382.561232 20.321591      NaN    -8.0      9.0   c  0.0   1.55 299.60095 62.13486   195.02  7085.71 2.50 2.25 -85.8 -0.398    19.85 21.78 01a59382o0506c 0x000030  -0.888889
59382.564457 20.282105      NaN     4.0      8.0   c  0.0   3.67 299.60095 62.13486  9724.57  6975.91 2.64 2.47  78.0 -0.369    19.90 21.83 01a59382o0513c 0x080030   0.500000
59382.566760 20.282105      NaN     4.0      8.0   c  0.0   0.95 299.60095 62.13486   134.92  7005.12 2.33 2.12 -86.9 -0.401    19.91 21.79 01a59382o0518c 0x080030   0.500000
59382.577438 20.449472      NaN    -1.0      8.0   c  0.0   1.88 299.60095 62.13486   117.80  7117.84 2.28 2.05 -83.3 -0.402    19.93 21.81 01a59382o0541c 0x000030  -0.125000
59404.432830 20.009244      NaN   -13.0     12.0   c  0.0   0.91 299.60095 62.13486  4196.37  6943.13 2.48 2.33  56.7 -0.394    19.65 21.50 02a59404o0404c 0x000030  -1.083333
59404.435116 20.207197      NaN   -42.0     10.0   c  0.0   2.32 299.60095 62.13486  4216.85  6982.51 2.49 2.35  54.1 -0.395    19.66 21.49 02a59404o0409c 0x400d30  -4.200000
59404.440830 19.868040      NaN    11.0     10.0   c  0.0   2.64 299.60095 62.13486  4153.94  6906.41 2.62 2.29  45.4 -0.381    19.64 21.49 02a59404o0421c 0x080030   1.100000
59404.446353 20.009244      NaN   -11.0     12.0   c  0.0   1.16 299.60095 62.13486  4138.47  7020.83 2.49 2.35  42.5 -0.399    19.61 21.47 02a59404o0433c 0x080030  -0.916667
59408.468058 19.569016      NaN    21.0     11.0   c  0.0   0.78 299.60095 62.13486  6394.87  3623.06 2.75 2.41  38.7 -0.395    19.62 21.52 02a59408o0477c 0x400110   1.909091
59408.471785 20.449472      NaN    -1.0      8.0   c  0.0   3.22 299.60095 62.13486  6375.27  3583.00 2.54 2.32  36.4 -0.388    19.68 21.51 02a59408o0485c 0x000030  -0.125000
59408.478293 20.039830      NaN     2.0     11.0   c  0.0   0.69 299.60095 62.13486  6439.30  3668.41 2.36 2.28  40.5 -0.398    19.68 21.49 02a59408o0499c 0x000030   0.181818
59408.498158 19.979496      NaN     7.0     10.0   c  0.0   1.44 299.60095 62.13486  6456.14  3550.32 2.44 2.35  39.0 -0.392    19.67 21.51 02a59408o0541c 0x000030   0.700000
59412.480399 20.207197      NaN    -3.0     10.0   c  0.0   0.80 299.60095 62.13486  6755.91  1593.63 2.48 2.39 -68.6 -0.395    19.66 21.70 02a59412o0505c 0x000030  -0.300000
59412.483599 19.791368      NaN    11.0     11.0   c  0.0   0.74 299.60095 62.13486  6735.63  1554.33 2.66 2.47 -58.6 -0.390    19.60 21.71 02a59412o0512c 0x000030   1.000000
59412.489144 20.207197      NaN   -18.0     10.0   c  0.0   1.06 299.60095 62.13486  6798.15  1633.17 2.56 2.39 -58.9 -0.395    19.66 21.72 02a59412o0524c 0x000030  -1.800000
59412.500150 19.922338      NaN     3.0     12.0   c  0.0   0.76 299.60095 62.13486  6819.67  1519.13 2.57 2.45 -65.5 -0.396    19.68 21.72 02a59412o0548c 0x000030   0.250000
59430.429500 19.696897      NaN    18.0     10.0   c  0.0   1.48 299.60095 62.13486  2184.17  7031.35 2.39 2.25 -82.3 -0.397    19.80 21.77 01a59430o0418c 0x400130   1.800000
59430.461282 20.321591      NaN    -9.0      9.0   c  0.0   0.92 299.60095 62.13486  2212.46  7066.56 2.32 2.23 -71.8 -0.387    19.82 21.88 01a59430o0486c 0x400830  -1.000000
59430.464515 20.321591      NaN     6.0      7.0   c  0.0   2.79 299.60095 62.13486  2152.14  6988.23 2.30 2.17 -77.5 -0.394    19.83 21.87 01a59430o0493c 0x002030   0.857143
59430.470510 20.321591      NaN   -12.0      9.0   c  0.0   2.40 299.60095 62.13486  2135.93  7101.97 2.39 2.28 -74.1 -0.384    19.80 21.89 01a59430o0506c 0x400130  -1.333333
59434.431060 19.922338      NaN    -3.0     13.0   c  0.0   1.04 299.60095 62.13486  9952.47 10482.51 2.45 2.29  63.4 -0.385    19.83 21.75 01a59434o0426c 0x400130  -0.230769
59434.434301 18.933071      NaN    37.0     20.0   c  0.0   1.36 299.60095 62.13486  9977.00 10520.22 2.47 2.31  50.2 -0.380    19.85 21.75 01a59434o0433c 0x400230   1.850000
59434.441757 20.103715      NaN   -14.0     11.0   c  0.0   1.91 299.60095 62.13486  9906.88 10447.86 2.45 2.31  80.3 -0.388    19.79 21.71 01a59434o0449c 0x400930  -1.272727
59434.456652 20.321591      NaN   -15.0      9.0   c  0.0   2.25 299.60095 62.13486  1754.81   502.85 2.54 2.33  33.6 -0.400    19.77 21.74 01a59434o0481c 0x002030  -1.666667
59434.459468 19.922338      NaN   -17.0     13.0   c  0.0   0.98 299.60095 62.13486  1771.83   539.85 2.75 2.46  52.1 -0.409    19.70 21.76 01a59434o0487c 0x082010  -1.307692
59434.491139 16.650449 0.015042   794.0     11.0   c  0.0 155.08 299.60095 62.13486  1726.67   454.35 3.54 3.09  52.0 -0.350    19.43 21.61 01a59434o0555c 0x500a31  72.181818
59434.497173 19.894850 0.352864    40.0     13.0   c  0.0   1.92 299.60095 62.13486  1714.21   571.40 2.78 2.53  37.9 -0.390    19.59 21.61 01a59434o0568c 0x400130   3.076923
59438.424639 19.569016      NaN   -23.0     18.0   c  0.0   0.77 299.60095 62.13486  9946.68 10477.64 2.36 2.27  55.7 -0.366    19.66 21.57 01a59438o0275c 0x000030  -1.277778
59438.454319 19.241693      NaN    28.0     15.0   c  0.0   1.29 299.60095 62.13486  9970.41 10518.38 2.51 2.31  61.2 -0.349    19.90 21.94 01a59438o0337c 0x080030   1.866667
59438.458529 20.321591      NaN    -2.0      9.0   c  0.0   2.54 299.60095 62.13486  9901.86 10445.55 2.57 2.40  65.1 -0.343    19.88 21.94 01a59438o0346c 0x000030  -0.222222
59438.459447 20.761819      NaN    -1.0      6.0   c  0.0   3.10 299.60095 62.13486  1752.27   495.84 2.50 2.13  44.6 -0.401    19.94 21.97 01a59438o0348c 0x000030  -0.166667
59438.462710 20.321591      NaN    -5.0      9.0   c  0.0   0.97 299.60095 62.13486  1771.00   533.67 2.41 2.07  40.2 -0.425    19.93 21.97 01a59438o0355c 0x000030  -0.555556
59438.467819 20.449472      NaN   -15.0      8.0   c  0.0   3.11 299.60095 62.13486  1717.88   453.25 2.52 2.15  41.0 -0.408    19.90 21.96 01a59438o0366c 0x000030  -1.875000
59438.503064 20.071303      NaN     7.0      9.0   c  0.0   1.27 299.60095 62.13486  1716.54   563.48 2.49 2.28  39.0 -0.426    19.84 21.83 01a59438o0441c 0x000030   0.777778
59456.339784 20.009244      NaN   -17.0     12.0   c  0.0   0.51 299.60095 62.13486  2620.56  1835.89 2.39 2.21 -60.0 -0.415    19.73 21.56 02a59456o0257c 0x002030  -1.416667
59456.342988 20.103715      NaN    -9.0     11.0   c  0.0   1.24 299.60095 62.13486  2600.31  1797.34 2.36 2.22 -64.9 -0.418    19.73 21.57 02a59456o0264c 0x400130  -0.818182
59456.349393 20.321591      NaN   -29.0      9.0   c  0.0   0.87 299.60095 62.13486  2659.58  1872.13 2.29 2.22 -74.0 -0.414    19.75 21.56 02a59456o0278c 0x400230  -3.222222
59456.360366 20.321591      NaN    -5.0      9.0   c  0.0   2.33 299.60095 62.13486  2684.00  1754.69 2.37 2.18 -60.2 -0.420    19.75 21.56 02a59456o0302c 0x082030  -0.555556
59464.358576 20.103715      NaN   -11.0     11.0   c  0.0   1.83 299.60095 62.13486  5585.22  6135.82 2.49 2.31  35.1 -0.391    19.67 21.52 02a59464o0261c 0x400130  -1.000000
59464.362265 20.071303      NaN     4.0     10.0   c  0.0   1.16 299.60095 62.13486  5566.43  6096.98 2.70 2.54  31.3 -0.385    19.59 21.50 02a59464o0269c 0x002030   0.400000
59464.369149 19.922338      NaN    -6.0     13.0   c  0.0   0.80 299.60095 62.13486  5621.02  6169.62 2.70 2.56  39.5 -0.382    19.60 21.49 02a59464o0284c 0x400830  -0.461538
59464.379295 20.071303      NaN     4.0     10.0   c  0.0   1.39 299.60095 62.13486  5641.06  6060.87 2.50 2.31  33.1 -0.389    19.65 21.47 02a59464o0306c 0x002030   0.400000
59468.357821 20.207197      NaN   -14.0     10.0   c  0.0   1.60 299.60095 62.13486  5277.07  9730.36 2.60 2.30 -53.3 -0.408    19.69 21.60 02a59468o0313c 0x000030  -1.400000
59468.361023 19.841877      NaN    -4.0     14.0   c  0.0   1.07 299.60095 62.13486  5258.21  9689.58 2.52 2.26 -59.2 -0.409    19.62 21.43 02a59468o0320c 0x000000  -0.285714
59468.367027 19.510313      NaN     0.0     19.0   c  0.0   0.95 299.60095 62.13486  5311.26  9767.38 2.63 2.40 -57.8 -0.401    18.76 20.66 02a59468o0333c 0x080010   0.000000
59468.377172 19.271854      NaN    20.0     17.0   c  0.0   0.73 299.60095 62.13486  5328.27  9650.35 2.55 2.30 -56.2 -0.408    19.51 21.30 02a59468o0355c 0x000000   1.176471
59516.255912 19.766969      NaN   -11.0     15.0   c  0.0   0.88 299.60095 62.13486  2411.62  3883.28 2.58 2.32  37.6 -0.386    19.31 20.80 02a59516o0161c 0x000000  -0.733333
59516.259591 19.419021      NaN    20.0     14.0   c  0.0   1.13 299.60095 62.13486  2392.74  3844.59 2.50 2.28  37.4 -0.390    19.19 20.68 02a59516o0169c 0x080030   1.428571
59516.265554 19.401649      NaN    -2.0     21.0   c  0.0   0.94 299.60095 62.13486  2451.26  3918.27 2.41 2.24  35.6 -0.397    18.87 20.27 02a59516o0182c 0x000000  -0.095238
59516.277071 18.550302      NaN   -19.0     46.0   c  0.0   0.74 299.60095 62.13486  2472.12  3798.48 2.51 2.23  31.5 -0.396    17.80 19.09 02a59516o0207c 0x500812  -0.413043
59524.268939 19.529530      NaN    14.0     14.0   c  0.0   1.33 299.60095 62.13486  3471.04  9858.18 2.91 2.49 -53.0 -0.380    19.48 21.18 02a59524o0195c 0x082030   1.000000
59524.272155 19.766969      NaN    -6.0     15.0   c  0.0   3.27 299.60095 62.13486  3454.09  9818.32 3.07 2.65 -53.6 -0.398    19.38 21.17 02a59524o0202c 0x400830  -0.400000
59524.279981 19.674510      NaN     1.0     16.0   c  0.0   0.83 299.60095 62.13486  3508.65  9894.12 3.14 2.71 -52.2 -0.381    19.38 21.14 02a59524o0219c 0x082030   0.062500
59524.290543 15.770904 0.008516  1785.0     14.0   c  0.0 536.16 299.60095 62.13486  3527.20  9771.65 3.22 2.82 -54.3 -0.356    19.25 21.10 02a59524o0242c 0x500a31 127.500000