         MJD         m       dm     uJy    duJy   F  err   chi/N        RA      Dec        x        y  maj  min   phi  apfit  mag5sig   Sky            Obs     Mask   __tmp_SN
57984.396458 15.925573 0.006312  1548.0     9.0   c  0.0 1373.29 299.60389 62.13154  4572.47  3565.52 2.60 2.42  55.5 -0.404    19.73 21.68 02a57984o0339c 0x500331 172.000000
57984.406246 16.259644 0.007633  1138.0     8.0   c  0.0  900.85 299.60389 62.13154  4556.38  3528.77 2.47 2.30  52.0 -0.413    19.75 21.64 02a57984o0359c 0x500231 142.250000
57984.407706 20.103715      NaN    -6.0    11.0   c  0.0    2.29 299.60389 62.13154  4610.09  3602.63 2.45 2.27  53.3 -0.413    19.80 21.64 02a57984o0362c 0x082030  -0.545455
57984.424912 15.885636 0.006084  1606.0     9.0   c  0.0 1226.05 299.60389 62.13154  4626.42  3486.36 2.71 2.52  50.1 -0.397    19.68 21.62 02a57984o0397c 0x500831 178.444444
57988.398184 20.207197      NaN   -14.0    10.0   c  0.0    2.34 299.60389 62.13154  7095.80  5717.48 2.52 2.49 -68.8 -0.410    19.80 21.64 02a57988o0338c 0x000030  -1.400000
57988.408532 20.009244 0.271434    36.0     9.0   c  0.0    6.22 299.60389 62.13154  7080.29  5674.92 2.56 2.51  83.8 -0.407    19.73 21.54 02a57988o0359c 0x081030   4.000000
57988.410004 20.207197      NaN   -10.0    10.0   c  0.0    1.91 299.60389 62.13154  7134.81  5754.23 2.60 2.57  84.2 -0.405    19.69 21.53 02a57988o0362c 0x000030  -1.000000
57988.427308 15.770904 0.007299  1785.0    12.0   c  0.0  972.12 299.60389 62.13154  7159.52  5641.07 2.47 2.44 -65.0 -0.413    19.75 21.46 02a57988o0397c 0x500831 148.750000
58012.343927 16.264425 0.010541  1133.0    11.0   c  0.0  466.17 299.60389 62.13154  8313.67  8132.22 2.59 2.47  34.8 -0.420    19.79 21.59 02a58012o0280c 0x180031 103.000000
58012.344383 19.436675      NaN    19.0    14.0   c  0.0    0.98 299.60389 62.13154  8295.25  8092.36 2.58 2.49  34.6 -0.416    19.78 21.57 02a58012o0281c 0x400330   1.357143
58012.360239 20.009244      NaN   -11.0    12.0   c  0.0    1.08 299.60389 62.13154  8360.97  8173.68 2.63 2.52  39.8 -0.421    19.68 21.46 02a58012o0315c 0x002030  -0.916667
58012.363908 19.241693      NaN    34.0    13.0   c  0.0    2.85 299.60389 62.13154  8368.89  8058.67 2.63 2.51  42.6 -0.420    19.50 21.28 02a58012o0323c 0x400330   2.615385
58072.263371 15.051996 0.003764  3461.0    12.0   c  0.0 3004.73 299.60389 62.13154   681.24  9609.87 2.88 2.33  29.0 -0.442    19.62 21.35 02a58072o0151c 0x100031 288.416667
58072.272314 15.411247 0.005241  2486.0    12.0   c  0.0 1579.47 299.60389 62.13154   662.43  9571.70 2.89 2.32  25.3 -0.450    19.60 21.34 02a58072o0170c 0x500131 207.166667
58072.281586 19.076453      NaN    37.0    16.0   c  0.0    2.85 299.60389 62.13154   715.27  9647.46 2.96 2.37  26.5 -0.445    19.52 21.26 02a58072o0189c 0x002030   2.312500
58072.282499 16.229535 0.011136  1170.0    12.0   c  0.0  336.77 299.60389 62.13154  9820.29  9553.44 2.85 2.84 -54.2 -0.403    19.60 21.35 02a58072o0191c 0x100031  97.500000
58076.265858 18.403357      NaN    14.0    48.0   c  0.0    1.02 299.60389 62.13154  2798.19  1529.54 2.96 2.52  40.5 -0.411    18.29 19.90 02a58076o0130c 0xd00812   0.291667
58076.275278 15.177566 0.005283  3083.0    15.0   c  0.0 1493.48 299.60389 62.13154  2778.22  1491.98 3.05 2.52  40.3 -0.427    19.32 20.87 02a58076o0149c 0xd00a31 205.533333
58076.284042 16.110974 0.009152  1305.0    11.0   c  0.0  524.02 299.60389 62.13154  2831.79  1570.24 3.03 2.50  40.2 -0.418    19.41 20.99 02a58076o0167c 0xd00831 118.636364
58076.293419 15.688923 0.006768  1925.0    12.0   c  0.0  922.17 299.60389 62.13154  2856.52  1449.10 3.04 2.53  39.7 -0.410    19.31 20.89 02a58076o0186c 0xd00331 160.416667
58104.205777 18.590371 0.138778   133.0    17.0   c  0.0    8.56 299.60389 62.13154  1125.29  1795.38 3.47 2.99  46.8 -0.433    19.21 20.81 02a58104o0040c 0xc00b30   7.823529
58104.214283 18.504094 0.135717   144.0    18.0   c  0.0    2.73 299.60389 62.13154  1105.56  1762.74 3.63 3.12  43.2 -0.428    19.24 21.02 02a58104o0058c 0xc00b30   8.000000
58256.579525 15.490030 0.005166  2312.0    11.0   c  0.0 1715.04 299.60389 62.13154  9326.88  8963.67 2.73 2.60  45.2 -0.412    19.67 21.61 02a58256o0591c 0xd00931 210.181818
58256.590633 19.436675      NaN    22.0    13.0   c  0.0   34.15 299.60389 62.13154  9358.34  9004.05 2.62 2.54  42.5 -0.423    19.72 21.63 02a58256o0612c 0xd00331   1.692308
58256.601176 16.020044 0.007651  1419.0    10.0   c  0.0  796.35 299.60389 62.13154  9295.18  8929.88 2.80 2.63  43.4 -0.428    19.67 21.65 02a58256o0633c 0xd00231 141.900000
58256.612013 15.596522 0.006734  2096.0    13.0   c  0.0 1260.66 299.60389 62.13154  1180.95  1388.19 2.51 2.31  45.7 -0.470    19.56 21.13 02a58256o0654c 0x980031 161.230769
58280.542938 18.280067      NaN    42.0    45.0   c  0.0    2.13 299.60389 62.13154  3473.56   894.06 2.78 2.51   5.2 -0.397    18.34 20.07 02a58280o0641c 0xd00812   0.933333
58280.552771 16.823528 0.176412   677.0   110.0   c  0.0    4.33 299.60389 62.13154  3458.09   862.22 2.82 2.49  38.3 -0.412    16.76 18.35 02a58280o0662c 0xd00832   6.154545
58280.563072 16.338786 0.082097  1058.0    80.0   c  0.0    9.67 299.60389 62.13154  3509.84   942.01 3.10 2.59   6.0 -0.386    17.22 18.85 02a58280o0683c 0xd00832  13.225000
58280.574365 17.751519      NaN    72.0    72.0   c  0.0    2.52 299.60389 62.13154  3533.98   824.96 2.68 2.42  47.2 -0.422    17.52 19.07 02a58280o0704c 0xd00822   1.000000
58284.536494 20.137125 0.271434    32.0     8.0   c  0.0    2.78 299.60389 62.13154   742.70  1754.46 2.55 2.35  43.7 -0.457    19.74 21.75 02a58284o0626c 0x080010   4.000000
58284.546376 19.950541 0.257148    38.0     9.0   c  0.0    5.38 299.60389 62.13154   726.37  1722.79 2.65 2.40  43.4 -0.458    19.75 21.75 02a58284o0647c 0x080030   4.222222
58284.556171 20.009244      NaN    -2.0    12.0   c  0.0    2.88 299.60389 62.13154   790.55  1793.30 2.75 2.43  48.1 -0.450    19.75 21.76 02a58284o0668c 0x000000  -0.166667
58284.566214 16.285715 0.009773  1111.0    10.0   c  0.0  511.99 299.60389 62.13154   808.63  1676.08 2.76 2.46  43.4 -0.450    19.72 21.79 02a58284o0689c 0x500931 111.100000
58308.504097 16.046376 0.007055  1385.0     9.0   c  0.0  888.99 299.60389 62.13154  2189.14  9608.12 2.66 2.44  32.0 -0.454    19.75 21.75 02a58308o0282c 0x980031 153.888889
58308.521475 16.485820 0.011750   924.0    10.0   c  0.0  384.41 299.60389 62.13154  2162.37  9571.81 2.73 2.47  27.4 -0.455    19.74 21.74 02a58308o0319c 0x900031  92.400000
58308.523778 15.499937 0.005213  2291.0    11.0   c  0.0 1493.09 299.60389 62.13154  2215.28  9646.95 2.84 2.55  24.0 -0.449    19.69 21.73 02a58308o0324c 0xd00331 208.272727
58308.537646 15.794268 0.007458  1747.0    12.0   c  0.0  960.88 299.60389 62.13154  2231.29  9529.43 2.72 2.42  21.8 -0.462    19.70 21.67 02a58308o0353c 0xd00231 145.583333
58312.485180 19.609992 0.229675    52.0    11.0   c  0.0    4.69 299.60389 62.13154  1809.00  9696.77 2.52 2.33  19.8 -0.451    19.73 21.62 02a58312o0517c 0xc00c30   4.727273
58312.487042 19.454622      NaN    21.0    13.0   c  0.0    1.40 299.60389 62.13154  1790.44  9659.51 2.56 2.34  16.7 -0.454    19.72 21.61 02a58312o0521c 0xc00110   1.615385
58312.502626 16.430834 0.012287   972.0    11.0   c  0.0  303.10 299.60389 62.13154  1838.54  9735.33 2.76 2.48  22.4 -0.453    19.68 21.60 02a58312o0554c 0xd00131  88.363636
58312.507710 15.868200 0.005322  1632.0     8.0   c  0.0 1793.94 299.60389 62.13154  1855.47  9614.90 2.67 2.44  23.1 -0.456    19.68 21.60 02a58312o0565c 0x900031 204.000000
58344.417990 16.184100 0.008899  1220.0    10.0   c  0.0  707.73 299.60389 62.13154   753.24  8482.56 2.38 2.23  -1.9 -0.443    19.78 21.71 02a58344o0399c 0x100031 122.000000
58344.435683 16.397831 0.010836  1002.0    10.0   c  0.0  488.08 299.60389 62.13154   729.00  8442.28 2.36 2.23  -1.5 -0.444    19.78 21.76 02a58344o0437c 0x500331 100.200000
58344.436620 15.989118 0.008180  1460.0    11.0   c  0.0  740.64 299.60389 62.13154  9879.72  8425.79 2.61 2.36  48.0 -0.439    19.78 21.75 02a58344o0439c 0x100031 132.727273
58344.437992 19.816329      NaN    10.0    11.0   c  0.0    1.50 299.60389 62.13154   782.97  8515.49 2.43 2.28   6.2 -0.449    19.75 21.76 02a58344o0442c 0x080010   0.909091
58344.452610 19.529530 0.193881    56.0    10.0   c  0.0    2.67 299.60389 62.13154   800.45  8395.54 2.40 2.27   9.5 -0.448    19.73 21.68 02a58344o0473c 0x081030   5.600000
58344.454452 20.207197      NaN    -6.0    10.0   c  0.0    2.53 299.60389 62.13154  9855.12  8384.96 2.68 2.39  42.0 -0.434    19.75 21.65 02a58344o0477c 0x000030  -0.600000
58344.457668 20.009244      NaN    -7.0    12.0   c  0.0    3.51 299.60389 62.13154  9910.37  8468.82 2.71 2.43  40.7 -0.445    19.72 21.63 02a58344o0484c 0x000030  -0.583333
58344.471762 20.103715      NaN    -7.0    11.0   c  0.0    3.76 299.60389 62.13154  9924.34  8353.88 2.73 2.45  42.7 -0.438    19.65 21.58 02a58344o0514c 0x000030  -0.636364
58376.361911 16.055824 0.007908  1373.0    10.0   c  0.0  752.19 299.60389 62.13154  2302.25  7895.43 2.56 2.42 -40.2 -0.391    19.72 21.66 02a58376o0318c 0x180031 137.300000
58376.379589 19.894850      NaN     7.0    11.0   c  0.0    1.62 299.60389 62.13154  2281.80  7852.78 2.54 2.43 -19.1 -0.401    19.52 21.42 02a58376o0356c 0x000030   0.636364
58376.382333 19.529530      NaN    20.0    12.0   c  0.0    3.33 299.60389 62.13154  2335.66  7927.45 2.61 2.50 -17.0 -0.412    19.50 21.36 02a58376o0362c 0x000030   1.666667
58376.395392 19.226921      NaN    35.0    13.0   c  0.0    2.76 299.60389 62.13154  2352.77  7808.50 2.64 2.51  -6.9 -0.398    19.40 21.26 02a58376o0390c 0x080010   2.692308
58396.337535 19.089302      NaN    30.0    18.0   c  0.0    2.10 299.60389 62.13154  2186.76  1195.16 2.49 2.39 -79.0 -0.419    19.09 20.67 02a58396o0297c 0x002000   1.666667
58396.346371 19.169763      NaN    -7.0    26.0   c  0.0    0.99 299.60389 62.13154  2160.74  1155.29 2.53 2.42  48.8 -0.434    18.80 20.26 02a58396o0316c 0x100002  -0.269231
58396.348200 18.237955 0.141618   184.0    24.0   c  0.0    6.22 299.60389 62.13154  2224.29  1229.11 2.52 2.45  55.0 -0.424    18.68 20.14 02a58396o0320c 0x100032   7.666667
58396.362236 18.243872      NaN    18.0    55.0   c  0.0    0.90 299.60389 62.13154  2250.71  1109.70 2.57 2.45  46.1 -0.430    17.91 19.25 02a58396o0350c 0x100002   0.327273
58400.317615 16.212045 0.009132  1189.0    10.0   c  0.0  646.14 299.60389 62.13154  2093.03  8702.14 2.56 2.41 -25.0 -0.421    19.73 21.57 02a58400o0256c 0xd00131 118.900000
58400.326124 16.108481      NaN  -405.0   436.0   c  0.0    1.64 299.60389 62.13154  2073.18  8659.53 2.74 2.61   2.0 -0.438    16.15 17.67 02a58400o0274c 0x900002  -0.928899
58424.296802 19.609992      NaN    16.0    12.0   c  0.0    1.97 299.60389 62.13154  8249.60  9510.27 2.92 2.61  26.8 -0.400    19.52 21.19 02a58424o0238c 0x002030   1.333333
58424.298633 19.841877      NaN   -20.0    14.0   c  0.0    2.06 299.60389 62.13154  8230.29  9466.88 3.00 2.70  26.0 -0.401    19.51 21.18 02a58424o0242c 0x400330  -1.428571
58424.312630 19.318728 0.207567    68.0    13.0   c  0.0    4.62 299.60389 62.13154  8283.78  9548.40 3.02 2.71  28.8 -0.398    19.46 21.12 02a58424o0272c 0x400130   5.230769
58424.320425 19.271854      NaN    26.0    15.0   c  0.0    1.26 299.60389 62.13154  8300.03  9409.44 3.17 2.84  29.3 -0.396    19.41 21.09 02a58424o0289c 0x002000   1.733333
58428.265127 19.472870      NaN    26.0    11.0   c  0.0    1.37 299.60389 62.13154  1488.63  7722.36 2.54 2.42 -15.1 -0.421    19.56 21.31 02a58428o0117c 0xc00130   2.363636
58428.272595 15.555354 0.006483  2177.0    13.0   c  0.0 1252.19 299.60389 62.13154  1469.27  7680.99 2.54 2.45 -21.5 -0.424    19.56 21.28 02a58428o0133c 0x900031 167.461538
58428.279024 16.485820 0.012925   924.0    11.0   c  0.0  332.81 299.60389 62.13154  1520.29  7753.71 2.57 2.42 -20.2 -0.425    19.53 21.27 02a58428o0147c 0x900031  84.000000
58428.289798 19.979496      NaN     1.0    12.0   c  0.0    1.08 299.60389 62.13154  1539.90  7632.52 2.51 2.38   4.1 -0.437    19.53 21.21 02a58428o0170c 0xc00110   0.083333
58432.266519 15.490500 0.004698  2311.0    10.0   c  0.0 2502.37 299.60389 62.13154  1543.05  1325.96 2.51 2.32  41.9 -0.451    19.67 21.39 02a58432o0177c 0x100031 231.100000
58432.275994 15.534607 0.005382  2219.0    11.0   c  0.0 1985.56 299.60389 62.13154  1522.13  1287.03 2.49 2.38  78.2 -0.433    19.58 21.35 02a58432o0197c 0x100031 201.727273
58432.279224 16.119326 0.008384  1295.0    10.0   c  0.0  751.86 299.60389 62.13154  1585.51  1362.99 2.47 2.39  84.9 -0.437    19.55 21.31 02a58432o0204c 0x500831 129.500000
58432.291397 19.696897      NaN    -7.0    16.0   c  0.0    1.56 299.60389 62.13154  1603.57  1236.69 2.53 2.35  36.7 -0.441    18.80 20.35 02a58432o0230c 0x082010  -0.437500
58436.256774 17.782105 0.062042   280.0    16.0   c  0.0   15.97 299.60389 62.13154  1183.79  8440.96 2.56 2.35 -13.8 -0.441    19.35 20.69 02a58436o0157c 0x180031  17.500000
58436.265410 15.895825 0.008872  1591.0    13.0   c  0.0  622.69 299.60389 62.13154  1154.40  8401.75 2.55 2.35 -30.9 -0.432    19.33 20.68 02a58436o0175c 0x180031 122.384615
58436.272411 15.092260 0.004883  3335.0    15.0   c  0.0 2191.40 299.60389 62.13154  1218.14  8473.04 2.55 2.34  -5.0 -0.450    19.32 20.65 02a58436o0190c 0x100031 222.333333
58436.275627 18.776955 0.145411   112.0    15.0   c  0.0    5.02 299.60389 62.13154 10302.61  8467.49 2.77 2.46  26.2 -0.442    19.33 20.72 02a58436o0197c 0x082030   7.466667
58436.278371 15.626457 0.007455  2039.0    14.0   c  0.0  937.58 299.60389 62.13154 10275.86  8421.88 2.73 2.38  24.5 -0.445    19.36 20.72 02a58436o0203c 0x100031 145.642857
58436.280203 15.557850 0.006998  2172.0    14.0   c  0.0 1178.81 299.60389 62.13154  1235.33  8350.69 2.49 2.30  -5.4 -0.458    19.30 20.61 02a58436o0207c 0x500131 155.142857
58436.290055 19.183773 0.211507    77.0    15.0   c  0.0    5.45 299.60389 62.13154 10338.45  8504.86 2.85 2.50  28.3 -0.429    19.11 20.47 02a58436o0228c 0x082030   5.133333
58436.299691 15.175807 0.005274  3088.0    15.0   c  0.0 1548.95 299.60389 62.13154 10354.19  8386.41 2.75 2.47  25.6 -0.457    19.19 20.54 02a58436o0249c 0x500131 205.866667
58456.229644 19.868040 0.317776    41.0    12.0   c  0.0    1.51 299.60389 62.13154  1903.57  6042.32 2.46 2.38 -32.3 -0.419    19.56 21.31 02a58456o0101c 0x400130   3.416667
58456.240223 19.155932 0.178665    79.0    13.0   c  0.0    3.42 299.60389 62.13154  1884.33  6000.45 2.47 2.37 -36.2 -0.414    19.55 21.26 02a58456o0123c 0x082010   6.076923
58456.248962 15.577523 0.007635  2133.0    15.0   c  0.0  796.74 299.60389 62.13154 10494.36  6183.13 2.67 2.55  30.7 -0.451    19.58 21.31 02a58456o0141c 0x500331 142.200000
58456.250428 19.609992      NaN    13.0    13.0   c  0.0    2.12 299.60389 62.13154  1947.18  6073.73 2.45 2.34 -25.2 -0.418    19.52 21.23 02a58456o0144c 0x002000   1.000000
58456.259489 18.208845 0.080425   189.0    14.0   c  0.0   11.80 299.60389 62.13154 10475.57  6142.66 2.68 2.58  35.9 -0.443    19.51 21.29 02a58456o0163c 0x100031  13.500000
58456.260873 19.401649      NaN    30.0    11.0   c  0.0    1.71 299.60389 62.13154  1965.70  5954.41 2.50 2.44 -36.6 -0.415    19.45 21.17 02a58456o0166c 0x400110   2.727273
58456.269477 16.614142      NaN   323.0   166.0   c  0.0    0.46 299.60389 62.13154 10529.14  6225.27 2.65 2.53  24.5 -0.450    19.54 21.26 02a58456o0184c 0x500832   1.945783
58460.238681 16.710900 0.017349   751.0    12.0   c  0.0  124.24 299.60389 62.13154 10058.24  3797.98 3.11 2.99 -47.3 -0.403    19.39 21.38 02a58460o0120c 0xd00831  62.583333
58460.239596 15.990606 0.007447  1458.0    10.0   c  0.0  872.63 299.60389 62.13154   774.16  3803.81 2.62 2.58  32.2 -0.405    19.45 21.28 02a58460o0122c 0x900031 145.800000
58460.248526 19.719755 0.346512    47.0    15.0   c  0.0    3.83 299.60389 62.13154 10039.56  3750.16 3.03 2.94  49.0 -0.415    19.46 21.36 02a58460o0141c 0xc00220   3.133333
58460.249441 15.894461 0.006816  1593.0    10.0   c  0.0  778.08 299.60389 62.13154   793.03  3692.97 3.05 2.98  60.7 -0.400    19.26 21.24 02a58460o0143c 0xd00831 159.300000
58460.258451 19.419021      NaN    11.0    17.0   c  0.0    5.01 299.60389 62.13154 10102.56  3833.55 3.60 3.56  47.7 -0.393    19.26 21.30 02a58460o0162c 0xc00230   0.647059
58460.268676 18.836735      NaN    52.0    18.0   c  0.0    4.66 299.60389 62.13154 10120.24  3721.40 3.73 3.68  19.8 -0.398    19.17 21.23 02a58460o0183c 0xc00220   2.888889
58604.626867 19.212347      NaN   -25.0    25.0   c  0.0    1.81 299.60389 62.13154  9152.43  1001.42 2.98 2.38 -51.8 -0.431    18.59 19.62 02a58604o0771c 0x900002  -1.000000
58612.560141 16.846216 0.021289   663.0    13.0   c  0.0  101.00 299.60389 62.13154  3807.68  8974.12 2.82 2.60  57.7 -0.386    19.56 21.40 02a58612o0702c 0x900031  51.000000
58612.562245 15.562359 0.005020  2163.0    10.0   c  0.0 1828.33 299.60389 62.13154  3821.30  9014.48 2.66 2.53  56.0 -0.397    19.61 21.41 02a58612o0706c 0xd00831 216.300000
58612.567089 18.298627 0.074878   174.0    12.0   c  0.0   11.55 299.60389 62.13154  3763.77  8937.24 2.71 2.56  63.9 -0.386    19.57 21.44 02a58612o0716c 0xd00131  14.500000
58612.581409 15.238031 0.004096  2916.0    11.0   c  0.0 2690.10 299.60389 62.13154  3739.14  9053.61 2.78 2.47  46.3 -0.383    19.63 21.49 02a58612o0745c 0xd00131 265.090909
58636.524216 19.950541 0.285720    38.0    10.0   c  0.0    3.93 299.60389 62.13154  1510.65  2475.70 2.46 2.33 -73.1 -0.423    19.70 21.60 02a58636o0626c 0x082030   3.800000
58636.528115 16.094460 0.007375  1325.0     9.0   c  0.0 1042.86 299.60389 62.13154  1524.29  2516.04 2.55 2.26  48.9 -0.410    19.67 21.63 02a58636o0634c 0x180031 147.222222
58636.533263 16.510781 0.012024   903.0    10.0   c  0.0  338.76 299.60389 62.13154  1473.65  2436.10 2.52 2.34 -59.7 -0.423    19.71 21.67 02a58636o0645c 0x100031  90.300000
58636.545098 19.743105      NaN    16.0    10.0   c  0.0    1.93 299.60389 62.13154  1460.55  2553.75 2.47 2.38 -69.5 -0.422    19.73 21.73 02a58636o0670c 0x002030   1.600000
58664.492656 19.979496 0.293442    37.0    10.0   c  0.0    2.50 299.60389 62.13154  5631.00  6131.01 2.74 2.32  38.9 -0.385    19.73 21.84 02a58664o0542c 0x081030   3.700000
58664.495440 19.922338      NaN    -7.0    13.0   c  0.0    0.98 299.60389 62.13154  5611.56  6090.98 2.68 2.30  38.0 -0.387    19.75 21.84 02a58664o0548c 0x000030  -0.538462
58664.502335 19.436675 0.177990    61.0    10.0   c  0.0    5.12 299.60389 62.13154  5665.20  6169.00 2.86 2.37  38.7 -0.379    19.72 21.88 02a58664o0563c 0x400330   6.100000
58664.513611 20.071303      NaN     4.0    10.0   c  0.0    3.38 299.60389 62.13154  5671.51  6051.18 2.76 2.31  37.3 -0.385    19.73 21.90 02a58664o0586c 0x000030   0.400000
58668.442928 20.449472      NaN    -5.0     8.0   c  0.0    3.45 299.60389 62.13154  5295.20   845.12 2.51 2.32 -73.5 -0.420    19.73 21.61 02a58668o0434c 0x002030  -0.625000
58668.446344 20.103715      NaN   -18.0    11.0   c  0.0    1.54 299.60389 62.13154  5313.22   886.77 2.49 2.32 -77.8 -0.419    19.68 21.62 02a58668o0441c 0x002030  -1.636364
58668.452789 16.253935 0.008542  1144.0     9.0   c  0.0  774.75 299.60389 62.13154  5257.21   810.26 2.48 2.29 -76.9 -0.417    19.70 21.64 02a58668o0455c 0x500831 127.111111
58668.463330 16.243545 0.006580  1155.0     7.0   c  0.0 1234.79 299.60389 62.13154  5235.32   936.28 2.45 2.34  77.5 -0.411    19.72 21.68 02a58668o0477c 0x500831 165.000000
58692.352112 19.115465      NaN    40.0    14.0   c  0.0    2.40 299.60389 62.13154  3642.91   441.19 2.56 2.21 -58.7 -0.412    19.74 21.77 02a58692o0246c 0x400230   2.857143
58692.355528 15.883610 0.008097  1609.0    12.0   c  0.0  879.80 299.60389 62.13154  3660.25   480.21 2.50 2.22 -65.1 -0.415    19.73 21.76 02a58692o0253c 0x500831 134.083333
58692.503674 19.743105      NaN    16.0    10.0   c  0.0    2.63 299.60389 62.13154  6951.17 10183.51 2.63 2.53 -59.0 -0.401    19.79 21.81 02a58692o0502c 0x002030   1.600000
58692.510994 17.661139      NaN    79.0    78.0   c  0.0    0.65 299.60389 62.13154  8866.31    40.96 2.51 2.17 -59.2 -0.387    19.70 21.76 02a58692o0518c 0x500832   1.012821
58692.511452 19.334813 0.178255    67.0    11.0   c  0.0    7.24 299.60389 62.13154  6964.21 10058.70 2.64 2.56  89.0 -0.396    19.76 21.81 02a58692o0519c 0x082030   6.090909
58700.498804 19.142275 0.149289    80.0    11.0   c  0.0    2.57 299.60389 62.13154   551.65  2036.74 2.60 2.50  41.9 -0.397    19.63 21.68 02a58700o0511c 0x400130   7.272727
58700.502117 20.321591      NaN     3.0     8.0   c  0.0    3.96 299.60389 62.13154   529.87  1998.44 2.64 2.54  44.7 -0.397    19.56 21.66 02a58700o0518c 0x002000   0.375000
58700.507348 16.481130 0.009360   928.0     8.0   c  0.0  671.64 299.60389 62.13154   592.19  2070.88 2.46 2.42  64.6 -0.402    19.68 21.64 02a58700o0529c 0x100031 116.000000
58700.518774 16.437557 0.011240   966.0    10.0   c  0.0  399.22 299.60389 62.13154   610.99  1950.30 2.43 2.35  72.8 -0.405    19.68 21.60 02a58700o0553c 0x100031  96.600000
58700.553410 16.252986 0.010431  1145.0    11.0   c  0.0  431.78 299.60389 62.13154 10472.28  2077.80 2.70 2.35 -47.4 -0.416    19.68 21.55 02a58700o0627c 0x100031 104.090909
58700.556737 16.233254 0.011174  1166.0    12.0   c  0.0  461.50 299.60389 62.13154 10450.95  2034.68 2.63 2.34 -43.8 -0.419    19.68 21.53 02a58700o0634c 0x100031  97.166667
58700.564156 19.026525      NaN    38.0    17.0   c  0.0    1.22 299.60389 62.13154 10511.77  2114.55 2.65 2.36 -41.8 -0.421    19.65 21.50 02a58700o0650c 0x400130   2.235294
58700.576892       NaN      NaN     NaN     NaN NaN  NaN     NaN       NaN      NaN      NaN      NaN  NaN  NaN   NaN    NaN      NaN   NaN            NaN 0x400a20        NaN
58704.359460 18.702047 0.162860   120.0    18.0   c  0.0    2.24 299.60389 62.13154   117.23  8491.10 2.64 2.34 -47.7 -0.412    19.14 20.43 02a58704o0278c 0x082030   6.666667
58704.362414 18.921935      NaN    47.0    17.0   c  0.0    4.66 299.60389 62.13154   136.30  8534.33 2.85 2.55 -47.8 -0.391    19.05 20.44 02a58704o0284c 0x400220   2.764706
58704.370521 17.033415 0.040861   558.0    21.0   c  0.0   38.71 299.60389 62.13154    76.15  8452.61 2.81 2.39 -58.8 -0.392    19.16 20.45 02a58704o0301c 0x500831  26.571429
58704.380476 14.366548 0.003337  6507.0    20.0   c  0.0 3568.29 299.60389 62.13154    56.49  8568.87 3.01 2.59 -55.0 -0.400    19.06 20.47 02a58704o0322c 0x500831 325.350000
58704.387999 15.393487 0.006445  2527.0    15.0   c  0.0 1014.19 299.60389 62.13154   576.97  2065.66 2.95 2.63 -60.6 -0.389    19.15 20.52 02a58704o0338c 0x100031 168.466667
58704.390783 18.214605 0.075078   188.0    13.0   c  0.0    9.92 299.60389 62.13154   558.24  2028.64 2.91 2.51 -59.5 -0.397    19.16 20.52 02a58704o0344c 0x400130  14.461538
58704.396487 19.226921      NaN    29.0    15.0   c  0.0    3.71 299.60389 62.13154   618.20  2095.69 2.71 2.44 -57.2 -0.399    19.25 20.53 02a58704o0356c 0x003030   1.933333
58704.406761 19.401649      NaN    24.0    13.0   c  0.0    2.21 299.60389 62.13154   636.89  1978.33 2.66 2.40 -57.6 -0.403    19.23 20.56 02a58704o0378c 0x400110   1.846154
58708.438118 18.748255      NaN    13.0    34.0   c  0.0    2.53 299.60389 62.13154  5347.04  8170.74 2.68 2.52  41.1 -0.379    18.56 19.49 02a58708o0457c 0x900002   0.382353
58708.441777 18.757738      NaN    -7.0    38.0   c  0.0    1.03 299.60389 62.13154  5327.91  8131.05 2.63 2.49  41.6 -0.386    18.56 19.49 02a58708o0465c 0x900002  -0.184211
58708.447789 18.767304      NaN     2.0    37.0   c  0.0    1.92 299.60389 62.13154  5384.16  8207.93 2.60 2.52  31.0 -0.391    18.58 19.48 02a58708o0478c 0x900002   0.054054
58708.457937 18.649074      NaN   -66.0    42.0   c  0.0    2.08 299.60389 62.13154  5400.14  8089.13 2.90 2.81  38.8 -0.377    18.51 19.46 02a58708o0498c 0x900002  -1.571429
58720.360095 15.984665 0.007406  1466.0    10.0   c  0.0 1149.12 299.60389 62.13154  2446.05  3893.24 2.47 2.28  28.8 -0.407    19.80 21.80 02a58720o0301c 0x900031 146.600000
58720.363328 16.143916 0.007719  1266.0     9.0   c  0.0  971.00 299.60389 62.13154  2429.99  3858.26 2.38 2.36   7.4 -0.406    19.78 21.80 02a58720o0308c 0x900031 140.666667
58720.368871 17.927085 0.035453   245.0     8.0   c  0.0   49.51 299.60389 62.13154  2488.29  3930.82 2.40 2.33  21.9 -0.408    19.75 21.80 02a58720o0320c 0x900031  30.625000
58720.380352 17.083182 0.016296   533.0     8.0   c  0.0  197.32 299.60389 62.13154  2504.56  3811.04 2.48 2.26  32.2 -0.404    19.74 21.75 02a58720o0345c 0x900031  66.625000
58724.392541 20.009244      NaN   -14.0    12.0   c  0.0    1.60 299.60389 62.13154  3486.70  9856.74 2.63 2.28 -53.6 -0.411    19.75 21.56 02a58724o0378c 0x801000  -1.166667
58724.395750 19.212347      NaN    33.0    14.0   c  0.0    4.33 299.60389 62.13154  3467.98  9817.35 2.56 2.24 -54.1 -0.414    19.80 21.69 02a58724o0385c 0x800000   2.357143
58724.402853 18.878500 0.127734   102.0    12.0   c  0.0    5.61 299.60389 62.13154  3519.89  9893.61 2.42 2.36 -64.8 -0.401    19.75 21.67 02a58724o0400c 0x881030   8.500000
58724.413430 15.441808 0.005390  2417.0    12.0   c  0.0 1940.04 299.60389 62.13154  3539.46  9771.27 2.56 2.29 -52.4 -0.409    19.77 21.62 02a58724o0423c 0x900031 201.416667
58728.325056 19.271854      NaN    35.0    12.0   c  0.0    2.87 299.60389 62.13154  3510.94  9865.68 2.83 2.36 -54.2 -0.399    19.79 21.89 02a58728o0218c 0x400130   2.916667
58728.328259 19.334813      NaN    28.0    13.0   c  0.0    2.44 299.60389 62.13154  3492.49  9829.99 2.83 2.33 -53.5 -0.403    19.82 21.89 02a58728o0225c 0x002030   2.153846
58728.334683 20.207197 0.361912    30.0    10.0   c  0.0    5.72 299.60389 62.13154  3543.55  9902.59 2.74 2.34 -55.3 -0.401    19.81 21.86 02a58728o0239c 0x400130   3.000000
58728.344766 20.207197      NaN   -13.0    10.0   c  0.0    2.20 299.60389 62.13154  3559.98  9784.05 2.81 2.28 -53.4 -0.406    19.77 21.82 02a58728o0261c 0x002000  -1.300000
58752.325547 19.979496      NaN    10.0     9.0   c  0.0    2.40 299.60389 62.13154  7519.00  6079.01 2.44 2.30  41.1 -0.393    19.78 21.59 02a58752o0227c 0x000030   1.111111
58752.328769 20.009244 0.301593    36.0    10.0   c  0.0    2.29 299.60389 62.13154  7497.19  6036.26 2.57 2.24  40.0 -0.385    19.74 21.61 02a58752o0234c 0x080030   3.600000
58752.334414 20.207197      NaN     0.0    10.0   c  0.0    1.56 299.60389 62.13154  7555.90  6118.36 2.48 2.30  47.0 -0.393    19.76 21.64 02a58752o0246c 0x000030   0.000000
58752.345178 16.459125 0.011465   947.0    10.0   c  0.0  360.37 299.60389 62.13154  7566.07  6002.50 2.92 2.29  38.3 -0.369    19.72 21.63 02a58752o0269c 0x100031  94.700000
58756.356932 18.550302 0.102279   138.0    13.0   c  0.0    5.73 299.60389 62.13154  3682.48  6243.62 2.82 2.69  42.7 -0.370    19.47 21.43 02a58756o0345c 0x400930  10.615385
58756.360175 16.335712 0.009210  1061.0     9.0   c  0.0  518.78 299.60389 62.13154  3662.53  6204.53 2.81 2.69  35.3 -0.371    19.48 21.41 02a58756o0352c 0x500931 117.888889
58756.366239 19.318728      NaN    26.0    14.0   c  0.0    1.22 299.60389 62.13154  3719.22  6284.86 2.76 2.68  58.2 -0.388    19.43 21.35 02a58756o0365c 0x002030   1.857143
58756.376355 15.269000 0.009961  2834.0    26.0   c  0.0  351.89 299.60389 62.13154  3736.56  6164.20 2.99 2.94 -65.4 -0.366    18.33 20.16 02a58756o0387c 0x500833 109.000000
58780.310193 19.367717      NaN    32.0    11.0   c  0.0    1.26 299.60389 62.13154  8843.09  1576.54 2.38 2.21 -64.3 -0.407    19.65 21.29 02a58780o0270c 0x400130   2.909091
58780.313955 20.009244      NaN    -6.0    12.0   c  0.0    0.79 299.60389 62.13154  8822.13  1535.75 2.37 2.19 -62.0 -0.409    19.64 21.28 02a58780o0278c 0x082030  -0.500000
58780.320553 19.719755 0.277209    47.0    12.0   c  0.0    3.20 299.60389 62.13154  8887.70  1615.40 2.52 2.18 -60.0 -0.412    19.62 21.27 02a58780o0292c 0x082030   3.916667
58780.330668 16.223982 0.008309  1176.0     9.0   c  0.0  839.61 299.60389 62.13154  8905.79  1493.69 2.44 2.26 -63.6 -0.407    19.59 21.24 02a58780o0314c 0x500131 130.666667
58784.256457 18.776955 0.106635   112.0    11.0   c  0.0    3.99 299.60389 62.13154  8862.45  1577.06 3.07 2.77 -53.6 -0.401    19.46 21.24 02a58784o0107c 0x081030  10.181818
58784.285299 20.103715      NaN    -2.0    11.0   c  0.0    1.22 299.60389 62.13154  8836.24  1534.19 2.48 2.21 -53.1 -0.416    19.59 21.13 02a58784o0116c 0x000030  -0.181818
58784.288346 20.009244      NaN    -4.0    12.0   c  0.0    1.42 299.60389 62.13154  8897.48  1615.80 2.45 2.22 -54.1 -0.414    19.60 21.16 02a58784o0122c 0x000030  -0.333333
58784.293572 19.791368      NaN    14.0    10.0   c  0.0    2.58 299.60389 62.13154  8917.75  1498.22 2.53 2.28 -54.8 -0.411    19.57 21.16 02a58784o0133c 0x000030   1.400000
58804.311511 16.161205 0.010457  1246.0    12.0   c  0.0  424.91 299.60389 62.13154  6403.80  3619.43 2.71 2.47  30.6 -0.369    19.40 21.07 02a58804o0285c 0x100031 103.833333
58804.314835 15.500411 0.005215  2290.0    11.0   c  0.0 1539.54 299.60389 62.13154  6384.51  3587.82 2.77 2.52  33.7 -0.371    19.36 20.99 02a58804o0292c 0x500831 208.181818
58804.318145 19.766969      NaN   -32.0    15.0   c  0.0    5.81 299.60389 62.13154  6444.59  3667.02 2.69 2.44  33.3 -0.385    19.32 20.89 02a58804o0299c 0x002030  -2.133333
58804.320964 19.894850      NaN     4.0    12.0   c  0.0    2.17 299.60389 62.13154  6464.65  3550.97 2.66 2.44  31.7 -0.376    19.29 20.77 02a58804o0305c 0x002030   0.333333
58808.191305 19.351140      NaN    -3.0    22.0   c  0.0    0.95 299.60389 62.13154  6425.62  3627.72 2.39 2.34 -58.6 -0.385    18.70 19.69 02a58808o0035c 0x082030  -0.136364
58808.195325 19.384550      NaN    19.0    15.0   c  0.0    0.93 299.60389 62.13154  6402.64  3585.05 2.38 2.35 -89.1 -0.384    19.25 20.50 02a58808o0043c 0x002030   1.266667
58808.200834 16.618117 0.013273   818.0    10.0   c  0.0  282.08 299.60389 62.13154  6462.09  3662.29 2.49 2.47 -78.6 -0.380    19.47 21.08 02a58808o0055c 0x180031  81.800000
58808.211972 19.367717 0.150333    65.0     9.0   c  0.0   10.66 299.60389 62.13154  6477.66  3544.48 2.55 2.51  88.1 -0.380    19.53 21.28 02a58808o0078c 0x500831   7.222222
58964.582640 15.496153 0.007084  2299.0    15.0   c  0.0  765.86 299.60389 62.13154  5891.67  8888.87 2.84 2.75 -82.7 -0.387    19.33 21.14 02a58964o0753c 0xd00931 153.266667
58964.587138 16.593186 0.016863   837.0    13.0   c  0.0  122.98 299.60389 62.13154  5907.62  8927.94 3.23 2.82  47.3 -0.350    19.22 21.18 02a58964o0762c 0xd00831  64.384615
58964.592691 15.870864 0.008670  1628.0    13.0   c  0.0  535.91 299.60389 62.13154  5853.62  8847.72 2.83 2.78 -85.1 -0.385    19.47 21.42 02a58964o0774c 0xd00831 125.230769
58964.608645 19.791368 0.320786    44.0    13.0   c  0.0    4.55 299.60389 62.13154  5835.87  8966.34 2.87 2.79  64.0 -0.381    19.49 21.41 02a58964o0808c 0xc00110   3.384615
58968.539965 16.093641 0.009826  1326.0    12.0   c  0.0  422.63 299.60389 62.13154  5890.88  8890.58 2.85 2.52  44.5 -0.382    19.53 21.33 02a58968o0655c 0x500831 110.500000
58968.543174 19.302877      NaN    33.0    12.0   c  0.0    2.06 299.60389 62.13154  5911.45  8928.92 2.86 2.52  44.9 -0.381    19.54 21.35 02a58968o0662c 0x002030   2.750000
58968.550548 16.307430 0.011964  1089.0    12.0   c  0.0  291.23 299.60389 62.13154  5847.61  8850.84 2.82 2.49  47.5 -0.382    19.54 21.38 02a58968o0678c 0x500831  90.750000
58968.563426 19.569016      NaN    18.0    12.0   c  0.0    4.51 299.60389 62.13154  5826.80  8967.60 2.81 2.44  46.0 -0.383    19.53 21.33 02a58968o0706c 0x400210   1.500000
58988.551449 19.491430      NaN    16.0    14.0   c  0.0    1.91 299.60389 62.13154  3384.74  2476.34 2.45 2.35  81.2 -0.395    19.68 21.47 02a58988o0686c 0x082010   1.142857
58988.553734 19.868040 0.317776    41.0    12.0   c  0.0    1.00 299.60389 62.13154  3403.54  2516.44 2.52 2.41  70.6 -0.393    19.64 21.50 02a58988o0691c 0x082030   3.416667
58988.559253 16.255835 0.007606  1142.0     8.0   c  0.0  844.64 299.60389 62.13154  3347.23  2439.01 2.49 2.37  74.5 -0.393    19.67 21.53 02a58988o0703c 0x500831 142.750000
58988.570726 20.009244 0.301593    36.0    10.0   c  0.0    4.24 299.60389 62.13154  3329.67  2555.62 2.63 2.32  50.1 -0.392    19.62 21.57 02a58988o0728c 0x400830   3.600000
58992.522901 17.006510 0.017083   572.0     9.0   c  0.0  182.55 299.60389 62.13154  3376.07  2477.41 2.50 2.43 -77.8 -0.395    19.64 21.52 02a58992o0622c 0x500831  63.555556
58992.526148 19.816329      NaN    10.0    11.0   c  0.0    0.75 299.60389 62.13154  3394.40  2516.53 2.54 2.41 -74.1 -0.395    19.60 21.52 02a58992o0629c 0x002030   0.909091
58992.533889 16.688012 0.012740   767.0     9.0   c  0.0  330.69 299.60389 62.13154  3337.26  2439.75 2.53 2.40  73.3 -0.397    19.64 21.53 02a58992o0645c 0x500131  85.222222
58992.540843 16.661444 0.016576   786.0    12.0   c  0.0  179.12 299.60389 62.13154  3320.68  2555.48 2.51 2.42  86.2 -0.395    19.65 21.53 02a58992o0660c 0x180031  65.500000
59000.541861 18.944322 0.147027    96.0    13.0   c  0.0   10.98 299.60389 62.13154  6176.50  6854.58 3.02 2.33  41.5 -0.382    19.70 21.80 02a59000o0634c 0x500931   7.384615
59000.544174 16.382766 0.009618  1016.0     9.0   c  0.0  519.60 299.60389 62.13154  6201.08  6890.47 2.52 2.40  50.3 -0.412    19.74 21.80 02a59000o0639c 0x500931 112.888889
59000.547375 20.103715      NaN    -4.0    11.0   c  0.0    3.96 299.60389 62.13154  6142.06  6814.59 2.57 2.36  41.7 -0.410    19.77 21.79 02a59000o0646c 0x082030  -0.363636
59000.560619 19.743105      NaN    16.0    10.0   c  0.0    3.88 299.60389 62.13154  6123.12  6935.14 2.76 2.32  41.6 -0.402    19.74 21.77 02a59000o0674c 0x002030   1.600000
59020.490271 19.367717      NaN    32.0    11.0   c  0.0    1.48 299.60389 62.13154  1167.64  4499.51 2.50 2.40  64.0 -0.414    19.65 21.57 02a59020o0477c 0x400130   2.909091
59020.493050 16.127742 0.010984  1285.0    13.0   c  0.0  413.44 299.60389 62.13154  1185.96  4539.63 2.53 2.45  61.8 -0.413    19.50 21.43 02a59020o0483c 0x100031  98.846154
59020.496265 16.715246 0.014515   748.0    10.0   c  0.0  277.45 299.60389 62.13154  1127.95  4458.79 2.47 2.41  55.3 -0.416    19.65 21.54 02a59020o0490c 0x500a31  74.800000
59020.507448 19.841877      NaN    -8.0    14.0   c  0.0    3.98 299.60389 62.13154    88.14  6178.11 2.61 2.50 -41.6 -0.354    19.62 21.60 02a59020o0514c 0x000030  -0.571429
59020.511136 19.436675      NaN    19.0    14.0   c  0.0    4.24 299.60389 62.13154    67.45  6137.35 2.45 2.31 -40.1 -0.347    19.69 21.63 02a59020o0522c 0x000030   1.357143
59020.517093 16.125210 0.009273  1288.0    11.0   c  0.0  636.83 299.60389 62.13154   121.71  6204.89 2.50 2.34 -36.6 -0.359    19.71 21.67 02a59020o0535c 0x500831 117.090909
59020.519406 20.009244 0.361912    36.0    12.0   c  0.0    2.75 299.60389 62.13154  9476.52  5995.44 2.96 2.54  32.6 -0.373    19.67 21.63 02a59020o0540c 0x400210   3.000000
59020.551948 19.529530      NaN    20.0    12.0   c  0.0    0.99 299.60389 62.13154   136.61  6084.48 2.42 2.27  -2.6 -0.358    19.65 21.59 02a59020o0610c 0x000030   1.666667
59028.486076 15.173348 0.003508  3095.0    10.0   c  0.0 3984.61 299.60389 62.13154    52.53   403.01 2.70 2.21 -57.9 -0.432    19.74 21.82 02a59028o0521c 0x500831 309.500000
59028.487906 15.044493 0.003739  3485.0    12.0   c  0.0 4048.49 299.60389 62.13154    70.96   446.05 2.65 2.20 -58.5 -0.437    19.74 21.82 02a59028o0525c 0x500131 290.416667
59028.512753 20.103715      NaN   -33.0    11.0   c  0.0    2.51 299.60389 62.13154  1657.87 10051.33 2.32 2.26 -34.6 -0.453    19.75 21.90 02a59028o0579c 0x082030  -3.000000
59028.516417 16.394585 0.009723  1005.0     9.0   c  0.0  707.01 299.60389 62.13154  1639.41 10011.89 2.30 2.16 -42.5 -0.455    19.77 21.91 02a59028o0587c 0x500131 111.666667
59028.523733 19.076453 0.178827    85.0    14.0   c  0.0    7.73 299.60389 62.13154  1696.92 10086.99 2.56 2.04 -50.9 -0.460    19.76 21.91 02a59028o0603c 0x400830   6.071429
59028.558971 19.674510      NaN    22.0     9.0   c  0.0    1.58 299.60389 62.13154  1705.94  9961.47 2.30 2.29  35.9 -0.453    19.74 21.93 02a59028o0679c 0x400a30   2.444444
59048.390375 19.719755      NaN    11.0    12.0   c  0.0    7.38 299.60389 62.13154  8753.73  2579.09 2.57 2.40 -67.9 -0.394    19.74 21.99 02a59048o0320c 0x002030   0.916667
59048.393575 17.219755 0.018481   470.0     8.0   c  0.0  130.06 299.60389 62.13154  8774.08  2617.37 2.54 2.39 -77.0 -0.389    19.75 22.00 02a59048o0327c 0x500231  58.750000
59048.397737 17.097536 0.016513   526.0     8.0   c  0.0  177.62 299.60389 62.13154  8719.85  2543.32 2.59 2.40 -70.4 -0.393    19.73 22.01 02a59048o0336c 0x100031  65.750000
59048.427716 19.791368 0.222082    44.0     9.0   c  0.0    6.55 299.60389 62.13154  8705.93  2665.43 2.58 2.45 -75.7 -0.388    19.73 22.02 02a59048o0400c 0x400830   4.888889
59076.407634 19.922338      NaN     9.0    10.0   c  0.0    1.42 299.60389 62.13154  2014.03  5950.64 2.38 2.26  16.1 -0.401    19.70 21.64 02a59076o0341c 0x082010   0.900000
59076.410857 16.515601 0.018116   899.0    15.0   c  0.0  174.28 299.60389 62.13154  1994.94  5912.31 2.39 2.27  18.9 -0.397    18.88 20.78 02a59076o0348c 0x500131  59.933333
59076.416894 20.171596 0.350237    31.0    10.0   c  0.0    4.77 299.60389 62.13154  2049.79  5980.02 2.46 2.26  24.6 -0.396    19.69 21.63 02a59076o0361c 0x400130   3.100000
59076.427485 19.766969      NaN     9.0    12.0   c  0.0    2.92 299.60389 62.13154  2069.03  5859.37 2.63 2.53  36.5 -0.392    19.59 21.62 02a59076o0384c 0x002010   0.750000
59080.356854 16.496447 0.010679   915.0     9.0   c  0.0  520.01 299.60389 62.13154  2018.98  5953.32 2.35 2.32  18.4 -0.400    19.73 21.83 02a59080o0279c 0x500831 101.666667
59080.360069 19.841877      NaN     6.0    12.0   c  0.0    1.01 299.60389 62.13154  1994.66  5909.60 2.72 2.33  28.8 -0.382    19.67 21.83 02a59080o0286c 0x002030   0.500000
59080.365562 16.683773 0.012690   770.0     9.0   c  0.0  374.57 299.60389 62.13154  2055.17  5985.54 2.40 2.28  26.3 -0.400    19.72 21.80 02a59080o0298c 0x180031  85.555556
59080.377954 19.038793 0.135717    88.0    11.0   c  0.0    6.78 299.60389 62.13154  2073.17  5866.82 2.37 2.33   3.5 -0.402    19.74 21.80 02a59080o0325c 0x400130   8.000000
59084.387914 15.889700 0.006786  1600.0    10.0   c  0.0 1287.84 299.60389 62.13154   785.80  3602.17 2.39 2.26 -53.4 -0.410    19.77 21.77 02a59084o0344c 0x900031 160.000000
59084.391113 15.922771 0.005597  1552.0     8.0   c  0.0 1709.30 299.60389 62.13154   763.07  3559.88 2.46 2.31  20.3 -0.400    19.70 21.76 02a59084o0351c 0xd00831 194.000000
59084.397568 16.628787 0.012064   810.0     9.0   c  0.0  405.18 299.60389 62.13154   826.38  3635.04 2.45 2.40  19.8 -0.400    19.68 21.71 02a59084o0365c 0x980031  90.000000
59084.408569 17.073044 0.016145   538.0     8.0   c  0.0  206.08 299.60389 62.13154   845.95  3513.39 2.47 2.39 -43.0 -0.395    19.67 21.67 02a59084o0389c 0xd00831  67.250000
59084.410408 19.950541      NaN    11.0     9.0   c  0.0    2.13 299.60389 62.13154 10395.65  3635.11 2.57 2.49  13.3 -0.408    19.64 21.65 02a59084o0393c 0xc00130   1.222222
59084.413608 19.791368 0.222082    44.0     9.0   c  0.0    9.93 299.60389 62.13154 10376.18  3598.20 2.63 2.44 -61.5 -0.403    19.68 21.66 02a59084o0400c 0xc00a30   4.888889
59084.420963 17.071028 0.016115   539.0     8.0   c  0.0  181.73 299.60389 62.13154 10435.64  3681.04 2.58 2.49 -56.8 -0.407    19.66 21.66 02a59084o0416c 0x900031  67.375000
59084.432864 16.140491 0.008549  1270.0    10.0   c  0.0  758.77 299.60389 62.13154 10456.00  3564.33 2.52 2.39 -50.7 -0.414    19.70 21.65 02a59084o0442c 0xd00831 127.000000
59104.365139 17.524429 0.027526   355.0     9.0   c  0.0   79.02 299.60389 62.13154   540.92  2050.22 2.50 2.37 -58.8 -0.403    19.67 21.72 02a59104o0330c 0x100031  39.444444
59104.370653 20.207197      NaN     6.0     8.0   c  0.0    1.59 299.60389 62.13154   520.54  2012.59 2.54 2.30 -56.0 -0.407    19.73 21.71 02a59104o0342c 0x000030   0.750000
59104.383124 16.627448 0.013388   811.0    10.0   c  0.0  352.77 299.60389 62.13154   581.76  2080.47 2.53 2.28 -57.5 -0.406    19.70 21.68 02a59104o0369c 0x100031  81.100000
59104.384043 20.103715      NaN     0.0    11.0   c  0.0    1.20 299.60389 62.13154 10461.30  2076.21 2.53 2.24 -54.0 -0.425    19.66 21.68 02a59104o0371c 0x000030   0.000000
59104.387291 19.609992      NaN    22.0    10.0   c  0.0    1.66 299.60389 62.13154 10442.62  2040.23 2.64 2.29 -60.2 -0.421    19.64 21.67 02a59104o0378c 0x000030   2.200000
59104.388207 19.510313 0.152384    57.0     8.0   c  0.0    6.32 299.60389 62.13154   602.66  1963.30 2.51 2.34 -64.4 -0.404    19.68 21.67 02a59104o0380c 0x400110   7.125000
59104.393745 19.155932 0.192409    79.0    14.0   c  0.0    9.38 299.60389 62.13154 10501.64  2118.26 2.74 2.44 -63.0 -0.410    19.53 21.65 02a59104o0392c 0x081030   5.642857
59104.403989 17.301284      NaN   109.0   109.0   c  0.0    0.10 299.60389 62.13154 10521.10  2004.46 2.52 2.22 -55.9 -0.424    19.68 21.62 02a59104o0414c 0x500832   1.000000
59108.363261 19.454622      NaN    27.0    11.0   c  0.0    1.57 299.60389 62.13154  5323.15  8162.23 2.53 2.30 -54.6 -0.419    19.70 21.71 02a59108o0311c 0x400230   2.454545
59108.366465 20.103715      NaN   -17.0    11.0   c  0.0    1.16 299.60389 62.13154  5304.38  8122.55 2.53 2.28 -55.3 -0.414    19.72 21.72 02a59108o0318c 0x002030  -1.545455
59108.372046 19.979496      NaN    13.0     8.0   c  0.0    3.71 299.60389 62.13154  5358.37  8196.17 2.51 2.43  44.8 -0.397    19.69 21.71 02a59108o0330c 0x400230   1.625000
59108.382624 16.294546 0.009852  1102.0    10.0   c  0.0  528.09 299.60389 62.13154  5375.79  8081.62 2.60 2.40 -55.9 -0.410    19.65 21.69 02a59108o0353c 0x100031 110.200000
59132.296622 19.696897 0.226195    48.0    10.0   c  0.0    5.71 299.60389 62.13154  8392.87  3599.82 2.50 2.41 -75.0 -0.389    19.68 21.53 02a59132o0218c 0x400830   4.800000
59132.300777 19.766969      NaN     6.0    13.0   c  0.0    3.19 299.60389 62.13154  8376.62  3562.08 2.54 2.49  89.2 -0.390    19.65 21.52 02a59132o0227c 0x080030   0.461538
59132.310896 19.569016      NaN    18.0    12.0   c  0.0    2.12 299.60389 62.13154  8438.55  3642.40 2.53 2.43 -66.0 -0.391    19.67 21.52 02a59132o0249c 0x000030   1.500000
59132.318267 20.103715      NaN   -28.0    11.0   c  0.0    3.87 299.60389 62.13154  8461.00  3525.38 2.52 2.45 -61.1 -0.388    19.63 21.50 02a59132o0265c 0x001030  -2.545455
59136.289516 17.509244 0.274450   360.0    91.0   c  0.0    2.91 299.60389 62.13154  8392.74  3604.57 2.51 2.41 -79.1 -0.382    16.80 18.20 02a59136o0271c 0x500812   3.956044
59136.292798 19.183773 0.169206    77.0    12.0   c  0.0   10.12 299.60389 62.13154  8372.68  3564.96 2.46 2.28 -68.5 -0.391    19.54 21.24 02a59136o0278c 0x500831   6.416667
59136.298366 18.598565      NaN    63.0    23.0   c  0.0    1.65 299.60389 62.13154  8431.52  3643.56 2.52 2.41 -76.9 -0.383    18.82 20.41 02a59136o0290c 0x500212   2.739130
59136.308500 19.631075 0.212889    51.0    10.0   c  0.0    3.57 299.60389 62.13154  8452.46  3526.22 2.47 2.32 -70.0 -0.389    19.66 21.40 02a59136o0312c 0x082030   5.100000
59140.305990 14.898384      NaN  -593.0  1329.0   c  0.0    0.83 299.60389 62.13154  8714.52 10132.98 2.89 2.78 -63.6 -0.471    15.11 16.46 02a59140o0250c 0x900002  -0.446200
59140.309191 13.363288      NaN  3893.0  4167.0   c  0.0    0.95 299.60389 62.13154  8695.66 10091.43 3.06 2.77 -62.1 -0.481    14.54 15.91 02a59140o0257c 0x900002   0.934245
59140.315611 14.744995 0.324870  4592.0  1374.0   c  0.0    4.20 299.60389 62.13154  8749.76 10172.42 2.75 2.63 -70.0 -0.475    14.78 16.02 02a59140o0271c 0xd00812   3.342067
59160.206689 15.434645      NaN  -357.0   811.0   c  0.0    1.09 299.60389 62.13154  3688.95  6257.73 2.64 2.34  35.3 -0.377    15.89 17.29 02a59160o0051c 0x900002  -0.440197
59160.209897 17.365395      NaN   -91.0   137.0   c  0.0    1.79 299.60389 62.13154  3669.41  6218.35 2.57 2.34  33.2 -0.375    16.89 18.15 02a59160o0058c 0x900002  -0.664234
59160.219995 14.363549      NaN  -979.0  2175.0   c  0.0    1.72 299.60389 62.13154  3722.56  6289.26 2.77 2.39  33.6 -0.376    13.49 14.66 02a59160o0080c 0x900002  -0.450115
59160.226418 15.148037      NaN   753.0   805.0   c  0.0    0.88 299.60389 62.13154  3742.43  6170.76 2.67 2.34  35.2 -0.380    15.46 16.67 02a59160o0094c 0x900002   0.935404
59194.197338 19.089302      NaN    -2.0    28.0   c  0.0    0.37 299.60389 62.13154   132.57  8556.06 2.20 2.15 -51.6 -0.381    19.17 21.83 01a59194o0032c 0x100002  -0.071429
59194.197797 19.089302      NaN    36.0    16.0   c  0.0    1.22 299.60389 62.13154 10037.70  8424.70 2.45 2.36  80.8 -0.330    19.13 21.80 01a59194o0033c 0x400110   2.250000
59194.201024 19.014394      NaN    42.0    16.0   c  0.0    1.27 299.60389 62.13154 10057.89  8460.79 2.58 2.39  89.1 -0.334    19.39 22.28 01a59194o0040c 0x002030   2.625000
59194.201484 19.226921 0.220082    74.0    15.0   c  0.0    2.90 299.60389 62.13154   154.21  8595.05 2.31 2.10 -66.0 -0.396    19.54 22.40 01a59194o0041c 0x082030   4.933333
59194.206555 19.569016 0.221168    54.0    11.0   c  0.0    3.10 299.60389 62.13154  9993.37  8391.83 2.54 2.44  33.9 -0.330    19.56 22.66 01a59194o0052c 0x400330   4.909091
59194.207015 16.647717      NaN   385.0   137.0   c  0.0    0.93 299.60389 62.13154    89.77  8511.89 2.41 2.15 -65.1 -0.389    19.65 22.71 01a59194o0053c 0x500832   2.810219
59194.221773 16.588010 0.012910   841.0    10.0   c  0.0  324.43 299.60389 62.13154  9969.19  8516.71 2.65 2.49   1.3 -0.332    19.56 22.76 01a59194o0085c 0x500831  84.100000
59194.222233 10.837089      NaN 27214.0 46910.0   c  0.0    0.08 299.60389 62.13154    69.46  8624.17 2.35 2.22 -54.7 -0.387    19.64 22.80 01a59194o0086c 0x100002   0.580132
59262.619490 19.652575      NaN    14.0    12.0   c  0.0    3.80 299.60389 62.13154  4724.74  1667.28 2.97 2.85 -12.1 -0.363    19.16 21.24 01a59262o0878c 0x082010   1.166667
59262.629352 15.230240 0.004436  2937.0    12.0   c  0.0 2098.03 299.60389 62.13154  4699.39  1627.07 2.90 2.77 -14.2 -0.407    19.18 21.14 01a59262o0899c 0x500831 244.750000
59262.640237 16.296518 0.010857  1100.0    11.0   c  0.0  357.31 299.60389 62.13154  4756.93  1712.02 2.74 2.67 -31.6 -0.357    19.30 21.28 01a59262o0922c 0x500931 100.000000
59262.647199 19.841877      NaN   -11.0    14.0   c  0.0   17.22 299.60389 62.13154  4776.71  1588.99 3.03 2.95 -27.2 -0.343    19.10 21.16 01a59262o0937c 0x500331  -0.785714
59292.593758 19.696897      NaN   -35.0    16.0   c  0.0    5.37 299.60389 62.13154  3638.70   445.30 3.05 2.89 -70.6 -0.383    19.32 21.45 02a59292o0802c 0x002030  -2.187500
59292.596993 19.367717 0.217147    65.0    13.0   c  0.0    4.72 299.60389 62.13154  3656.07   482.85 3.07 2.90 -66.2 -0.386    19.32 21.46 02a59292o0809c 0x400330   5.000000
59292.603030 19.436675      NaN    13.0    16.0   c  0.0    1.70 299.60389 62.13154  3599.75   401.00 2.99 2.86 -84.9 -0.384    19.32 21.48 02a59292o0822c 0x082030   0.812500
59292.616349 19.142275 0.190004    80.0    14.0   c  0.0    7.24 299.60389 62.13154  3583.42   516.75 3.06 2.94 -85.1 -0.382    19.33 21.51 02a59292o0850c 0x400330   5.714286
59322.539999 16.435312 0.016824   968.0    15.0   c  0.0  198.98 299.60389 62.13154  1684.49 10033.81 2.61 2.38 -51.5 -0.399    18.86 20.57 01a59322o0668c 0x500831  64.533333
59322.544147 19.367717 0.317369    65.0    19.0   c  0.0    1.37 299.60389 62.13154  1670.84  9996.24 2.58 2.32 -57.7 -0.400    18.90 20.61 01a59322o0677c 0x082010   3.421053
59322.551061 16.131127 0.010171  1281.0    12.0   c  0.0  539.43 299.60389 62.13154  1726.46 10072.03 2.52 2.25 -57.3 -0.411    19.47 21.20 01a59322o0692c 0x100031 106.750000
59322.556132       NaN      NaN     NaN     NaN NaN  NaN     NaN       NaN      NaN      NaN      NaN  NaN  NaN   NaN    NaN      NaN   NaN            NaN 0x400820        NaN
59322.559361 19.212347      NaN  -130.0    25.0   c  0.0    6.73 299.60389 62.13154 10526.51 10114.21 2.81 2.49  55.0 -0.374    18.96 20.63 01a59322o0710c 0x500932  -5.200000
59322.561216 19.256669      NaN    27.0    15.0   c  0.0    1.10 299.60389 62.13154  1748.71  9956.24 2.59 2.36 -59.2 -0.398    19.21 20.93 01a59322o0714c 0x082010   1.800000
59326.592173 19.674510 0.265895    49.0    12.0   c  0.0    1.82 299.60389 62.13154  1707.73 10044.13 2.42 2.14 -63.2 -0.407    19.71 21.42 01a59326o0590c 0xc00430   4.083333
59326.595901 18.631975 0.084823   128.0    10.0   c  0.0   12.78 299.60389 62.13154  1690.37 10009.50 2.41 2.19 -66.4 -0.397    19.69 21.43 01a59326o0598c 0x900031  12.800000
59326.613098 19.609992      NaN    22.0    10.0   c  0.0    1.37 299.60389 62.13154  1747.94 10085.70 2.45 2.29 -58.1 -0.393    19.74 21.46 01a59326o0635c 0xc00110   2.200000
59326.623392 16.112639 0.007499  1303.0     9.0   c  0.0 1015.44 299.60389 62.13154  1766.89  9967.98 2.43 2.23 -74.3 -0.395    19.56 20.94 01a59326o0657c 0x980031 144.777778
59344.540865 19.384550 0.237505    64.0    14.0   c  0.0   10.27 299.60389 62.13154  1848.71   454.09 2.58 2.30 -64.4 -0.412    19.57 21.46 02a59344o0643c 0x500131   4.571429
59344.544072 18.459772 0.094097   150.0    13.0   c  0.0   13.33 299.60389 62.13154  1867.11   494.02 2.48 2.28 -70.3 -0.414    19.63 21.46 02a59344o0650c 0x100031  11.538462
59344.549603 19.419021      NaN    26.0    12.0   c  0.0    3.54 299.60389 62.13154  1811.90   410.57 2.66 2.35 -62.5 -0.404    19.58 21.43 02a59344o0662c 0x400930   2.166667
59344.562124 20.103715      NaN    -8.0    11.0   c  0.0    1.58 299.60389 62.13154  1794.75   526.66 2.64 2.35 -62.4 -0.414    19.63 21.45 02a59344o0689c 0x082030  -0.727273
59356.558332 19.922338      NaN    -2.0    13.0   c  0.0    4.19 299.60389 62.13154  6917.90  4315.66 2.56 2.32  49.6 -0.394    19.65 21.54 02a59356o0669c 0x002030  -0.153846
59356.560161 16.969196 0.016506   592.0     9.0   c  0.0  184.21 299.60389 62.13154  6935.46  4356.39 2.53 2.31  50.2 -0.396    19.64 21.54 02a59356o0673c 0x500131  65.777778
59356.562907 17.430723 0.033666   387.0    12.0   c  0.0   51.75 299.60389 62.13154  6880.31  4279.35 2.54 2.32  52.6 -0.396    19.67 21.56 02a59356o0679c 0x500131  32.250000
59356.568400 19.922338      NaN    12.0     9.0   c  0.0    2.63 299.60389 62.13154  6862.19  4396.91 2.58 2.32  47.7 -0.393    19.67 21.58 02a59356o0691c 0x002030   1.333333
59374.492450 20.321591      NaN   -11.0     9.0   c  0.0    7.09 299.60389 62.13154  2016.45  5945.07 2.51 2.28 -81.4 -0.397    19.83 21.71 01a59374o0545c 0x002030  -1.222222
59374.495229 17.311291 0.017593   432.0     7.0   c  0.0  162.92 299.60389 62.13154  1998.01  5906.71 2.55 2.32 -81.6 -0.397    19.83 21.72 01a59374o0551c 0x100031  61.714286
59374.513241 20.321591      NaN   -18.0     9.0   c  0.0    5.47 299.60389 62.13154  2057.47  5984.16 2.37 2.30 -50.8 -0.384    19.84 21.77 01a59374o0589c 0x400130  -2.000000
59374.516003 17.047121 0.015764   551.0     8.0   c  0.0  251.71 299.60389 62.13154  2075.32  5866.49 2.41 2.29 -75.6 -0.388    19.87 21.81 01a59374o0595c 0x500131  68.875000
59378.485244 20.071303      NaN     4.0    10.0   c  0.0    7.49 299.60389 62.13154   779.87  3615.97 2.22 2.15  79.3 -0.392    19.94 21.87 01a59378o0528c 0x002000   0.400000
59378.488010 20.321591      NaN    -8.0     9.0   c  0.0    2.91 299.60389 62.13154   758.73  3578.80 2.21 2.13  68.6 -0.389    19.94 21.86 01a59378o0534c 0x002030  -0.888889
59378.491798 16.164696 0.008742  1242.0    10.0   c  0.0  870.26 299.60389 62.13154   820.74  3651.84 2.26 2.20  69.3 -0.387    19.94 21.85 01a59378o0542c 0x500831 124.200000
59378.496892 15.577523 0.004072  2133.0     8.0   c  0.0 4247.06 299.60389 62.13154   837.07  3536.98 2.27 2.14  79.8 -0.390    19.90 21.83 01a59378o0553c 0x100031 266.625000
59378.504770 19.816329 0.328246    43.0    13.0   c  0.0    2.12 299.60389 62.13154 10384.09  3590.94 2.70 2.54 -79.7 -0.360    19.86 21.74 01a59378o0570c 0x400a30   3.307692
59378.506613 18.417189 0.069598   156.0    10.0   c  0.0   17.50 299.60389 62.13154 10363.35  3550.17 2.68 2.50 -76.8 -0.365    19.88 21.74 01a59378o0574c 0x180031  15.600000
59378.516662 15.988374 0.006688  1461.0     9.0   c  0.0  903.75 299.60389 62.13154 10422.59  3630.81 2.77 2.53 -72.8 -0.364    19.85 21.75 01a59378o0595c 0x500b31 162.333333
59378.521349 15.836081 0.007105  1681.0    11.0   c  0.0  803.39 299.60389 62.13154 10443.07  3515.38 2.76 2.55 -64.4 -0.352    19.83 21.73 01a59378o0605c 0x500a31 152.818182
59382.544160 20.009244      NaN   -34.0    12.0   c  0.0    3.93 299.60389 62.13154  9785.21  6903.14 2.54 2.43  52.6 -0.371    19.92 21.79 01a59382o0469c 0x881030  -2.833333
59382.547389 16.519230 0.012118   896.0    10.0   c  0.0  345.40 299.60389 62.13154  9805.08  6937.46 2.63 2.43  79.2 -0.379    19.90 21.81 01a59382o0476c 0x900031  89.600000
59382.552932 20.171596      NaN     1.0    10.0   c  0.0    3.87 299.60389 62.13154  9743.59  6865.42 2.59 2.39  77.4 -0.384    19.94 21.82 01a59382o0488c 0x880010   0.100000
59382.558007 19.271854 0.122336    71.0     8.0   c  0.0    4.16 299.60389 62.13154   174.80  7051.86 2.31 2.08 -85.2 -0.399    19.91 21.77 01a59382o0499c 0x881030   8.875000
59382.561232 16.055033 0.007112  1374.0     9.0   c  0.0 1037.81 299.60389 62.13154   197.25  7092.33 2.50 2.25 -85.8 -0.398    19.85 21.78 01a59382o0506c 0x900031 152.666667
59382.564457 20.207197      NaN   -34.0    10.0   c  0.0    7.01 299.60389 62.13154  9727.88  6982.09 2.64 2.47  78.0 -0.369    19.90 21.83 01a59382o0513c 0x881030  -3.400000
59382.566760 16.253935 0.007593  1144.0     8.0   c  0.0  983.31 299.60389 62.13154   137.15  7011.74 2.33 2.12 -86.9 -0.401    19.91 21.79 01a59382o0518c 0x980031 143.000000
59382.577438 19.631075      NaN    24.0     9.0   c  0.0    1.94 299.60389 62.13154   120.02  7124.46 2.28 2.05 -83.2 -0.402    19.93 21.81 01a59382o0541c 0x800030   2.666667
59404.432830 19.922338      NaN    -4.0    13.0   c  0.0    4.16 299.60389 62.13154  4198.92  6949.60 2.48 2.33  56.7 -0.394    19.65 21.50 02a59404o0404c 0x002030  -0.307692
59404.435116 18.323878 0.083027   170.0    13.0   c  0.0    6.29 299.60389 62.13154  4219.40  6988.98 2.49 2.35  54.1 -0.395    19.66 21.49 02a59404o0409c 0x400d30  13.076923
59404.440830 19.569016 0.221168    54.0    11.0   c  0.0    2.63 299.60389 62.13154  4156.48  6912.88 2.62 2.29  45.4 -0.382    19.64 21.49 02a59404o0421c 0x082030   4.909091
59404.446353 16.167322 0.009639  1239.0    11.0   c  0.0  557.24 299.60389 62.13154  4141.01  7027.31 2.49 2.35  42.5 -0.399    19.61 21.47 02a59404o0433c 0x180031 112.636364
59408.468058 20.103715      NaN    -6.0    11.0   c  0.0    2.86 299.60389 62.13154  6392.33  3616.59 2.75 2.41  38.7 -0.395    19.62 21.52 02a59408o0477c 0x400110  -0.545455
59408.471785 20.103715      NaN   -12.0    11.0   c  0.0    1.86 299.60389 62.13154  6372.73  3576.53 2.54 2.32  36.5 -0.388    19.68 21.51 02a59408o0485c 0x000030  -1.090909
59408.478293 19.472870      NaN    26.0    11.0   c  0.0    2.53 299.60389 62.13154  6436.76  3661.94 2.36 2.28  40.5 -0.398    19.68 21.49 02a59408o0499c 0x000030   2.363636
59408.498158 19.696897      NaN    12.0    12.0   c  0.0    3.75 299.60389 62.13154  6453.61  3543.84 2.44 2.35  39.1 -0.392    19.67 21.51 02a59408o0541c 0x000030   1.000000
59412.480399 19.841877      NaN    12.0    10.0   c  0.0    1.36 299.60389 62.13154  6753.41  1587.10 2.48 2.39 -68.5 -0.395    19.66 21.70 02a59412o0505c 0x002030   1.200000
59412.483599 16.568816 0.012684   856.0    10.0   c  0.0  311.50 299.60389 62.13154  6733.13  1547.79 2.66 2.47 -58.6 -0.390    19.60 21.71 02a59412o0512c 0x100031  85.600000
59412.489144 20.039830      NaN     5.0    10.0   c  0.0   13.85 299.60389 62.13154  6795.66  1626.64 2.56 2.39 -58.8 -0.395    19.66 21.72 02a59412o0524c 0x100031   0.500000
59412.500150 20.103715      NaN   -25.0    11.0   c  0.0    3.24 299.60389 62.13154  6817.19  1512.59 2.57 2.45 -65.5 -0.396    19.68 21.72 02a59412o0548c 0x002030  -2.272727
59430.429500 20.071303 0.255467    34.0     8.0   c  0.0    3.25 299.60389 62.13154  2186.61  7037.87 2.39 2.25 -82.2 -0.397    19.80 21.77 01a59430o0418c 0x400130   4.250000
59430.461282 16.894777 0.013700   634.0     8.0   c  0.0  311.47 299.60389 62.13154  2214.91  7073.08 2.32 2.23 -71.6 -0.387    19.82 21.88 01a59430o0486c 0x500831  79.250000
59430.464515 20.321591      NaN     3.0     8.0   c  0.0    2.53 299.60389 62.13154  2154.57  6994.75 2.30 2.17 -77.4 -0.394    19.83 21.87 01a59430o0493c 0x002030   0.375000
59430.470510 16.352209 0.009351  1045.0     9.0   c  0.0  579.74 299.60389 62.13154  2138.37  7108.49 2.39 2.28 -74.0 -0.384    19.80 21.89 01a59430o0506c 0x500131 116.111111
59434.431060 14.924568 0.003906  3892.0    14.0   c  0.0 3805.15 299.60389 62.13154  9955.89 10488.80 2.45 2.29  63.3 -0.385    19.83 21.75 01a59434o0426c 0x500131 278.000000
59434.434301 19.419021 0.350237    62.0    20.0   c  0.0    2.93 299.60389 62.13154  9980.42 10526.51 2.47 2.31  50.2 -0.380    19.85 21.75 01a59434o0433c 0x400230   3.100000
59434.441757 15.099774 0.003278  3312.0    10.0   c  0.0 4995.29 299.60389 62.13154  9910.29 10454.15 2.45 2.31  80.3 -0.388    19.79 21.71 01a59434o0449c 0x500931 331.200000
59434.456652 20.207197      NaN   -10.0    10.0   c  0.0    2.90 299.60389 62.13154  1757.28   509.50 2.54 2.33  33.6 -0.400    19.77 21.74 01a59434o0481c 0x002030  -1.000000
59434.459468 19.894850      NaN     4.0    12.0   c  0.0    3.29 299.60389 62.13154  1774.31   546.49 2.75 2.46  52.2 -0.409    19.70 21.76 01a59434o0487c 0x082010   0.333333
59434.491139 16.607550 0.014459   826.0    11.0   c  0.0  152.54 299.60389 62.13154  1729.14   461.00 3.54 3.09  52.0 -0.350    19.43 21.61 01a59434o0555c 0x500a31  75.090909
59434.497173 19.922338      NaN     6.0    11.0   c  0.0    2.57 299.60389 62.13154  1716.67   578.05 2.78 2.53  37.9 -0.390    19.59 21.61 01a59434o0568c 0x400130   0.545455
59438.424639 15.395637 0.005166  2522.0    12.0   c  0.0 2172.06 299.60389 62.13154  9950.10 10483.93 2.36 2.27  55.6 -0.366    19.66 21.57 01a59438o0275c 0x100031 210.166667
59438.454319 18.796518 0.157925   110.0    16.0   c  0.0    4.62 299.60389 62.13154  9973.83 10524.68 2.51 2.31  61.1 -0.349    19.90 21.94 01a59438o0337c 0x082030   6.875000
59438.458529 15.912328 0.005543  1567.0     8.0   c  0.0 1486.51 299.60389 62.13154  9905.26 10451.84 2.57 2.40  65.0 -0.343    19.88 21.94 01a59438o0346c 0x100031 195.875000
59438.459447 16.469493 0.006945   938.0     6.0   c  0.0 1117.20 299.60389 62.13154  1754.74   502.48 2.50 2.13  44.6 -0.401    19.94 21.97 01a59438o0348c 0x100031 156.333333
59438.462710 15.421780 0.003969  2462.0     9.0   c  0.0 4007.54 299.60389 62.13154  1773.48   540.32 2.41 2.07  40.2 -0.425    19.93 21.97 01a59438o0355c 0x100031 273.555556
59438.467819 16.316441 0.008042  1080.0     8.0   c  0.0 1020.50 299.60389 62.13154  1720.35   459.91 2.52 2.15  41.0 -0.408    19.90 21.96 01a59438o0366c 0x100031 135.000000
59438.503064 16.644993 0.010885   798.0     8.0   c  0.0  482.66 299.60389 62.13154  1719.00   570.13 2.49 2.28  39.0 -0.426    19.84 21.83 01a59438o0441c 0x100031  99.750000
59456.339784 16.847855 0.016401   662.0    10.0   c  0.0  251.95 299.60389 62.13154  2617.55  1829.54 2.40 2.21 -60.0 -0.416    19.73 21.56 02a59456o0257c 0x900031  66.200000
59456.342988 16.033905 0.009300  1401.0    12.0   c  0.0  693.93 299.60389 62.13154  2597.30  1790.99 2.36 2.22 -64.9 -0.418    19.73 21.57 02a59456o0264c 0xd00131 116.750000
59456.349393 19.868040      NaN    11.0    10.0   c  0.0    0.94 299.60389 62.13154  2656.58  1865.78 2.29 2.22 -73.9 -0.415    19.75 21.56 02a59456o0278c 0xc00230   1.100000
59456.360366 16.712347 0.014476   750.0    10.0   c  0.0  317.29 299.60389 62.13154  2681.01  1748.33 2.37 2.18 -60.2 -0.421    19.75 21.56 02a59456o0302c 0x980031  75.000000
59464.358576 15.972147 0.008053  1483.0    11.0   c  0.0  897.36 299.60389 62.13154  5582.59  6129.39 2.49 2.31  35.1 -0.391    19.67 21.52 02a59464o0261c 0xd00131 134.818182
59464.362265 16.700827 0.015756   758.0    11.0   c  0.0  182.20 299.60389 62.13154  5563.79  6090.55 2.70 2.54  31.3 -0.385    19.59 21.50 02a59464o0269c 0x900031  68.909091
59464.369149 15.443157 0.004947  2414.0    11.0   c  0.0 1788.11 299.60389 62.13154  5618.40  6163.18 2.70 2.56  39.5 -0.382    19.60 21.49 02a59464o0284c 0xd00831 219.454545
59464.379295 16.028493 0.007711  1408.0    10.0   c  0.0  936.56 299.60389 62.13154  5638.44  6054.43 2.50 2.31  33.1 -0.389    19.65 21.47 02a59464o0306c 0x900031 140.800000
59468.357821 16.143916 0.010291  1266.0    12.0   c  0.0  481.40 299.60389 62.13154  5274.40  9723.86 2.60 2.30 -53.3 -0.408    19.69 21.60 02a59468o0313c 0x100031 105.500000
59468.361023 19.472870      NaN    17.0    14.0   c  0.0    3.50 299.60389 62.13154  5255.53  9683.09 2.52 2.26 -59.2 -0.408    19.62 21.43 02a59468o0320c 0x000000   1.214286
59468.367027 19.569016      NaN   -31.0    18.0   c  0.0    2.73 299.60389 62.13154  5308.59  9760.88 2.63 2.40 -57.8 -0.401    18.76 20.66 02a59468o0333c 0x080010  -1.722222
59468.377172 19.510313      NaN   -24.0    19.0   c  0.0    0.92 299.60389 62.13154  5325.60  9643.85 2.55 2.30 -56.2 -0.408    19.51 21.30 02a59468o0355c 0x000000  -1.263158
59516.255912 19.454622      NaN    21.0    13.0   c  0.0    1.41 299.60389 62.13154  2408.62  3876.98 2.58 2.32  37.7 -0.386    19.31 20.80 02a59516o0161c 0x000000   1.615385
59516.259591 19.529530      NaN    17.0    13.0   c  0.0    1.68 299.60389 62.13154  2389.75  3838.29 2.50 2.28  37.4 -0.390    19.19 20.68 02a59516o0169c 0x080030   1.307692
59516.265554 18.767304      NaN    53.0    20.0   c  0.0    1.92 299.60389 62.13154  2448.27  3911.97 2.41 2.24  35.6 -0.397    18.87 20.27 02a59516o0182c 0x000000   2.650000
59516.277071 17.866751      NaN   100.0    53.0   c  0.0    1.12 299.60389 62.13154  2469.13  3792.17 2.51 2.23  31.5 -0.396    17.80 19.09 02a59516o0207c 0x500812   1.886792
59524.268939 19.472870 0.239230    59.0    13.0   c  0.0    3.40 299.60389 62.13154  3468.20  9851.77 2.91 2.49 -53.0 -0.380    19.48 21.18 02a59524o0195c 0x082030   4.538462
59524.272155 15.798003 0.008107  1741.0    13.0   c  0.0  650.04 299.60389 62.13154  3451.25  9811.91 3.07 2.65 -53.6 -0.398    19.38 21.17 02a59524o0202c 0x500831 133.923077
59524.279981 19.549093 0.335591    55.0    17.0   c  0.0    3.34 299.60389 62.13154  3505.82  9887.71 3.14 2.71 -52.2 -0.381    19.38 21.14 02a59524o0219c 0x082030   3.235294
59524.290543 15.240268 0.005223  2910.0    14.0   c  0.0 1310.13 299.60389 62.13154  3524.36  9765.23 3.22 2.82 -54.3 -0.356    19.25 21.10 02a59524o0242c 0x500a31 207.857143