         MJD         m       dm     uJy   duJy   F  err   chi/N        RA      Dec        x        y  maj  min   phi  apfit  mag5sig   Sky            Obs     Mask   __tmp_SN
57984.396458 20.449472      NaN   -10.0    8.0   c  0.0    1.51 299.61098 62.13955  4566.26  3581.11 2.60 2.42  55.5 -0.404    19.73 21.68 02a57984o0339c 0x400330  -1.250000
57984.406246 20.321591      NaN   -14.0    9.0   c  0.0    0.93 299.61098 62.13955  4550.17  3544.36 2.47 2.30  52.0 -0.413    19.75 21.64 02a57984o0359c 0x400230  -1.555556
57984.407706 20.449472      NaN    -2.0    8.0   c  0.0    0.99 299.61098 62.13955  4603.86  3618.21 2.45 2.27  53.3 -0.414    19.80 21.64 02a57984o0362c 0x082030  -0.250000
57984.424912 20.171596      NaN     4.0    9.0   c  0.0    1.16 299.61098 62.13955  4620.19  3501.94 2.71 2.52  50.1 -0.397    19.68 21.62 02a57984o0397c 0x400830   0.444444
57988.398184 18.550302 0.070809   138.0    9.0   c  0.0   14.51 299.61098 62.13955  7088.91  5732.77 2.52 2.49 -68.5 -0.410    19.80 21.64 02a57988o0338c 0x100031  15.333333
57988.408532 20.207197      NaN    -3.0   10.0   c  0.0    0.94 299.61098 62.13955  7073.40  5690.21 2.56 2.51  83.7 -0.407    19.73 21.54 02a57988o0359c 0x082030  -0.300000
57988.410004 19.950541      NaN    11.0    9.0   c  0.0    1.17 299.61098 62.13955  7127.91  5769.51 2.60 2.57  84.0 -0.405    19.69 21.53 02a57988o0362c 0x002030   1.222222
57988.427308 20.009244      NaN   -10.0   12.0   c  0.0    0.93 299.61098 62.13955  7152.61  5656.35 2.47 2.44 -64.6 -0.413    19.75 21.46 02a57988o0397c 0x400830  -0.833333
58012.343927 20.449472      NaN    -4.0    8.0   c  0.0    1.08 299.61098 62.13955  8306.48  8147.44 2.59 2.47  34.9 -0.421    19.79 21.59 02a58012o0280c 0x082030  -0.500000
58012.344383 19.652575 0.217147    50.0   10.0   c  0.0    3.51 299.61098 62.13955  8288.07  8107.58 2.58 2.49  34.6 -0.416    19.78 21.57 02a58012o0281c 0x400330   5.000000
58012.360239 19.589310      NaN    17.0   12.0   c  0.0    0.70 299.61098 62.13955  8353.76  8188.89 2.63 2.52  39.7 -0.421    19.68 21.46 02a58012o0315c 0x002030   1.416667
58012.363908 19.569016      NaN    21.0   11.0   c  0.0    1.71 299.61098 62.13955  8361.68  8073.88 2.63 2.51  42.6 -0.420    19.50 21.28 02a58012o0323c 0x400330   1.909091
58072.263371 19.549093      NaN    13.0   14.0   c  0.0    0.75 299.61098 62.13955   675.79  9626.13 2.88 2.33  29.0 -0.441    19.62 21.35 02a58072o0151c 0x000030   0.928571
58072.272314 19.674510      NaN     7.0   14.0   c  0.0    0.90 299.61098 62.13955   656.98  9587.95 2.89 2.32  25.3 -0.449    19.60 21.34 02a58072o0170c 0x400130   0.500000
58072.281586 19.674510      NaN     4.0   15.0   c  0.0    3.62 299.61098 62.13955   709.81  9663.72 2.96 2.37  26.5 -0.444    19.52 21.26 02a58072o0189c 0x000030   0.266667
58072.282499 20.009244      NaN    -5.0   12.0   c  0.0    1.49 299.61098 62.13955  9812.70  9568.57 2.85 2.84 -50.8 -0.403    19.60 21.35 02a58072o0191c 0x000030  -0.416667
58076.265858 18.459772      NaN   -86.0   50.0   c  0.0    0.95 299.61098 62.13955  2792.46  1545.41 2.96 2.52  40.5 -0.411    18.29 19.90 02a58076o0130c 0xd00812  -1.720000
58076.275278 19.631075      NaN   -33.0   17.0   c  0.0    1.04 299.61098 62.13955  2772.49  1507.86 3.05 2.52  40.3 -0.427    19.32 20.87 02a58076o0149c 0xc00a30  -1.941176
58076.284042 19.922338      NaN   -16.0   13.0   c  0.0    0.84 299.61098 62.13955  2826.05  1586.11 3.03 2.50  40.2 -0.419    19.41 20.99 02a58076o0167c 0xc00830  -1.230769
58076.293419 20.009244      NaN   -27.0   12.0   c  0.0    1.78 299.61098 62.13955  2850.77  1464.97 3.04 2.53  39.7 -0.410    19.31 20.89 02a58076o0186c 0xc00330  -2.250000
58104.205777 19.212347 0.231624    75.0   16.0   c  0.0    2.42 299.61098 62.13955  1120.01  1811.42 3.47 2.99  46.9 -0.433    19.21 20.81 02a58104o0040c 0xc00b30   4.687500
58104.214283 19.510313 0.304768    57.0   16.0   c  0.0    4.84 299.61098 62.13955  1100.29  1778.79 3.63 3.12  43.2 -0.428    19.24 21.02 02a58104o0058c 0xc00b30   3.562500
58256.579525 16.479961 0.011687   929.0   10.0   c  0.0  306.22 299.61098 62.13955  9332.14  8947.61 2.73 2.60  45.3 -0.412    19.67 21.61 02a58256o0591c 0x500931  92.900000
58256.590633 19.491430 0.224635    58.0   12.0   c  0.0    2.48 299.61098 62.13955  9363.60  8987.98 2.61 2.54  42.8 -0.424    19.72 21.63 02a58256o0612c 0x400330   4.833333
58256.601176 19.791368 0.296110    44.0   12.0   c  0.0    1.93 299.61098 62.13955  9300.45  8913.82 2.80 2.63  43.5 -0.428    19.67 21.65 02a58256o0633c 0x400230   3.666667
58256.612013 19.696897      NaN    15.0   11.0   c  0.0    1.73 299.61098 62.13955  1175.70  1404.26 2.51 2.31  45.6 -0.469    19.56 21.13 02a58256o0654c 0x082030   1.363636
58280.542938 18.504094      NaN  -127.0   48.0   c  0.0    0.96 299.61098 62.13955  3467.67   909.92 2.78 2.51   5.1 -0.397    18.34 20.07 02a58280o0641c 0xd00812  -2.645833
58280.552771 17.259754      NaN   108.0  115.0   c  0.0    0.84 299.61098 62.13955  3452.21   878.09 2.82 2.49  38.2 -0.412    16.76 18.35 02a58280o0662c 0xd00832   0.939130
58280.563072 17.922662      NaN    24.0   74.0   c  0.0    1.48 299.61098 62.13955  3503.93   957.86 3.10 2.59   5.9 -0.386    17.22 18.85 02a58280o0683c 0xd00832   0.324324
58280.574365 17.821591      NaN    51.0   73.0   c  0.0    1.16 299.61098 62.13955  3528.06   840.82 2.68 2.42  47.2 -0.422    17.52 19.07 02a58280o0704c 0xd00822   0.698630
58284.536494 20.321591      NaN     0.0    9.0   c  0.0    0.94 299.61098 62.13955   737.56  1770.56 2.55 2.35  43.7 -0.456    19.74 21.75 02a58284o0626c 0x080010   0.000000
58284.546376 20.103715      NaN    -4.0   11.0   c  0.0    0.76 299.61098 62.13955   721.24  1738.90 2.65 2.40  43.4 -0.457    19.75 21.75 02a58284o0647c 0x080030  -0.363636
58284.556171 20.103715      NaN   -23.0   11.0   c  0.0    1.12 299.61098 62.13955   785.39  1809.39 2.75 2.43  48.2 -0.450    19.75 21.76 02a58284o0668c 0x000000  -2.090909
58284.566214 20.207197      NaN     6.0    8.0   c  0.0    1.51 299.61098 62.13955   803.46  1692.18 2.76 2.46  43.4 -0.450    19.72 21.79 02a58284o0689c 0x400930   0.750000
58308.504097 19.674510      NaN    22.0    9.0   c  0.0    2.28 299.61098 62.13955  2183.40  9624.18 2.67 2.44  32.0 -0.454    19.75 21.75 02a58308o0282c 0x082030   2.444444
58308.521475 20.009244      NaN   -25.0   12.0   c  0.0    0.66 299.61098 62.13955  2156.63  9587.87 2.73 2.47  27.4 -0.455    19.74 21.74 02a58308o0319c 0x002030  -2.083333
58308.523778 19.922338      NaN     6.0   11.0   c  0.0    1.26 299.61098 62.13955  2209.52  9663.01 2.84 2.55  24.0 -0.448    19.69 21.73 02a58308o0324c 0x400330   0.545455
58308.537646 20.009244      NaN   -36.0   12.0   c  0.0    1.65 299.61098 62.13955  2225.53  9545.48 2.72 2.42  21.8 -0.462    19.70 21.67 02a58308o0353c 0x400230  -3.000000
58312.485180 19.868040 0.264814    41.0   10.0   c  0.0    2.79 299.61098 62.13955  1803.34  9712.88 2.52 2.33  19.9 -0.451    19.73 21.62 02a58312o0517c 0x400c30   4.100000
58312.487042 19.529530      NaN    23.0   11.0   c  0.0    1.83 299.61098 62.13955  1784.79  9675.62 2.57 2.34  16.8 -0.453    19.72 21.61 02a58312o0521c 0x400110   2.090909
58312.502626 20.071303      NaN     4.0   10.0   c  0.0    1.68 299.61098 62.13955  1832.87  9751.44 2.76 2.48  22.5 -0.453    19.68 21.60 02a58312o0554c 0x400130   0.400000
58312.507710 20.207197      NaN    -2.0   10.0   c  0.0    1.28 299.61098 62.13955  1849.79  9631.00 2.67 2.44  23.2 -0.456    19.68 21.60 02a58312o0565c 0x002030  -0.200000
58344.417990 20.321591      NaN    -5.0    9.0   c  0.0    1.90 299.61098 62.13955   747.85  8498.71 2.38 2.23  -1.7 -0.443    19.78 21.71 02a58344o0399c 0x000030  -0.555556
58344.435683 20.103715      NaN   -12.0   11.0   c  0.0    1.48 299.61098 62.13955   723.61  8458.42 2.36 2.23  -1.4 -0.444    19.78 21.76 02a58344o0437c 0x400330  -1.090909
58344.436620 20.207197      NaN     0.0   10.0   c  0.0    0.97 299.61098 62.13955  9872.11  8440.86 2.61 2.36  48.0 -0.439    19.78 21.75 02a58344o0439c 0x000030   0.000000
58344.437992 20.321591      NaN   -11.0    9.0   c  0.0    1.60 299.61098 62.13955   777.57  8531.63 2.43 2.28   6.4 -0.449    19.75 21.76 02a58344o0442c 0x080010  -1.222222
58344.452610 20.103715      NaN    -8.0   11.0   c  0.0    1.23 299.61098 62.13955   795.05  8411.66 2.40 2.27   9.6 -0.448    19.73 21.68 02a58344o0473c 0x080030  -0.727273
58344.454452 19.766969      NaN    15.0   10.0   c  0.0    1.04 299.61098 62.13955  9847.50  8400.02 2.68 2.39  41.9 -0.434    19.75 21.65 02a58344o0477c 0x000030   1.500000
58344.457668 19.696897      NaN    15.0   11.0   c  0.0    1.12 299.61098 62.13955  9902.74  8483.88 2.71 2.43  40.7 -0.444    19.72 21.63 02a58344o0484c 0x000030   1.363636
58344.471762 20.207197      NaN    -1.0   10.0   c  0.0    1.86 299.61098 62.13955  9916.70  8368.93 2.73 2.45  42.7 -0.438    19.65 21.58 02a58344o0514c 0x000030  -0.100000
58376.361911 20.009244      NaN   -29.0   12.0   c  0.0    1.16 299.61098 62.13955  2296.54  7911.34 2.56 2.42 -40.0 -0.391    19.72 21.66 02a58376o0318c 0x080030  -2.416667
58376.379589 19.529530      NaN    17.0   13.0   c  0.0    1.15 299.61098 62.13955  2276.09  7868.69 2.54 2.43 -18.8 -0.401    19.52 21.42 02a58376o0356c 0x000030   1.307692
58376.382333 19.922338      NaN    -8.0   13.0   c  0.0    1.99 299.61098 62.13955  2329.94  7943.35 2.61 2.50 -16.8 -0.412    19.50 21.36 02a58376o0362c 0x000030  -0.615385
58376.395392 19.631075      NaN    18.0   11.0   c  0.0    1.61 299.61098 62.13955  2347.04  7824.39 2.64 2.51  -6.7 -0.398    19.40 21.26 02a58376o0390c 0x080010   1.636364
58396.337535 19.367717      NaN    14.0   17.0   c  0.0    0.95 299.61098 62.13955  2181.20  1211.13 2.49 2.39 -78.7 -0.419    19.09 20.67 02a58396o0297c 0x000000   0.823529
58396.346371 18.933071      NaN    31.0   22.0   c  0.0    0.73 299.61098 62.13955  2155.19  1171.27 2.53 2.42  48.8 -0.434    18.80 20.26 02a58396o0316c 0x000000   1.409091
58396.348200 19.169763      NaN    -6.0   26.0   c  0.0    0.79 299.61098 62.13955  2218.72  1245.08 2.51 2.45  55.1 -0.424    18.68 20.14 02a58396o0320c 0x000030  -0.230769
58396.362236 18.131260      NaN    38.0   55.0   c  0.0    0.98 299.61098 62.13955  2245.13  1125.67 2.57 2.45  46.1 -0.430    17.91 19.25 02a58396o0350c 0x100002   0.690909
58400.317615 19.652575      NaN    14.0   12.0   c  0.0    0.74 299.61098 62.13955  2087.33  8718.13 2.56 2.41 -24.9 -0.421    19.73 21.57 02a58400o0256c 0xc00130   1.166667
58400.326124 16.212959      NaN  -560.0  396.0   c  0.0    2.24 299.61098 62.13955  2067.49  8675.52 2.75 2.61   2.2 -0.438    16.15 17.67 02a58400o0274c 0x900002  -1.414141
58424.296802 20.009244      NaN    -1.0   12.0   c  0.0    1.58 299.61098 62.13955  8242.43  9525.58 2.92 2.61  26.8 -0.400    19.52 21.19 02a58424o0238c 0x002030  -0.083333
58424.298633 19.631075      NaN    12.0   13.0   c  0.0    1.30 299.61098 62.13955  8223.12  9482.19 3.00 2.70  26.0 -0.401    19.51 21.18 02a58424o0242c 0x400330   0.923077
58424.312630 19.841877      NaN   -21.0   14.0   c  0.0    1.08 299.61098 62.13955  8276.59  9563.71 3.02 2.71  28.8 -0.398    19.46 21.12 02a58424o0272c 0x400130  -1.500000
58424.320425 20.009244      NaN   -13.0   12.0   c  0.0    1.68 299.61098 62.13955  8292.84  9424.74 3.17 2.84  29.3 -0.396    19.41 21.09 02a58424o0289c 0x002000  -1.083333
58428.265127 20.207197      NaN    -3.0   10.0   c  0.0    1.12 299.61098 62.13955  1483.10  7738.36 2.54 2.42 -14.9 -0.422    19.56 21.31 02a58428o0117c 0x400130  -0.300000
58428.272595 20.207197      NaN    -5.0   10.0   c  0.0    1.65 299.61098 62.13955  1463.75  7696.99 2.54 2.45 -21.2 -0.424    19.56 21.28 02a58428o0133c 0x002030  -0.500000
58428.279024 19.841877      NaN     6.0   12.0   c  0.0    1.07 299.61098 62.13955  1514.75  7769.70 2.57 2.42 -20.1 -0.425    19.53 21.27 02a58428o0147c 0x002030   0.500000
58428.289798 20.009244      NaN    -4.0   12.0   c  0.0    0.87 299.61098 62.13955  1534.36  7648.50 2.51 2.38   4.2 -0.437    19.53 21.21 02a58428o0170c 0x400110  -0.333333
58432.266519 20.103715      NaN    -3.0   11.0   c  0.0    1.01 299.61098 62.13955  1537.67  1342.00 2.51 2.32  41.8 -0.450    19.67 21.39 02a58432o0177c 0x000030  -0.272727
58432.275994 20.207197      NaN    -5.0   10.0   c  0.0    1.04 299.61098 62.13955  1516.75  1303.06 2.49 2.39  78.3 -0.433    19.58 21.35 02a58432o0197c 0x000030  -0.500000
58432.279224 20.103715      NaN     0.0   11.0   c  0.0    1.52 299.61098 62.13955  1580.12  1379.01 2.47 2.39  85.1 -0.436    19.55 21.31 02a58432o0204c 0x400830   0.000000
58432.291397 19.631075      NaN   -21.0   17.0   c  0.0    0.93 299.61098 62.13955  1598.17  1252.72 2.53 2.35  36.6 -0.440    18.80 20.35 02a58432o0230c 0x080010  -1.235294
58436.256774 19.302877      NaN    27.0   14.0   c  0.0    1.42 299.61098 62.13955  1178.30  8457.04 2.56 2.35 -13.6 -0.441    19.35 20.69 02a58436o0157c 0x080030   1.928571
58436.265410 19.922338      NaN     0.0   13.0   c  0.0    0.96 299.61098 62.13955  1148.92  8417.83 2.55 2.35 -30.8 -0.432    19.33 20.68 02a58436o0175c 0x080030   0.000000
58436.272411 19.302877      NaN    18.0   17.0   c  0.0    0.81 299.61098 62.13955  1212.64  8489.12 2.55 2.34  -4.9 -0.450    19.32 20.65 02a58436o0190c 0x000030   1.058824
58436.275627 20.009244      NaN    -4.0   12.0   c  0.0    1.70 299.61098 62.13955 10294.86  8482.51 2.77 2.46  26.2 -0.441    19.33 20.72 02a58436o0197c 0x080030  -0.333333
58436.278371 19.766969      NaN     0.0   15.0   c  0.0    1.03 299.61098 62.13955 10268.12  8436.90 2.73 2.38  24.5 -0.444    19.36 20.72 02a58436o0203c 0x000030   0.000000
58436.280203 19.510313      NaN     3.0   18.0   c  0.0    0.85 299.61098 62.13955  1229.83  8366.75 2.49 2.30  -5.2 -0.458    19.30 20.61 02a58436o0207c 0x400130   0.166667
58436.290055 19.766969      NaN    -5.0   15.0   c  0.0    0.79 299.61098 62.13955 10330.69  8519.87 2.85 2.50  28.3 -0.429    19.11 20.47 02a58436o0228c 0x080030  -0.333333
58436.299691 19.491430 0.299513    58.0   16.0   c  0.0    2.61 299.61098 62.13955 10346.42  8401.41 2.75 2.47  25.6 -0.457    19.19 20.54 02a58436o0249c 0x400130   3.625000
58456.229644 19.894850      NaN     4.0   12.0   c  0.0    0.81 299.61098 62.13955  1897.99  6058.19 2.46 2.38 -32.1 -0.419    19.56 21.31 02a58456o0101c 0x400130   0.333333
58456.240223 19.922338      NaN    -4.0   13.0   c  0.0    1.13 299.61098 62.13955  1878.76  6016.32 2.47 2.37 -36.0 -0.414    19.55 21.26 02a58456o0123c 0x080010  -0.307692
58456.248962 19.472870 0.276035    59.0   15.0   c  0.0    2.04 299.61098 62.13955 10486.48  6198.06 2.67 2.55  30.7 -0.451    19.58 21.31 02a58456o0141c 0x400330   3.933333
58456.250428 20.207197      NaN     0.0   10.0   c  0.0    2.03 299.61098 62.13955  1941.59  6089.60 2.45 2.34 -25.0 -0.418    19.52 21.23 02a58456o0144c 0x000000   0.000000
58456.259489 19.719755      NaN     2.0   15.0   c  0.0    1.31 299.61098 62.13955 10467.69  6157.60 2.68 2.58  35.9 -0.443    19.51 21.29 02a58456o0163c 0x000030   0.133333
58456.260873 19.922338      NaN   -23.0   13.0   c  0.0    0.69 299.61098 62.13955  1960.10  5970.27 2.50 2.44 -36.4 -0.415    19.45 21.17 02a58456o0166c 0x400110  -1.769231
58456.269477 18.158337      NaN    30.0   56.0   c  0.0    0.31 299.61098 62.13955 10521.25  6240.19 2.65 2.53  24.4 -0.450    19.54 21.26 02a58456o0184c 0x500832   0.535714
58460.238681 20.103715      NaN    -2.0   11.0   c  0.0    1.80 299.61098 62.13955 10050.41  3813.00 3.11 2.99 -47.3 -0.403    19.39 21.38 02a58460o0120c 0x400830  -0.181818
58460.239596 20.207197      NaN   -13.0   10.0   c  0.0    1.26 299.61098 62.13955   768.92  3819.81 2.62 2.58  31.9 -0.405    19.45 21.28 02a58460o0122c 0x002030  -1.300000
58460.248526 19.384550      NaN    22.0   14.0   c  0.0    1.83 299.61098 62.13955 10031.73  3765.19 3.03 2.94  49.1 -0.415    19.46 21.36 02a58460o0141c 0x400220   1.571429
58460.249441 20.009244      NaN    -9.0   12.0   c  0.0    1.38 299.61098 62.13955   787.79  3708.97 3.05 2.98  60.8 -0.400    19.26 21.24 02a58460o0143c 0x400830  -0.750000
58460.258451 19.589310 0.307284    53.0   15.0   c  0.0    3.91 299.61098 62.13955 10094.71  3848.56 3.60 3.56  47.9 -0.393    19.26 21.30 02a58460o0162c 0x400230   3.533333
58460.268676 18.990530      NaN    41.0   17.0   c  0.0    2.64 299.61098 62.13955 10112.39  3736.42 3.73 3.68  19.7 -0.398    19.17 21.23 02a58460o0183c 0x400220   2.411765
58604.626867 19.089302      NaN   -14.0   28.0   c  0.0    3.12 299.61098 62.13955  9157.98   985.26 2.99 2.38 -51.8 -0.431    18.59 19.62 02a58604o0771c 0x900002  -0.500000
58612.560141 19.950541      NaN     5.0   11.0   c  0.0    2.49 299.61098 62.13955  3814.49  8958.63 2.82 2.60  57.6 -0.386    19.56 21.40 02a58612o0702c 0x002030   0.454545
58612.562245 20.103715      NaN    -2.0   11.0   c  0.0    1.14 299.61098 62.13955  3828.11  8998.99 2.66 2.53  55.8 -0.396    19.61 21.41 02a58612o0706c 0x400830  -0.181818
58612.567089 20.009244      NaN    -8.0   12.0   c  0.0    1.35 299.61098 62.13955  3770.60  8921.76 2.71 2.56  63.6 -0.386    19.57 21.44 02a58612o0716c 0x400130  -0.666667
58612.581409 20.103715      NaN   -35.0   11.0   c  0.0    1.52 299.61098 62.13955  3745.98  9038.12 2.78 2.47  46.3 -0.382    19.63 21.49 02a58612o0745c 0x400130  -3.181818
58636.524216 19.816329 0.252497    43.0   10.0   c  0.0    3.05 299.61098 62.13955  1518.01  2460.56 2.46 2.33 -72.9 -0.423    19.70 21.60 02a58636o0626c 0x080030   4.300000
58636.528115 20.009244 0.331753    36.0   11.0   c  0.0    1.44 299.61098 62.13955  1531.65  2500.90 2.55 2.26  49.0 -0.410    19.67 21.63 02a58636o0634c 0x080030   3.272727
58636.533263 19.816329      NaN    13.0   10.0   c  0.0    2.25 299.61098 62.13955  1481.02  2420.96 2.52 2.34 -59.6 -0.423    19.71 21.67 02a58636o0645c 0x000030   1.300000
58636.545098 20.207197      NaN   -21.0   10.0   c  0.0    1.81 299.61098 62.13955  1467.93  2538.62 2.47 2.38 -69.4 -0.422    19.73 21.73 02a58636o0670c 0x001030  -2.100000
58664.492656 20.207197      NaN   -24.0   10.0   c  0.0    1.31 299.61098 62.13955  5624.53  6146.47 2.74 2.32  38.9 -0.385    19.73 21.84 02a58664o0542c 0x080030  -2.400000
58664.495440 20.207197      NaN   -11.0   10.0   c  0.0    1.16 299.61098 62.13955  5605.09  6106.44 2.68 2.30  38.0 -0.387    19.75 21.84 02a58664o0548c 0x000030  -1.100000
58664.502335 19.549093 0.236888    55.0   12.0   c  0.0    1.83 299.61098 62.13955  5658.71  6184.45 2.86 2.37  38.7 -0.379    19.72 21.88 02a58664o0563c 0x400330   4.583333
58664.513611 19.922338      NaN     6.0   11.0   c  0.0    1.01 299.61098 62.13955  5665.02  6066.63 2.76 2.31  37.3 -0.385    19.73 21.90 02a58664o0586c 0x000030   0.545455
58668.442928 20.321591      NaN   -16.0    9.0   c  0.0    2.21 299.61098 62.13955  5301.60   829.44 2.51 2.31 -73.2 -0.420    19.73 21.61 02a58668o0434c 0x002030  -1.777778
58668.446344 20.071303      NaN    10.0    8.0   c  0.0    3.54 299.61098 62.13955  5319.62   871.09 2.49 2.32 -77.5 -0.419    19.68 21.62 02a58668o0441c 0x002030   1.250000
58668.452789 17.053049 0.017831   548.0    9.0   c  0.0  193.28 299.61098 62.13955  5263.63   794.58 2.48 2.29 -76.6 -0.417    19.70 21.64 02a58668o0455c 0x500831  60.888889
58668.463330 16.967363 0.014647   593.0    8.0   c  0.0  247.05 299.61098 62.13955  5241.75   920.61 2.45 2.33  78.2 -0.411    19.72 21.68 02a58668o0477c 0x500831  74.125000
58692.352112 16.823528 0.016037   677.0   10.0   c  0.0  225.44 299.61098 62.13955  3649.70   425.66 2.56 2.21 -58.7 -0.411    19.74 21.77 02a58692o0246c 0x500231  67.700000
58692.355528 19.155932 0.151178    79.0   11.0   c  0.0    5.46 299.61098 62.13955  3667.03   464.68 2.50 2.22 -65.0 -0.415    19.73 21.76 02a58692o0253c 0x400830   7.181818
58692.503674 20.207197      NaN    -2.0   10.0   c  0.0    0.97 299.61098 62.13955  6944.33 10199.03 2.63 2.53 -58.8 -0.401    19.79 21.81 02a58692o0502c 0x002030  -0.200000
58692.510994 19.922338      NaN   -26.0   13.0   c  0.0    1.22 299.61098 62.13955  8858.72    56.40 2.51 2.17 -59.2 -0.387    19.70 21.76 02a58692o0518c 0x400830  -2.000000
58692.511452 20.207197      NaN     0.0   10.0   c  0.0    1.00 299.61098 62.13955  6957.36 10074.21 2.64 2.56  89.9 -0.397    19.76 21.81 02a58692o0519c 0x082030   0.000000
58700.498804 19.922338      NaN    12.0    9.0   c  0.0    1.05 299.61098 62.13955   546.53  2052.84 2.60 2.50  41.6 -0.397    19.63 21.68 02a58700o0511c 0x400130   1.333333
58700.502117 20.449472      NaN    -7.0    8.0   c  0.0    1.34 299.61098 62.13955   524.76  2014.55 2.64 2.54  44.3 -0.397    19.56 21.66 02a58700o0518c 0x000000  -0.875000
58700.507348 20.071303      NaN     4.0   10.0   c  0.0    0.83 299.61098 62.13955   587.06  2086.98 2.46 2.42  63.8 -0.401    19.68 21.64 02a58700o0529c 0x000030   0.400000
58700.518774 20.207197      NaN    -6.0   10.0   c  0.0    0.85 299.61098 62.13955   605.86  1966.39 2.43 2.36  72.3 -0.405    19.68 21.60 02a58700o0553c 0x000030  -0.600000
58700.553410 19.472870      NaN    29.0   10.0   c  0.0    2.37 299.61098 62.13955 10464.24  2092.89 2.70 2.36 -47.3 -0.415    19.68 21.55 02a58700o0627c 0x001030   2.900000
58700.556737 19.922338      NaN    -9.0   13.0   c  0.0    0.82 299.61098 62.13955 10442.92  2049.79 2.63 2.34 -43.8 -0.418    19.68 21.53 02a58700o0634c 0x000030  -0.692308
58700.564156 19.841877      NaN   -24.0   14.0   c  0.0    1.10 299.61098 62.13955 10503.72  2129.64 2.65 2.36 -41.7 -0.421    19.65 21.50 02a58700o0650c 0x400130  -1.714286
58700.576892 17.231368      NaN    75.0  130.0   c  0.0    0.30 299.61098 62.13955 10524.14  2011.25 2.61 2.33 -40.2 -0.421    19.69 21.47 02a58700o0677c 0x500a22   0.576923
58704.359460 19.076453      NaN    34.0   17.0   c  0.0    3.29 299.61098 62.13955   125.22  8475.98 2.64 2.35 -47.7 -0.411    19.14 20.43 02a58704o0278c 0x080030   2.000000
58704.362414 19.609992      NaN     1.0   17.0   c  0.0    2.33 299.61098 62.13955   144.28  8519.21 2.85 2.56 -47.8 -0.391    19.05 20.44 02a58704o0284c 0x400220   0.058824
58704.370521 19.454622      NaN   -66.0   20.0   c  0.0    3.87 299.61098 62.13955    84.15  8437.50 2.81 2.39 -58.8 -0.392    19.16 20.45 02a58704o0301c 0x400830  -3.300000
58704.380476 19.510313      NaN   -67.0   19.0   c  0.0    7.56 299.61098 62.13955    64.50  8553.75 3.01 2.59 -55.1 -0.399    19.06 20.47 02a58704o0322c 0x400830  -3.526316
58704.387999 19.841877      NaN   -27.0   14.0   c  0.0    1.29 299.61098 62.13955   571.87  2081.77 2.95 2.63 -60.5 -0.389    19.15 20.52 02a58704o0338c 0x001030  -1.928571
58704.390783 19.766969      NaN     9.0   12.0   c  0.0    1.36 299.61098 62.13955   553.15  2044.75 2.91 2.51 -59.5 -0.396    19.16 20.52 02a58704o0344c 0x400130   0.750000
58704.396487 19.212347      NaN    24.0   17.0   c  0.0    0.72 299.61098 62.13955   613.09  2111.78 2.71 2.44 -57.2 -0.399    19.25 20.53 02a58704o0356c 0x000030   1.411765
58704.406761 19.841877      NaN    -8.0   14.0   c  0.0    0.99 299.61098 62.13955   631.77  1994.43 2.66 2.40 -57.5 -0.403    19.23 20.56 02a58704o0378c 0x400110  -0.571429
58708.438118 18.757738      NaN   -26.0   38.0   c  0.0    0.94 299.61098 62.13955  5340.61  8186.30 2.67 2.52  41.2 -0.379    18.56 19.49 02a58708o0457c 0x900002  -0.684211
58708.441777 18.220396      NaN    64.0   41.0   c  0.0    0.79 299.61098 62.13955  5321.48  8146.61 2.63 2.49  41.7 -0.386    18.56 19.49 02a58708o0465c 0x900002   1.560976
58708.447789 18.757738      NaN    -4.0   38.0   c  0.0    0.98 299.61098 62.13955  5377.72  8223.48 2.60 2.52  30.9 -0.392    18.58 19.48 02a58708o0478c 0x900002  -0.105263
58708.457937 18.675237      NaN   -15.0   41.0   c  0.0    1.30 299.61098 62.13955  5393.69  8104.67 2.90 2.81  38.8 -0.378    18.51 19.46 02a58708o0498c 0x900002  -0.365854
58720.360095 20.039830      NaN    11.0    8.0   c  0.0    1.05 299.61098 62.13955  2440.41  3909.05 2.47 2.28  28.7 -0.407    19.80 21.80 02a58720o0301c 0x000030   1.375000
58720.363328 20.449472      NaN    -1.0    8.0   c  0.0    1.26 299.61098 62.13955  2424.35  3874.08 2.38 2.36   7.1 -0.406    19.78 21.80 02a58720o0308c 0x000030  -0.125000
58720.368871 20.039830      NaN    11.0    8.0   c  0.0    0.85 299.61098 62.13955  2482.64  3946.63 2.40 2.33  21.7 -0.408    19.75 21.80 02a58720o0320c 0x000030   1.375000
58720.380352 20.321591      NaN    -3.0    9.0   c  0.0    1.01 299.61098 62.13955  2498.91  3826.85 2.48 2.26  32.1 -0.404    19.74 21.75 02a58720o0345c 0x000030  -0.333333
58724.392541 19.674510      NaN     7.0   14.0   c  0.0    0.84 299.61098 62.13955  3480.67  9872.66 2.63 2.28 -53.6 -0.411    19.75 21.56 02a58724o0378c 0x000000   0.500000
58724.395750 20.009244      NaN    -5.0   12.0   c  0.0    1.40 299.61098 62.13955  3461.96  9833.27 2.56 2.24 -54.2 -0.414    19.80 21.69 02a58724o0385c 0x000000  -0.416667
58724.402853 20.103715      NaN   -10.0   11.0   c  0.0    0.90 299.61098 62.13955  3513.85  9909.53 2.42 2.36 -64.4 -0.401    19.75 21.67 02a58724o0400c 0x080030  -0.909091
58724.413430 20.207197      NaN    -5.0   10.0   c  0.0    1.13 299.61098 62.13955  3533.41  9787.17 2.56 2.29 -52.4 -0.409    19.77 21.62 02a58724o0423c 0x000030  -0.500000
58728.325056 19.816329      NaN     4.0   13.0   c  0.0    1.13 299.61098 62.13955  3504.92  9881.60 2.83 2.36 -54.2 -0.399    19.79 21.89 02a58728o0218c 0x400130   0.307692
58728.328259 19.271854      NaN    29.0   14.0   c  0.0    0.76 299.61098 62.13955  3486.48  9845.91 2.83 2.33 -53.5 -0.403    19.82 21.89 02a58728o0225c 0x002030   2.071429
58728.334683 20.009244      NaN     3.0   11.0   c  0.0    1.30 299.61098 62.13955  3537.52  9918.51 2.75 2.34 -55.3 -0.401    19.81 21.86 02a58728o0239c 0x400130   0.272727
58728.344766 20.207197      NaN    -4.0   10.0   c  0.0    0.90 299.61098 62.13955  3553.94  9799.96 2.81 2.28 -53.4 -0.406    19.77 21.82 02a58728o0261c 0x002000  -0.400000
58752.325547 20.321591      NaN   -18.0    9.0   c  0.0    1.15 299.61098 62.13955  7512.00  6094.26 2.44 2.30  41.1 -0.393    19.78 21.59 02a58752o0227c 0x000030  -2.000000
58752.328769 19.549093      NaN    22.0   11.0   c  0.0    1.02 299.61098 62.13955  7490.19  6051.50 2.57 2.24  40.0 -0.385    19.74 21.61 02a58752o0234c 0x080030   2.000000
58752.334414 20.009244      NaN    12.0    8.0   c  0.0    1.97 299.61098 62.13955  7548.89  6133.61 2.48 2.30  47.0 -0.393    19.76 21.64 02a58752o0246c 0x000030   1.500000
58752.345178 20.282105      NaN     1.0    9.0   c  0.0    1.21 299.61098 62.13955  7559.05  6017.74 2.92 2.29  38.3 -0.369    19.72 21.63 02a58752o0269c 0x000030   0.111111
58756.356932 16.768800 0.015249   712.0   10.0   c  0.0  184.00 299.61098 62.13955  3676.47  6259.29 2.81 2.69  42.7 -0.370    19.47 21.43 02a58756o0345c 0x500931  71.200000
58756.360175 20.009244 0.331753    36.0   11.0   c  0.0    1.37 299.61098 62.13955  3656.52  6220.21 2.81 2.69  35.2 -0.371    19.48 21.41 02a58756o0352c 0x400930   3.272727
58756.366239 19.766969      NaN     9.0   12.0   c  0.0    0.95 299.61098 62.13955  3713.20  6300.52 2.76 2.68  58.4 -0.387    19.43 21.35 02a58756o0365c 0x002030   0.750000
58756.376355 18.311179      NaN    64.0   36.0   c  0.0    0.87 299.61098 62.13955  3730.54  6179.86 3.00 2.94 -65.2 -0.366    18.33 20.16 02a58756o0387c 0x500832   1.777778
58780.310193 20.009244      NaN     6.0   10.0   c  0.0    1.23 299.61098 62.13955  8835.57  1591.82 2.38 2.21 -64.4 -0.407    19.65 21.29 02a58780o0270c 0x400130   0.600000
58780.313955 20.207197      NaN   -12.0   10.0   c  0.0    1.08 299.61098 62.13955  8814.61  1551.04 2.36 2.19 -62.1 -0.409    19.64 21.28 02a58780o0278c 0x082030  -1.200000
58780.320553 20.009244      NaN    -4.0   12.0   c  0.0    1.01 299.61098 62.13955  8880.17  1630.67 2.52 2.18 -60.1 -0.411    19.62 21.27 02a58780o0292c 0x082030  -0.333333
58780.330668 20.009244      NaN   -17.0   12.0   c  0.0    1.24 299.61098 62.13955  8898.25  1508.97 2.44 2.26 -63.8 -0.406    19.59 21.24 02a58780o0314c 0x400130  -1.416667
58784.256457 20.009244      NaN    -2.0   12.0   c  0.0    1.14 299.61098 62.13955  8854.94  1592.34 3.07 2.77 -53.6 -0.401    19.46 21.24 02a58784o0107c 0x080030  -0.166667
58784.285299 19.922338      NaN    -5.0   13.0   c  0.0    0.90 299.61098 62.13955  8828.73  1549.47 2.47 2.21 -53.1 -0.416    19.59 21.13 02a58784o0116c 0x000030  -0.384615
58784.288346 19.922338      NaN    -4.0   13.0   c  0.0    0.66 299.61098 62.13955  8889.95  1631.07 2.45 2.22 -54.1 -0.413    19.60 21.16 02a58784o0122c 0x000030  -0.307692
58784.293572 20.103715      NaN     3.0   10.0   c  0.0    1.28 299.61098 62.13955  8910.20  1513.50 2.53 2.29 -54.8 -0.411    19.57 21.16 02a58784o0133c 0x000030   0.300000
58804.311511 20.009244      NaN   -11.0   12.0   c  0.0    0.58 299.61098 62.13955  6397.07  3634.82 2.71 2.47  30.6 -0.369    19.40 21.07 02a58804o0285c 0x000030  -0.916667
58804.314835 16.237919 0.011222  1161.0   12.0   c  0.0  394.70 299.61098 62.13955  6377.78  3603.21 2.77 2.51  33.7 -0.371    19.36 20.99 02a58804o0292c 0x500831  96.750000
58804.318145 20.009244      NaN   -20.0   12.0   c  0.0    1.46 299.61098 62.13955  6437.84  3682.40 2.70 2.44  33.3 -0.385    19.32 20.89 02a58804o0299c 0x000030  -1.666667
58804.320964 19.491430      NaN    13.0   15.0   c  0.0    0.66 299.61098 62.13955  6457.90  3566.35 2.66 2.44  31.7 -0.376    19.29 20.77 02a58804o0305c 0x000030   0.866667
58808.191305 19.115465      NaN     4.0   26.0   c  0.0    0.58 299.61098 62.13955  6418.89  3643.11 2.39 2.34 -58.6 -0.385    18.70 19.69 02a58808o0035c 0x080030   0.153846
58808.195325 19.569016      NaN    12.0   14.0   c  0.0    0.91 299.61098 62.13955  6395.91  3600.44 2.38 2.35 -89.7 -0.384    19.25 20.50 02a58808o0043c 0x000030   0.857143
58808.200834 20.103715      NaN    -8.0   11.0   c  0.0    1.56 299.61098 62.13955  6455.35  3677.67 2.49 2.47 -79.2 -0.380    19.47 21.08 02a58808o0055c 0x080030  -0.727273
58808.211972 20.207197      NaN    -7.0   10.0   c  0.0    1.47 299.61098 62.13955  6470.91  3559.86 2.55 2.51  87.4 -0.380    19.53 21.28 02a58808o0078c 0x400830  -0.700000
58964.582640 19.631075      NaN   -49.0   17.0   c  0.0   11.18 299.61098 62.13955  5897.87  8873.18 2.84 2.75 -83.1 -0.387    19.33 21.14 02a58964o0753c 0xd00931  -2.882353
58964.587138 16.665596 0.018026   783.0   13.0   c  0.0  177.67 299.61098 62.13955  5913.82  8912.25 3.23 2.82  47.3 -0.350    19.22 21.18 02a58964o0762c 0xd00831  60.230769
58964.592691 20.009244      NaN   -80.0   12.0   c  0.0   14.12 299.61098 62.13955  5859.83  8832.03 2.83 2.78 -85.8 -0.385    19.47 21.42 02a58964o0774c 0xd00831  -6.666667
58964.608645 19.922338      NaN   -58.0   13.0   c  0.0   32.67 299.61098 62.13955  5842.10  8950.66 2.87 2.79  63.6 -0.381    19.49 21.41 02a58964o0808c 0xd00111  -4.461538
58968.539965 20.009244      NaN   -30.0   12.0   c  0.0    9.69 299.61098 62.13955  5897.07  8874.88 2.85 2.52  44.4 -0.382    19.53 21.33 02a58968o0655c 0xc00830  -2.500000
58968.543174 20.009244      NaN   -78.0   12.0   c  0.0   27.54 299.61098 62.13955  5917.64  8913.22 2.86 2.52  44.8 -0.380    19.54 21.35 02a58968o0662c 0x900031  -6.500000
58968.550548 16.712347 0.015924   750.0   11.0   c  0.0  219.54 299.61098 62.13955  5853.81  8835.16 2.82 2.49  47.4 -0.382    19.54 21.38 02a58968o0678c 0xd00831  68.181818
58968.563426 20.009244      NaN   -47.0   12.0   c  0.0   10.09 299.61098 62.13955  5833.02  8951.91 2.81 2.44  45.9 -0.383    19.53 21.33 02a58968o0706c 0xd00211  -3.916667
58988.551449 20.207197      NaN    -8.0   10.0   c  0.0    3.92 299.61098 62.13955  3391.60  2460.99 2.45 2.35  81.6 -0.395    19.68 21.47 02a58988o0686c 0x082010  -0.800000
58988.553734 20.009244      NaN   -20.0   12.0   c  0.0    5.17 299.61098 62.13955  3410.39  2501.09 2.52 2.41  71.0 -0.393    19.64 21.50 02a58988o0691c 0x082030  -1.666667
58988.559253 16.026182 0.009234  1411.0   12.0   c  0.0  702.38 299.61098 62.13955  3354.10  2423.66 2.49 2.37  74.8 -0.393    19.67 21.53 02a58988o0703c 0x500831 117.583333
58988.570726 20.009244      NaN   -68.0   12.0   c  0.0    5.00 299.61098 62.13955  3336.55  2540.28 2.63 2.32  50.2 -0.392    19.62 21.57 02a58988o0728c 0x400830  -5.666667
58992.522901 20.207197      NaN   -26.0   10.0   c  0.0   10.71 299.61098 62.13955  3382.93  2462.05 2.50 2.43 -77.4 -0.395    19.64 21.52 02a58992o0622c 0x500831  -2.600000
58992.526148 20.207197      NaN   -14.0   10.0   c  0.0    7.29 299.61098 62.13955  3401.26  2501.17 2.54 2.41 -73.9 -0.395    19.60 21.52 02a58992o0629c 0x002030  -1.400000
58992.533889 20.207197      NaN   -36.0   10.0   c  0.0    7.27 299.61098 62.13955  3344.13  2424.40 2.53 2.40  73.6 -0.397    19.64 21.53 02a58992o0645c 0x400130  -3.600000
58992.540843 20.103715      NaN   -67.0   11.0   c  0.0    4.67 299.61098 62.13955  3327.55  2540.14 2.51 2.42  86.6 -0.395    19.65 21.53 02a58992o0660c 0x082030  -6.090909
59000.541861 19.841877      NaN     9.0   11.0   c  0.0   19.41 299.61098 62.13955  6182.64  6838.97 3.02 2.33  41.5 -0.382    19.70 21.80 02a59000o0634c 0x500931   0.818182
59000.544174 19.401649 0.137871    63.0    8.0   c  0.0   10.97 299.61098 62.13955  6207.21  6874.85 2.52 2.40  50.4 -0.412    19.74 21.80 02a59000o0639c 0x500931   7.875000
59000.547375 20.103715      NaN    -8.0   11.0   c  0.0    4.35 299.61098 62.13955  6148.21  6798.98 2.57 2.36  41.7 -0.409    19.77 21.79 02a59000o0646c 0x082030  -0.727273
59000.560619 20.009244      NaN    -6.0   12.0   c  0.0    4.33 299.61098 62.13955  6129.28  6919.53 2.76 2.32  41.6 -0.402    19.74 21.77 02a59000o0674c 0x002030  -0.500000
59020.490271 20.207197      NaN   -28.0   10.0   c  0.0    9.81 299.61098 62.13955  1175.15  4484.45 2.50 2.40  64.0 -0.414    19.65 21.57 02a59020o0477c 0x400130  -2.800000
59020.493050 19.766969      NaN    -6.0   15.0   c  0.0    4.73 299.61098 62.13955  1193.46  4524.57 2.53 2.45  61.8 -0.413    19.50 21.43 02a59020o0483c 0x000030  -0.400000
59020.496265 16.879473 0.015197   643.0    9.0   c  0.0  261.68 299.61098 62.13955  1135.47  4443.74 2.47 2.41  55.3 -0.416    19.65 21.54 02a59020o0490c 0x500a31  71.444444
59020.507448 19.696897      NaN     3.0   15.0   c  0.0    0.75 299.61098 62.13955    83.03  6194.22 2.61 2.49 -41.7 -0.354    19.62 21.60 02a59020o0514c 0x000030   0.200000
59020.511136 19.631075      NaN    12.0   13.0   c  0.0    0.88 299.61098 62.13955    62.35  6153.46 2.45 2.31 -40.2 -0.347    19.69 21.63 02a59020o0522c 0x000030   0.923077
59020.517093 20.137125      NaN     5.0    9.0   c  0.0    1.58 299.61098 62.13955   116.59  6220.99 2.50 2.34 -36.7 -0.359    19.71 21.67 02a59020o0535c 0x400830   0.555556
59020.519406 20.009244      NaN   -38.0   12.0   c  0.0    1.70 299.61098 62.13955  9468.99  6010.50 2.96 2.54  32.7 -0.373    19.67 21.63 02a59020o0540c 0x400210  -3.166667
59020.551948 20.103715      NaN   -17.0   11.0   c  0.0    0.96 299.61098 62.13955   131.47  6100.58 2.42 2.27  -2.9 -0.357    19.65 21.59 02a59020o0610c 0x000030  -1.545455
59028.486076 20.207197      NaN   -39.0   10.0   c  0.0    8.63 299.61098 62.13955    60.26   387.89 2.70 2.21 -57.9 -0.432    19.74 21.82 02a59028o0521c 0x400830  -3.900000
59028.487906 19.922338      NaN   -60.0   13.0   c  0.0    6.56 299.61098 62.13955    78.68   430.93 2.65 2.20 -58.5 -0.437    19.74 21.82 02a59028o0525c 0x400130  -4.615385
59028.512753 20.321591      NaN   -11.0    9.0   c  0.0    1.13 299.61098 62.13955  1652.24 10067.52 2.32 2.26 -35.9 -0.453    19.75 21.90 02a59028o0579c 0x082030  -1.222222
59028.516417 20.103715      NaN    -3.0   11.0   c  0.0    1.00 299.61098 62.13955  1633.78 10028.07 2.30 2.15 -42.9 -0.455    19.77 21.91 02a59028o0587c 0x400130  -0.272727
59028.523733 20.009244      NaN   -16.0   12.0   c  0.0    0.57 299.61098 62.13955  1691.27 10103.17 2.56 2.04 -50.9 -0.460    19.76 21.91 02a59028o0603c 0x400830  -1.333333
59028.558971 20.103715      NaN   -31.0   11.0   c  0.0    1.54 299.61098 62.13955  1700.29  9977.63 2.30 2.29  39.2 -0.454    19.74 21.93 02a59028o0679c 0x400a30  -2.818182
59048.390375 20.103715      NaN   -12.0   11.0   c  0.0    4.84 299.61098 62.13955  8759.29  2563.11 2.57 2.40 -67.7 -0.394    19.74 21.99 02a59048o0320c 0x002030  -1.090909
59048.393575 20.449472      NaN   -34.0    8.0   c  0.0    9.73 299.61098 62.13955  8779.64  2601.39 2.54 2.39 -76.6 -0.389    19.75 22.00 02a59048o0327c 0x400230  -4.250000
59048.397737 20.207197      NaN   -22.0   10.0   c  0.0    2.29 299.61098 62.13955  8725.43  2527.34 2.59 2.40 -70.2 -0.393    19.73 22.01 02a59048o0336c 0x002030  -2.200000
59048.427716 20.594452      NaN   -56.0    7.0   c  0.0   11.53 299.61098 62.13955  8711.52  2649.47 2.58 2.45 -75.2 -0.388    19.73 22.02 02a59048o0400c 0x500831  -8.000000
59076.407634 20.009244      NaN   -21.0   12.0   c  0.0    0.76 299.61098 62.13955  2008.46  5966.50 2.38 2.26  15.9 -0.401    19.70 21.64 02a59076o0341c 0x082010  -1.750000
59076.410857 19.454622      NaN    -7.0   20.0   c  0.0    0.61 299.61098 62.13955  1989.37  5928.17 2.39 2.27  18.7 -0.397    18.88 20.78 02a59076o0348c 0x400130  -0.350000
59076.416894 20.207197      NaN    -9.0   10.0   c  0.0    1.13 299.61098 62.13955  2044.20  5995.88 2.46 2.26  24.5 -0.395    19.69 21.63 02a59076o0361c 0x400130  -0.900000
59076.427485 19.841877      NaN   -25.0   14.0   c  0.0    0.78 299.61098 62.13955  2063.44  5875.23 2.63 2.53  36.4 -0.392    19.59 21.62 02a59076o0384c 0x002010  -1.785714
59080.356854 20.321591      NaN   -10.0    9.0   c  0.0    0.86 299.61098 62.13955  2013.42  5969.19 2.35 2.33  17.4 -0.400    19.73 21.83 02a59080o0279c 0x400830  -1.111111
59080.360069 20.207197      NaN   -20.0   10.0   c  0.0    1.56 299.61098 62.13955  1989.10  5925.47 2.71 2.33  28.8 -0.382    19.67 21.83 02a59080o0286c 0x002030  -2.000000
59080.365562 20.321591      NaN   -21.0    9.0   c  0.0    1.09 299.61098 62.13955  2049.60  6001.41 2.40 2.28  26.1 -0.399    19.72 21.80 02a59080o0298c 0x082030  -2.333333
59080.377954 20.207197      NaN     3.0    9.0   c  0.0    2.26 299.61098 62.13955  2067.59  5882.68 2.37 2.33   2.7 -0.402    19.74 21.80 02a59080o0325c 0x400130   0.333333
59084.387914 20.009244      NaN    -8.0   12.0   c  0.0    0.62 299.61098 62.13955   780.60  3618.18 2.39 2.26 -53.3 -0.410    19.77 21.77 02a59084o0344c 0x000030  -0.666667
59084.391113 20.449472      NaN   -10.0    8.0   c  0.0    1.49 299.61098 62.13955   757.87  3575.90 2.46 2.31  20.1 -0.399    19.70 21.76 02a59084o0351c 0x400830  -1.250000
59084.397568 20.071303      NaN     4.0   10.0   c  0.0    1.15 299.61098 62.13955   821.16  3651.05 2.45 2.40  19.5 -0.400    19.68 21.71 02a59084o0365c 0x080030   0.400000
59084.408569 20.103715      NaN   -16.0   11.0   c  0.0    0.78 299.61098 62.13955   840.73  3529.40 2.47 2.39 -42.9 -0.394    19.67 21.67 02a59084o0389c 0x400830  -1.454545
59084.410408 20.321591      NaN   -15.0    9.0   c  0.0    1.32 299.61098 62.13955 10387.74  3650.12 2.57 2.49  14.0 -0.408    19.64 21.65 02a59084o0393c 0x400130  -1.666667
59084.413608 20.207197      NaN   -35.0   10.0   c  0.0    2.22 299.61098 62.13955 10368.27  3613.22 2.63 2.44 -61.6 -0.403    19.68 21.66 02a59084o0400c 0x400a30  -3.500000
59084.420963 20.207197      NaN   -15.0   10.0   c  0.0    1.17 299.61098 62.13955 10427.71  3696.04 2.58 2.49 -56.9 -0.407    19.66 21.66 02a59084o0416c 0x000030  -1.500000
59084.432864 20.207197      NaN    -5.0   10.0   c  0.0    2.65 299.61098 62.13955 10448.06  3579.34 2.51 2.39 -50.6 -0.413    19.70 21.65 02a59084o0442c 0x400830  -0.500000
59104.365139 20.321591      NaN   -16.0    9.0   c  0.0    1.03 299.61098 62.13955   535.82  2066.33 2.50 2.37 -58.7 -0.403    19.67 21.72 02a59104o0330c 0x000030  -1.777778
59104.370653 20.207197      NaN   -18.0   10.0   c  0.0    1.06 299.61098 62.13955   515.44  2028.70 2.54 2.30 -55.9 -0.407    19.73 21.71 02a59104o0342c 0x000030  -1.800000
59104.383124 20.207197      NaN    -6.0   10.0   c  0.0    0.86 299.61098 62.13955   576.64  2096.57 2.53 2.28 -57.4 -0.406    19.70 21.68 02a59104o0369c 0x000030  -0.600000
59104.384043 20.039830      NaN     2.0   11.0   c  0.0    1.31 299.61098 62.13955 10453.28  2091.32 2.53 2.24 -54.0 -0.425    19.66 21.68 02a59104o0371c 0x000030   0.181818
59104.387291 19.922338      NaN     6.0   11.0   c  0.0    0.96 299.61098 62.13955 10434.61  2055.34 2.64 2.29 -60.2 -0.421    19.64 21.67 02a59104o0378c 0x000030   0.545455
59104.388207 20.321591      NaN   -22.0    9.0   c  0.0    1.46 299.61098 62.13955   597.54  1979.40 2.51 2.34 -64.3 -0.403    19.68 21.67 02a59104o0380c 0x400110  -2.444444
59104.393745 19.841877      NaN   -31.0   14.0   c  0.0    1.64 299.61098 62.13955 10493.61  2133.35 2.74 2.45 -63.0 -0.410    19.53 21.65 02a59104o0392c 0x080030  -2.214286
59104.403989 19.529530      NaN     2.0   18.0   c  0.0    1.04 299.61098 62.13955 10513.05  2019.56 2.52 2.23 -55.9 -0.424    19.68 21.62 02a59104o0414c 0x400830   0.111111
59108.363261 19.454622      NaN    27.0   11.0   c  0.0    1.57 299.61098 62.13955  5316.72  8177.79 2.53 2.30 -54.5 -0.418    19.70 21.71 02a59108o0311c 0x400230   2.454545
59108.366465 19.922338      NaN    12.0    9.0   c  0.0    1.99 299.61098 62.13955  5297.95  8138.11 2.53 2.28 -55.3 -0.414    19.72 21.72 02a59108o0318c 0x002030   1.333333
59108.372046 20.071303 0.287401    34.0    9.0   c  0.0    3.11 299.61098 62.13955  5351.93  8211.73 2.51 2.43  45.0 -0.397    19.69 21.71 02a59108o0330c 0x400230   3.777778
59108.382624 19.791368      NaN     8.0   12.0   c  0.0    0.91 299.61098 62.13955  5369.34  8097.17 2.60 2.40 -55.9 -0.410    19.65 21.69 02a59108o0353c 0x002030   0.666667
59132.296622 20.009244      NaN   -16.0   12.0   c  0.0    0.73 299.61098 62.13955  8385.58  3615.02 2.50 2.41 -75.3 -0.388    19.68 21.53 02a59132o0218c 0x400830  -1.333333
59132.300777 20.207197      NaN   -17.0   10.0   c  0.0    2.93 299.61098 62.13955  8369.32  3577.28 2.54 2.49  88.3 -0.390    19.65 21.52 02a59132o0227c 0x080030  -1.700000
59132.310896 19.766969      NaN    12.0   11.0   c  0.0    2.11 299.61098 62.13955  8431.23  3657.59 2.53 2.43 -66.1 -0.391    19.67 21.52 02a59132o0249c 0x000030   1.090909
59132.318267 20.207197      NaN   -24.0   10.0   c  0.0    1.25 299.61098 62.13955  8453.68  3540.57 2.52 2.45 -61.2 -0.388    19.63 21.50 02a59132o0265c 0x000030  -2.400000
59136.289516 17.613631      NaN   -84.0  109.0   c  0.0    0.79 299.61098 62.13955  8385.44  3619.77 2.51 2.41 -79.4 -0.382    16.80 18.20 02a59136o0271c 0x500812  -0.770642
59136.292798 19.922338      NaN    -5.0   13.0   c  0.0    1.19 299.61098 62.13955  8365.39  3580.16 2.46 2.28 -68.6 -0.391    19.54 21.24 02a59136o0278c 0x400830  -0.384615
59136.298366 19.454622      NaN   -66.0   20.0   c  0.0    1.46 299.61098 62.13955  8424.21  3658.75 2.52 2.41 -77.1 -0.383    18.82 20.41 02a59136o0290c 0x400210  -3.300000
59136.308500 20.071303      NaN     1.0   11.0   c  0.0    1.09 299.61098 62.13955  8445.14  3541.41 2.47 2.32 -70.2 -0.389    19.66 21.40 02a59136o0312c 0x082030   0.090909
59140.305990 14.810035      NaN   737.0 1196.0   c  0.0    1.33 299.61098 62.13955  8707.25 10148.30 2.89 2.78 -63.4 -0.470    15.11 16.46 02a59140o0250c 0x900002   0.616221
59140.309191 13.515920      NaN   960.0 4428.0   c  0.0    0.80 299.61098 62.13955  8688.39 10106.74 3.06 2.77 -62.0 -0.481    14.54 15.91 02a59140o0257c 0x900002   0.216802
59140.315611 15.048863      NaN -1168.0 1157.0   c  0.0    3.14 299.61098 62.13955  8742.48 10187.74 2.75 2.63 -69.6 -0.475    14.78 16.02 02a59140o0271c 0xd00812  -1.009507
59160.206689 15.124643      NaN   939.0  766.0   c  0.0    1.20 299.61098 62.13955  3682.95  6273.41 2.64 2.34  35.3 -0.378    15.89 17.29 02a59160o0051c 0x900002   1.225849
59160.209897 17.176728      NaN   -72.0  163.0   c  0.0    0.74 299.61098 62.13955  3663.42  6234.03 2.57 2.34  33.1 -0.375    16.89 18.15 02a59160o0058c 0x900002  -0.441718
59160.219995 14.199396      NaN -2530.0 2530.0   c  0.0    0.89 299.61098 62.13955  3716.55  6304.93 2.77 2.39  33.5 -0.376    13.49 14.66 02a59160o0080c 0x900002  -1.000000
59160.226418 15.516652      NaN  -872.0  752.0   c  0.0    1.25 299.61098 62.13955  3736.42  6186.43 2.67 2.34  35.2 -0.380    15.46 16.67 02a59160o0094c 0x900002  -1.159574
59194.197338 19.302877      NaN   -18.0   23.0   c  0.0    1.03 299.61098 62.13955   140.31  8540.83 2.20 2.15 -51.3 -0.381    19.17 21.83 01a59194o0032c 0x000000  -0.782609
59194.197797 19.631075      NaN   -31.0   17.0   c  0.0    0.92 299.61098 62.13955 10042.55  8408.53 2.45 2.36  80.8 -0.330    19.13 21.80 01a59194o0033c 0x400110  -1.823529
59194.201024 19.719755      NaN     8.0   13.0   c  0.0    2.89 299.61098 62.13955 10062.74  8444.61 2.58 2.39  89.1 -0.334    19.39 22.28 01a59194o0040c 0x000030   0.615385
59194.201484 19.922338      NaN    -8.0   13.0   c  0.0    1.92 299.61098 62.13955   161.95  8579.81 2.31 2.10 -66.0 -0.396    19.54 22.40 01a59194o0041c 0x080030  -0.615385
59194.206555 19.816329 0.302996    43.0   12.0   c  0.0    2.89 299.61098 62.13955  9998.24  8375.67 2.54 2.44  33.9 -0.330    19.56 22.66 01a59194o0052c 0x400330   3.583333
59194.207015 15.350937 0.007023  2628.0   17.0   c  0.0 1643.69 299.61098 62.13955    97.53  8496.67 2.41 2.15 -65.1 -0.389    19.65 22.71 01a59194o0053c 0x500831 154.588235
59194.221773 16.452268 0.011393   953.0   10.0   c  0.0  354.96 299.61098 62.13955  9974.07  8500.55 2.65 2.49   1.3 -0.332    19.56 22.76 01a59194o0085c 0x500831  95.300000
59194.222233 15.826435      NaN   127.0  523.0   c  0.0    0.03 299.61098 62.13955    77.25  8608.95 2.34 2.22 -54.6 -0.387    19.64 22.80 01a59194o0086c 0x100002   0.242830
59262.619490 19.589310      NaN     8.0   15.0   c  0.0    1.09 299.61098 62.13955  4718.43  1682.91 2.97 2.85 -12.1 -0.363    19.16 21.24 01a59262o0878c 0x082010   0.533333
59262.629352 19.841877      NaN   -41.0   14.0   c  0.0    2.50 299.61098 62.13955  4693.10  1642.71 2.90 2.77 -14.2 -0.407    19.18 21.14 01a59262o0899c 0x400830  -2.928571
59262.640237 19.922338      NaN   -38.0   13.0   c  0.0    1.31 299.61098 62.13955  4750.64  1727.65 2.74 2.67 -31.6 -0.357    19.30 21.28 01a59262o0922c 0x400930  -2.923077
59262.647199 19.841877      NaN   -42.0   14.0   c  0.0    1.82 299.61098 62.13955  4770.41  1604.63 3.03 2.95 -27.2 -0.343    19.10 21.16 01a59262o0937c 0x400330  -3.000000
59292.593758 16.767276 0.019796   713.0   13.0   c  0.0   93.93 299.61098 62.13955  3645.45   429.75 3.05 2.89 -70.5 -0.382    19.32 21.45 02a59292o0802c 0x100031  54.846154
59292.596993 19.287255      NaN    22.0   16.0   c  0.0    2.23 299.61098 62.13955  3662.82   467.31 3.07 2.90 -66.1 -0.385    19.32 21.46 02a59292o0809c 0x400330   1.375000
59292.603030 19.631075      NaN     9.0   14.0   c  0.0    2.61 299.61098 62.13955  3606.52   385.45 2.99 2.86 -84.5 -0.384    19.32 21.48 02a59292o0822c 0x082030   0.642857
59292.616349 19.256669      NaN    33.0   13.0   c  0.0    1.67 299.61098 62.13955  3590.19   501.22 3.06 2.94 -84.7 -0.381    19.33 21.51 02a59292o0850c 0x400330   2.538462
59322.539999 19.922338      NaN   -40.0   13.0   c  0.0    1.63 299.61098 62.13955  1678.89 10049.97 2.61 2.38 -51.5 -0.399    18.86 20.57 01a59322o0668c 0x400830  -3.076923
59322.544147 19.212347      NaN   -23.0   25.0   c  0.0    0.70 299.61098 62.13955  1665.24 10012.40 2.58 2.32 -57.7 -0.400    18.90 20.61 01a59322o0677c 0x080010  -0.920000
59322.551061 19.766969      NaN    -3.0   15.0   c  0.0    0.54 299.61098 62.13955  1720.86 10088.20 2.52 2.25 -57.2 -0.411    19.47 21.20 01a59322o0692c 0x000030  -0.200000
59322.556132       NaN      NaN     NaN    NaN NaN  NaN     NaN       NaN      NaN      NaN      NaN  NaN  NaN   NaN    NaN      NaN   NaN            NaN 0x400820        NaN
59322.559361 18.702047      NaN    51.0   23.0   c  0.0    1.21 299.61098 62.13955 10518.79 10129.30 2.81 2.49  55.0 -0.375    18.96 20.63 01a59322o0710c 0x400930   2.217391
59322.561216 19.491430      NaN     7.0   17.0   c  0.0    1.03 299.61098 62.13955  1743.12  9972.39 2.59 2.36 -59.1 -0.398    19.21 20.93 01a59322o0714c 0x080010   0.411765
59326.592173 20.207197      NaN   -12.0   10.0   c  0.0    0.93 299.61098 62.13955  1702.18 10060.31 2.42 2.14 -63.1 -0.407    19.71 21.42 01a59326o0590c 0x400430  -1.200000
59326.595901 20.321591      NaN    -1.0    9.0   c  0.0    1.69 299.61098 62.13955  1684.82 10025.67 2.41 2.19 -66.3 -0.398    19.69 21.43 01a59326o0598c 0x002030  -0.111111
59326.613098 20.207197      NaN    -4.0   10.0   c  0.0    1.14 299.61098 62.13955  1742.39 10101.88 2.45 2.29 -58.1 -0.394    19.74 21.46 01a59326o0635c 0x400110  -0.400000
59326.623392 20.207197      NaN    -3.0   10.0   c  0.0    1.07 299.61098 62.13955  1761.35  9984.15 2.43 2.23 -74.2 -0.396    19.56 20.94 01a59326o0657c 0x082030  -0.300000
59344.540865 19.089302 0.168031    84.0   13.0   c  0.0    3.09 299.61098 62.13955  1855.93   438.76 2.58 2.30 -64.3 -0.411    19.57 21.46 02a59344o0643c 0x400130   6.461538
59344.544072 16.421935 0.012187   980.0   11.0   c  0.0  374.56 299.61098 62.13955  1874.33   478.69 2.48 2.28 -70.2 -0.413    19.63 21.46 02a59344o0650c 0x100031  89.090909
59344.549603 19.241693 0.178477    73.0   12.0   c  0.0   12.09 299.61098 62.13955  1819.14   395.25 2.67 2.35 -62.4 -0.402    19.58 21.43 02a59344o0662c 0x500931   6.083333
59344.562124 20.103715      NaN     0.0   11.0   c  0.0    1.74 299.61098 62.13955  1802.00   511.34 2.64 2.35 -62.3 -0.413    19.63 21.45 02a59344o0689c 0x082030   0.000000
59356.558332 18.073966 0.050735   214.0   10.0   c  0.0   27.75 299.61098 62.13955  6923.86  4299.98 2.56 2.32  49.7 -0.393    19.65 21.54 02a59356o0669c 0x100031  21.400000
59356.560161 16.469493 0.010418   938.0    9.0   c  0.0  482.49 299.61098 62.13955  6941.41  4340.70 2.53 2.31  50.3 -0.396    19.64 21.54 02a59356o0673c 0x500131 104.222222
59356.562907 18.208845 0.063191   189.0   11.0   c  0.0   15.27 299.61098 62.13955  6886.28  4263.67 2.53 2.32  52.7 -0.396    19.67 21.56 02a59356o0679c 0x500131  17.181818
59356.568400 20.009244      NaN   -11.0   12.0   c  0.0    1.74 299.61098 62.13955  6868.17  4381.23 2.58 2.33  47.8 -0.393    19.67 21.58 02a59356o0691c 0x002030  -0.916667
59374.492450 20.449472      NaN    -3.0    8.0   c  0.0    1.06 299.61098 62.13955  2010.99  5960.96 2.51 2.28 -81.4 -0.397    19.83 21.71 01a59374o0545c 0x002030  -0.375000
59374.495229 20.207197      NaN     3.0    9.0   c  0.0    2.09 299.61098 62.13955  1992.56  5922.60 2.55 2.32 -81.5 -0.397    19.83 21.72 01a59374o0551c 0x002030   0.333333
59374.513241 20.137125      NaN     8.0    8.0   c  0.0    1.34 299.61098 62.13955  2052.00  6000.05 2.37 2.30 -51.0 -0.384    19.84 21.77 01a59374o0589c 0x400130   1.000000
59374.516003 20.449472      NaN   -12.0    8.0   c  0.0    1.35 299.61098 62.13955  2069.86  5882.37 2.41 2.29 -75.5 -0.388    19.87 21.81 01a59374o0595c 0x400130  -1.500000
59378.485244 20.321591      NaN   -10.0    9.0   c  0.0    1.02 299.61098 62.13955   774.79  3632.01 2.23 2.15  79.6 -0.392    19.94 21.87 01a59378o0528c 0x000000  -1.111111
59378.488010 20.321591      NaN     0.0    9.0   c  0.0    0.69 299.61098 62.13955   753.65  3594.84 2.21 2.13  69.0 -0.389    19.94 21.86 01a59378o0534c 0x000030   0.000000
59378.491798 19.979496      NaN     7.0   10.0   c  0.0    0.94 299.61098 62.13955   815.65  3667.88 2.26 2.20  69.9 -0.388    19.94 21.85 01a59378o0542c 0x400830   0.700000
59378.496892 20.321591      NaN    -7.0    9.0   c  0.0    1.06 299.61098 62.13955   831.98  3553.02 2.27 2.14  80.0 -0.390    19.90 21.83 01a59378o0553c 0x000030  -0.777778
59378.504770 19.510313      NaN    24.0   11.0   c  0.0    1.46 299.61098 62.13955 10376.28  3605.99 2.70 2.54 -79.8 -0.360    19.86 21.74 01a59378o0570c 0x400a30   2.181818
59378.506613 20.009244      NaN    -2.0   12.0   c  0.0    3.26 299.61098 62.13955 10355.55  3565.22 2.68 2.50 -76.9 -0.366    19.88 21.74 01a59378o0574c 0x080030  -0.166667
59378.516662 19.367717      NaN    32.0   11.0   c  0.0    1.78 299.61098 62.13955 10414.78  3645.85 2.77 2.53 -72.9 -0.364    19.85 21.75 01a59378o0595c 0x400b30   2.909091
59378.521349 19.318728 0.175634    68.0   11.0   c  0.0    2.72 299.61098 62.13955 10435.25  3530.43 2.76 2.55 -64.5 -0.352    19.83 21.73 01a59378o0605c 0x400a30   6.181818
59382.544160 20.321591 0.361912    27.0    9.0   c  0.0    2.22 299.61098 62.13955  9790.10  6887.04 2.54 2.43  52.7 -0.372    19.92 21.79 01a59382o0469c 0x881030   3.000000
59382.547389 20.207197      NaN    -3.0   10.0   c  0.0    1.87 299.61098 62.13955  9809.96  6921.36 2.63 2.43  79.2 -0.379    19.90 21.81 01a59382o0476c 0x800030  -0.300000
59382.552932 20.207197      NaN   -11.0   10.0   c  0.0    1.30 299.61098 62.13955  9748.49  6849.33 2.59 2.39  77.4 -0.384    19.94 21.82 01a59382o0488c 0x880010  -1.100000
59382.558007 20.207197      NaN    -9.0   10.0   c  0.0    1.37 299.61098 62.13955   182.42  7036.71 2.31 2.08 -85.3 -0.400    19.91 21.77 01a59382o0499c 0x880030  -0.900000
59382.561232 20.207197      NaN    -5.0   10.0   c  0.0    6.17 299.61098 62.13955   204.86  7077.18 2.50 2.25 -85.9 -0.398    19.85 21.78 01a59382o0506c 0x800030  -0.500000
59382.564457 19.868040      NaN    17.0    8.0   c  0.0    2.80 299.61098 62.13955  9732.78  6965.99 2.64 2.47  78.0 -0.369    19.90 21.83 01a59382o0513c 0x880030   2.125000
59382.566760 19.302877 0.157353    69.0   10.0   c  0.0    3.20 299.61098 62.13955   144.77  6996.60 2.33 2.12 -87.0 -0.401    19.91 21.79 01a59382o0518c 0x881030   6.900000
59382.577438 19.609992      NaN    22.0   10.0   c  0.0   12.68 299.61098 62.13955   127.66  7109.31 2.28 2.05 -83.4 -0.402    19.93 21.81 01a59382o0541c 0x900031   2.200000
59404.432830 20.103715      NaN    -8.0   11.0   c  0.0    1.52 299.61098 62.13955  4205.60  6934.19 2.48 2.33  56.7 -0.394    19.65 21.50 02a59404o0404c 0x000030  -0.727273
59404.435116 19.401649      NaN    30.0   11.0   c  0.0    2.74 299.61098 62.13955  4226.08  6973.57 2.49 2.35  54.0 -0.394    19.66 21.49 02a59404o0409c 0x400d30   2.727273
59404.440830 20.207197      NaN    -6.0   10.0   c  0.0    1.42 299.61098 62.13955  4163.17  6897.48 2.62 2.29  45.4 -0.381    19.64 21.49 02a59404o0421c 0x080030  -0.600000
59404.446353 19.922338      NaN     3.0   12.0   c  0.0    1.09 299.61098 62.13955  4147.71  7011.90 2.49 2.35  42.5 -0.399    19.61 21.47 02a59404o0433c 0x080030   0.250000
59408.468058 20.207197      NaN    -2.0   10.0   c  0.0    1.18 299.61098 62.13955  6385.63  3631.99 2.76 2.41  38.7 -0.395    19.62 21.52 02a59408o0477c 0x400110  -0.200000
59408.471785 20.171596      NaN     4.0    9.0   c  0.0    1.71 299.61098 62.13955  6366.04  3591.93 2.54 2.32  36.4 -0.388    19.68 21.51 02a59408o0485c 0x000030   0.444444
59408.478293 20.207197      NaN    -9.0   10.0   c  0.0    0.96 299.61098 62.13955  6430.05  3677.33 2.36 2.28  40.4 -0.398    19.68 21.49 02a59408o0499c 0x000030  -0.900000
59408.498158 20.321591      NaN     0.0    9.0   c  0.0    2.04 299.61098 62.13955  6446.89  3559.23 2.44 2.35  39.0 -0.392    19.67 21.51 02a59408o0541c 0x000030   0.000000
59412.480399 20.207197      NaN    -1.0   10.0   c  0.0    1.24 299.61098 62.13955  6746.57  1602.58 2.47 2.39 -68.8 -0.395    19.66 21.70 02a59412o0505c 0x000030  -0.100000
59412.483599 19.674510      NaN    19.0   10.0   c  0.0    0.87 299.61098 62.13955  6726.29  1563.27 2.66 2.47 -58.6 -0.390    19.60 21.71 02a59412o0512c 0x000030   1.900000
59412.489144 19.743105      NaN    16.0   10.0   c  0.0    1.00 299.61098 62.13955  6788.80  1642.11 2.56 2.39 -58.9 -0.395    19.66 21.72 02a59412o0524c 0x000030   1.600000
59412.500150 20.103715      NaN    -4.0   11.0   c  0.0    0.65 299.61098 62.13955  6810.32  1528.06 2.57 2.45 -65.6 -0.395    19.68 21.72 02a59412o0548c 0x000030  -0.363636
59430.429500 16.661444 0.011051   786.0    8.0   c  0.0  420.09 299.61098 62.13955  2193.60  7022.54 2.39 2.25 -82.3 -0.397    19.80 21.77 01a59430o0418c 0x500131  98.250000
59430.461282 16.821926 0.011210   678.0    7.0   c  0.0  443.77 299.61098 62.13955  2221.89  7057.75 2.32 2.23 -71.8 -0.387    19.82 21.88 01a59430o0486c 0x500831  96.857143
59430.464515 20.449472      NaN   -10.0    8.0   c  0.0    1.91 299.61098 62.13955  2161.58  6979.43 2.30 2.17 -77.5 -0.394    19.83 21.87 01a59430o0493c 0x002030  -1.250000
59430.470510 20.321591 0.361912    27.0    9.0   c  0.0    9.38 299.61098 62.13955  2145.38  7093.17 2.39 2.28 -74.1 -0.384    19.80 21.89 01a59430o0506c 0x400130   3.000000
59434.431060 19.922338      NaN   -33.0   13.0   c  0.0    5.38 299.61098 62.13955  9960.63 10472.45 2.45 2.29  63.5 -0.385    19.83 21.75 01a59434o0426c 0x400130  -2.538462
59434.434301 19.569016      NaN   -90.0   18.0   c  0.0   15.47 299.61098 62.13955  9985.16 10510.16 2.47 2.31  50.4 -0.380    19.85 21.75 01a59434o0433c 0x500231  -5.000000
59434.441757 20.207197      NaN   -34.0   10.0   c  0.0   12.84 299.61098 62.13955  9915.05 10437.81 2.46 2.31  80.3 -0.388    19.79 21.71 01a59434o0449c 0x500931  -3.400000
59434.456652 19.950541      NaN    14.0    8.0   c  0.0    2.17 299.61098 62.13955  1764.27   494.07 2.54 2.33  33.5 -0.400    19.77 21.74 01a59434o0481c 0x002030   1.750000
59434.459468 19.922338      NaN    15.0    8.0   c  0.0    3.01 299.61098 62.13955  1781.30   531.07 2.75 2.46  52.1 -0.409    19.70 21.76 01a59434o0487c 0x082010   1.875000
59434.491139 19.038793 0.148055    88.0   12.0   c  0.0    7.96 299.61098 62.13955  1736.15   445.58 3.54 3.09  51.9 -0.350    19.43 21.61 01a59434o0555c 0x400a30   7.333333
59434.497173 18.990530 0.141618    92.0   12.0   c  0.0    3.88 299.61098 62.13955  1723.70   562.65 2.78 2.53  37.9 -0.390    19.59 21.61 01a59434o0568c 0x400130   7.666667
59438.424639 19.631075      NaN   -10.0   17.0   c  0.0    1.20 299.61098 62.13955  9954.85 10467.59 2.36 2.27  55.8 -0.366    19.66 21.57 01a59438o0275c 0x000030  -0.588235
59438.454319 19.766969      NaN   -49.0   15.0   c  0.0    3.51 299.61098 62.13955  9978.58 10508.33 2.51 2.31  61.2 -0.349    19.90 21.94 01a59438o0337c 0x080030  -3.266667
59438.458529 18.029238 0.038950   223.0    8.0   c  0.0   40.87 299.61098 62.13955  9910.04 10435.51 2.57 2.40  65.1 -0.343    19.88 21.94 01a59438o0346c 0x100031  27.875000
59438.459447 20.321591      NaN    -6.0    9.0   c  0.0    4.03 299.61098 62.13955  1761.74   487.06 2.50 2.13  44.6 -0.400    19.94 21.97 01a59438o0348c 0x000030  -0.666667
59438.462710 17.004613 0.015159   573.0    8.0   c  0.0  254.48 299.61098 62.13955  1780.47   524.90 2.41 2.07  40.2 -0.425    19.93 21.97 01a59438o0355c 0x100031  71.625000
59438.467819 20.449472      NaN   -23.0    8.0   c  0.0    1.97 299.61098 62.13955  1727.36   444.48 2.52 2.15  41.0 -0.408    19.90 21.96 01a59438o0366c 0x000030  -2.875000
59438.503064 16.284738 0.007811  1112.0    8.0   c  0.0  813.10 299.61098 62.13955  1726.03   554.73 2.49 2.28  39.0 -0.426    19.84 21.83 01a59438o0441c 0x100031 139.000000
59456.339784 20.207197      NaN   -14.0   10.0   c  0.0    1.10 299.61098 62.13955  2611.91  1845.42 2.39 2.21 -60.0 -0.415    19.73 21.56 02a59456o0257c 0x002030  -1.400000
59456.342988 20.137125      NaN     2.0   10.0   c  0.0    1.76 299.61098 62.13955  2591.66  1806.88 2.36 2.22 -64.9 -0.418    19.73 21.57 02a59456o0264c 0x400130   0.200000
59456.349393 20.207197      NaN   -13.0   10.0   c  0.0    0.97 299.61098 62.13955  2650.92  1881.66 2.29 2.22 -74.0 -0.414    19.75 21.56 02a59456o0278c 0x400230  -1.300000
59456.360366 20.009244      NaN    -2.0   12.0   c  0.0    0.79 299.61098 62.13955  2675.34  1764.22 2.36 2.18 -60.2 -0.420    19.75 21.56 02a59456o0302c 0x082030  -0.166667
59464.358576 20.207197      NaN    -1.0   10.0   c  0.0    1.21 299.61098 62.13955  5576.12  6144.85 2.49 2.31  35.1 -0.391    19.67 21.52 02a59464o0261c 0x400130  -0.100000
59464.362265 20.103715 0.361912    33.0   11.0   c  0.0    1.30 299.61098 62.13955  5557.33  6106.01 2.70 2.54  31.3 -0.385    19.59 21.50 02a59464o0269c 0x002030   3.000000
59464.369149 20.103715      NaN   -16.0   11.0   c  0.0    2.56 299.61098 62.13955  5611.91  6178.64 2.70 2.56  39.5 -0.382    19.60 21.49 02a59464o0284c 0x400830  -1.454545
59464.379295 19.894850      NaN    10.0   10.0   c  0.0    1.27 299.61098 62.13955  5631.95  6069.88 2.50 2.31  33.0 -0.389    19.65 21.47 02a59464o0306c 0x002030   1.000000
59468.357821 19.791368      NaN     8.0   12.0   c  0.0    1.58 299.61098 62.13955  5267.98  9739.55 2.60 2.30 -53.3 -0.408    19.69 21.60 02a59468o0313c 0x000030   0.666667
59468.361023 19.922338      NaN   -11.0   13.0   c  0.0    1.60 299.61098 62.13955  5249.11  9698.77 2.52 2.26 -59.2 -0.408    19.62 21.43 02a59468o0320c 0x000000  -0.846154
59468.367027 19.351140      NaN     9.0   19.0   c  0.0    1.05 299.61098 62.13955  5302.16  9776.56 2.63 2.40 -57.7 -0.401    18.76 20.66 02a59468o0333c 0x080010   0.473684
59468.377172 19.922338      NaN    -2.0   13.0   c  0.0    1.30 299.61098 62.13955  5319.16  9659.52 2.55 2.30 -56.2 -0.408    19.51 21.30 02a59468o0355c 0x000000  -0.153846
59516.255912 19.841877      NaN   -13.0   14.0   c  0.0    0.82 299.61098 62.13955  2402.98  3892.80 2.58 2.32  37.6 -0.386    19.31 20.80 02a59516o0161c 0x000000  -0.928571
59516.259591 19.841877      NaN   -25.0   14.0   c  0.0    0.81 299.61098 62.13955  2384.11  3854.11 2.50 2.28  37.4 -0.390    19.19 20.68 02a59516o0169c 0x080030  -1.785714
59516.265554 19.102305      NaN    32.0   17.0   c  0.0    1.10 299.61098 62.13955  2442.62  3927.78 2.41 2.24  35.5 -0.397    18.87 20.27 02a59516o0182c 0x000000   1.882353
59516.277071 18.280067      NaN    39.0   46.0   c  0.0    1.35 299.61098 62.13955  2463.47  3807.98 2.51 2.23  31.5 -0.396    17.80 19.09 02a59516o0207c 0x500812   0.847826
59524.268939 20.009244      NaN   -23.0   12.0   c  0.0    2.67 299.61098 62.13955  3462.17  9867.69 2.92 2.49 -53.0 -0.380    19.48 21.18 02a59524o0195c 0x082030  -1.916667
59524.272155 19.766969      NaN   -51.0   15.0   c  0.0    1.14 299.61098 62.13955  3445.22  9827.83 3.07 2.65 -53.6 -0.398    19.38 21.17 02a59524o0202c 0x400830  -3.400000
59524.279981 19.841877      NaN    -3.0   14.0   c  0.0    1.52 299.61098 62.13955  3499.77  9903.62 3.14 2.71 -52.2 -0.381    19.38 21.14 02a59524o0219c 0x082030  -0.214286
59524.290543 19.922338      NaN   -58.0   13.0   c  0.0    2.70 299.61098 62.13955  3518.31  9781.14 3.22 2.82 -54.3 -0.356    19.25 21.10 02a59524o0242c 0x400a30  -4.461538