         MJD         m       dm     uJy   duJy   F  err   chi/N        RA      Dec        x        y  maj  min   phi  apfit  mag5sig   Sky            Obs     Mask   __tmp_SN
57984.396458 16.066153 0.006387  1360.0    8.0   c  0.0 1147.21 299.61808 62.13154  4559.64  3565.68 2.60 2.42  55.5 -0.404    19.73 21.68 02a57984o0339c 0x500331 170.000000
57984.406246 16.232323 0.008373  1167.0    9.0   c  0.0  819.51 299.61808 62.13154  4543.55  3528.93 2.47 2.30  52.0 -0.413    19.75 21.64 02a57984o0359c 0x500231 129.666667
57984.407706 20.009244 0.271434    36.0    9.0   c  0.0    2.83 299.61808 62.13154  4597.25  3602.77 2.45 2.27  53.3 -0.413    19.80 21.64 02a57984o0362c 0x082030   4.000000
57984.424912 15.814340 0.006331  1715.0   10.0   c  0.0 1143.43 299.61808 62.13154  4613.59  3486.50 2.71 2.52  50.1 -0.397    19.68 21.62 02a57984o0397c 0x500831 171.500000
57988.398184 20.282105      NaN     1.0    9.0   c  0.0    3.82 299.61808 62.13154  7082.96  5717.08 2.52 2.49 -68.4 -0.410    19.80 21.64 02a57988o0338c 0x002030   0.111111
57988.408532 20.207197      NaN   -10.0   10.0   c  0.0   14.26 299.61808 62.13154  7067.45  5674.52 2.56 2.51  83.9 -0.407    19.73 21.54 02a57988o0359c 0x180031  -1.000000
57988.410004 16.809190 0.014244   686.0    9.0   c  0.0  222.11 299.61808 62.13154  7121.97  5753.82 2.60 2.57  84.4 -0.405    19.69 21.53 02a57988o0362c 0x100031  76.222222
57988.427308 15.424871 0.004865  2455.0   11.0   c  0.0 1964.86 299.61808 62.13154  7146.68  5640.65 2.47 2.44 -64.6 -0.413    19.75 21.46 02a57988o0397c 0x500831 223.181818
58012.343927 19.868040 0.264814    41.0   10.0   c  0.0    5.08 299.61808 62.13154  8300.77  8131.51 2.59 2.47  34.7 -0.420    19.79 21.59 02a58012o0280c 0x082030   4.100000
58012.344383 19.351140 0.180956    66.0   11.0   c  0.0    6.00 299.61808 62.13154  8282.35  8091.66 2.58 2.49  34.4 -0.416    19.78 21.57 02a58012o0281c 0x400330   6.000000
58012.360239 15.995083 0.007478  1452.0   10.0   c  0.0  891.73 299.61808 62.13154  8348.06  8172.95 2.63 2.52  39.7 -0.421    19.68 21.46 02a58012o0315c 0x100031 145.200000
58012.363908 15.370109 0.005046  2582.0   12.0   c  0.0 1820.05 299.61808 62.13154  8355.98  8057.95 2.63 2.51  42.6 -0.420    19.50 21.28 02a58012o0323c 0x500331 215.166667
58072.263371 19.491430      NaN    16.0   14.0   c  0.0    5.25 299.61808 62.13154   668.21  9610.98 2.88 2.33  29.0 -0.441    19.62 21.35 02a58072o0151c 0x002030   1.142857
58072.272314 16.261554 0.011469  1136.0   12.0   c  0.0  431.95 299.61808 62.13154   649.40  9572.81 2.89 2.32  25.4 -0.449    19.60 21.34 02a58072o0170c 0x500131  94.666667
58072.281586 15.668806 0.008305  1961.0   15.0   c  0.0  698.89 299.61808 62.13154   702.25  9648.57 2.96 2.37  26.6 -0.444    19.52 21.26 02a58072o0189c 0x100031 130.733333
58072.282499 16.199336 0.010830  1203.0   12.0   c  0.0  329.54 299.61808 62.13154  9807.27  9552.31 2.85 2.83 -53.1 -0.403    19.60 21.35 02a58072o0191c 0x100031 100.250000
58076.265858 18.024380      NaN    86.0   46.0   c  0.0    1.15 299.61808 62.13154  2785.30  1530.03 2.96 2.52  40.5 -0.411    18.29 19.90 02a58076o0130c 0xd00812   1.869565
58076.275278 15.280168 0.005032  2805.0   13.0   c  0.0 1685.01 299.61808 62.13154  2765.33  1492.47 3.05 2.52  40.3 -0.427    19.32 20.87 02a58076o0149c 0xd00a31 215.769231
58076.284042 16.064557 0.011160  1362.0   14.0   c  0.0  341.03 299.61808 62.13154  2818.90  1570.73 3.03 2.50  40.2 -0.419    19.41 20.99 02a58076o0167c 0xd00831  97.285714
58076.293419 15.609550 0.006815  2071.0   13.0   c  0.0  922.59 299.61808 62.13154  2843.63  1449.57 3.04 2.53  39.7 -0.410    19.31 20.89 02a58076o0186c 0xd00331 159.307692
58104.205777 16.647717 0.020460   796.0   15.0   c  0.0   83.01 299.61808 62.13154  1112.34  1796.21 3.48 2.99  46.8 -0.434    19.21 20.81 02a58104o0040c 0xd00b31  53.066667
58104.214283 17.870951 0.067332   258.0   16.0   c  0.0   10.97 299.61808 62.13154  1092.61  1763.58 3.63 3.12  43.2 -0.428    19.24 21.02 02a58104o0058c 0xd00b31  16.125000
58256.579525 16.547464 0.013681   873.0   11.0   c  0.0  257.39 299.61808 62.13154  9339.85  8962.84 2.73 2.60  45.2 -0.412    19.67 21.61 02a58256o0591c 0x500931  79.363636
58256.590633 19.128787 0.160850    81.0   12.0   c  0.0    2.94 299.61808 62.13154  9371.31  9003.21 2.62 2.54  42.7 -0.423    19.72 21.63 02a58256o0612c 0x400330   6.750000
58256.601176 19.950541      NaN     2.0   12.0   c  0.0    1.52 299.61808 62.13154  9308.14  8929.05 2.80 2.63  43.5 -0.428    19.67 21.65 02a58256o0633c 0x400230   0.166667
58256.612013 18.967180 0.127054    94.0   11.0   c  0.0    8.79 299.61808 62.13154  1167.99  1389.03 2.51 2.31  45.7 -0.470    19.56 21.13 02a58256o0654c 0x082030   8.545455
58280.542938 17.866751      NaN   118.0   47.0   c  0.0    4.33 299.61808 62.13154  3460.67   894.44 2.78 2.51   5.2 -0.397    18.34 20.07 02a58280o0641c 0xd00812   2.510638
58280.552771 17.187887 0.278164   484.0  124.0   c  0.0    5.56 299.61808 62.13154  3445.20   862.60 2.82 2.49  38.3 -0.412    16.76 18.35 02a58280o0662c 0xd00832   3.903226
58280.563072 14.824693 0.017811  4267.0   70.0   c  0.0  132.21 299.61808 62.13154  3496.94   942.38 3.10 2.59   6.0 -0.386    17.22 18.85 02a58280o0683c 0xd00833  60.957143
58280.574365 17.233705      NaN   230.0   78.0   c  0.0    2.57 299.61808 62.13154  3521.08   825.32 2.68 2.42  47.2 -0.422    17.52 19.07 02a58280o0704c 0xd00822   2.948718
58284.536494 19.719755      NaN    23.0    8.0   c  0.0    2.38 299.61808 62.13154   729.72  1755.40 2.55 2.35  43.7 -0.457    19.74 21.75 02a58284o0626c 0x082010   2.875000
58284.546376 16.765754 0.013686   714.0    9.0   c  0.0  305.34 299.61808 62.13154   713.39  1723.73 2.65 2.40  43.4 -0.458    19.75 21.75 02a58284o0647c 0x180031  79.333333
58284.556171 20.207197      NaN   -15.0   10.0   c  0.0    1.31 299.61808 62.13154   777.57  1794.22 2.75 2.43  48.2 -0.450    19.75 21.76 02a58284o0668c 0x002000  -1.500000
58284.566214 16.593186 0.010377   837.0    8.0   c  0.0  384.19 299.61808 62.13154   795.65  1676.99 2.76 2.46  43.4 -0.450    19.72 21.79 02a58284o0689c 0x500931 104.625000
58308.504097 20.103715      NaN    -2.0   11.0   c  0.0    3.77 299.61808 62.13154  2176.20  9608.88 2.66 2.44  32.0 -0.454    19.75 21.75 02a58308o0282c 0x082030  -0.181818
58308.521475 16.408721 0.009850   992.0    9.0   c  0.0  473.03 299.61808 62.13154  2149.43  9572.57 2.73 2.47  27.4 -0.455    19.74 21.74 02a58308o0319c 0x100031 110.222222
58308.523778 15.510892 0.005266  2268.0   11.0   c  0.0 1539.75 299.61808 62.13154  2202.33  9647.70 2.84 2.55  24.0 -0.449    19.69 21.73 02a58308o0324c 0x500331 206.181818
58308.537646 16.627448 0.013388   811.0   10.0   c  0.0  298.84 299.61808 62.13154  2218.35  9530.17 2.72 2.42  21.8 -0.462    19.70 21.67 02a58308o0353c 0x500231  81.100000
58312.485180 16.261554 0.009558  1136.0   10.0   c  0.0  635.31 299.61808 62.13154  1796.04  9697.62 2.52 2.33  19.8 -0.451    19.73 21.62 02a58312o0517c 0xd00c31 113.600000
58312.487042 19.719755      NaN    17.0   10.0   c  0.0    3.73 299.61808 62.13154  1777.48  9660.36 2.56 2.34  16.7 -0.454    19.72 21.61 02a58312o0521c 0xc00110   1.700000
58312.502626 16.428603 0.012262   974.0   11.0   c  0.0  304.74 299.61808 62.13154  1825.58  9736.17 2.76 2.48  22.4 -0.453    19.68 21.60 02a58312o0554c 0xd00131  88.545455
58312.507710 15.764839 0.005444  1795.0    9.0   c  0.0 1569.92 299.61808 62.13154  1842.51  9615.73 2.67 2.44  23.2 -0.456    19.68 21.60 02a58312o0565c 0x900031 199.444444
58344.417990 15.481610 0.004194  2330.0    9.0   c  0.0 3585.10 299.61808 62.13154   740.25  8483.64 2.38 2.23  -1.8 -0.443    19.78 21.71 02a58344o0399c 0x100031 258.888889
58344.435683 20.207197      NaN   -17.0   10.0   c  0.0   12.71 299.61808 62.13154   716.01  8443.36 2.36 2.23  -1.4 -0.444    19.78 21.76 02a58344o0437c 0x500331  -1.700000
58344.436620 18.481707 0.066474   147.0    9.0   c  0.0   24.07 299.61808 62.13154  9866.72  8424.71 2.61 2.36  48.0 -0.439    19.78 21.75 02a58344o0439c 0x100031  16.333333
58344.437992 19.401649      NaN    30.0   11.0   c  0.0    4.49 299.61808 62.13154   769.98  8516.55 2.43 2.28   6.3 -0.449    19.75 21.76 02a58344o0442c 0x082010   2.727273
58344.452610 16.478793 0.012842   930.0   11.0   c  0.0  405.37 299.61808 62.13154   787.47  8396.59 2.40 2.27   9.6 -0.448    19.73 21.68 02a58344o0473c 0x180031  84.545455
58344.454452 15.600154 0.004678  2089.0    9.0   c  0.0 2474.99 299.61808 62.13154  9842.12  8383.88 2.68 2.39  41.9 -0.434    19.75 21.65 02a58344o0477c 0x100031 232.111111
58344.457668 16.183211 0.008892  1221.0   10.0   c  0.0  646.70 299.61808 62.13154  9897.37  8467.72 2.71 2.43  40.7 -0.444    19.72 21.63 02a58344o0484c 0x100031 122.100000
58344.471762 15.880914 0.006731  1613.0   10.0   c  0.0 1166.74 299.61808 62.13154  9911.34  8352.78 2.73 2.45  42.7 -0.438    19.65 21.58 02a58344o0514c 0x100031 161.300000
58376.361911 16.090371 0.008163  1330.0   10.0   c  0.0  841.45 299.61808 62.13154  2289.35  7896.12 2.56 2.42 -40.1 -0.391    19.72 21.66 02a58376o0318c 0x180031 133.000000
58376.379589 19.589310      NaN    11.0   14.0   c  0.0    1.80 299.61808 62.13154  2268.90  7853.48 2.54 2.43 -19.0 -0.401    19.52 21.42 02a58376o0356c 0x002030   0.785714
58376.382333 16.737240 0.016293   733.0   11.0   c  0.0  209.62 299.61808 62.13154  2322.77  7928.13 2.61 2.50 -16.9 -0.412    19.50 21.36 02a58376o0362c 0x100031  66.636364
58376.395392 19.491430 0.224635    58.0   12.0   c  0.0    6.92 299.61808 62.13154  2339.88  7809.17 2.64 2.51  -6.8 -0.398    19.40 21.26 02a58376o0390c 0x082010   4.833333
58396.337535 18.967180      NaN    40.0   18.0   c  0.0    6.57 299.61808 62.13154  2173.83  1195.78 2.49 2.39 -79.2 -0.420    19.09 20.67 02a58396o0297c 0x002000   2.222222
58396.346371 18.967180      NaN    25.0   23.0   c  0.0    2.40 299.61808 62.13154  2147.81  1155.91 2.53 2.42  48.7 -0.434    18.80 20.26 02a58396o0316c 0x002000   1.086957
58396.348200 15.489092 0.011261  2314.0   24.0   c  0.0  397.87 299.61808 62.13154  2211.37  1229.72 2.52 2.45  54.8 -0.425    18.68 20.14 02a58396o0320c 0x100031  96.416667
58396.362236 18.396507      NaN   -12.0   53.0   c  0.0    1.09 299.61808 62.13154  2237.78  1110.31 2.57 2.45  46.0 -0.430    17.91 19.25 02a58396o0350c 0x100002  -0.226415
58400.317615 16.168198 0.009647  1238.0   11.0   c  0.0  537.38 299.61808 62.13154  2080.11  8702.89 2.56 2.41 -25.0 -0.421    19.73 21.57 02a58400o0256c 0xd00131 112.545455
58400.326124 15.988374      NaN   -67.0  487.0   c  0.0    1.77 299.61808 62.13154  2060.26  8660.29 2.74 2.61   2.1 -0.438    16.15 17.67 02a58400o0274c 0x900002  -0.137577
58424.296802 16.400000 0.010857  1000.0   10.0   c  0.0  339.90 299.61808 62.13154  8236.67  9509.53 2.92 2.61  26.7 -0.400    19.52 21.19 02a58424o0238c 0x100031 100.000000
58424.298633 19.226921      NaN    35.0   13.0   c  0.0    8.79 299.61808 62.13154  8217.36  9466.15 3.00 2.70  26.0 -0.401    19.51 21.18 02a58424o0242c 0x400330   2.692308
58424.312630 19.743105 0.306838    46.0   13.0   c  0.0    6.58 299.61808 62.13154  8270.84  9547.66 3.02 2.71  28.7 -0.398    19.46 21.12 02a58424o0272c 0x400130   3.538462
58424.320425 19.102305      NaN    35.0   16.0   c  0.0    5.03 299.61808 62.13154  8287.11  9408.70 3.17 2.84  29.3 -0.396    19.41 21.09 02a58424o0289c 0x002000   2.187500
58428.265127 17.630360 0.037090   322.0   11.0   c  0.0   46.34 299.61808 62.13154  1475.70  7723.24 2.54 2.42 -14.9 -0.422    19.56 21.31 02a58428o0117c 0xd00131  29.272727
58428.272595 17.073044 0.024217   538.0   12.0   c  0.0  109.11 299.61808 62.13154  1456.34  7681.87 2.54 2.45 -21.3 -0.424    19.56 21.28 02a58428o0133c 0x900031  44.833333
58428.279024 15.321993 0.005230  2699.0   13.0   c  0.0 1912.07 299.61808 62.13154  1507.36  7754.57 2.57 2.42 -20.2 -0.425    19.53 21.27 02a58428o0147c 0x900031 207.615385
58428.289798 19.401649      NaN    30.0   11.0   c  0.0    3.41 299.61808 62.13154  1526.97  7633.38 2.51 2.38   4.2 -0.437    19.53 21.21 02a58428o0170c 0xc00110   2.727273
58432.266519 16.524088 0.013389   892.0   11.0   c  0.0  331.14 299.61808 62.13154  1530.11  1326.71 2.51 2.32  41.8 -0.451    19.67 21.39 02a58432o0177c 0x100031  81.090909
58432.275994 16.256786 0.009516  1141.0   10.0   c  0.0  582.55 299.61808 62.13154  1509.18  1287.78 2.49 2.38  78.0 -0.434    19.58 21.35 02a58432o0197c 0x100031 114.100000
58432.279224 16.088739 0.008966  1332.0   11.0   c  0.0  664.72 299.61808 62.13154  1572.57  1363.72 2.47 2.39  84.7 -0.438    19.55 21.31 02a58432o0204c 0x500831 121.090909
58432.291397 19.419021      NaN    17.0   15.0   c  0.0    3.22 299.61808 62.13154  1590.63  1237.42 2.53 2.35  36.7 -0.441    18.80 20.35 02a58432o0230c 0x082010   1.133333
58436.256774 19.241693 0.193350    73.0   13.0   c  0.0    9.89 299.61808 62.13154  1170.83  8441.92 2.56 2.35 -13.7 -0.441    19.35 20.69 02a58436o0157c 0x080030   5.615385
58436.265410 19.169763 0.208795    78.0   15.0   c  0.0    3.97 299.61808 62.13154  1141.44  8402.71 2.55 2.35 -30.8 -0.432    19.33 20.68 02a58436o0175c 0x080030   5.200000
58436.272411 15.366751 0.005869  2590.0   14.0   c  0.0 1566.28 299.61808 62.13154  1205.18  8473.99 2.55 2.34  -5.0 -0.450    19.32 20.65 02a58436o0190c 0x100031 185.000000
58436.275627 19.169763 0.208795    78.0   15.0   c  0.0   10.53 299.61808 62.13154 10289.58  8466.29 2.77 2.46  26.2 -0.441    19.33 20.72 02a58436o0197c 0x180031   5.200000
58436.278371 19.766969      NaN   -11.0   15.0   c  0.0    3.41 299.61808 62.13154 10262.84  8420.69 2.72 2.39  24.4 -0.444    19.36 20.72 02a58436o0203c 0x001030  -0.733333
58436.280203 15.357567 0.006651  2612.0   16.0   c  0.0 1267.63 299.61808 62.13154  1222.38  8351.63 2.49 2.29  -5.3 -0.458    19.30 20.61 02a58436o0207c 0x500131 163.250000
58436.290055 17.793801 0.050955   277.0   13.0   c  0.0   19.55 299.61808 62.13154 10325.42  8503.64 2.85 2.50  28.3 -0.428    19.11 20.47 02a58436o0228c 0x180031  21.307692
58436.299691 19.002397      NaN    43.0   16.0   c  0.0    3.07 299.61808 62.13154 10341.16  8385.19 2.75 2.47  25.6 -0.457    19.19 20.54 02a58436o0249c 0x400130   2.687500
58456.229644 19.256669 0.180956    72.0   12.0   c  0.0    7.54 299.61808 62.13154  1890.68  6043.06 2.46 2.38 -32.1 -0.419    19.56 21.31 02a58456o0101c 0x400130   6.000000
58456.240223 20.009244      NaN   -12.0   12.0   c  0.0    3.05 299.61808 62.13154  1871.44  6001.20 2.47 2.37 -36.1 -0.414    19.55 21.26 02a58456o0123c 0x080010  -1.000000
58456.248962 19.529530 0.252046    56.0   13.0   c  0.0    8.29 299.61808 62.13154 10481.36  6181.95 2.67 2.55  30.6 -0.451    19.58 21.31 02a58456o0141c 0x400330   4.307692
58456.250428 19.841877      NaN     6.0   12.0   c  0.0    1.87 299.61808 62.13154  1934.30  6074.46 2.45 2.34 -25.0 -0.418    19.52 21.23 02a58456o0144c 0x000000   0.500000
58456.259489 19.766969      NaN     3.0   14.0   c  0.0    1.57 299.61808 62.13154 10462.57  6141.48 2.68 2.58  35.9 -0.443    19.51 21.29 02a58456o0163c 0x000030   0.214286
58456.260873 19.401649      NaN    21.0   14.0   c  0.0    4.91 299.61808 62.13154  1952.82  5955.13 2.50 2.44 -36.4 -0.415    19.45 21.17 02a58456o0166c 0x400110   1.500000
58456.269477 18.232071 0.164328   185.0   28.0   c  0.0    5.61 299.61808 62.13154 10516.14  6224.07 2.65 2.53  24.4 -0.450    19.54 21.26 02a58456o0184c 0x500832   6.607143
58460.238681 16.741693 0.016360   730.0   11.0   c  0.0  126.77 299.61808 62.13154 10045.27  3796.95 3.11 2.99 -47.4 -0.403    19.39 21.38 02a58460o0120c 0xd00831  66.363636
58460.239596 16.023876 0.006911  1414.0    9.0   c  0.0  968.07 299.61808 62.13154   761.22  3804.75 2.62 2.58  32.3 -0.404    19.45 21.28 02a58460o0122c 0x900031 157.111111
58460.248526 19.674510 0.288052    49.0   13.0   c  0.0    7.87 299.61808 62.13154 10026.60  3749.14 3.03 2.94  49.1 -0.415    19.46 21.36 02a58460o0141c 0xc00220   3.769231
58460.249441 15.793646 0.007454  1748.0   12.0   c  0.0  663.99 299.61808 62.13154   780.09  3693.90 3.05 2.98  60.5 -0.400    19.26 21.24 02a58460o0143c 0xd00831 145.666667
58460.258451 18.978793      NaN    42.0   17.0   c  0.0    5.20 299.61808 62.13154 10089.59  3832.51 3.60 3.56  47.9 -0.392    19.26 21.30 02a58460o0162c 0xc00230   2.470588
58460.268676 19.436675 0.302582    61.0   17.0   c  0.0    6.38 299.61808 62.13154 10107.28  3720.35 3.73 3.68  19.6 -0.398    19.17 21.23 02a58460o0183c 0xc00220   3.588235
58604.626867 18.796518      NaN    29.0   27.0   c  0.0    1.14 299.61808 62.13154  9165.41  1000.46 2.99 2.38 -51.9 -0.431    18.59 19.62 02a58604o0771c 0x002000   1.074074
58612.560141 16.360553 0.012564  1037.0   12.0   c  0.0  280.85 299.61808 62.13154  3820.55  8974.38 2.82 2.60  57.7 -0.386    19.56 21.40 02a58612o0702c 0x900031  86.416667
58612.562245 15.983925 0.008881  1467.0   12.0   c  0.0  641.80 299.61808 62.13154  3834.17  9014.74 2.66 2.53  56.0 -0.396    19.61 21.41 02a58612o0706c 0xd00831 122.250000
58612.567089 16.455691 0.012572   950.0   11.0   c  0.0  280.84 299.61808 62.13154  3776.65  8937.51 2.71 2.56  63.8 -0.386    19.57 21.44 02a58612o0716c 0xd00131  86.363636
58612.581409 15.269000 0.003831  2834.0   10.0   c  0.0 2657.88 299.61808 62.13154  3752.01  9053.89 2.78 2.47  46.3 -0.383    19.63 21.49 02a58612o0745c 0xd00131 283.400000
58636.524216 19.922338      NaN     9.0   10.0   c  0.0    0.96 299.61808 62.13154  1523.58  2476.55 2.46 2.33 -73.2 -0.423    19.70 21.60 02a58636o0626c 0x080030   0.900000
58636.528115 20.071303      NaN     1.0   11.0   c  0.0    3.29 299.61808 62.13154  1537.23  2516.89 2.55 2.26  48.9 -0.410    19.67 21.63 02a58636o0634c 0x080030   0.090909
58636.533263 19.979496      NaN     4.0   11.0   c  0.0    0.88 299.61808 62.13154  1486.59  2436.96 2.52 2.34 -59.8 -0.422    19.71 21.67 02a58636o0645c 0x000030   0.363636
58636.545098 19.766969      NaN     6.0   13.0   c  0.0    0.74 299.61808 62.13154  1473.49  2554.62 2.47 2.38 -69.8 -0.421    19.73 21.73 02a58636o0670c 0x000030   0.461538
58664.492656 18.878500 0.106445   102.0   10.0   c  0.0   10.09 299.61808 62.13154  5618.18  6130.95 2.74 2.32  38.9 -0.385    19.73 21.84 02a58664o0542c 0x980031  10.200000
58664.495440 16.419721 0.008845   982.0    8.0   c  0.0  730.49 299.61808 62.13154  5598.73  6090.93 2.68 2.30  37.9 -0.387    19.75 21.84 02a58664o0548c 0x900031 122.750000
58664.502335 19.631075 0.212889    51.0   10.0   c  0.0   20.30 299.61808 62.13154  5652.38  6168.93 2.86 2.37  38.7 -0.379    19.72 21.88 02a58664o0563c 0xd00331   5.100000
58664.513611 16.731331 0.013259   737.0    9.0   c  0.0  255.00 299.61808 62.13154  5658.69  6051.11 2.76 2.30  37.2 -0.385    19.73 21.90 02a58664o0586c 0x900031  81.888889
58668.442928 17.262154 0.016814   452.0    7.0   c  0.0  179.45 299.61808 62.13154  5308.07   845.10 2.51 2.31 -73.5 -0.420    19.73 21.61 02a58668o0434c 0x100031  64.571429
58668.446344 20.207197      NaN   -16.0   10.0   c  0.0    2.22 299.61808 62.13154  5326.10   886.74 2.49 2.32 -77.8 -0.419    19.68 21.62 02a58668o0441c 0x002030  -1.600000
58668.452789 16.616790 0.011931   819.0    9.0   c  0.0  405.21 299.61808 62.13154  5270.09   810.25 2.48 2.29 -76.9 -0.417    19.70 21.64 02a58668o0455c 0x500831  91.000000
58668.463330 19.791368 0.246758    44.0   10.0   c  0.0    2.04 299.61808 62.13154  5248.20   936.27 2.45 2.34  77.6 -0.411    19.72 21.68 02a58668o0477c 0x400830   4.400000
58692.352112 20.103715 0.361912    33.0   11.0   c  0.0    0.98 299.61808 62.13154  3655.82   441.56 2.55 2.21 -58.8 -0.412    19.74 21.77 02a58692o0246c 0xc00230   3.000000
58692.355528 19.674510 0.221579    49.0   10.0   c  0.0    1.48 299.61808 62.13154  3673.15   480.57 2.50 2.22 -65.1 -0.415    19.73 21.76 02a58692o0253c 0xc00830   4.900000
58692.503674 16.700827 0.014324   758.0   10.0   c  0.0  242.65 299.61808 62.13154  6938.26 10183.09 2.63 2.53 -58.9 -0.401    19.79 21.81 02a58692o0502c 0x900031  75.800000
58692.510994 19.454622 0.162860    60.0    9.0   c  0.0  101.91 299.61808 62.13154  8853.33    40.27 2.51 2.17 -59.3 -0.387    19.70 21.76 02a58692o0518c 0xd00831   6.666667
58692.511452 18.417189 0.083518   156.0   12.0   c  0.0   14.41 299.61808 62.13154  6951.30 10058.28 2.64 2.56  89.0 -0.397    19.76 21.81 02a58692o0519c 0x980031  13.000000
58700.498804 16.193934 0.008980  1209.0   10.0   c  0.0  544.05 299.61808 62.13154   538.66  2037.71 2.60 2.50  41.8 -0.397    19.63 21.68 02a58700o0511c 0x500131 120.900000
58700.502117 19.922338      NaN    12.0    9.0   c  0.0    5.50 299.61808 62.13154   516.88  1999.41 2.64 2.54  44.6 -0.397    19.56 21.66 02a58700o0518c 0x002000   1.333333
58700.507348 16.329589 0.008140  1067.0    8.0   c  0.0  807.48 299.61808 62.13154   579.21  2071.84 2.46 2.42  65.2 -0.401    19.68 21.64 02a58700o0529c 0x100031 133.375000
58700.518774 17.148241 0.017303   502.0    8.0   c  0.0  209.02 299.61808 62.13154   598.01  1951.24 2.43 2.35  73.2 -0.405    19.68 21.60 02a58700o0553c 0x100031  62.750000
58700.553410 15.556352 0.004992  2175.0   10.0   c  0.0 1782.27 299.61808 62.13154 10459.26  2076.73 2.70 2.35 -47.4 -0.416    19.68 21.55 02a58700o0627c 0x100031 217.500000
58700.556737 20.207197      NaN   -14.0   10.0   c  0.0    2.65 299.61808 62.13154 10437.93  2033.62 2.63 2.34 -43.8 -0.418    19.68 21.53 02a58700o0634c 0x002030  -1.400000
58700.564156 15.249635 0.004516  2885.0   12.0   c  0.0 2411.81 299.61808 62.13154 10498.75  2113.47 2.65 2.36 -41.8 -0.421    19.65 21.50 02a58700o0650c 0x500131 240.416667
58700.576892 16.566282      NaN   417.0  147.0   c  0.0    1.40 299.61808 62.13154 10519.18  1995.07 2.61 2.33 -40.3 -0.421    19.69 21.47 02a58700o0677c 0x500a22   2.836735
58704.359460 19.766969      NaN   -12.0   15.0   c  0.0    3.29 299.61808 62.13154   130.25  8492.13 2.64 2.35 -47.7 -0.412    19.14 20.43 02a58704o0278c 0x082030  -0.800000
58704.362414 19.549093      NaN     7.0   16.0   c  0.0    2.79 299.61808 62.13154   149.32  8535.36 2.85 2.56 -47.8 -0.392    19.05 20.44 02a58704o0284c 0x400220   0.437500
58704.370521 15.356321 0.006643  2615.0   16.0   c  0.0 1062.06 299.61808 62.13154    89.18  8453.65 2.81 2.39 -58.8 -0.393    19.16 20.45 02a58704o0301c 0x500831 163.437500
58704.380476 14.397177 0.003433  6326.0   20.0   c  0.0 3363.09 299.61808 62.13154    69.51  8569.92 3.01 2.59 -55.0 -0.400    19.06 20.47 02a58704o0322c 0x500831 316.300000
58704.387999 15.383224 0.006384  2551.0   15.0   c  0.0 1023.41 299.61808 62.13154   563.98  2066.64 2.95 2.63 -60.5 -0.389    19.15 20.52 02a58704o0338c 0x100031 170.066667
58704.390783 19.472870 0.294437    59.0   16.0   c  0.0    7.34 299.61808 62.13154   545.25  2029.63 2.91 2.51 -59.5 -0.396    19.16 20.52 02a58704o0344c 0x400130   3.687500
58704.396487 15.334129 0.004475  2669.0   11.0   c  0.0 2348.09 299.61808 62.13154   605.22  2096.66 2.71 2.44 -57.2 -0.399    19.25 20.53 02a58704o0356c 0x100031 242.636364
58704.406761 19.384550      NaN    25.0   13.0   c  0.0    1.51 299.61808 62.13154   623.90  1979.29 2.66 2.40 -57.5 -0.403    19.23 20.56 02a58704o0378c 0x400110   1.923077
58708.438118 18.582238      NaN    32.0   34.0   c  0.0    2.04 299.61808 62.13154  5334.20  8170.73 2.67 2.52  41.1 -0.379    18.56 19.49 02a58708o0457c 0x900002   0.941176
58708.441777 18.675237      NaN   -36.0   41.0   c  0.0    1.32 299.61808 62.13154  5315.06  8131.04 2.63 2.49  41.6 -0.386    18.56 19.49 02a58708o0465c 0x900002  -0.878049
58708.447789 18.191747      NaN    60.0   44.0   c  0.0    0.90 299.61808 62.13154  5371.32  8207.91 2.60 2.52  30.8 -0.391    18.58 19.48 02a58708o0478c 0x900002   1.363636
58708.457937 18.214605      NaN    65.0   41.0   c  0.0    2.28 299.61808 62.13154  5387.30  8089.10 2.90 2.81  38.7 -0.377    18.51 19.46 02a58708o0498c 0x900002   1.585366
58720.360095 20.009244      NaN     9.0    9.0   c  0.0    4.04 299.61808 62.13154  2433.18  3893.86 2.47 2.28  28.7 -0.407    19.80 21.80 02a58720o0301c 0x002030   1.000000
58720.363328 17.055032 0.015879   547.0    8.0   c  0.0  225.32 299.61808 62.13154  2417.11  3858.88 2.38 2.36   6.0 -0.406    19.78 21.80 02a58720o0308c 0x100031  68.375000
58720.368871 16.817132 0.012755   681.0    8.0   c  0.0  380.82 299.61808 62.13154  2475.42  3931.43 2.40 2.33  21.7 -0.408    19.75 21.80 02a58720o0320c 0x100031  85.125000
58720.380352 16.403262 0.010890   997.0   10.0   c  0.0  499.38 299.61808 62.13154  2491.69  3811.64 2.48 2.26  32.1 -0.404    19.74 21.75 02a58720o0345c 0x100031  99.700000
58724.392541 19.384550      NaN    28.0   12.0   c  0.0    2.18 299.61808 62.13154  3473.79  9857.18 2.63 2.28 -53.6 -0.411    19.75 21.56 02a58724o0378c 0x000000   2.333333
58724.395750 19.226921      NaN    35.0   13.0   c  0.0    5.91 299.61808 62.13154  3455.08  9817.80 2.56 2.24 -54.1 -0.414    19.80 21.69 02a58724o0385c 0x000000   2.692308
58724.402853 19.271854 0.198797    71.0   13.0   c  0.0    8.37 299.61808 62.13154  3506.99  9894.04 2.42 2.36 -64.4 -0.401    19.75 21.67 02a58724o0400c 0x080030   5.461538
58724.413430 15.513768 0.004320  2262.0    9.0   c  0.0 2852.84 299.61808 62.13154  3526.56  9771.69 2.56 2.29 -52.4 -0.409    19.77 21.62 02a58724o0423c 0x100031 251.333333
58728.325056 19.384550      NaN    31.0   11.0   c  0.0    5.13 299.61808 62.13154  3498.03  9866.12 2.83 2.36 -54.2 -0.399    19.79 21.89 02a58728o0218c 0x400130   2.818182
58728.328259 16.490530 0.011801   920.0   10.0   c  0.0  345.06 299.61808 62.13154  3479.59  9830.44 2.83 2.33 -53.5 -0.403    19.82 21.89 02a58728o0225c 0x100031  92.000000
58728.334683 15.871531 0.008008  1627.0   12.0   c  0.0  740.68 299.61808 62.13154  3530.64  9903.03 2.74 2.34 -55.3 -0.401    19.81 21.86 02a58728o0239c 0x500131 135.583333
58728.344766 19.950541      NaN     5.0   11.0   c  0.0    4.42 299.61808 62.13154  3547.08  9784.48 2.81 2.28 -53.4 -0.406    19.77 21.82 02a58728o0261c 0x002000   0.454545
58752.325547 16.991430 0.014976   580.0    8.0   c  0.0  269.88 299.61808 62.13154  7506.14  6078.52 2.44 2.30  41.0 -0.393    19.78 21.59 02a58752o0227c 0x100031  72.500000
58752.328769 19.841877      NaN    12.0   10.0   c  0.0    3.99 299.61808 62.13154  7484.33  6035.77 2.57 2.24  40.0 -0.385    19.74 21.61 02a58752o0234c 0x082030   1.200000
58752.334414 19.894850      NaN    13.0    9.0   c  0.0    3.48 299.61808 62.13154  7543.04  6117.86 2.48 2.30  46.9 -0.393    19.76 21.64 02a58752o0246c 0x002030   1.444444
58752.345178 16.611500 0.011873   823.0    9.0   c  0.0  348.11 299.61808 62.13154  7553.22  6001.99 2.92 2.29  38.3 -0.369    19.72 21.63 02a58752o0269c 0x100031  91.444444
58756.356932 16.272119 0.009651  1125.0   10.0   c  0.0  444.11 299.61808 62.13154  3669.65  6243.97 2.81 2.69  42.7 -0.370    19.47 21.43 02a58756o0345c 0xd00931 112.500000
58756.360175 16.180546 0.008870  1224.0   10.0   c  0.0  541.29 299.61808 62.13154  3649.69  6204.89 2.81 2.69  35.2 -0.371    19.48 21.41 02a58756o0352c 0xd00931 122.400000
58756.366239 19.894850      NaN     4.0   12.0   c  0.0   15.57 299.61808 62.13154  3706.39  6285.20 2.76 2.68  58.4 -0.388    19.43 21.35 02a58756o0365c 0x900031   0.333333
58756.376355 17.126825 0.067859   512.0   32.0   c  0.0   19.05 299.61808 62.13154  3723.73  6164.54 2.99 2.94 -65.2 -0.366    18.33 20.16 02a58756o0387c 0xd00833  16.000000
58780.310193 16.664210 0.013849   784.0   10.0   c  0.0  309.50 299.61808 62.13154  8830.15  1575.82 2.38 2.21 -64.4 -0.407    19.65 21.29 02a58780o0270c 0x500131  78.400000
58780.313955 15.956880 0.007219  1504.0   10.0   c  0.0 1165.04 299.61808 62.13154  8809.19  1535.03 2.37 2.19 -62.1 -0.409    19.64 21.28 02a58780o0278c 0x180031 150.400000
58780.320553 18.720295 0.110414   118.0   12.0   c  0.0    7.69 299.61808 62.13154  8874.77  1614.66 2.52 2.18 -60.1 -0.411    19.62 21.27 02a58780o0292c 0x082030   9.833333
58780.330668 15.845813 0.006517  1666.0   10.0   c  0.0 1301.38 299.61808 62.13154  8892.85  1492.95 2.44 2.26 -63.7 -0.407    19.59 21.24 02a58780o0314c 0x500131 166.600000
58784.256457 16.655932 0.015118   790.0   11.0   c  0.0  179.53 299.61808 62.13154  8849.51  1576.34 3.07 2.77 -53.6 -0.401    19.46 21.24 02a58784o0107c 0x980031  71.818182
58784.285299 15.970684 0.007311  1485.0   10.0   c  0.0  908.59 299.61808 62.13154  8823.30  1533.47 2.47 2.21 -53.1 -0.416    19.59 21.13 02a58784o0116c 0x900031 148.500000
58784.288346 15.941114 0.008538  1526.0   12.0   c  0.0  845.09 299.61808 62.13154  8884.54  1615.07 2.45 2.22 -54.1 -0.413    19.60 21.16 02a58784o0122c 0x900031 127.166667
58784.293572 16.244485 0.008468  1154.0    9.0   c  0.0  707.19 299.61808 62.13154  8904.80  1497.48 2.53 2.28 -54.8 -0.411    19.57 21.16 02a58784o0133c 0x900031 128.222222
58804.311511 16.181434 0.008878  1223.0   10.0   c  0.0  551.14 299.61808 62.13154  6390.98  3619.18 2.71 2.47  30.6 -0.369    19.40 21.07 02a58804o0285c 0x900031 122.300000
58804.314835 15.390483 0.005570  2534.0   13.0   c  0.0 1523.64 299.61808 62.13154  6371.68  3587.58 2.77 2.51  33.7 -0.371    19.36 20.99 02a58804o0292c 0xd00831 194.923077
58804.318145 15.895142 0.009548  1592.0   14.0   c  0.0  515.63 299.61808 62.13154  6431.76  3666.76 2.69 2.44  33.3 -0.386    19.32 20.89 02a58804o0299c 0x900031 113.714286
58804.320964 18.767304 0.144124   113.0   15.0   c  0.0   10.29 299.61808 62.13154  6451.83  3550.71 2.66 2.44  31.7 -0.376    19.29 20.77 02a58804o0305c 0x900031   7.533333
58808.191305 18.631975 0.169646   128.0   20.0   c  0.0    8.06 299.61808 62.13154  6412.78  3627.49 2.39 2.34 -58.5 -0.385    18.70 19.69 02a58808o0035c 0x880030   6.400000
58808.195325 16.175237 0.008827  1230.0   10.0   c  0.0  728.70 299.61808 62.13154  6389.80  3584.82 2.38 2.35 -89.3 -0.384    19.25 20.50 02a58808o0043c 0x900031 123.000000
58808.200834 19.766969      NaN   -24.0   15.0   c  0.0    3.24 299.61808 62.13154  6449.25  3662.04 2.49 2.47 -78.7 -0.380    19.47 21.08 02a58808o0055c 0x880030  -1.600000
58808.211972 15.138143 0.003396  3197.0   10.0   c  0.0 4748.88 299.61808 62.13154  6464.82  3544.23 2.55 2.51  87.9 -0.380    19.53 21.28 02a58808o0078c 0xd00831 319.700000
58964.582640 15.575997 0.008133  2136.0   16.0   c  0.0  601.10 299.61808 62.13154  5904.54  8888.71 2.84 2.75 -82.8 -0.387    19.33 21.14 02a58964o0753c 0xd00931 133.500000
58964.587138 16.626110 0.017382   812.0   13.0   c  0.0  122.95 299.61808 62.13154  5920.49  8927.78 3.23 2.82  47.3 -0.350    19.22 21.18 02a58964o0762c 0xd00831  62.461538
58964.592691 16.028493 0.008482  1408.0   11.0   c  0.0  532.40 299.61808 62.13154  5866.48  8847.56 2.84 2.78 -85.3 -0.385    19.47 21.42 02a58964o0774c 0xd00831 128.000000
58964.608645 19.367717      NaN    26.0   13.0   c  0.0    2.16 299.61808 62.13154  5848.73  8966.20 2.87 2.79  63.9 -0.381    19.49 21.41 02a58964o0808c 0xc00110   2.000000
58968.539965 20.009244 0.361912    36.0   12.0   c  0.0    1.48 299.61808 62.13154  5903.74  8890.41 2.85 2.52  44.4 -0.382    19.53 21.33 02a58968o0655c 0x400830   3.000000
58968.543174 19.529530      NaN    14.0   14.0   c  0.0    1.32 299.61808 62.13154  5924.31  8928.75 2.86 2.52  44.9 -0.381    19.54 21.35 02a58968o0662c 0x002030   1.000000
58968.550548 16.462570 0.012652   944.0   11.0   c  0.0  302.67 299.61808 62.13154  5860.47  8850.69 2.82 2.49  47.4 -0.382    19.54 21.38 02a58968o0678c 0x500831  85.818182
58968.563426 19.766969 0.289530    45.0   12.0   c  0.0    3.62 299.61808 62.13154  5839.67  8967.45 2.81 2.44  46.0 -0.383    19.53 21.33 02a58968o0706c 0x400210   3.750000
58988.551449 19.510313      NaN    18.0   13.0   c  0.0    0.65 299.61808 62.13154  3397.61  2476.75 2.45 2.35  81.2 -0.395    19.68 21.47 02a58988o0686c 0x082010   1.384615
58988.553734 19.841877      NaN    12.0   10.0   c  0.0    1.54 299.61808 62.13154  3416.40  2516.85 2.52 2.41  70.6 -0.393    19.64 21.50 02a58988o0691c 0x082030   1.200000
58988.559253 20.207197      NaN    -9.0   10.0   c  0.0    0.80 299.61808 62.13154  3360.09  2439.43 2.49 2.37  74.4 -0.393    19.67 21.53 02a58988o0703c 0x400830  -0.900000
58988.570726 19.841877      NaN    12.0   10.0   c  0.0    0.64 299.61808 62.13154  3342.54  2556.04 2.63 2.32  50.1 -0.392    19.62 21.57 02a58988o0728c 0x400830   1.200000
58992.522901 20.207197      NaN     0.0   10.0   c  0.0    1.05 299.61808 62.13154  3388.94  2477.82 2.50 2.43 -78.0 -0.395    19.64 21.52 02a58992o0622c 0x400830   0.000000
58992.526148 20.207197      NaN    -3.0   10.0   c  0.0    1.29 299.61808 62.13154  3407.27  2516.93 2.54 2.41 -74.2 -0.395    19.60 21.52 02a58992o0629c 0x002030  -0.300000
58992.533889 20.103715      NaN   -10.0   11.0   c  0.0    0.82 299.61808 62.13154  3350.12  2440.17 2.53 2.40  73.3 -0.397    19.64 21.53 02a58992o0645c 0x400130  -0.909091
58992.540843 19.979496      NaN     7.0   10.0   c  0.0    0.91 299.61808 62.13154  3333.55  2555.91 2.51 2.42  86.0 -0.395    19.65 21.53 02a58992o0660c 0x082030   0.700000
59000.541861 17.789888 0.046866   278.0   12.0   c  0.0   26.50 299.61808 62.13154  6189.34  6854.37 3.03 2.34  41.5 -0.382    19.70 21.80 02a59000o0634c 0x500931  23.166667
59000.544174 17.192382 0.020273   482.0    9.0   c  0.0  138.44 299.61808 62.13154  6213.92  6890.25 2.52 2.40  50.4 -0.412    19.74 21.80 02a59000o0639c 0x500931  53.555556
59000.547375 19.002397 0.143174    91.0   12.0   c  0.0    3.85 299.61808 62.13154  6154.90  6814.39 2.57 2.36  41.7 -0.410    19.77 21.79 02a59000o0646c 0x082030   7.583333
59000.560619 19.419021      NaN    26.0   12.0   c  0.0    0.78 299.61808 62.13154  6135.95  6934.94 2.76 2.32  41.6 -0.402    19.74 21.77 02a59000o0674c 0x002030   2.166667
59020.490271 19.436675      NaN    28.0   11.0   c  0.0    0.92 299.61808 62.13154  1180.57  4500.40 2.50 2.40  63.8 -0.414    19.65 21.57 02a59020o0477c 0x400130   2.545455
59020.493050 19.922338      NaN    -7.0   13.0   c  0.0    0.91 299.61808 62.13154  1198.89  4540.52 2.53 2.45  61.6 -0.413    19.50 21.43 02a59020o0483c 0x002030  -0.538462
59020.496265 17.397568 0.021769   399.0    8.0   c  0.0  108.94 299.61808 62.13154  1140.88  4459.70 2.47 2.41  55.0 -0.416    19.65 21.54 02a59020o0490c 0x500a31  49.875000
59020.507448 19.816329      NaN     1.0   14.0   c  0.0    2.19 299.61808 62.13154    75.14  6179.30 2.61 2.49 -41.7 -0.353    19.62 21.60 02a59020o0514c 0x002030   0.071429
59020.511136 15.649599 0.007071  1996.0   13.0   c  0.0 1033.29 299.61808 62.13154    54.46  6138.54 2.45 2.31 -40.2 -0.346    19.69 21.63 02a59020o0522c 0x100031 153.538462
59020.517093 18.043943 0.069092   220.0   14.0   c  0.0   30.35 299.61808 62.13154   108.71  6206.07 2.50 2.34 -36.7 -0.358    19.71 21.67 02a59020o0535c 0x500831  15.714286
59020.519406 19.436675      NaN    25.0   12.0   c  0.0   10.35 299.61808 62.13154  9463.58  5994.53 2.96 2.54  32.6 -0.373    19.67 21.63 02a59020o0540c 0x500211   2.083333
59020.551948 15.846464 0.007173  1665.0   11.0   c  0.0 1068.97 299.61808 62.13154   123.61  6085.64 2.42 2.27  -2.9 -0.357    19.65 21.59 02a59020o0610c 0x100031 151.363636
59028.486076 19.979496      NaN     4.0   11.0   c  0.0    1.17 299.61808 62.13154    65.62   404.29 2.69 2.21 -58.0 -0.432    19.74 21.82 02a59028o0521c 0x400830   0.363636
59028.487906 19.894850      NaN     7.0   11.0   c  0.0    0.99 299.61808 62.13154    84.05   447.32 2.65 2.20 -58.5 -0.437    19.74 21.82 02a59028o0525c 0x400130   0.636364
59028.512753 19.589310      NaN    26.0    9.0   c  0.0    2.15 299.61808 62.13154  1644.89 10052.24 2.32 2.26 -34.8 -0.453    19.75 21.90 02a59028o0579c 0x082030   2.888889
59028.516417 20.207197 0.361912    30.0   10.0   c  0.0    1.57 299.61808 62.13154  1626.43 10012.80 2.30 2.15 -42.5 -0.455    19.77 21.91 02a59028o0587c 0x400130   3.000000
59028.523733 16.815539 0.014328   682.0    9.0   c  0.0  269.50 299.61808 62.13154  1683.94 10087.89 2.56 2.04 -50.9 -0.460    19.76 21.91 02a59028o0603c 0x500831  75.777778
59028.558971 18.748255 0.094412   115.0   10.0   c  0.0    9.44 299.61808 62.13154  1692.97  9962.35 2.30 2.29  34.2 -0.454    19.74 21.93 02a59028o0679c 0x400a30  11.500000
59048.390375 20.137125      NaN     8.0    8.0   c  0.0    1.35 299.61808 62.13154  8766.65  2578.25 2.57 2.40 -67.8 -0.394    19.74 21.99 02a59048o0320c 0x002030   1.000000
59048.393575 20.207197      NaN    -9.0   10.0   c  0.0    0.81 299.61808 62.13154  8787.00  2616.53 2.54 2.39 -76.8 -0.389    19.75 22.00 02a59048o0327c 0x400230  -0.900000
59048.397737 20.207197      NaN    -1.0   10.0   c  0.0    0.94 299.61808 62.13154  8732.77  2542.49 2.59 2.40 -70.3 -0.393    19.73 22.01 02a59048o0336c 0x002030  -0.100000
59048.427716 20.207197      NaN    -2.0   10.0   c  0.0    0.81 299.61808 62.13154  8718.85  2664.62 2.58 2.45 -75.4 -0.388    19.73 22.02 02a59048o0400c 0x400830  -0.200000
59076.407634 20.071303 0.351268    34.0   11.0   c  0.0    3.13 299.61808 62.13154  2001.14  5951.38 2.38 2.26  15.9 -0.402    19.70 21.64 02a59076o0341c 0x082010   3.090909
59076.410857 19.212347      NaN    24.0   17.0   c  0.0    1.37 299.61808 62.13154  1982.05  5913.05 2.39 2.27  18.7 -0.397    18.88 20.78 02a59076o0348c 0x400130   1.411765
59076.416894 19.652575 0.260577    50.0   12.0   c  0.0    7.14 299.61808 62.13154  2036.90  5980.75 2.46 2.26  24.5 -0.396    19.69 21.63 02a59076o0361c 0x400130   4.166667
59076.427485 19.922338      NaN     6.0   11.0   c  0.0    2.51 299.61808 62.13154  2056.14  5860.10 2.63 2.53  36.4 -0.392    19.59 21.62 02a59076o0384c 0x002010   0.545455
59080.356854 19.302877 0.157353    69.0   10.0   c  0.0    6.12 299.61808 62.13154  2006.10  5954.07 2.35 2.33  17.4 -0.400    19.73 21.83 02a59080o0279c 0x400830   6.900000
59080.360069 17.620292 0.033407   325.0   10.0   c  0.0   62.76 299.61808 62.13154  1981.77  5910.35 2.71 2.33  28.8 -0.382    19.67 21.83 02a59080o0286c 0x100031  32.500000
59080.365562 19.609992      NaN    19.0   11.0   c  0.0    1.52 299.61808 62.13154  2042.28  5986.28 2.40 2.28  26.1 -0.400    19.72 21.80 02a59080o0298c 0x082030   1.727273
59080.377954 15.729726 0.007027  1854.0   12.0   c  0.0 1115.58 299.61808 62.13154  2060.29  5867.55 2.37 2.33   2.6 -0.402    19.74 21.80 02a59080o0325c 0x500131 154.500000
59084.387914 20.103715      NaN   -10.0   11.0   c  0.0    0.78 299.61808 62.13154   772.85  3603.13 2.39 2.26 -53.4 -0.410    19.77 21.77 02a59084o0344c 0x002030  -0.909091
59084.391113 20.449472      NaN   -22.0    8.0   c  0.0   12.35 299.61808 62.13154   750.11  3560.85 2.46 2.31  20.1 -0.399    19.70 21.76 02a59084o0351c 0x500831  -2.750000
59084.397568 20.321591      NaN   -17.0    9.0   c  0.0    9.24 299.61808 62.13154   813.43  3635.99 2.45 2.40  19.4 -0.400    19.68 21.71 02a59084o0365c 0x082030  -1.888889
59084.408569 20.321591      NaN   -39.0    9.0   c  0.0   16.73 299.61808 62.13154   833.00  3514.34 2.47 2.39 -43.2 -0.394    19.67 21.67 02a59084o0389c 0x500831  -4.333333
59084.410408 16.257738 0.008572  1140.0    9.0   c  0.0  629.57 299.61808 62.13154 10382.65  3634.03 2.57 2.49  13.8 -0.408    19.64 21.65 02a59084o0393c 0x500131 126.666667
59084.413608 15.513289 0.004798  2263.0   10.0   c  0.0 1947.42 299.61808 62.13154 10363.18  3597.14 2.63 2.44 -61.6 -0.403    19.68 21.66 02a59084o0400c 0x500a31 226.300000
59084.420963 15.976549 0.006616  1477.0    9.0   c  0.0 1171.60 299.61808 62.13154 10422.64  3679.95 2.58 2.49 -56.9 -0.407    19.66 21.66 02a59084o0416c 0x100031 164.111111
59084.432864 20.207197      NaN   -26.0   10.0   c  0.0    8.00 299.61808 62.13154 10443.00  3563.24 2.51 2.39 -50.6 -0.413    19.70 21.65 02a59084o0442c 0x400830  -2.600000
59104.365139 19.652575      NaN    20.0   10.0   c  0.0    2.48 299.61808 62.13154   527.94  2051.20 2.51 2.37 -58.7 -0.403    19.67 21.72 02a59104o0330c 0x000030   2.000000
59104.370653 16.325526 0.010138  1071.0   10.0   c  0.0  496.44 299.61808 62.13154   507.55  2013.57 2.55 2.30 -56.0 -0.406    19.73 21.71 02a59104o0342c 0x100031 107.100000
59104.383124 19.791368      NaN    14.0   10.0   c  0.0    3.72 299.61808 62.13154   568.78  2081.43 2.53 2.28 -57.5 -0.406    19.70 21.68 02a59104o0369c 0x000030   1.400000
59104.384043 16.048730 0.007856  1382.0   10.0   c  0.0  847.66 299.61808 62.13154 10448.27  2075.16 2.53 2.24 -54.0 -0.425    19.66 21.68 02a59104o0371c 0x100031 138.200000
59104.387291 19.491430      NaN    22.0   12.0   c  0.0    4.12 299.61808 62.13154 10429.60  2039.19 2.63 2.29 -60.2 -0.421    19.64 21.67 02a59104o0378c 0x000030   1.833333
59104.388207 20.039830      NaN     8.0    9.0   c  0.0    4.30 299.61808 62.13154   589.68  1964.26 2.51 2.34 -64.3 -0.403    19.68 21.67 02a59104o0380c 0x400110   0.888889
59104.393745 16.012419 0.009117  1429.0   12.0   c  0.0  576.45 299.61808 62.13154 10488.61  2117.20 2.74 2.45 -63.1 -0.410    19.53 21.65 02a59104o0392c 0x180031 119.083333
59104.403989 15.257947 0.005309  2863.0   14.0   c  0.0 1981.20 299.61808 62.13154 10508.07  2003.39 2.52 2.22 -55.9 -0.424    19.68 21.62 02a59104o0414c 0x500831 204.500000
59108.363261 18.582238 0.089128   134.0   11.0   c  0.0    7.15 299.61808 62.13154  5310.30  8162.22 2.53 2.30 -54.5 -0.419    19.70 21.71 02a59108o0311c 0x400230  12.181818
59108.366465 20.103715      NaN   -15.0   11.0   c  0.0    1.88 299.61808 62.13154  5291.53  8122.55 2.53 2.28 -55.3 -0.414    19.72 21.72 02a59108o0318c 0x002030  -1.363636
59108.372046 20.039830 0.341231    35.0   11.0   c  0.0    2.77 299.61808 62.13154  5345.53  8196.15 2.51 2.42  44.8 -0.397    19.69 21.71 02a59108o0330c 0x400230   3.181818
59108.382624 20.009244      NaN   -30.0   12.0   c  0.0    7.19 299.61808 62.13154  5362.94  8081.60 2.60 2.40 -55.9 -0.410    19.65 21.69 02a59108o0353c 0x002030  -2.500000
59132.296622 17.995680 0.056647   230.0   12.0   c  0.0   32.14 299.61808 62.13154  8379.98  3599.17 2.49 2.41 -75.1 -0.388    19.68 21.53 02a59132o0218c 0x500831  19.166667
59132.300777 16.179660 0.008863  1225.0   10.0   c  0.0  624.54 299.61808 62.13154  8363.73  3561.44 2.54 2.49  88.7 -0.390    19.65 21.52 02a59132o0227c 0x180031 122.500000
59132.310896 19.841877      NaN    12.0   10.0   c  0.0   27.31 299.61808 62.13154  8425.66  3641.74 2.53 2.43 -66.0 -0.391    19.67 21.52 02a59132o0249c 0x100031   1.200000
59132.318267 19.743105      NaN    10.0   12.0   c  0.0    5.22 299.61808 62.13154  8448.11  3524.72 2.52 2.45 -61.2 -0.388    19.63 21.50 02a59132o0265c 0x002030   0.833333
59136.289516 17.344465      NaN    77.0  114.0   c  0.0    1.84 299.61808 62.13154  8379.85  3603.92 2.51 2.41 -79.3 -0.382    16.80 18.20 02a59136o0271c 0x500812   0.675439
59136.292798 15.799251 0.006243  1739.0   10.0   c  0.0 1319.94 299.61808 62.13154  8359.79  3564.32 2.46 2.28 -68.5 -0.391    19.54 21.24 02a59136o0278c 0x500831 173.900000
59136.298366 19.169763      NaN    -8.0   26.0   c  0.0    2.49 299.61808 62.13154  8418.63  3642.90 2.52 2.41 -77.0 -0.383    18.82 20.41 02a59136o0290c 0x400210  -0.307692
59136.308500 19.922338      NaN    -4.0   13.0   c  0.0    0.97 299.61808 62.13154  8439.57  3525.55 2.47 2.32 -70.1 -0.388    19.66 21.40 02a59136o0312c 0x082030  -0.307692
59140.305990 14.971019      NaN   -63.0 1243.0   c  0.0    1.40 299.61808 62.13154  8701.54 10132.13 2.89 2.78 -63.7 -0.470    15.11 16.46 02a59140o0250c 0x900002  -0.050684
59140.309191 13.624283      NaN -4037.0 4297.0   c  0.0    0.69 299.61808 62.13154  8682.69 10090.59 3.06 2.77 -62.1 -0.480    14.54 15.91 02a59140o0257c 0x900002  -0.939493
59140.315611 14.056205      NaN  3992.0 1556.0   c  0.0    2.33 299.61808 62.13154  8736.78 10171.56 2.75 2.63 -70.1 -0.474    14.78 16.02 02a59140o0271c 0xd00812   2.565553
59160.206689 15.217743      NaN   256.0  905.0   c  0.0    0.93 299.61808 62.13154  3676.11  6258.10 2.64 2.34  35.3 -0.378    15.89 17.29 02a59160o0051c 0x900002   0.282873
59160.209897 17.334149      NaN    -7.0  141.0   c  0.0    1.49 299.61808 62.13154  3656.57  6218.73 2.57 2.34  33.1 -0.375    16.89 18.15 02a59160o0058c 0x900002  -0.049645
59160.219995 14.180676      NaN -5989.0 2574.0   c  0.0    1.29 299.61808 62.13154  3709.72  6289.62 2.77 2.39  33.5 -0.376    13.49 14.66 02a59160o0080c 0x900002  -2.326729
59160.226418 14.940587      NaN  1126.0  903.0   c  0.0    0.76 299.61808 62.13154  3729.59  6171.11 2.67 2.34  35.2 -0.379    15.46 16.67 02a59160o0094c 0x900002   1.246955
59194.197338 19.454622      NaN   -37.0   20.0   c  0.0    1.02 299.61808 62.13154   145.60  8556.88 2.20 2.15 -51.3 -0.381    19.17 21.83 01a59194o0032c 0x000000  -1.850000
59194.197797 19.454622      NaN    -5.0   20.0   c  0.0    0.85 299.61808 62.13154 10050.65  8423.52 2.45 2.36  80.5 -0.330    19.13 21.80 01a59194o0033c 0x400110  -0.250000
59194.201024 19.766969      NaN     3.0   14.0   c  0.0    0.97 299.61808 62.13154 10070.85  8459.61 2.58 2.39  89.0 -0.333    19.39 22.28 01a59194o0040c 0x000030   0.214286
59194.201484 19.589310      NaN    11.0   14.0   c  0.0    0.83 299.61808 62.13154   167.24  8595.87 2.31 2.10 -65.9 -0.396    19.54 22.40 01a59194o0041c 0x080030   0.785714
59194.206555 19.922338      NaN    -2.0   13.0   c  0.0    0.83 299.61808 62.13154 10006.32  8390.66 2.54 2.44  34.1 -0.330    19.56 22.66 01a59194o0052c 0x400330  -0.153846
59194.207015 18.542463      NaN    46.0   31.0   c  0.0    0.18 299.61808 62.13154   102.80  8512.73 2.41 2.15 -65.0 -0.389    19.65 22.71 01a59194o0053c 0x500832   1.483871
59194.221773 20.207197      NaN   -12.0   10.0   c  0.0    1.41 299.61808 62.13154  9982.14  8515.56 2.65 2.49   1.4 -0.332    19.56 22.76 01a59194o0085c 0x400830  -1.200000
59194.222233 15.919278      NaN   471.0  362.0   c  0.0    0.17 299.61808 62.13154    82.49  8625.03 2.35 2.22 -54.6 -0.387    19.64 22.80 01a59194o0086c 0x100002   1.301105
59262.619490 19.766969      NaN   -50.0   15.0   c  0.0    8.27 299.61808 62.13154  4711.91  1667.34 2.97 2.85 -11.9 -0.363    19.16 21.24 01a59262o0878c 0x082010  -3.333333
59262.629352 15.270534 0.004604  2830.0   12.0   c  0.0 1621.15 299.61808 62.13154  4686.55  1627.15 2.90 2.77 -14.1 -0.408    19.18 21.14 01a59262o0899c 0x500831 235.833333
59262.640237 16.497635 0.014255   914.0   12.0   c  0.0  247.75 299.61808 62.13154  4744.10  1712.09 2.74 2.67 -31.4 -0.357    19.30 21.28 01a59262o0922c 0x500931  76.166667
59262.647199 19.841877      NaN    -4.0   14.0   c  0.0    7.50 299.61808 62.13154  4763.87  1589.06 3.03 2.95 -27.0 -0.342    19.10 21.16 01a59262o0937c 0x400330  -0.285714
59292.593758 19.766969      NaN    -3.0   15.0   c  0.0    1.00 299.61808 62.13154  3651.60   445.64 3.05 2.89 -70.6 -0.383    19.32 21.45 02a59292o0802c 0x002030  -0.200000
59292.596993 18.990530      NaN    44.0   16.0   c  0.0    1.65 299.61808 62.13154  3668.97   483.19 3.07 2.90 -66.2 -0.385    19.32 21.46 02a59292o0809c 0x400330   2.750000
59292.603030 20.103715      NaN    -6.0   11.0   c  0.0    3.04 299.61808 62.13154  3612.66   401.35 2.99 2.86 -84.9 -0.384    19.32 21.48 02a59292o0822c 0x082030  -0.545455
59292.616349 18.273950 0.079295   178.0   13.0   c  0.0    6.11 299.61808 62.13154  3596.32   517.11 3.06 2.94 -85.1 -0.381    19.33 21.51 02a59292o0850c 0x400330  13.692308
59322.539999 15.858266 0.010548  1647.0   16.0   c  0.0  474.43 299.61808 62.13154  1671.53 10034.73 2.61 2.38 -51.5 -0.399    18.86 20.57 01a59322o0668c 0x500831 102.937500
59322.544147 18.900000      NaN    37.0   21.0   c  0.0    1.47 299.61808 62.13154  1657.87  9997.16 2.58 2.32 -57.7 -0.400    18.90 20.61 01a59322o0677c 0x082010   1.761905
59322.551061 16.287671 0.009790  1109.0   10.0   c  0.0  542.61 299.61808 62.13154  1713.50 10072.95 2.52 2.25 -57.3 -0.411    19.47 21.20 01a59322o0692c 0x100031 110.900000
59322.556132       NaN      NaN     NaN    NaN NaN  NaN     NaN       NaN      NaN      NaN      NaN  NaN  NaN   NaN    NaN      NaN   NaN            NaN 0x400820        NaN
59322.559361 14.502720 0.004161  5740.0   22.0   c  0.0 2695.37 299.61808 62.13154 10513.43 10112.93 2.81 2.49  55.0 -0.374    18.96 20.63 01a59322o0710c 0x500931 260.909091
59322.561216 19.351140 0.279659    66.0   17.0   c  0.0    2.75 299.61808 62.13154  1735.75  9957.15 2.59 2.36 -59.2 -0.398    19.21 20.93 01a59322o0714c 0x082010   3.882353
59326.592173 19.569016 0.201062    54.0   10.0   c  0.0    2.21 299.61808 62.13154  1694.77 10045.09 2.42 2.14 -63.2 -0.407    19.71 21.42 01a59326o0590c 0x400430   5.400000
59326.595901 19.868040      NaN    11.0   10.0   c  0.0    3.33 299.61808 62.13154  1677.40 10010.46 2.41 2.19 -66.4 -0.397    19.69 21.43 01a59326o0598c 0x002030   1.100000
59326.613098 19.766969      NaN    18.0    9.0   c  0.0    1.56 299.61808 62.13154  1734.98 10086.66 2.45 2.29 -58.1 -0.394    19.74 21.46 01a59326o0635c 0x400110   2.000000
59326.623392 19.950541 0.314292    38.0   11.0   c  0.0    4.00 299.61808 62.13154  1753.93  9968.94 2.43 2.23 -74.2 -0.395    19.56 20.94 01a59326o0657c 0x082030   3.454545
59344.540865 20.171596 0.350237    31.0   10.0   c  0.0    1.26 299.61808 62.13154  1861.68   454.90 2.58 2.30 -64.4 -0.412    19.57 21.46 02a59344o0643c 0x400130   3.100000
59344.544072 19.791368      NaN     5.0   13.0   c  0.0    0.83 299.61808 62.13154  1880.08   494.82 2.48 2.28 -70.4 -0.414    19.63 21.46 02a59344o0650c 0x002030   0.384615
59344.549603 19.719755 0.254108    47.0   11.0   c  0.0    2.06 299.61808 62.13154  1824.88   411.39 2.66 2.35 -62.5 -0.403    19.58 21.43 02a59344o0662c 0x400930   4.272727
59344.562124 19.868040 0.291295    41.0   11.0   c  0.0    1.07 299.61808 62.13154  1807.73   527.48 2.64 2.35 -62.4 -0.414    19.63 21.45 02a59344o0689c 0x082030   3.727273
59356.558332 19.766969      NaN    12.0   11.0   c  0.0    1.82 299.61808 62.13154  6930.74  4315.27 2.56 2.32  49.6 -0.393    19.65 21.54 02a59356o0669c 0x002030   1.090909
59356.560161 19.419021      NaN    29.0   11.0   c  0.0    1.21 299.61808 62.13154  6948.30  4356.00 2.53 2.31  50.2 -0.396    19.64 21.54 02a59356o0673c 0x400130   2.636364
59356.562907 19.334813      NaN    31.0   12.0   c  0.0    1.35 299.61808 62.13154  6893.15  4278.97 2.54 2.32  52.6 -0.396    19.67 21.56 02a59356o0679c 0x400130   2.583333
59356.568400 20.207197      NaN    -1.0   10.0   c  0.0    0.81 299.61808 62.13154  6875.03  4396.53 2.58 2.33  47.8 -0.393    19.67 21.58 02a59356o0691c 0x002030  -0.100000
59374.492450 16.375311 0.010613  1023.0   10.0   c  0.0  472.42 299.61808 62.13154  2003.57  5945.89 2.51 2.28 -81.4 -0.397    19.83 21.71 01a59374o0545c 0x900031 102.300000
59374.495229 16.168198 0.007893  1238.0    9.0   c  0.0  871.95 299.61808 62.13154  1985.14  5907.54 2.55 2.32 -81.6 -0.397    19.83 21.72 01a59374o0551c 0x900031 137.555556
59374.513241 16.608865 0.011844   825.0    9.0   c  0.0  359.09 299.61808 62.13154  2044.59  5984.98 2.37 2.30 -50.9 -0.384    19.84 21.77 01a59374o0589c 0xd00131  91.666667
59374.516003 19.510313 0.152384    57.0    8.0   c  0.0    5.29 299.61808 62.13154  2062.45  5867.30 2.41 2.29 -75.6 -0.388    19.87 21.81 01a59374o0595c 0xc00130   7.125000
59378.485244 19.950541      NaN    11.0    9.0   c  0.0    1.75 299.61808 62.13154   766.93  3617.03 2.23 2.15  79.3 -0.391    19.94 21.87 01a59378o0528c 0x002000   1.222222
59378.488010 16.173473 0.007932  1232.0    9.0   c  0.0 1143.09 299.61808 62.13154   745.79  3579.86 2.21 2.13  68.7 -0.389    19.94 21.86 01a59378o0534c 0x100031 136.888889
59378.491798 16.373190 0.008474  1025.0    8.0   c  0.0  925.60 299.61808 62.13154   807.81  3652.89 2.26 2.20  69.4 -0.387    19.94 21.85 01a59378o0542c 0x500831 128.125000
59378.496892 16.376373 0.007437  1022.0    7.0   c  0.0 1157.75 299.61808 62.13154   824.14  3538.02 2.27 2.14  79.8 -0.390    19.90 21.83 01a59378o0553c 0x100031 146.000000
59378.504770 16.570085 0.011429   855.0    9.0   c  0.0  391.01 299.61808 62.13154 10371.10  3589.95 2.70 2.54 -79.6 -0.360    19.86 21.74 01a59378o0570c 0x500a31  95.000000
59378.506613 19.696897 0.271434    48.0   12.0   c  0.0    6.48 299.61808 62.13154 10350.36  3549.19 2.68 2.50 -76.7 -0.366    19.88 21.74 01a59378o0574c 0x082030   4.000000
59378.516662 15.855632 0.007234  1651.0   11.0   c  0.0  858.32 299.61808 62.13154 10409.60  3629.81 2.77 2.53 -72.7 -0.364    19.85 21.75 01a59378o0595c 0x500b31 150.090909
59378.521349 18.417189 0.076558   156.0   11.0   c  0.0   16.85 299.61808 62.13154 10430.08  3514.39 2.76 2.55 -64.4 -0.352    19.83 21.73 01a59378o0605c 0x500a31  14.181818
59382.544160 19.791368      NaN    14.0   10.0   c  0.0    0.95 299.61808 62.13154  9798.13  6901.92 2.54 2.43  52.6 -0.371    19.92 21.79 01a59382o0469c 0x080030   1.400000
59382.547389 20.207197      NaN   -22.0   10.0   c  0.0    3.40 299.61808 62.13154  9817.99  6936.24 2.63 2.43  79.1 -0.379    19.90 21.81 01a59382o0476c 0x000030  -2.200000
59382.552932 20.039830      NaN     8.0    9.0   c  0.0    1.71 299.61808 62.13154  9756.51  6864.21 2.59 2.39  77.4 -0.384    19.94 21.82 01a59382o0488c 0x080010   0.888889
59382.558007 20.321591      NaN    -4.0    9.0   c  0.0    1.14 299.61808 62.13154   187.81  7052.68 2.31 2.08 -85.2 -0.399    19.91 21.77 01a59382o0499c 0x080030  -0.444444
59382.561232 19.791368      NaN    11.0   11.0   c  0.0    0.88 299.61808 62.13154   210.26  7093.14 2.50 2.25 -85.7 -0.398    19.85 21.78 01a59382o0506c 0x000030   1.000000
59382.564457 20.321591      NaN   -10.0    9.0   c  0.0    1.68 299.61808 62.13154  9740.80  6980.89 2.64 2.47  77.9 -0.369    19.90 21.83 01a59382o0513c 0x080030  -1.111111
59382.566760 20.449472      NaN   -15.0    8.0   c  0.0    0.72 299.61808 62.13154   150.15  7012.57 2.33 2.12 -86.8 -0.401    19.91 21.79 01a59382o0518c 0x080030  -1.875000
59382.577438 19.950541      NaN     8.0   10.0   c  0.0    0.81 299.61808 62.13154   133.03  7125.29 2.28 2.05 -83.2 -0.402    19.93 21.81 01a59382o0541c 0x000030   0.800000
59404.432830 19.674510      NaN    19.0   10.0   c  0.0    1.26 299.61808 62.13154  4211.75  6949.80 2.48 2.33  56.7 -0.394    19.65 21.50 02a59404o0404c 0x000030   1.900000
59404.435116 19.549093 0.197407    55.0   10.0   c  0.0    2.49 299.61808 62.13154  4232.24  6989.18 2.49 2.35  54.0 -0.394    19.66 21.49 02a59404o0409c 0x400d30   5.500000
59404.440830 20.103715      NaN    -4.0   11.0   c  0.0    1.52 299.61808 62.13154  4169.32  6913.10 2.62 2.29  45.4 -0.382    19.64 21.49 02a59404o0421c 0x080030  -0.363636
59404.446353 19.491430 0.224635    58.0   12.0   c  0.0    1.66 299.61808 62.13154  4153.85  7027.53 2.49 2.35  42.5 -0.399    19.61 21.47 02a59404o0433c 0x081030   4.833333
59408.468058 19.696897      NaN    15.0   11.0   c  0.0    7.34 299.61808 62.13154  6379.49  3616.37 2.75 2.41  38.7 -0.395    19.62 21.52 02a59408o0477c 0xc00110   1.363636
59408.471785 15.657241 0.005478  1982.0   10.0   c  0.0 1722.76 299.61808 62.13154  6359.89  3576.32 2.54 2.32  36.5 -0.388    19.68 21.51 02a59408o0485c 0x900031 198.200000
59408.478293 16.350133 0.009333  1047.0    9.0   c  0.0  608.07 299.61808 62.13154  6423.92  3661.71 2.36 2.28  40.4 -0.399    19.68 21.49 02a59408o0499c 0x900031 116.333333
59408.498158 16.126054 0.007593  1287.0    9.0   c  0.0  859.93 299.61808 62.13154  6440.77  3543.61 2.44 2.35  39.0 -0.392    19.67 21.51 02a59408o0541c 0x900031 143.000000
59412.480399 19.569016      NaN    24.0   10.0   c  0.0    2.17 299.61808 62.13154  6740.54  1586.82 2.48 2.39 -68.6 -0.395    19.66 21.70 02a59412o0505c 0x002030   2.400000
59412.483599 16.571355 0.013985   854.0   11.0   c  0.0  257.94 299.61808 62.13154  6720.25  1547.52 2.66 2.47 -58.6 -0.390    19.60 21.71 02a59412o0512c 0x100031  77.636364
59412.489144 17.095473 0.018542   527.0    9.0   c  0.0  171.68 299.61808 62.13154  6782.79  1626.35 2.56 2.39 -58.9 -0.395    19.66 21.72 02a59412o0524c 0x100031  58.555556
59412.500150 16.364749 0.009459  1033.0    9.0   c  0.0  604.84 299.61808 62.13154  6804.31  1512.30 2.57 2.45 -65.5 -0.396    19.68 21.72 02a59412o0548c 0x100031 114.777778
59430.429500 20.103715      NaN     0.0   11.0   c  0.0    0.62 299.61808 62.13154  2199.50  7038.26 2.39 2.25 -82.1 -0.397    19.80 21.77 01a59430o0418c 0x400130   0.000000
59430.461282 19.766969 0.241275    45.0   10.0   c  0.0    1.34 299.61808 62.13154  2227.80  7073.47 2.32 2.23 -71.5 -0.387    19.82 21.88 01a59430o0486c 0x400830   4.500000
59430.464515 20.321591      NaN   -12.0    9.0   c  0.0    0.88 299.61808 62.13154  2167.47  6995.16 2.30 2.17 -77.3 -0.394    19.83 21.87 01a59430o0493c 0x002030  -1.333333
59430.470510 20.321591      NaN     3.0    8.0   c  0.0    1.89 299.61808 62.13154  2151.26  7108.90 2.39 2.28 -73.9 -0.384    19.80 21.89 01a59430o0506c 0x400130   0.375000
59434.431060 19.454622      NaN    24.0   12.0   c  0.0    2.46 299.61808 62.13154  9968.89 10487.63 2.46 2.29  63.3 -0.385    19.83 21.75 01a59434o0426c 0x400130   2.000000
59434.434301 14.671191 0.003755  4915.0   17.0   c  0.0 3751.46 299.61808 62.13154  9993.42 10525.33 2.48 2.31  50.2 -0.380    19.85 21.75 01a59434o0433c 0x500231 289.117647
59434.441757 18.417189 0.083518   156.0   12.0   c  0.0   11.61 299.61808 62.13154  9923.29 10452.99 2.46 2.31  80.1 -0.388    19.79 21.71 01a59434o0449c 0x500931  13.000000
59434.456652 20.207197      NaN   -17.0   10.0   c  0.0    1.49 299.61808 62.13154  1770.26   510.11 2.54 2.33  33.5 -0.400    19.77 21.74 01a59434o0481c 0x002030  -1.700000
59434.459468 20.103715      NaN   -12.0   11.0   c  0.0    1.10 299.61808 62.13154  1787.28   547.10 2.75 2.46  52.2 -0.409    19.70 21.76 01a59434o0487c 0x082010  -1.090909
59434.491139 16.309426 0.009988  1087.0   10.0   c  0.0  275.04 299.61808 62.13154  1742.12   461.63 3.54 3.09  52.0 -0.350    19.43 21.61 01a59434o0555c 0x500a31 108.700000
59434.497173 19.816329      NaN    13.0   10.0   c  0.0    2.23 299.61808 62.13154  1729.65   578.69 2.78 2.53  37.9 -0.389    19.59 21.61 01a59434o0568c 0x400130   1.300000
59438.424639 19.816329      NaN     1.0   14.0   c  0.0    0.97 299.61808 62.13154  9963.10 10482.76 2.36 2.27  55.6 -0.365    19.66 21.57 01a59438o0275c 0x000030   0.071429
59438.454319 19.436675      NaN    10.0   17.0   c  0.0    0.70 299.61808 62.13154  9986.83 10523.51 2.51 2.31  61.1 -0.349    19.90 21.94 01a59438o0337c 0x080030   0.588235
59438.458529 20.321591      NaN    -2.0    9.0   c  0.0    1.25 299.61808 62.13154  9918.26 10450.69 2.57 2.40  64.9 -0.342    19.88 21.94 01a59438o0346c 0x000030  -0.222222
59438.459447 20.009244      NaN    12.0    8.0   c  0.0    0.93 299.61808 62.13154  1767.72   503.10 2.50 2.13  44.6 -0.400    19.94 21.97 01a59438o0348c 0x000030   1.500000
59438.462710 20.761819      NaN    -4.0    6.0   c  0.0    1.93 299.61808 62.13154  1786.45   540.93 2.41 2.07  40.2 -0.425    19.93 21.97 01a59438o0355c 0x000030  -0.666667
59438.467819 20.207197      NaN    -2.0   10.0   c  0.0    0.76 299.61808 62.13154  1733.33   460.53 2.52 2.15  41.0 -0.407    19.90 21.96 01a59438o0366c 0x000030  -0.200000
59438.503064 19.979496      NaN     7.0   10.0   c  0.0    1.01 299.61808 62.13154  1731.98   570.77 2.49 2.28  39.0 -0.425    19.84 21.83 01a59438o0441c 0x000030   0.700000
59456.339784 16.137076 0.008522  1274.0   10.0   c  0.0  731.20 299.61808 62.13154  2604.66  1830.10 2.40 2.21 -60.0 -0.416    19.73 21.56 02a59456o0257c 0x100031 127.400000
59456.342988 16.425264 0.012224   977.0   11.0   c  0.0  451.38 299.61808 62.13154  2584.41  1791.56 2.36 2.22 -64.8 -0.418    19.73 21.57 02a59456o0264c 0x500131  88.818182
59456.349393 16.735760 0.013313   734.0    9.0   c  0.0  327.71 299.61808 62.13154  2643.69  1866.34 2.29 2.22 -73.7 -0.415    19.75 21.56 02a59456o0278c 0x500231  81.555556
59456.360366 19.609992      NaN    16.0   12.0   c  0.0    1.84 299.61808 62.13154  2668.11  1748.88 2.37 2.18 -60.2 -0.420    19.75 21.56 02a59456o0302c 0x082030   1.333333
59464.358576 15.420898 0.004847  2464.0   11.0   c  0.0 2431.95 299.61808 62.13154  5569.77  6129.34 2.49 2.31  35.1 -0.391    19.67 21.52 02a59464o0261c 0xd00131 224.000000
59464.362265 16.755162 0.015059   721.0   10.0   c  0.0  192.63 299.61808 62.13154  5550.97  6090.50 2.70 2.53  31.3 -0.385    19.59 21.50 02a59464o0269c 0x900031  72.100000
59464.369149 15.516171 0.004811  2257.0   10.0   c  0.0 1814.39 299.61808 62.13154  5605.57  6163.12 2.70 2.56  39.5 -0.382    19.60 21.49 02a59464o0284c 0xd00831 225.700000
59464.379295 15.959772 0.007238  1500.0   10.0   c  0.0 1025.86 299.61808 62.13154  5625.62  6054.36 2.50 2.31  33.0 -0.389    19.65 21.47 02a59464o0306c 0x900031 150.000000
59468.357821 16.105165 0.010758  1312.0   13.0   c  0.0  455.32 299.61808 62.13154  5261.52  9723.87 2.60 2.30 -53.3 -0.408    19.69 21.60 02a59468o0313c 0x100031 100.923077
59468.361023 19.868040      NaN     2.0   13.0   c  0.0    3.00 299.61808 62.13154  5242.66  9683.10 2.52 2.26 -59.2 -0.408    19.62 21.43 02a59468o0320c 0x000000   0.153846
59468.367027 19.226921 0.322786    74.0   22.0   c  0.0    4.02 299.61808 62.13154  5295.71  9760.88 2.63 2.40 -57.7 -0.400    18.76 20.66 02a59468o0333c 0x081010   3.363636
59468.377172 19.841877      NaN   -22.0   14.0   c  0.0    2.03 299.61808 62.13154  5312.73  9643.85 2.55 2.30 -56.2 -0.407    19.51 21.30 02a59468o0355c 0x000000  -1.571429
59516.255912 19.287255      NaN    31.0   13.0   c  0.0    4.18 299.61808 62.13154  2395.75  3877.60 2.58 2.32  37.6 -0.386    19.31 20.80 02a59516o0161c 0x002000   2.384615
59516.259591 18.598565 0.106929   132.0   13.0   c  0.0   12.11 299.61808 62.13154  2376.87  3838.92 2.50 2.28  37.4 -0.390    19.19 20.68 02a59516o0169c 0x180031  10.153846
59516.265554 18.990530      NaN    26.0   22.0   c  0.0    3.32 299.61808 62.13154  2435.40  3912.58 2.41 2.24  35.6 -0.397    18.87 20.27 02a59516o0182c 0x002000   1.181818
59516.277071 17.995680      NaN    80.0   50.0   c  0.0    1.05 299.61808 62.13154  2456.26  3792.77 2.51 2.23  31.5 -0.396    17.80 19.09 02a59516o0207c 0x500812   1.600000
59524.268939 18.445391 0.085716   152.0   12.0   c  0.0   14.51 299.61808 62.13154  3455.30  9852.21 2.91 2.49 -53.0 -0.380    19.48 21.18 02a59524o0195c 0x980031  12.666667
59524.272155 15.806141 0.007540  1728.0   12.0   c  0.0  596.28 299.61808 62.13154  3438.35  9812.35 3.07 2.65 -53.6 -0.398    19.38 21.17 02a59524o0202c 0xd00831 144.000000
59524.279981 18.496580 0.112318   145.0   15.0   c  0.0   12.59 299.61808 62.13154  3492.92  9888.14 3.14 2.71 -52.2 -0.381    19.38 21.14 02a59524o0219c 0x980031   9.666667
59524.290543 15.319181 0.004815  2706.0   12.0   c  0.0 1510.70 299.61808 62.13154  3511.46  9765.66 3.22 2.82 -54.3 -0.356    19.25 21.10 02a59524o0242c 0xd00a31 225.500000