         MJD         m       dm  uJy  duJy F  err  chi/N        RA      Dec        x        y  maj  min   phi  apfit  mag5sig   Sky            Obs     Mask  __tmp_SN
57698.224787 19.510313      NaN  -74    19 c    0   1.12 292.09004 56.57936  4046.29  2689.03 3.95 3.78 -87.0 -0.366    19.28 20.91 02a57698o0092c 0x000000 -3.894737
57698.229426 19.631075      NaN  -43    17 c    0   1.61 292.09004 56.57936  4027.17  2648.95 3.96 3.79 -88.5 -0.365    19.28 20.91 02a57698o0101c 0x000000 -2.529412
57698.245896 19.510313      NaN  -17    19 c    0   1.53 292.09004 56.57936  4079.41  2723.55 3.93 3.79 -85.2 -0.370    19.26 20.89 02a57698o0133c 0x000000 -0.894737
57698.264011 19.014394      NaN   36    18 c    0   1.21 292.09004 56.57936  4098.84  2603.07 3.92 3.80 -86.1 -0.372    19.23 20.84 02a57698o0168c 0x000000  2.000000
57698.272732 19.454622      NaN  -34    20 c    0   1.20 292.09004 56.57936  4065.22  2660.81 4.00 3.87  89.5 -0.368    19.18 20.81 02a57698o0185c 0x000000 -1.700000
57718.215428 19.026525      NaN   23    22 c    0   1.24 292.09004 56.57936  3895.40  2309.61 4.32 4.16  88.9 -0.354    19.13 21.69 02a57718o0049c 0x000000  1.045455
57718.226280 18.900000 0.249719  100    23 c    0   1.61 292.09004 56.57936  3884.60  2269.90 4.16 4.03  88.8 -0.355    18.94 20.75 02a57718o0070c 0x000000  4.347826
57718.242321 18.857417      NaN   38    22 c    0   1.57 292.09004 56.57936  3936.75  2346.64 4.50 4.43 -84.1 -0.347    19.03 20.96 02a57718o0101c 0x000000  1.727273
57834.630573 19.302877      NaN  -22    23 c    0   1.46 292.09004 56.57936  6855.47  8685.58 3.71 3.68   5.0 -0.444    18.75 20.41 02a57834o0693c 0x000000 -0.956522
57834.644722 18.944322      NaN  -35    32 c    0   1.26 292.09004 56.57936  6876.05  8726.20 3.84 3.81  65.8 -0.434    18.44 19.80 02a57834o0719c 0x100002 -1.093750
57838.625423 19.454622      NaN   -8    20 c    0   1.47 292.09004 56.57936  7789.28  5397.57 4.29 3.93  81.1 -0.379    18.88 20.91 02a57838o0693c 0x000000 -0.400000
57838.639637 19.026525      NaN   11    26 c    0   1.15 292.09004 56.57936  7809.58  5438.83 4.53 4.31  83.7 -0.354    18.60 20.44 02a57838o0719c 0x100002  0.423077
57838.653941 16.359507      NaN   30   336 c    0   0.89 292.09004 56.57936  7745.26  5365.21 3.93 3.69  89.2 -0.490    17.04 17.06 02a57838o0745c 0x100002  0.089286
57894.543726 20.009244      NaN  -42    12 c    0   1.56 292.09004 56.57936  7967.93  6046.90 2.71 2.56  32.7 -0.455    19.61 21.38 02a57894o0585c 0x000000 -3.500000
57894.559964 20.207197      NaN  -28    10 c    0   1.84 292.09004 56.57936  2486.76  4375.97 2.74 2.46  17.5 -0.477    19.72 21.49 02a57894o0613c 0x000000 -2.800000
57894.576677 20.103715      NaN  -41    11 c    0   1.80 292.09004 56.57936  2549.91  4451.17 2.73 2.40  17.4 -0.473    19.74 21.49 02a57894o0642c 0x000000 -3.727273
57894.593655 20.207197      NaN   -7    10 c    0   1.54 292.09004 56.57936  2557.06  4331.28 2.83 2.54  20.5 -0.481    19.69 21.49 02a57894o0671c 0x000000 -0.700000
57894.609533 19.674510      NaN   16    11 c    0   1.55 292.09004 56.57936  2524.93  4390.76 2.68 2.38  16.4 -0.477    19.63 21.19 02a57894o0699c 0x000000  1.454545
57898.538221 20.103715      NaN  -10    11 c    0   1.19 292.09004 56.57936  7413.33  7075.78 2.91 2.69  67.2 -0.453    19.65 21.61 02a57898o0416c 0x000000 -0.909091
57898.553973 20.207197      NaN   -9    10 c    0   1.98 292.09004 56.57936  3043.30  3351.23 2.94 2.47  18.6 -0.480    19.74 21.63 02a57898o0444c 0x000000 -0.900000
57898.570104 20.103715      NaN  -29    11 c    0   1.07 292.09004 56.57936  7371.63  7034.98 2.72 2.54  37.5 -0.462    19.75 21.70 02a57898o0472c 0x000000 -2.636364
57898.586501 20.405150      NaN    1     8 c    0   3.42 292.09004 56.57936  3121.34  3304.00 2.93 2.38  26.4 -0.477    19.80 21.69 02a57898o0500c 0x000000  0.125000
57898.602883 20.207197      NaN    3     9 c    0   3.16 292.09004 56.57936  3077.66  3363.69 2.99 2.43  23.1 -0.473    19.73 21.55 02a57898o0528c 0x000000  0.333333
57902.524016 20.171596      NaN    4     9 c    0   1.48 292.09004 56.57936  4708.07  8206.94 2.61 2.55   6.3 -0.456    19.64 21.48 02a57902o0563c 0x000000  0.444444
57902.538031 19.791368      NaN   11    11 c    0   1.41 292.09004 56.57936  4728.47  8246.89 2.63 2.55  22.1 -0.454    19.65 21.44 02a57902o0589c 0x000000  1.000000
57902.554053 20.207197      NaN  -12    10 c    0   1.35 292.09004 56.57936  4672.39  8167.20 2.70 2.50  18.1 -0.454    19.78 21.63 02a57902o0617c 0x000000 -1.200000
57902.569630 20.207197      NaN   -8    10 c    0   1.37 292.09004 56.57936  4650.69  8284.09 2.73 2.51  12.9 -0.451    19.74 21.61 02a57902o0645c 0x000000 -0.800000
57902.585081 20.321591      NaN   -4     9 c    0   1.49 292.09004 56.57936  5767.58  2219.84 2.70 2.67  44.7 -0.425    19.80 21.60 02a57902o0673c 0x000000 -0.444444
57984.387147 20.449472      NaN   -9     8 c    0   2.36 292.09004 56.57936  3092.57  2540.29 2.58 2.37  52.0 -0.400    19.78 21.72 02a57984o0320c 0x000000 -1.125000
57984.389085 20.449472      NaN  -11     8 c    0   3.91 292.09004 56.57936  3071.18  2505.28 2.50 2.32  53.1 -0.400    19.81 21.72 02a57984o0324c 0x000000 -1.375000
57984.404302 19.841877      NaN   15     9 c    0   1.49 292.09004 56.57936  3133.87  2580.38 2.57 2.36  56.2 -0.400    19.77 21.68 02a57984o0355c 0x000000  1.666667
57984.410128 20.449472      NaN   -4     8 c    0   2.09 292.09004 56.57936  3154.14  2461.25 2.54 2.32  53.3 -0.403    19.77 21.66 02a57984o0367c 0x000000 -0.500000
57988.387734 20.321591      NaN   -7     9 c    0   2.46 292.09004 56.57936  5654.99  4640.84 2.58 2.54 -87.1 -0.406    19.73 21.66 02a57988o0317c 0x000000 -0.777778
57988.391172 20.207197      NaN  -18    10 c    0   1.47 292.09004 56.57936  5633.02  4603.74 2.55 2.52 -63.0 -0.406    19.78 21.67 02a57988o0324c 0x000000 -1.800000
57988.406074 20.449472      NaN  -23     8 c    0   2.61 292.09004 56.57936  5695.70  4682.05 2.56 2.51 -69.1 -0.405    19.76 21.58 02a57988o0354c 0x000000 -2.875000
57988.411962 20.009244      NaN    6    10 c    0   1.54 292.09004 56.57936  5715.32  4564.47 2.52 2.49 -71.7 -0.408    19.70 21.55 02a57988o0366c 0x000000  0.600000
58012.326807 16.347027 0.014476 1050    14 c    0   2.61 292.09004 56.57936  7483.07  7094.73 2.50 2.45 -16.4 -0.409    19.79 21.65 02a58012o0243c 0x000000 75.000000
58012.340267 16.374250 0.013784 1024    13 c    0   3.80 292.09004 56.57936  7471.82  7056.25 2.59 2.55 -81.3 -0.431    19.79 21.63 02a58012o0272c 0x000000 78.769231
58012.346665 16.342898 0.013391 1054    13 c    0   3.12 292.09004 56.57936  7523.56  7134.18 2.57 2.51  -8.5 -0.404    19.81 21.61 02a58012o0286c 0x000000 81.076923
58012.358412 16.334689 0.014313 1062    14 c    0   4.30 292.09004 56.57936  7547.23  7018.90 2.49 2.47 -19.6 -0.406    19.76 21.50 02a58012o0311c 0x000000 75.857143
58072.261450 19.652575 0.238862   50    11 c    0   2.45 292.09004 56.57936  9016.76  8469.06 2.58 2.48   7.2 -0.428    19.66 21.37 02a58072o0147c 0x000000  4.545455
58072.270476 19.318728 0.175634   68    11 c    0   1.92 292.09004 56.57936  8993.61  8429.07 2.60 2.47   4.5 -0.431    19.61 21.32 02a58072o0166c 0x000000  6.181818
58072.279650 18.582238      NaN   62    24 c    0   0.88 292.09004 56.57936  9056.45  8510.27 2.75 2.68  49.2 -0.419    19.03 20.63 02a58072o0185c 0x000000  2.583333
58076.253313 14.191698      NaN -545  2548 c    0   0.82 292.09004 56.57936   621.92 10211.96 3.40 2.71  32.2 -0.447    16.02 17.88 02a58076o0104c 0x100002 -0.213893
58076.258112 17.866751      NaN  127    44 c    0   1.13 292.09004 56.57936  8816.50   442.71 3.28 2.84  41.6 -0.366    18.44 19.99 02a58076o0114c 0x100002  2.886364
58076.262538 16.894777      NaN  310   108 c    0   0.91 292.09004 56.57936   643.97 10087.22 3.19 2.41  26.3 -0.419    18.46 19.88 02a58076o0123c 0x100002  2.870370
58076.263503 19.287255 0.263679   70    17 c    0   1.98 292.09004 56.57936  9799.39 10227.83 2.76 2.48  -9.8 -0.474    19.29 20.79 02a58076o0125c 0x000000  4.117647
58076.267360 18.382935      NaN   68    31 c    0   1.12 292.09004 56.57936  8794.46   403.57 3.15 2.71  38.4 -0.392    18.92 20.60 02a58076o0133c 0x100002  2.193548
58076.272886 19.318728 0.287401   68    18 c    0   1.42 292.09004 56.57936  9852.01 10312.05 2.84 2.62 -11.1 -0.464    18.90 20.42 02a58076o0144c 0x000000  3.777778
58076.276676 18.711133      NaN   23    32 c    0   1.18 292.09004 56.57936  8855.91   488.10 3.28 2.68  43.3 -0.453    18.97 20.55 02a58076o0152c 0x100002  0.718750
58076.281670 18.657725      NaN   62    21 c    0   1.49 292.09004 56.57936  9858.78 10191.28 2.80 2.52 -14.5 -0.479    19.41 20.99 02a58076o0162c 0x000000  2.952381
58076.285522 18.034118      NaN   90    44 c    0   1.61 292.09004 56.57936  8877.94   369.95 3.35 2.65  40.7 -0.394    18.33 19.84 02a58076o0170c 0x100002  2.045455
58104.200084 18.590371      NaN   52    27 c    0   1.54 292.09004 56.57936  8336.18 10357.40 3.21 2.79   6.3 -0.442    18.84 20.04 02a58104o0028c 0x100002  1.925926
58104.202874 19.212347      NaN   18    19 c    0   1.31 292.09004 56.57936  7143.76   570.08 3.71 3.00  37.6 -0.405    19.05 20.49 02a58104o0034c 0x000000  0.947368
58104.206689 18.955691      NaN   47    16 c    0   2.45 292.09004 56.57936  8312.26 10319.83 3.33 2.91   6.0 -0.426    19.17 20.82 02a58104o0042c 0x000000  2.937500
58104.210477 19.841877      NaN  -39    14 c    0   2.50 292.09004 56.57936  7121.04   534.27 3.79 3.06  38.6 -0.402    19.21 20.95 02a58104o0050c 0x000000 -2.785714
58104.215652 18.606822 0.198914  131    24 c    0   2.27 292.09004 56.57936  8375.50 10408.05 3.41 2.89   1.9 -0.443    18.88 20.55 02a58104o0061c 0x000000  5.458333
58256.571030 20.103715      NaN   -1    11 c    0   1.36 292.09004 56.57936  3309.10 10196.16 2.69 2.50  17.3 -0.439    19.73 21.64 02a58256o0575c 0x000000 -0.090909
58256.581607 20.449472      NaN  -11     8 c    0   1.45 292.09004 56.57936  2111.29   411.67 2.59 2.34  53.9 -0.425    19.71 21.70 02a58256o0595c 0x000000 -1.375000
58256.582063 19.766969      NaN    9    12 c    0   1.61 292.09004 56.57936  3327.78 10236.18 2.75 2.51   8.6 -0.435    19.71 21.67 02a58256o0596c 0x000000  0.750000
58256.592720 20.449472      NaN  -20     8 c    0   2.40 292.09004 56.57936  2137.02   456.41 2.85 2.44  47.3 -0.441    19.74 21.72 02a58256o0616c 0x000000 -2.500000
58256.593177 20.009244      NaN  -28    12 c    0   1.38 292.09004 56.57936  3265.85 10159.36 2.81 2.52  11.0 -0.437    19.69 21.69 02a58256o0617c 0x000000 -2.333333
58256.603257 20.103715      NaN  -13    11 c    0   0.96 292.09004 56.57936  2079.73   372.04 2.85 2.45  52.6 -0.423    19.74 21.71 02a58256o0637c 0x000000 -1.181818
58256.603714 20.103715      NaN  -12    11 c    0   1.39 292.09004 56.57936  3251.36 10275.28 2.80 2.48   6.4 -0.431    19.73 21.68 02a58256o0638c 0x000000 -1.090909
58256.614094 19.922338      NaN  -10    13 c    0   1.37 292.09004 56.57936  8405.79  9935.01 2.73 2.52  40.4 -0.422    19.49 20.98 02a58256o0658c 0x000000 -0.769231
58280.524270 19.979496      NaN   10     9 c    0   2.30 292.09004 56.57936  1205.19  9532.18 2.55 2.27  18.3 -0.462    19.75 21.67 02a58280o0601c 0x000000  1.111111
58280.534128 19.549093      NaN   16    13 c    0   2.36 292.09004 56.57936  1181.93  9493.81 2.42 2.27  16.8 -0.460    19.73 21.63 02a58280o0622c 0x000000  1.230769
58280.541096 19.401649      NaN  -29    21 c    0   1.13 292.09004 56.57936 10433.35  9682.16 3.47 2.75  14.3 -0.400    18.86 20.76 02a58280o0637c 0x000000 -1.380952
58280.543851 18.623526      NaN  -18    43 c    0   1.01 292.09004 56.57936  1233.35  9567.67 2.48 2.28  17.1 -0.450    17.81 19.35 02a58280o0643c 0x100002 -0.418605
58280.550942 15.010149      NaN   12  1195 c    0   1.33 292.09004 56.57936 10411.06  9641.06 3.04 2.63  41.7 -0.375    15.49 16.99 02a58280o0658c 0x100002  0.010042
58280.553685 17.809593      NaN  -47    91 c    0   1.63 292.09004 56.57936  1254.03  9447.49 2.47 2.28  11.6 -0.459    17.02 18.51 02a58280o0664c 0x100002 -0.516484
58280.560985 17.281543      NaN -236   148 c    0   1.42 292.09004 56.57936 10457.79  9726.30 3.71 2.72  16.9 -0.374    17.55 19.32 02a58280o0679c 0x100002 -1.594595
58280.572281 17.633737      NaN -124   107 c    0   1.16 292.09004 56.57936 10473.53  9614.93 2.97 2.54  45.7 -0.420    17.64 19.18 02a58280o0700c 0x100002 -1.158879
58284.520960 20.321591      NaN  -20     9 c    0   2.88 292.09004 56.57936  6756.95   500.66 2.76 2.58  54.3 -0.415    19.75 21.79 02a58284o0593c 0x000000 -2.222222
58284.534665 20.321591      NaN  -14     9 c    0   1.89 292.09004 56.57936  8016.33 10263.81 2.78 2.52  36.9 -0.420    19.79 21.81 02a58284o0622c 0x000000 -1.555556
58284.538862 20.009244      NaN    9     9 c    0   1.79 292.09004 56.57936  6738.76   466.58 2.90 2.50  51.1 -0.421    19.78 21.80 02a58284o0631c 0x000000  1.000000
58284.544512 20.009244      NaN   -4    12 c    0   1.49 292.09004 56.57936  7993.91 10222.80 2.70 2.48  32.1 -0.432    19.80 21.81 02a58284o0643c 0x000000 -0.333333
58284.548760 19.950541      NaN    5    11 c    0   1.55 292.09004 56.57936  6802.43   544.35 2.88 2.54  50.8 -0.422    19.79 21.80 02a58284o0652c 0x000000  0.454545
58284.554316 20.207197      NaN  -16    10 c    0   1.73 292.09004 56.57936  8046.02 10305.15 2.77 2.49  36.6 -0.432    19.78 21.82 02a58284o0664c 0x000000 -1.600000
58284.558554 20.449472      NaN  -14     8 c    0   3.07 292.09004 56.57936  6824.28   427.35 2.92 2.56  50.0 -0.426    19.80 21.81 02a58284o0673c 0x000000 -1.750000
58284.564332 20.207197      NaN  -22    10 c    0   2.18 292.09004 56.57936  8060.93 10192.13 2.85 2.55  32.7 -0.419    19.75 21.85 02a58284o0685c 0x000000 -2.200000
58308.502266 20.071303      NaN    4    10 c    0   2.17 292.09004 56.57936  1357.97  8478.48 2.61 2.42  20.8 -0.450    19.79 21.78 02a58308o0278c 0x000000  0.400000
58308.505926 20.207197      NaN   -7    10 c    0   2.02 292.09004 56.57936  1346.05  8441.21 2.69 2.39  27.7 -0.464    19.74 21.77 02a58308o0286c 0x000000 -0.700000
58308.519148 20.207197      NaN   -6    10 c    0   1.59 292.09004 56.57936  1393.46  8518.28 2.63 2.44  20.3 -0.458    19.74 21.75 02a58308o0314c 0x000000 -0.600000
58308.525661 20.244005      NaN    2     9 c    0   3.40 292.09004 56.57936  1414.09  8398.03 2.62 2.36  27.4 -0.463    19.73 21.72 02a58308o0328c 0x000000  0.222222
58312.468066 19.922338      NaN  -10    13 c    0   1.51 292.09004 56.57936   975.43  8568.30 2.53 2.35  12.8 -0.449    19.51 21.37 02a58312o0481c 0x000000 -0.769231
58312.482894 19.979496      NaN    7    10 c    0   3.04 292.09004 56.57936   949.45  8529.02 2.56 2.38   7.6 -0.445    19.67 21.62 02a58312o0512c 0x000000  0.700000
58312.484265 20.009244      NaN   -8    12 c    0   2.10 292.09004 56.57936 10174.60  8701.95 2.73 2.43  47.6 -0.446    19.74 21.63 02a58312o0515c 0x000000 -0.666667
58312.488441 19.979496      NaN    4    11 c    0   1.61 292.09004 56.57936 10151.02  8662.42 2.76 2.44  45.2 -0.442    19.74 21.63 02a58312o0524c 0x000000  0.363636
58312.489356 20.207197      NaN  -15    10 c    0   2.15 292.09004 56.57936  1000.05  8623.45 2.54 2.37   7.3 -0.448    19.72 21.63 02a58312o0526c 0x000000 -1.500000
58312.501198 20.321591      NaN  -12     9 c    0   3.05 292.09004 56.57936  1020.45  8505.57 2.54 2.32  14.3 -0.456    19.75 21.63 02a58312o0551c 0x000000 -1.333333
58312.508737 19.743105      NaN   16    10 c    0   2.38 292.09004 56.57936 10209.44  8746.69 2.75 2.39  38.1 -0.443    19.71 21.57 02a58312o0567c 0x000000  1.600000
58312.519141 20.321591      NaN  -35     9 c    0   2.90 292.09004 56.57936 10215.94  8630.81 2.73 2.41  41.1 -0.445    19.72 21.58 02a58312o0589c 0x000000 -3.888889
58344.435225 19.529530      NaN   26    10 c    0   1.73 292.09004 56.57936  9066.96  7345.79 2.50 2.43  27.5 -0.420    19.81 21.78 02a58344o0436c 0x000000  2.600000
58344.438906 19.894850      NaN   13     9 c    0   2.08 292.09004 56.57936  9045.04  7306.85 2.55 2.44  36.9 -0.429    19.81 21.77 02a58344o0444c 0x000000  1.444444
58344.451237 19.791368      NaN   14    10 c    0   1.63 292.09004 56.57936  9098.28  7388.33 2.55 2.46  22.6 -0.431    19.75 21.70 02a58344o0470c 0x000000  1.400000
58344.459997 20.103715      NaN  -33    11 c    0   1.34 292.09004 56.57936  9117.00  7270.11 2.52 2.45  33.7 -0.440    19.74 21.63 02a58344o0489c 0x000000 -3.000000
58376.359160 20.282105      NaN    1     9 c    0   1.88 292.09004 56.57936  1473.79  6769.69 2.45 2.27 -28.7 -0.410    19.79 21.64 02a58376o0312c 0x000000  0.111111
58376.364656 19.816329      NaN   16     9 c    0   3.46 292.09004 56.57936  1451.40  6730.66 2.37 2.25 -13.8 -0.428    19.74 21.56 02a58376o0324c 0x000000  1.777778
58376.377301 20.009244      NaN  -10    12 c    0   1.21 292.09004 56.57936  1514.69  6804.55 2.47 2.37  -3.6 -0.426    19.58 21.41 02a58376o0351c 0x000000 -0.833333
58376.384620 20.009244      NaN  -22    12 c    0   1.47 292.09004 56.57936  1535.57  6683.00 2.45 2.33 -10.7 -0.428    19.47 21.23 02a58376o0367c 0x000000 -1.833333
58396.310865 19.696897      NaN  -24    16 c    0   0.87 292.09004 56.57936    47.11  9872.66 2.42 2.19  13.2 -0.428    19.60 21.28 02a58396o0240c 0x000000 -1.500000
58396.327772 19.868040      NaN    2    13 c    0   2.38 292.09004 56.57936  8207.76    76.19 2.70 2.47 -72.9 -0.377    19.45 21.14 02a58396o0276c 0x000000  0.153846
58396.330066 16.706572 0.341273  754   237 c    0   6.52 292.09004 56.57936  8185.99    33.81 2.66 2.47 -72.9 -0.377    19.47 21.14 02a58396o0281c 0x100002  3.181435
58396.330523 19.922338      NaN  -13    13 c    0   1.47 292.09004 56.57936  9273.54  9865.21 2.71 2.40  36.8 -0.433    19.47 21.15 02a58396o0282c 0x000000 -1.000000
58396.332363 19.766969      NaN   -7    15 c    0   2.93 292.09004 56.57936    86.10  9900.95 2.52 2.25   9.1 -0.427    19.33 20.96 02a58396o0286c 0x000000 -0.466667
58396.341790 19.256669      NaN   -4    24 c    0   1.01 292.09004 56.57936   100.02  9781.69 2.48 2.17  15.6 -0.439    18.92 20.39 02a58396o0306c 0x000000 -0.166667
58396.343162 19.351140      NaN  -13    22 c    0   1.20 292.09004 56.57936  9305.73  9905.46 2.72 2.41  38.3 -0.425    18.97 20.49 02a58396o0309c 0x000000 -0.590909
58396.344536 19.351140      NaN    3    21 c    0   1.55 292.09004 56.57936  9249.63  9821.64 2.73 2.41  37.2 -0.432    19.00 20.50 02a58396o0312c 0x000000  0.142857
58396.344993 19.169763      NaN    6    24 c    0   1.05 292.09004 56.57936  8249.47   112.01 2.75 2.61  64.9 -0.387    18.93 20.44 02a58396o0313c 0x000000  0.250000
58396.350948 19.169763      NaN    3    25 c    0   1.40 292.09004 56.57936  9324.24  9786.20 2.78 2.47  33.5 -0.428    18.78 20.26 02a58396o0326c 0x100002  0.120000
58400.307777 19.979496      NaN    4    11 c    0   2.20 292.09004 56.57936  1262.00  7577.79 2.51 2.33 -34.3 -0.425    19.67 21.53 02a58400o0235c 0x000000  0.363636
58400.312953 20.009244      NaN  -17    12 c    0   1.78 292.09004 56.57936  1251.30  7536.13 2.57 2.43  -5.4 -0.445    19.59 21.43 02a58400o0246c 0x000000 -1.416667
58400.315726 20.207197      NaN  -15    10 c    0   1.66 292.09004 56.57936 10456.75  7735.47 2.86 2.62  28.7 -0.431    19.67 21.58 02a58400o0252c 0x000000 -1.500000
58400.323837 19.401649      NaN  -24    21 c    0   1.40 292.09004 56.57936  1302.46  7609.85 2.65 2.52   9.6 -0.432    18.81 20.46 02a58400o0269c 0x000000 -1.142857
58400.325209 18.757738      NaN  -43    38 c    0   1.76 292.09004 56.57936 10433.07  7694.28 2.95 2.68  39.7 -0.429    17.96 19.47 02a58400o0272c 0x100002 -1.131579
58424.278185 19.922338      NaN    0    13 c    0   1.61 292.09004 56.57936  7412.35  8448.00 3.07 2.98   6.7 -0.400    19.45 21.21 02a58424o0198c 0x000000  0.000000
58424.282799 20.009244      NaN   -4    12 c    0   1.76 292.09004 56.57936  7390.33  8404.56 3.08 2.88  20.9 -0.388    19.42 21.19 02a58424o0208c 0x000000 -0.333333
58424.291727 19.743105      NaN   10    12 c    0   1.41 292.09004 56.57936  7452.50  8484.26 2.79 2.65  13.5 -0.396    19.50 21.15 02a58424o0227c 0x000000  0.833333
58424.302293 19.841877      NaN  -30    14 c    0   1.55 292.09004 56.57936  7462.36  8364.04 3.04 2.86  16.4 -0.390    19.40 21.11 02a58424o0250c 0x000000 -2.142857
58428.245672 20.103715      NaN  -21    11 c    0   1.75 292.09004 56.57936   646.56  6603.87 2.53 2.40 -21.6 -0.397    19.60 21.36 02a58428o0077c 0x000000 -1.909091
58428.254261 20.103715      NaN   -2    11 c    0   1.50 292.09004 56.57936   623.25  6562.25 2.46 2.35   5.5 -0.414    19.57 21.31 02a58428o0095c 0x000000 -0.181818
58428.263132 20.009244      NaN  -12    12 c    0   1.72 292.09004 56.57936  9814.74  6697.72 2.74 2.62  32.7 -0.420    19.60 21.34 02a58428o0113c 0x000000 -1.000000
58428.263589 20.009244      NaN  -17    12 c    0   1.24 292.09004 56.57936   676.15  6632.98 2.48 2.38 -14.3 -0.411    19.57 21.27 02a58428o0114c 0x000000 -1.416667
58428.268937 20.207197      NaN   -3    10 c    0   2.09 292.09004 56.57936   697.47  6514.22 2.56 2.46   1.9 -0.415    19.49 21.24 02a58428o0125c 0x000000 -0.300000
58428.270767 20.207197      NaN   -9    10 c    0   2.34 292.09004 56.57936  9802.83  6655.35 2.75 2.60  38.4 -0.431    19.59 21.31 02a58428o0129c 0x000000 -0.900000
58428.279938 20.171596      NaN    1    10 c    0   1.73 292.09004 56.57936  9854.59  6733.65 2.84 2.63  36.0 -0.439    19.55 21.29 02a58428o0149c 0x000000  0.100000
58428.288416 19.922338      NaN   -4    13 c    0   2.16 292.09004 56.57936  9875.58  6617.94 2.79 2.61  38.8 -0.446    19.55 21.22 02a58428o0167c 0x000000 -0.307692
58432.258793 20.321591      NaN   -2     9 c    0   2.31 292.09004 56.57936  8711.89  9931.74 2.71 2.35  32.1 -0.424    19.70 21.48 02a58432o0161c 0x000000 -0.222222
58432.260701 20.321591      NaN  -14     9 c    0   2.46 292.09004 56.57936  7573.86   132.95 2.70 2.53  60.8 -0.414    19.63 21.46 02a58432o0165c 0x000000 -1.555556
58432.270950 19.922338      NaN  -17    13 c    0   1.40 292.09004 56.57936  8743.93  9968.79 2.77 2.44  25.6 -0.432    19.64 21.40 02a58432o0186c 0x000000 -1.307692
58432.272778 19.841877      NaN   -5    14 c    0   1.03 292.09004 56.57936  8689.19  9885.89 2.76 2.41  28.9 -0.420    19.62 21.32 02a58432o0190c 0x000000 -0.357143
58432.273693 20.009244      NaN  -35    12 c    0   1.60 292.09004 56.57936  7551.63    88.54 2.64 2.48 -80.2 -0.413    19.63 21.36 02a58432o0192c 0x000000 -2.916667
58432.281074 20.103715      NaN  -17    11 c    0   1.90 292.09004 56.57936  7602.88   166.69 2.70 2.50  45.2 -0.428    19.58 21.29 02a58432o0208c 0x000000 -1.545455
58432.282904 19.922338      NaN  -30    13 c    0   2.60 292.09004 56.57936  8761.06  9849.99 2.79 2.46  26.4 -0.426    19.47 21.09 02a58432o0212c 0x000000 -2.307692
58432.290017 17.981610      NaN   98    45 c    0   1.06 292.09004 56.57936  7624.56    48.90 2.79 2.50  39.0 -0.418    18.85 20.42 02a58432o0227c 0x100002  2.177778
58436.235575 19.841877      NaN   -6    14 c    0   1.10 292.09004 56.57936   329.85  7322.35 2.58 2.35 -23.2 -0.370    19.31 20.69 02a58436o0113c 0x000000 -0.428571
58436.244276 20.103715      NaN   -5    11 c    0   3.12 292.09004 56.57936   308.23  7279.79 2.46 2.27 -14.4 -0.381    19.32 20.66 02a58436o0131c 0x000000 -0.454545
58436.252972 19.868040      NaN    2    13 c    0   1.34 292.09004 56.57936  9514.96  7375.69 2.60 2.50  13.1 -0.426    19.41 20.72 02a58436o0149c 0x000000  0.153846
58436.253429 19.816329      NaN    7    12 c    0   2.47 292.09004 56.57936   370.86  7350.26 2.50 2.35 -21.4 -0.392    19.33 20.63 02a58436o0150c 0x000000  0.583333
58436.261721 20.103715      NaN  -24    11 c    0   2.63 292.09004 56.57936  9493.34  7333.10 2.61 2.48  18.5 -0.429    19.37 20.71 02a58436o0167c 0x000000 -2.181818
58436.262177 19.841877      NaN   -8    14 c    0   1.78 292.09004 56.57936   381.85  7231.06 2.39 2.24 -19.6 -0.403    19.31 20.61 02a58436o0168c 0x000000 -0.571429
58436.271038 19.922338      NaN  -10    13 c    0   1.74 292.09004 56.57936  9546.01  7413.21 2.65 2.50  16.9 -0.440    19.36 20.67 02a58436o0187c 0x000000 -0.769231
58436.281577 19.510313      NaN  -45    19 c    0   1.14 292.09004 56.57936  9565.63  7295.23 2.63 2.47  24.3 -0.456    18.89 20.26 02a58436o0210c 0x000000 -2.368421
58456.221822 19.894850      NaN    7    11 c    0   1.62 292.09004 56.57936  8301.34  4945.53 2.57 2.45 -46.9 -0.408    19.61 21.30 02a58456o0085c 0x000000  0.636364
58456.232589 20.207197      NaN    0    10 c    0   2.79 292.09004 56.57936  8279.95  4906.95 2.64 2.54 -45.9 -0.401    19.56 21.29 02a58456o0107c 0x000000  0.000000
58456.242679 19.791368      NaN   14    10 c    0   1.59 292.09004 56.57936  8343.49  4987.81 2.55 2.47 -41.7 -0.414    19.52 21.23 02a58456o0128c 0x000000  1.400000
58456.253208 20.103715      NaN  -11    11 c    0   1.88 292.09004 56.57936  8364.23  4871.97 2.63 2.58  -8.7 -0.420    19.47 21.18 02a58456o0150c 0x000000 -1.000000
58460.225851 20.103715      NaN  -14    11 c    0   2.37 292.09004 56.57936  7480.99  8852.08 3.13 2.95  16.6 -0.409    19.41 21.33 02a58460o0101c 0x000000 -1.272727
58460.235807 19.841877      NaN   -9    14 c    0   1.76 292.09004 56.57936  8864.43  2660.02 3.17 3.11   0.3 -0.404    19.35 21.30 02a58460o0114c 0x000000 -0.642857
58460.245703 20.009244      NaN  -26    12 c    0   1.83 292.09004 56.57936  8885.40  2549.99 3.00 2.90  35.9 -0.406    19.41 21.26 02a58460o0135c 0x000000 -2.166667
58604.631128 17.845990      NaN  -28    88 c    0   1.55 292.09004 56.57936  7925.75  8398.91 2.71 2.44 -61.4 -0.463    17.93 18.71 02a58604o0779c 0x100002 -0.318182
58612.533863 19.950541      NaN    5    11 c    0   1.60 292.09004 56.57936  7670.44  9537.23 2.78 2.65  72.9 -0.399    19.68 21.52 02a58612o0647c 0x000000  0.454545
58612.535762 20.207197      NaN    3     9 c    0   1.74 292.09004 56.57936  7691.78  9576.15 2.83 2.67  64.1 -0.397    19.65 21.52 02a58612o0651c 0x000000  0.333333
58612.540939 19.950541      NaN    5    11 c    0   1.37 292.09004 56.57936  7632.55  9499.00 2.80 2.72  68.1 -0.400    19.70 21.52 02a58612o0662c 0x000000  0.454545
58612.556817 20.207197      NaN  -10    10 c    0   2.29 292.09004 56.57936  7609.98  9618.90 2.94 2.66  50.4 -0.396    19.64 21.51 02a58612o0695c 0x000000 -1.000000
58636.518624 20.449472      NaN   -9     8 c    0   2.00 292.09004 56.57936  4319.43  3179.25 2.43 2.36  70.9 -0.404    19.73 21.67 02a58636o0614c 0x000000 -1.125000
58636.523299 20.449472      NaN  -40     8 c    0   1.26 292.09004 56.57936  4339.86  3220.89 2.42 2.32  62.9 -0.406    19.75 21.70 02a58636o0624c 0x000000 -5.000000
58636.529036 20.594452      NaN  -23     7 c    0   2.24 292.09004 56.57936  4282.10  3140.61 2.45 2.34  55.5 -0.406    19.74 21.72 02a58636o0636c 0x000000 -3.285714
58636.541790 19.816329      NaN   16     9 c    0   1.59 292.09004 56.57936  4266.61  3256.22 2.48 2.36  50.3 -0.401    19.77 21.78 02a58636o0663c 0x000000  1.777778
58664.491283 20.321591      NaN  -11     9 c    0   1.77 292.09004 56.57936  2466.59  5610.52 2.47 2.30  21.2 -0.403    19.77 21.90 02a58664o0539c 0x000000 -1.222222
58664.494066 20.321591      NaN  -24     9 c    0   2.50 292.09004 56.57936  2447.29  5572.04 2.42 2.29  27.9 -0.401    19.79 21.90 02a58664o0545c 0x000000 -2.666667
58664.499561 20.449472      NaN   -2     8 c    0   2.04 292.09004 56.57936  2502.15  5644.32 2.40 2.31   0.3 -0.408    19.80 21.93 02a58664o0557c 0x000000 -0.250000
58664.512240 20.207197      NaN   -6    10 c    0   1.78 292.09004 56.57936  2509.86  5522.83 2.72 2.31  35.0 -0.391    19.74 21.95 02a58664o0583c 0x000000 -0.600000
58668.442014 20.761819      NaN  -13     6 c    0   3.51 292.09004 56.57936  8021.30  1381.45 2.50 2.33 -69.6 -0.404    19.75 21.68 02a58668o0432c 0x000000 -2.166667
58668.445428 20.207197      NaN  -10    10 c    0   1.48 292.09004 56.57936  8039.79  1420.32 2.49 2.40  89.0 -0.398    19.70 21.69 02a58668o0439c 0x000000 -1.000000
58668.451410 20.321591      NaN  -36     9 c    0   1.11 292.09004 56.57936  7985.30  1345.79 2.50 2.36 -73.4 -0.404    19.67 21.73 02a58668o0452c 0x000000 -4.000000
58668.462235 20.449472      NaN  -20     8 c    0   2.61 292.09004 56.57936  7960.01  1463.05 2.55 2.34 -65.5 -0.404    19.72 21.75 02a58668o0475c 0x000000 -2.500000
58692.551583 20.321591      NaN   -2     9 c    0   2.50 292.09004 56.57936  4344.44  9531.52 2.62 2.50  38.4 -0.382    19.63 21.58 02a58692o0604c 0x000000 -0.222222
58692.554396 20.009244      NaN   -5    12 c    0   2.17 292.09004 56.57936  4326.57  9491.73 2.54 2.51  51.1 -0.387    19.62 21.56 02a58692o0610c 0x000000 -0.416667
58692.559538 20.009244      NaN  -18    12 c    0   1.98 292.09004 56.57936  4382.10  9569.93 2.55 2.45  35.0 -0.389    19.62 21.53 02a58692o0621c 0x000000 -1.500000
58692.569345 20.207197      NaN    0    10 c    0   2.47 292.09004 56.57936  4403.99  9450.50 2.60 2.34 -42.5 -0.401    19.61 21.47 02a58692o0642c 0x000000  0.000000
58700.509928 19.652575      NaN   20    10 c    0   1.70 292.09004 56.57936  6855.05  1290.08 2.62 2.53 -87.0 -0.386    19.64 21.67 02a58700o0534c 0x000000  2.000000
58700.513128 20.103715      NaN    6     9 c    0   3.01 292.09004 56.57936  6833.41  1249.28 2.42 2.32 -70.4 -0.401    19.74 21.66 02a58700o0541c 0x000000  0.666667
58700.519231 20.321591      NaN   -4     9 c    0   3.89 292.09004 56.57936  6891.01  1326.90 2.40 2.31  89.1 -0.396    19.75 21.62 02a58700o0554c 0x000000 -0.444444
58700.531326 20.207197      NaN   -6    10 c    0   2.39 292.09004 56.57936  6914.62  1209.20 2.43 2.32  77.2 -0.398    19.71 21.58 02a58700o0580c 0x000000 -0.600000
58704.388456 19.609992      NaN   16    12 c    0   1.89 292.09004 56.57936  6875.16  1307.85 2.55 2.45 -69.6 -0.389    19.25 20.59 02a58704o0339c 0x000000  1.333333
58704.391240 19.841877      NaN   -6    14 c    0   1.48 292.09004 56.57936  6856.85  1268.91 2.74 2.63 -79.8 -0.380    19.22 20.59 02a58704o0345c 0x000000 -0.428571
58704.396944 19.696897      NaN    9    13 c    0   1.65 292.09004 56.57936  6915.80  1344.79 2.49 2.40 -75.8 -0.391    19.29 20.60 02a58704o0357c 0x000000  0.692308
58704.407676 19.922338      NaN  -12    13 c    0   1.85 292.09004 56.57936  6935.98  1229.09 2.66 2.49 -59.1 -0.390    19.28 20.63 02a58704o0380c 0x000000 -0.923077
58708.419124 19.128787      NaN  -15    27 c    0   1.30 292.09004 56.57936  2485.24  7644.19 2.39 2.30   2.4 -0.384    18.57 19.46 02a58708o0416c 0x100002 -0.555556
58708.422335 19.128787      NaN  -21    27 c    0   1.18 292.09004 56.57936  2467.81  7604.71 2.68 2.31  29.1 -0.356    18.57 19.47 02a58708o0423c 0x100002 -0.777778
58708.428927 19.051202      NaN    0    29 c    0   1.43 292.09004 56.57936  2522.41  7679.08 2.66 2.31  34.6 -0.354    18.35 19.28 02a58708o0437c 0x100002  0.000000
58708.440861 18.748255      NaN   31    28 c    0   1.24 292.09004 56.57936  2540.78  7559.51 2.44 2.43   9.7 -0.376    18.58 19.48 02a58708o0463c 0x100002  1.107143
58720.351832 19.652575      NaN   20    10 c    0   1.48 292.09004 56.57936  8801.69  3319.27 2.45 2.40  46.8 -0.392    19.81 21.84 02a58720o0283c 0x000000  2.000000
58720.355060 20.761819      NaN  -11     6 c    0   3.48 292.09004 56.57936  8778.52  3274.29 2.53 2.41  36.0 -0.393    19.81 21.84 02a58720o0290c 0x000000 -1.833333
58720.360552 20.321591      NaN    0     9 c    0   1.46 292.09004 56.57936  8836.20  3356.33 2.53 2.38  37.8 -0.390    19.82 21.84 02a58720o0302c 0x000000  0.000000
58720.371614 20.449472      NaN   -4     8 c    0   2.36 292.09004 56.57936  8858.26  3241.16 2.45 2.37  50.3 -0.395    19.79 21.84 02a58720o0326c 0x000000 -0.500000
58724.379926 20.449472      NaN  -18     8 c    0   3.02 292.09004 56.57936   709.51  9396.95 2.66 2.10 -47.8 -0.461    19.74 21.61 02a58724o0351c 0x000000 -2.250000
58724.383216 19.922338      NaN   12     9 c    0   2.00 292.09004 56.57936   690.27  9358.80 2.66 2.09 -47.0 -0.460    19.75 21.60 02a58724o0358c 0x000000  1.333333
58724.389774 20.321591      NaN   -8     9 c    0   2.21 292.09004 56.57936   744.24  9432.58 2.42 2.15 -41.8 -0.462    19.76 21.59 02a58724o0372c 0x000000 -0.888889
58724.391627 20.103715      NaN  -26    11 c    0   1.52 292.09004 56.57936  9908.08  9402.29 2.76 2.59 -80.3 -0.390    19.77 21.58 02a58724o0376c 0x000000 -2.363636
58724.394835 20.103715      NaN   -2    11 c    0   2.18 292.09004 56.57936  9888.19  9360.87 2.74 2.63 -85.2 -0.389    19.77 21.70 02a58724o0383c 0x000000 -0.181818
58724.401014 19.841877      NaN    6    12 c    0   1.70 292.09004 56.57936  9946.23  9442.48 2.96 2.53 -59.4 -0.388    19.81 21.68 02a58724o0396c 0x000000  0.500000
58724.403311 20.103715      NaN  -30    11 c    0   1.64 292.09004 56.57936   761.80  9311.26 2.60 2.08 -48.7 -0.463    19.73 21.63 02a58724o0401c 0x000000 -2.727273
58724.412056 20.207197      NaN  -15    10 c    0   1.67 292.09004 56.57936  9961.17  9324.67 2.73 2.65 -76.6 -0.390    19.76 21.64 02a58724o0420c 0x000000 -1.500000
58728.312631 20.321591      NaN   -1     9 c    0   1.72 292.09004 56.57936   732.43  9409.22 2.92 2.21 -52.4 -0.443    19.76 21.98 02a58728o0191c 0x000000 -0.111111
58728.316290 19.868040      NaN   11    10 c    0   1.83 292.09004 56.57936   712.88  9370.33 3.01 2.20 -52.1 -0.442    19.78 21.97 02a58728o0199c 0x000000  1.100000
58728.322732 20.103715      NaN   -6    11 c    0   1.60 292.09004 56.57936   765.30  9443.77 3.06 2.28 -51.5 -0.438    19.78 21.96 02a58728o0213c 0x000000 -0.545455
58728.327801 20.207197      NaN   -2    10 c    0   1.49 292.09004 56.57936  9930.96  9408.66 3.15 2.66 -64.0 -0.371    19.82 21.91 02a58728o0224c 0x000000 -0.200000
58728.331026 20.207197      NaN  -39    10 c    0   2.19 292.09004 56.57936  9909.28  9365.69 3.18 2.65 -63.7 -0.368    19.78 21.89 02a58728o0231c 0x000000 -3.900000
58728.334226 20.103715      NaN    3    10 c    0   2.00 292.09004 56.57936   781.56  9322.39 2.83 2.22 -50.1 -0.447    19.81 21.90 02a58728o0238c 0x000000  0.300000
58728.336513 19.868040      NaN   11    10 c    0   1.56 292.09004 56.57936  9966.00  9449.85 3.10 2.69 -64.7 -0.367    19.79 21.87 02a58728o0243c 0x000000  1.100000
58728.347968 20.103715      NaN  -13    11 c    0   3.07 292.09004 56.57936  9980.08  9329.67 3.13 2.71 -68.3 -0.366    19.73 21.72 02a58728o0268c 0x000000 -1.181818
58752.314869 20.039830      NaN    8     9 c    0   2.04 292.09004 56.57936  4382.88  5459.74 2.26 2.23  27.3 -0.398    19.79 21.65 02a58752o0204c 0x000000  0.888889
58752.318091 20.321591      NaN  -23     9 c    0   2.52 292.09004 56.57936  4361.26  5417.94 2.54 2.20  38.1 -0.382    19.77 21.65 02a58752o0211c 0x000000 -2.555556
58752.323716 20.321591      NaN  -18     9 c    0   3.12 292.09004 56.57936  4419.79  5496.10 2.24 2.24  -3.8 -0.400    19.79 21.63 02a58752o0223c 0x000000 -2.000000
58752.333958 20.137125      NaN    5     9 c    0   1.63 292.09004 56.57936  4437.23  5378.04 2.22 2.22 -34.2 -0.405    19.79 21.66 02a58752o0245c 0x000000  0.555556
58756.329981 19.529530      NaN   17    13 c    0   1.84 292.09004 56.57936   496.29  5802.66 3.04 2.88 -44.0 -0.371    19.37 21.36 02a58756o0288c 0x000000  1.307692
58756.332801 20.207197      NaN  -19    10 c    0   2.01 292.09004 56.57936   476.21  5762.48 2.76 2.52 -44.9 -0.380    19.49 21.37 02a58756o0294c 0x000000 -1.900000
58756.339344 20.207197      NaN   -5    10 c    0   2.51 292.09004 56.57936   533.68  5837.86 3.15 2.89 -42.3 -0.368    19.33 21.38 02a58756o0308c 0x000000 -0.500000
58756.349157 19.696897 0.248815   48    11 c    0   1.39 292.09004 56.57936   554.83  5717.45 2.65 2.53 -43.0 -0.376    19.49 21.36 02a58756o0329c 0x000000  4.363636
58756.355999 19.922338      NaN  -38    13 c    0   1.30 292.09004 56.57936 10117.38  5806.89 3.07 2.91 -63.0 -0.391    19.46 21.43 02a58756o0343c 0x000000 -2.923077
58756.359240 20.207197      NaN  -20    10 c    0   2.45 292.09004 56.57936 10096.89  5765.48 2.92 2.72 -68.7 -0.401    19.54 21.44 02a58756o0350c 0x000000 -2.000000
58756.365320 19.652575      NaN   14    12 c    0   1.75 292.09004 56.57936 10154.14  5849.58 2.91 2.74 -66.4 -0.396    19.54 21.38 02a58756o0363c 0x000000  1.166667
58756.375440 19.631075      NaN   -9    17 c    0   1.29 292.09004 56.57936 10171.85  5730.43 3.04 2.87 -61.5 -0.389    19.12 20.92 02a58756o0385c 0x000000 -0.529412
58780.289686 20.207197      NaN    0    10 c    0   1.70 292.09004 56.57936  4968.25   888.81 2.36 2.23 -82.8 -0.413    19.69 21.33 02a58780o0226c 0x000000  0.000000
58780.292888 20.207197      NaN    3     9 c    0   3.11 292.09004 56.57936  4947.04   846.20 2.37 2.22 -81.3 -0.410    19.60 21.34 02a58780o0233c 0x000000  0.333333
58780.298942 20.009244      NaN    6    10 c    0   1.64 292.09004 56.57936  5009.24   927.34 2.37 2.23 -87.7 -0.410    19.65 21.32 02a58780o0246c 0x000000  0.600000
58780.309734 20.103715      NaN   -3    11 c    0   1.77 292.09004 56.57936  5029.34   808.53 2.33 2.22 -84.5 -0.411    19.62 21.26 02a58780o0269c 0x000000 -0.272727
58784.243808 19.719755      NaN   17    10 c    0   1.88 292.09004 56.57936  4983.74   889.72 2.72 2.63 -77.8 -0.403    19.57 21.35 02a58784o0080c 0x000000  1.700000
58784.246771 20.207197      NaN   -6    10 c    0   2.27 292.09004 56.57936  4961.98   849.44 2.49 2.36 -66.4 -0.406    19.63 21.34 02a58784o0086c 0x000000 -0.600000
58784.253252 20.321591      NaN  -12     9 c    0   2.31 292.09004 56.57936  5022.66   927.26 2.75 2.60 -61.4 -0.408    19.46 21.28 02a58784o0100c 0x000000 -1.333333
58834.197797 18.504094      NaN   42    34 c    0   1.12 292.09004 56.57936  6205.30  9429.69 3.65 3.37 -50.7 -0.350    18.40 19.79 02a58834o0015c 0x100002  1.235294
58834.200151 19.302877      NaN  -21    23 c    0   1.23 292.09004 56.57936  6186.79  9386.91 3.45 3.12 -52.6 -0.370    18.78 20.25 02a58834o0020c 0x000000 -0.913043
58834.207956 19.631075      NaN  -38    17 c    0   1.20 292.09004 56.57936  6240.47  9467.03 3.82 3.44 -47.5 -0.355    19.04 20.99 02a58834o0036c 0x000000 -2.235294
58964.593149 20.009244      NaN  -24    12 c    0   1.53 292.09004 56.57936  9765.76  9354.37 3.03 2.94  83.6 -0.350    19.56 21.52 02a58964o0775c 0x000000 -2.000000
58964.604009 19.868040      NaN    5    12 c    0   1.58 292.09004 56.57936  9791.55  9392.00 3.18 3.02 -71.0 -0.350    19.53 21.52 02a58964o0798c 0x000000  0.416667
58964.608187 20.103715      NaN  -52    11 c    0   1.52 292.09004 56.57936  9725.70  9318.66 3.17 2.95 -62.6 -0.350    19.60 21.53 02a58964o0807c 0x000000 -4.727273
58964.615839 19.922338      NaN    3    12 c    0   1.60 292.09004 56.57936  9707.87  9438.42 3.35 3.17 -68.7 -0.340    19.49 21.46 02a58964o0823c 0x000000  0.250000
58968.531230 20.103715      NaN    3    10 c    0   1.58 292.09004 56.57936  9758.79  9349.59 2.82 2.76  63.8 -0.368    19.59 21.44 02a58968o0636c 0x000000  0.300000
58968.533064 20.009244      NaN   -2    12 c    0   1.22 292.09004 56.57936  9779.23  9388.32 2.86 2.77  48.7 -0.365    19.59 21.45 02a58968o0640c 0x000000 -0.166667
58968.538135 19.743105      NaN    7    13 c    0   1.15 292.09004 56.57936  9715.17  9312.12 2.80 2.72  58.2 -0.371    19.65 21.48 02a58968o0651c 0x000000  0.538462
58968.544558 20.009244      NaN  -19    12 c    0   1.55 292.09004 56.57936  9695.73  9432.50 2.77 2.71  60.0 -0.370    19.66 21.48 02a58968o0665c 0x000000 -1.583333
58972.582979 20.207197      NaN  -15    10 c    0   1.20 292.09004 56.57936   543.52  3224.60 2.53 2.43  48.2 -0.398    19.64 21.49 02a58972o0743c 0x000000 -1.500000
58972.583907 20.207197      NaN   -2    10 c    0   1.35 292.09004 56.57936  9943.98  3216.17 2.73 2.68 -88.0 -0.386    19.57 21.55 02a58972o0745c 0x000000 -0.200000
58972.586675 20.321591      NaN  -23     9 c    0   1.53 292.09004 56.57936   565.26  3264.96 2.56 2.50  84.5 -0.401    19.61 21.50 02a58972o0751c 0x000000 -2.555556
58972.599009 20.207197      NaN  -14    10 c    0   1.54 292.09004 56.57936  9968.07  3255.95 2.67 2.49 -69.9 -0.400    19.66 21.59 02a58972o0777c 0x000000 -1.400000
58972.599466 20.103715      NaN   -9    11 c    0   0.91 292.09004 56.57936   510.62  3184.50 2.47 2.40  83.2 -0.403    19.66 21.54 02a58972o0778c 0x000000 -0.818182
58972.607782 20.207197      NaN  -24    10 c    0   1.66 292.09004 56.57936  9911.77  3182.78 2.68 2.52 -67.2 -0.399    19.72 21.62 02a58972o0796c 0x000000 -2.400000
58972.608239 20.207197      NaN  -17    10 c    0   1.60 292.09004 56.57936   492.90  3299.25 2.45 2.39  90.0 -0.403    19.64 21.56 02a58972o0797c 0x000000 -1.700000
58972.613475 19.950541      NaN    8    10 c    0   2.55 292.09004 56.57936   690.18  7269.85 2.44 2.33 -22.4 -0.406    19.68 21.49 02a58972o0808c 0x000000  0.800000
58988.523090 20.207197      NaN   -1    10 c    0   1.11 292.09004 56.57936  6208.13  3081.50 2.52 2.42  65.2 -0.394    19.68 21.58 02a58988o0625c 0x000000 -0.100000
58988.526753 20.321591      NaN  -18     9 c    0   1.54 292.09004 56.57936  6228.24  3121.15 2.54 2.45  68.6 -0.390    19.66 21.56 02a58988o0633c 0x000000 -2.000000
58988.546879 20.321591      NaN  -18     9 c    0   1.93 292.09004 56.57936  6173.96  3045.64 2.51 2.40  64.5 -0.390    19.68 21.55 02a58988o0676c 0x000000 -2.000000
58988.550992 20.321591      NaN  -13     9 c    0   1.41 292.09004 56.57936  6159.30  3163.74 2.52 2.35  56.7 -0.392    19.68 21.58 02a58988o0685c 0x000000 -1.444444
58992.500822 20.449472      NaN  -27     8 c    0   2.04 292.09004 56.57936  6205.58  3081.62 2.57 2.45 -86.1 -0.387    19.62 21.57 02a58992o0575c 0x000000 -3.375000
58992.502662 20.103715      NaN  -18    11 c    0   1.37 292.09004 56.57936  6223.26  3120.21 2.54 2.39  72.6 -0.393    19.66 21.56 02a58992o0579c 0x000000 -1.636364
58992.505875 20.449472      NaN   -2     8 c    0   1.86 292.09004 56.57936  6167.43  3043.29 2.51 2.38  76.8 -0.395    19.69 21.57 02a58992o0586c 0x000000 -0.250000
58992.515955 20.321591      NaN   -9     9 c    0   2.43 292.09004 56.57936  6147.20  3161.94 2.49 2.33  64.2 -0.396    19.69 21.61 02a58992o0607c 0x000000 -1.000000
59000.506572 20.207197      NaN   -1    10 c    0   1.67 292.09004 56.57936  9675.93  7316.22 3.03 2.48  40.8 -0.383    19.68 21.79 02a59000o0558c 0x000000 -0.100000
59000.508402 20.321591      NaN  -12     9 c    0   1.44 292.09004 56.57936  9702.17  7351.99 2.71 2.56  67.3 -0.401    19.78 21.81 02a59000o0562c 0x000000 -1.333333
59000.512093 20.449472      NaN  -23     8 c    0   2.34 292.09004 56.57936  9643.88  7275.74 2.73 2.55  59.2 -0.400    19.80 21.84 02a59000o0570c 0x000000 -2.875000
59000.517123 19.922338      NaN    9    10 c    0   2.47 292.09004 56.57936  9625.54  7394.44 2.74 2.57  59.2 -0.399    19.79 21.85 02a59000o0581c 0x000000  0.900000
59015.450989 20.321591      NaN  -36     9 c    0   1.87 292.09004 56.57936  7695.77  9547.39 2.92 2.64  54.3 -0.386    19.73 21.79 02a59015o0452c 0x000000 -4.000000
59015.454189 19.652575      NaN   20    10 c    0   2.38 292.09004 56.57936  7717.48  9586.34 2.92 2.72  60.7 -0.385    19.69 21.79 02a59015o0459c 0x000000  2.000000
59015.460190 20.103715      NaN   -7    11 c    0   1.29 292.09004 56.57936  7654.84  9508.06 2.85 2.77  68.5 -0.390    19.73 21.81 02a59015o0472c 0x000000 -0.636364
59015.481194 19.979496      NaN    7    10 c    0   2.04 292.09004 56.57936  7639.18  9627.44 2.94 2.66  48.6 -0.385    19.73 21.82 02a59015o0516c 0x000000  0.700000
59020.506070 20.009244      NaN   -8    12 c    0   1.17 292.09004 56.57936  6294.18  5361.37 2.73 2.47  37.0 -0.389    19.68 21.65 02a59020o0511c 0x000000 -0.666667
59020.509278 20.244005      NaN    2     9 c    0   2.40 292.09004 56.57936  6273.07  5318.73 2.59 2.33  34.3 -0.393    19.70 21.62 02a59020o0518c 0x000000  0.222222
59020.514805 20.103715      NaN   -5    11 c    0   1.04 292.09004 56.57936  6329.80  5395.01 2.64 2.38  36.3 -0.388    19.72 21.70 02a59020o0530c 0x000000 -0.454545
59020.550107 20.321591      NaN  -19     9 c    0   1.94 292.09004 56.57936  6344.91  5282.14 2.54 2.29  33.4 -0.395    19.62 21.55 02a59020o0606c 0x000000 -2.111111
59028.511840 20.449472      NaN   -8     8 c    0   4.01 292.09004 56.57936  8037.33  9391.62 2.65 2.51  45.4 -0.398    19.77 21.92 02a59028o0577c 0x000000 -1.000000
59028.515502 20.207197      NaN  -16    10 c    0   1.24 292.09004 56.57936  8016.73  9346.84 2.53 2.46  72.3 -0.406    19.85 21.92 02a59028o0585c 0x000000 -1.600000
59028.521903 20.321591      NaN   -3     9 c    0   2.03 292.09004 56.57936  8072.02  9428.47 2.70 2.36  42.5 -0.397    19.79 21.93 02a59028o0599c 0x000000 -0.333333
59028.532103 20.207197      NaN  -29    10 c    0   1.62 292.09004 56.57936  8095.34  9314.77 2.55 2.50  79.1 -0.395    19.83 21.92 02a59028o0621c 0x000000 -2.900000
59048.389461 20.207197      NaN  -11    10 c    0   1.07 292.09004 56.57936  2457.15  3225.78 2.44 2.31  56.3 -0.404    19.75 22.00 02a59048o0318c 0x000000 -1.100000
59048.391290 20.321591      NaN  -22     9 c    0   1.63 292.09004 56.57936  2476.98  3267.81 2.44 2.35  56.7 -0.403    19.76 22.01 02a59048o0322c 0x000000 -2.444444
59048.396810 20.449472      NaN  -36     8 c    0   2.31 292.09004 56.57936  2420.58  3186.93 2.45 2.37  61.4 -0.402    19.76 22.02 02a59048o0334c 0x000000 -4.500000
59048.427259 20.171596      NaN    7     8 c    0   2.41 292.09004 56.57936  2408.24  3305.13 2.43 2.39  69.8 -0.404    19.72 22.03 02a59048o0399c 0x000000  0.875000
59072.357078 19.652575      NaN   23     9 c    0   1.99 292.09004 56.57936  2560.91  9207.60 2.42 2.29 -53.3 -0.412    19.70 21.76 02a59072o0278c 0x000000  2.555556
59072.360769 20.009244      NaN   -3    12 c    0   2.66 292.09004 56.57936  2546.80  9174.69 2.64 2.17 -53.0 -0.420    19.73 21.76 02a59072o0286c 0x000000 -0.250000
59072.367189 20.207197      NaN  -12    10 c    0   2.70 292.09004 56.57936  2598.14  9243.89 2.48 2.24 -54.9 -0.412    19.68 21.74 02a59072o0300c 0x000000 -1.200000
59072.378220 20.207197      NaN   -4    10 c    0   2.63 292.09004 56.57936  2617.61  9130.39 2.51 2.16 -51.3 -0.419    19.76 21.71 02a59072o0324c 0x000000 -0.400000
59076.394188 20.449472      NaN  -15     8 c    0   2.63 292.09004 56.57936  8229.49  5327.93 2.57 2.44  46.2 -0.388    19.70 21.74 02a59076o0312c 0x000000 -1.875000
59076.396990 20.449472      NaN  -14     8 c    0   2.85 292.09004 56.57936  8203.14  5280.83 2.61 2.39  37.2 -0.380    19.63 21.64 02a59076o0318c 0x000000 -1.750000
59076.403019 20.321591      NaN  -28     9 c    0   3.26 292.09004 56.57936  8263.84  5363.87 2.56 2.39  38.5 -0.386    19.31 21.26 02a59076o0331c 0x000000 -3.111111
59076.414137 20.137125      NaN    8     8 c    0   2.51 292.09004 56.57936  8285.04  5250.48 2.48 2.35  39.2 -0.388    19.75 21.67 02a59076o0355c 0x000000  1.000000
59080.355938 20.244005      NaN    2     9 c    0   1.85 292.09004 56.57936  8232.67  5327.78 2.63 2.40  39.8 -0.380    19.77 21.85 02a59080o0277c 0x000000  0.222222
59080.359147 20.207197      NaN   -1    10 c    0   1.65 292.09004 56.57936  8213.63  5288.13 2.64 2.40  36.6 -0.383    19.75 21.85 02a59080o0284c 0x000000 -0.100000
59080.364647 20.321591      NaN   -1     9 c    0   2.91 292.09004 56.57936  8271.24  5366.63 2.57 2.40  41.2 -0.386    19.77 21.84 02a59080o0296c 0x000000 -0.111111
59080.377496 20.321591      NaN   -6     9 c    0   2.01 292.09004 56.57936  8287.20  5247.79 2.61 2.41  41.0 -0.383    19.76 21.82 02a59080o0324c 0x000000 -0.666667
59084.385563 20.449472      NaN  -14     8 c    0   1.71 292.09004 56.57936  6903.00  2862.73 2.39 2.27  35.8 -0.391    19.73 21.82 02a59084o0339c 0x000000 -1.750000
59084.388829 20.449472      NaN  -27     8 c    0   2.45 292.09004 56.57936  6882.44  2822.61 2.36 2.30  38.0 -0.392    19.74 21.81 02a59084o0346c 0x000000 -3.375000
59084.395252 20.009244      NaN    3    11 c    0   1.14 292.09004 56.57936  6943.06  2899.97 2.44 2.28  41.7 -0.391    19.74 21.76 02a59084o0360c 0x000000  0.272727
59084.405367 20.321591      NaN  -17     9 c    0   1.34 292.09004 56.57936  6964.85  2783.09 2.40 2.36  44.3 -0.386    19.68 21.71 02a59084o0382c 0x000000 -1.888889
59104.364224 20.449472      NaN    0     8 c    0   2.73 292.09004 56.57936  6843.13  1298.26 2.42 2.30 -79.7 -0.399    19.72 21.75 02a59104o0328c 0x000000  0.000000
59104.370196 20.207197      NaN  -22    10 c    0   1.42 292.09004 56.57936  6822.71  1261.90 2.36 2.24 -64.9 -0.406    19.74 21.74 02a59104o0341c 0x000000 -2.200000
59104.382667 19.766969      NaN   18     9 c    0   2.49 292.09004 56.57936  6882.61  1333.77 2.40 2.31 -77.1 -0.399    19.70 21.71 02a59104o0368c 0x000000  2.000000
59104.387750 20.321591      NaN    3     8 c    0   4.05 292.09004 56.57936  6904.42  1217.31 2.43 2.32 -74.6 -0.402    19.70 21.70 02a59104o0379c 0x000000  0.375000
59108.338303 20.207197      NaN   -3    10 c    0   2.93 292.09004 56.57936  2467.04  7638.70 2.58 2.30 -48.2 -0.402    19.66 21.76 02a59108o0257c 0x000000 -0.300000
59108.341520 20.103715      NaN   -2    11 c    0   2.03 292.09004 56.57936  2448.79  7599.94 2.57 2.32 -50.4 -0.409    19.66 21.76 02a59108o0264c 0x000000 -0.181818
59108.347537 19.950541      NaN    8    10 c    0   2.32 292.09004 56.57936  2502.87  7671.50 2.47 2.29 -46.3 -0.406    19.71 21.77 02a59108o0277c 0x000000  0.800000
59108.357728 20.207197      NaN   -8    10 c    0   2.50 292.09004 56.57936  2521.51  7555.56 2.58 2.36 -49.6 -0.402    19.63 21.74 02a59108o0299c 0x000000 -0.800000
59136.266441 19.589310      NaN   20    11 c    0   1.25 292.09004 56.57936  4908.58  2941.71 2.37 2.32  67.1 -0.402    19.54 21.24 02a59136o0221c 0x000000  1.818182
59136.276672 15.261746      NaN  177   892 c    0   1.34 292.09004 56.57936  4952.13  2980.20 2.47 2.32 -58.2 -0.400    16.17 17.71 02a59136o0243c 0x100002  0.198430
59136.287228 17.986280      NaN  100    44 c    0   1.16 292.09004 56.57936  4973.10  2861.12 2.39 2.34 -87.5 -0.399    17.86 19.43 02a59136o0266c 0x100002  2.272727
59140.288520 16.167322      NaN -492   413 c    0   0.91 292.09004 56.57936  6200.53  9436.37 2.52 2.47  56.6 -0.442    17.27 18.81 02a59140o0212c 0x100002 -1.191283
59140.291724 18.757738      NaN  -62    38 c    0   1.28 292.09004 56.57936  6182.11  9393.45 2.52 2.47  38.1 -0.398    18.00 19.44 02a59140o0219c 0x100002 -1.631579
59140.299105 17.143924      NaN -220   168 c    0   0.69 292.09004 56.57936  6234.40  9470.97 2.62 2.52  41.7 -0.400    17.32 18.73 02a59140o0235c 0x100002 -1.309524
59140.310107 17.464922      NaN  -88   125 c    0   0.82 292.09004 56.57936  6253.49  9352.04 2.75 2.65  31.2 -0.379    16.75 18.11 02a59140o0259c 0x100002 -0.704000
59160.194785 15.184278      NaN 1180   628 c    0   0.87 292.09004 56.57936   501.49  5812.61 2.48 2.38 -29.0 -0.402    14.86 15.89 02a59160o0025c 0x100002  1.878981
59160.197997 16.066951      NaN -434   453 c    0   0.79 292.09004 56.57936   481.84  5772.61 2.46 2.37 -33.5 -0.362    15.91 16.99 02a59160o0032c 0x100002 -0.958057
59160.205315 18.376212      NaN  -30    54 c    0   1.09 292.09004 56.57936   539.70  5843.73 2.41 2.31   0.1 -0.373    17.04 18.43 02a59160o0048c 0x100002 -0.555556
59160.206231 17.422338      NaN -173   130 c    0   0.99 292.09004 56.57936 10123.84  5809.92 2.66 2.52  24.0 -0.404    17.88 19.18 02a59160o0050c 0x100002 -1.330769
59160.209438 17.238395      NaN   -7   154 c    0   1.12 292.09004 56.57936 10103.68  5768.75 2.66 2.52  32.5 -0.397    17.23 18.59 02a59160o0057c 0x100002 -0.045455
59160.214940 17.603715      NaN -135   110 c    0   1.75 292.09004 56.57936 10158.45  5847.42 2.77 2.57  29.3 -0.396    17.29 18.61 02a59160o0069c 0x100002 -1.227273
59160.220452 14.870161      NaN -270  1364 c    0   0.91 292.09004 56.57936   556.61  5719.69 2.47 2.35  15.5 -0.396    13.76 14.97 02a59160o0081c 0x100002 -0.197947
59160.225503 15.517134      NaN 1064   397 c    0   2.06 292.09004 56.57936 10179.32  5733.58 2.69 2.51  29.0 -0.395    15.83 17.03 02a59160o0092c 0x100002  2.680101
59194.192721 18.816441      NaN  -22    36 c    0   1.00 292.09004 56.57936  3746.59  9275.07 2.30 2.12 -26.2 -0.375    18.27 20.62 01a59194o0022c 0x100002 -0.611111
59194.195944 19.631075      NaN  -52    17 c    0   1.41 292.09004 56.57936  3766.71  9311.92 2.29 2.10 -47.5 -0.384    18.86 21.41 01a59194o0029c 0x000000 -3.058824
59194.201946 20.009244      NaN    0    12 c    0   1.39 292.09004 56.57936  3702.81  9236.58 2.30 2.20 -48.6 -0.384    19.44 22.35 01a59194o0042c 0x000000  0.000000
59194.213931 20.103715      NaN   -6    11 c    0   1.43 292.09004 56.57936  3679.37  9351.75 2.65 2.18 -40.9 -0.401    19.56 22.74 01a59194o0068c 0x000000 -0.545455
59262.635578 19.922338      NaN  -16    13 c    0   1.94 292.09004 56.57936   846.08  1192.05 2.69 2.56  20.0 -0.384    19.40 21.41 01a59262o0912c 0x000000 -1.230769
59262.653950 20.009244      NaN  -12    12 c    0   1.89 292.09004 56.57936   825.13  1158.73 2.79 2.64  25.1 -0.359    19.36 21.24 01a59262o0951c 0x000000 -1.000000
59262.657671 20.009244      NaN  -34    12 c    0   2.27 292.09004 56.57936   883.76  1234.22 2.85 2.68  67.2 -0.408    19.31 21.05 01a59262o0959c 0x000000 -2.833333
59262.663752 18.786693      NaN   36    25 c    0   1.81 292.09004 56.57936   902.20  1118.37 2.69 2.56  24.6 -0.384    18.78 19.76 01a59262o0972c 0x100002  1.440000
59292.573011 20.103715      NaN    3    10 c    0   2.25 292.09004 56.57936  6190.09  1043.36 2.66 2.55 -77.7 -0.392    19.49 21.51 02a59292o0757c 0x000000  0.300000
59292.576254 20.207197      NaN  -14    10 c    0   2.29 292.09004 56.57936  6208.68  1080.82 2.74 2.66 -69.0 -0.392    19.45 21.52 02a59292o0764c 0x000000 -1.400000
59292.581753 19.894850      NaN    7    11 c    0   1.94 292.09004 56.57936  6153.82  1002.65 3.11 3.04 -71.7 -0.378    19.31 21.51 02a59292o0776c 0x000000  0.636364
59292.592368 20.009244      NaN  -37    12 c    0   2.09 292.09004 56.57936  6134.53  1119.83 3.62 3.45 -39.2 -0.370    19.22 21.58 02a59292o0799c 0x000000 -3.083333
59314.593597 20.449472      NaN   -8     8 c    0   2.77 292.09004 56.57936  6304.08  5344.55 2.30 2.28  84.2 -0.365    19.82 21.50 01a59314o0803c 0x000000 -1.000000
59314.596827 20.103715      NaN    3    10 c    0   1.26 292.09004 56.57936  6286.37  5303.07 2.34 2.30  84.9 -0.367    19.84 21.49 01a59314o0810c 0x000000  0.300000
59314.617949 20.761819      NaN  -30     6 c    0   4.12 292.09004 56.57936  6344.07  5382.02 2.35 2.32 -75.8 -0.369    19.85 21.59 01a59314o0855c 0x000000 -5.000000
59314.629727 20.207197      NaN  -27    10 c    0   2.03 292.09004 56.57936  6362.11  5266.15 2.34 2.29 -78.0 -0.373    19.61 21.05 01a59314o0879c 0x000000 -2.700000
59322.539539 19.631075      NaN  -15    17 c    0   1.71 292.09004 56.57936  8053.31  9366.52 2.56 2.45  76.6 -0.345    18.89 20.56 01a59322o0667c 0x000000 -0.882353
59322.542303 19.766969      NaN  -47    15 c    0   1.76 292.09004 56.57936  8040.34  9321.15 2.54 2.41  80.0 -0.339    19.09 20.79 01a59322o0673c 0x000000 -3.133333
59322.548759 20.207197      NaN   -9    10 c    0   1.33 292.09004 56.57936  8096.35  9403.24 2.49 2.33  85.8 -0.346    19.51 21.24 01a59322o0687c 0x000000 -0.900000
59322.559823 19.631075      NaN   -3    17 c    0   0.84 292.09004 56.57936  8117.80  9288.73 2.66 2.55  41.4 -0.338    19.25 21.02 01a59322o0711c 0x000000 -0.176471
59326.580076 20.321591      NaN   -9     9 c    0   2.43 292.09004 56.57936  8072.57  9355.96 2.49 2.29  53.1 -0.340    19.75 21.43 01a59326o0564c 0x000000 -1.000000
59326.583303 20.103715      NaN  -10    11 c    0   1.54 292.09004 56.57936  8054.27  9315.44 2.45 2.30  68.1 -0.349    19.75 21.43 01a59326o0571c 0x000000 -0.909091
59326.588935 20.207197      NaN  -24    10 c    0   1.96 292.09004 56.57936  8111.79  9397.49 2.59 2.38  43.4 -0.339    19.66 21.42 01a59326o0583c 0x000000 -2.400000
59326.606964 20.321591      NaN   -4     9 c    0   1.99 292.09004 56.57936  8129.61  9280.41 2.44 2.33  74.1 -0.350    19.76 21.47 01a59326o0622c 0x000000 -0.444444
59344.520296 20.321591      NaN  -22     9 c    0   2.03 292.09004 56.57936  4370.76  1139.75 2.46 2.31 -71.0 -0.419    19.66 21.58 02a59344o0599c 0x000000 -2.444444
59344.523518 20.449472      NaN   -8     8 c    0   3.47 292.09004 56.57936  4389.42  1178.31 2.43 2.31 -83.3 -0.417    19.65 21.58 02a59344o0606c 0x000000 -1.000000
59344.526265 20.207197      NaN  -34    10 c    0   1.57 292.09004 56.57936  4335.23  1099.90 2.53 2.37 -76.5 -0.415    19.61 21.56 02a59344o0612c 0x000000 -3.400000
59344.536688 20.321591      NaN   -4     9 c    0   2.90 292.09004 56.57936  4315.88  1216.19 2.46 2.32 -72.0 -0.419    19.66 21.57 02a59344o0634c 0x000000 -0.444444
59356.538634 20.103715      NaN   -2    11 c    0   2.03 292.09004 56.57936 10107.87  4761.39 2.51 2.44 -87.0 -0.406    19.59 21.23 02a59356o0626c 0x000000 -0.181818
59356.541378 20.207197      NaN  -12    10 c    0   1.38 292.09004 56.57936 10128.93  4799.21 2.57 2.46 -72.5 -0.408    19.60 21.37 02a59356o0632c 0x000000 -1.200000
59356.544122 19.922338      NaN    6    11 c    0   1.26 292.09004 56.57936 10070.29  4727.08 2.56 2.48  58.5 -0.401    19.68 21.49 02a59356o0638c 0x000000  0.545455
59356.549624 20.207197      NaN   -7    10 c    0   1.79 292.09004 56.57936 10052.53  4842.04 2.56 2.51  68.8 -0.405    19.69 21.60 02a59356o0650c 0x000000 -0.700000
59356.553295 20.009244      NaN  -21    12 c    0   0.81 292.09004 56.57936   483.03  4778.15 2.33 2.27 -81.6 -0.406    19.69 21.57 02a59356o0658c 0x000000 -1.750000
59356.555125 20.321591      NaN  -14     9 c    0   2.13 292.09004 56.57936   503.07  4818.18 2.39 2.35 -89.7 -0.400    19.64 21.58 02a59356o0662c 0x000000 -1.555556
59356.557875 20.321591      NaN   -4     9 c    0   1.66 292.09004 56.57936   445.91  4734.18 2.35 2.27 -66.2 -0.405    19.70 21.59 02a59356o0668c 0x000000 -0.444444
59356.564739 20.207197      NaN   -3    10 c    0   1.25 292.09004 56.57936   425.89  4851.41 2.37 2.29  46.6 -0.403    19.68 21.60 02a59356o0683c 0x000000 -0.300000
59374.491068 20.321591      NaN  -24     9 c    0   1.47 292.09004 56.57936  8224.01  5285.56 2.57 2.40 -87.0 -0.393    19.87 21.75 01a59374o0542c 0x000000 -2.666667
59374.493372 20.207197      NaN  -42    10 c    0   1.02 292.09004 56.57936  8204.21  5246.25 2.62 2.43 -83.9 -0.391    19.85 21.75 01a59374o0547c 0x000000 -4.200000
59374.496151 20.321591      NaN  -27     9 c    0   2.01 292.09004 56.57936  8264.47  5323.39 2.72 2.60 -80.4 -0.372    19.76 21.74 01a59374o0553c 0x000000 -3.000000
59374.514163 19.631075      NaN   24     9 c    0   2.55 292.09004 56.57936  8282.82  5208.83 2.67 2.59 -72.7 -0.373    19.85 21.84 01a59374o0591c 0x000000  2.666667
59378.484322 20.321591      NaN  -17     9 c    0   2.13 292.09004 56.57936  6892.04  2835.10 2.37 2.33 -11.4 -0.379    19.96 21.91 01a59378o0526c 0x000000 -1.888889
59378.486167 20.321591      NaN   -8     9 c    0   1.45 292.09004 56.57936  6872.01  2795.17 2.44 2.30 -14.4 -0.367    19.96 21.91 01a59378o0530c 0x000000 -0.888889
59378.491338 20.594452      NaN    0     7 c    0   2.93 292.09004 56.57936  6932.42  2873.64 2.44 2.33 -17.1 -0.369    19.93 21.90 01a59378o0541c 0x000000  0.000000
59378.496431 20.321591      NaN   -6     9 c    0   1.17 292.09004 56.57936  6949.78  2760.39 2.40 2.31 -36.8 -0.381    19.97 21.88 01a59378o0552c 0x000000 -0.666667
59382.534029 20.103715      NaN    9     8 c    0   1.41 292.09004 56.57936  3681.20  7758.13 2.26 2.11 -77.2 -0.393    19.93 21.84 01a59382o0447c 0x000000  1.125000
59382.537714 20.449472      NaN  -19     8 c    0   2.03 292.09004 56.57936  3702.80  7796.85 2.24 2.16 -45.5 -0.381    19.91 21.84 01a59382o0455c 0x000000 -2.375000
59382.543699 20.449472      NaN   -6     8 c    0   1.61 292.09004 56.57936  3642.40  7717.74 2.27 2.11 -76.7 -0.394    19.94 21.84 01a59382o0468c 0x000000 -0.750000
59382.555703 20.449472      NaN   -5     8 c    0   1.36 292.09004 56.57936  3624.69  7831.26 2.25 2.10 -70.5 -0.392    19.97 21.87 01a59382o0494c 0x000000 -0.625000
59382.618636 19.128787      NaN  -23    27 c    0   0.86 292.09004 56.57936  3675.36  7763.93 2.40 2.26 -60.8 -0.380    18.53 19.13 01a59382o0628c 0x100002 -0.851852
59404.465787 20.207197      NaN  -13    10 c    0   2.03 292.09004 56.57936  2906.61  3066.96 2.37 2.35  19.3 -0.401    19.70 21.57 02a59404o0475c 0x000000 -1.300000
59404.469450 20.321591      NaN   -3     9 c    0   2.18 292.09004 56.57936  2886.52  3028.38 2.29 2.27 -44.9 -0.407    19.71 21.57 02a59404o0483c 0x000000 -0.333333
59404.475855 20.321591      NaN   -2     9 c    0   2.81 292.09004 56.57936  2944.43  3102.07 2.35 2.26  36.0 -0.401    19.77 21.61 02a59404o0497c 0x000000 -0.222222
59404.509514 20.449472      NaN  -10     8 c    0   3.12 292.09004 56.57936  2958.45  2983.58 2.31 2.25  34.6 -0.406    19.73 21.63 02a59404o0570c 0x000000 -1.250000
59408.405450 20.321591      NaN   -6     9 c    0   1.84 292.09004 56.57936  7688.83  7499.90 2.67 2.47  48.6 -0.399    19.73 21.82 02a59408o0344c 0x000000 -0.666667
59408.440806 20.071303      NaN    1    11 c    0   1.28 292.09004 56.57936  7712.91  7544.34 2.73 2.52  40.8 -0.396    19.67 21.66 02a59408o0419c 0x000000  0.090909
59408.462526 20.405150      NaN    1     8 c    0   1.49 292.09004 56.57936  2943.92  3101.39 2.37 2.35  30.8 -0.400    19.71 21.57 02a59408o0465c 0x000000  0.125000
59408.467132 20.282105      NaN    1     9 c    0   2.66 292.09004 56.57936  2966.90  2987.83 2.38 2.36  69.1 -0.397    19.72 21.59 02a59408o0475c 0x000000  0.111111
59412.456969 19.950541      NaN   14     8 c    0   3.13 292.09004 56.57936  2888.24  1020.54 2.48 2.30 -62.6 -0.421    19.75 21.76 02a59412o0454c 0x000000  1.750000
59412.460671 19.894850      NaN   10    10 c    0   1.84 292.09004 56.57936  2867.99   983.62 2.54 2.31 -60.1 -0.420    19.75 21.76 02a59412o0462c 0x000000  1.000000
59412.467548 20.321591      NaN   -4     9 c    0   3.40 292.09004 56.57936  2930.24  1058.52 2.53 2.37 -63.3 -0.416    19.69 21.76 02a59412o0477c 0x000000 -0.444444
59412.479027 20.321591      NaN  -19     9 c    0   1.53 292.09004 56.57936  2948.86   938.16 2.57 2.32 -60.7 -0.416    19.74 21.76 02a59412o0502c 0x000000 -2.111111
59430.426271 20.594452      NaN  -20     7 c    0   1.52 292.09004 56.57936  5680.28  7627.13 2.37 2.28 -20.2 -0.364    19.85 21.83 01a59430o0411c 0x000000 -2.857143
59430.429040 20.449472      NaN   -9     8 c    0   2.37 292.09004 56.57936  5700.69  7665.44 2.43 2.34 -67.3 -0.372    19.83 21.83 01a59430o0417c 0x000000 -1.125000
59430.460822 20.207197      NaN  -18    10 c    0   1.26 292.09004 56.57936  5646.18  7584.98 2.42 2.28 -59.6 -0.370    19.83 21.91 01a59430o0485c 0x000000 -1.800000
59430.466364 20.449472      NaN  -15     8 c    0   1.65 292.09004 56.57936  5628.83  7701.85 2.37 2.23 -64.9 -0.377    19.87 21.92 01a59430o0497c 0x000000 -1.875000
59434.424051 20.321591      NaN  -27     9 c    0   1.08 292.09004 56.57936  4288.99  1153.46 2.29 2.21  48.0 -0.405    19.84 21.83 01a59434o0411c 0x000000 -3.000000
59434.427276 20.103715      NaN   -7    11 c    0   0.87 292.09004 56.57936  4311.34  1194.41 2.25 2.17  25.1 -0.405    19.88 21.83 01a59434o0418c 0x000000 -0.636364
59434.432442 20.449472      NaN  -26     8 c    0   1.84 292.09004 56.57936  4255.85  1115.48 2.25 2.19  14.1 -0.402    19.85 21.82 01a59434o0429c 0x000000 -3.250000
59434.443598 20.207197      NaN  -17    10 c    0   1.44 292.09004 56.57936  4241.16  1231.90 2.28 2.20  13.3 -0.402    19.85 21.79 01a59434o0453c 0x000000 -1.700000
59438.410642 20.594452      NaN  -40     7 c    0   2.22 292.09004 56.57936  4284.55  1149.13 2.26 2.19  31.2 -0.425    19.99 22.06 01a59438o0245c 0x000000 -5.714286
59438.413909 20.594452      NaN  -24     7 c    0   2.39 292.09004 56.57936  4303.89  1187.97 2.27 2.18  19.8 -0.422    19.99 22.05 01a59438o0252c 0x000000 -3.428571
59438.420465 20.594452      NaN  -11     7 c    0   2.80 292.09004 56.57936  4249.18  1110.12 2.38 2.25  37.6 -0.406    19.96 22.03 01a59438o0266c 0x000000 -1.571429
59438.452889 20.449472      NaN  -30     8 c    0   1.39 292.09004 56.57936  4237.38  1224.10 2.29 2.21  18.7 -0.413    19.95 21.99 01a59438o0334c 0x000000 -3.750000
59456.338869 20.321591      NaN  -31     9 c    0   2.35 292.09004 56.57936  8907.58  1255.92 2.50 2.10 -60.6 -0.415    19.76 21.61 02a59456o0255c 0x000000 -3.444444
59456.342073 20.321591      NaN   -7     9 c    0   3.85 292.09004 56.57936  8887.86  1215.58 2.56 2.12 -60.6 -0.416    19.70 21.61 02a59456o0262c 0x000000 -0.777778
59456.348020 20.207197      NaN  -17    10 c    0   1.50 292.09004 56.57936  8947.12  1296.05 2.58 2.13 -61.6 -0.419    19.76 21.61 02a59456o0275c 0x000000 -1.700000
59456.358079 20.207197      NaN  -13    10 c    0   2.17 292.09004 56.57936  8970.82  1179.14 2.49 2.09 -61.6 -0.417    19.75 21.61 02a59456o0297c 0x000000 -1.300000
59464.344816 20.321591      NaN  -23     9 c    0   2.26 292.09004 56.57936  2427.00  5602.26 2.33 2.28   1.6 -0.406    19.70 21.57 02a59464o0231c 0x000000 -2.555556
59464.348021 20.321591      NaN  -14     9 c    0   2.82 292.09004 56.57936  2408.22  5565.92 2.35 2.29 -32.5 -0.405    19.70 21.55 02a59464o0238c 0x000000 -1.555556
59464.353532 20.321591      NaN   -2     9 c    0   2.46 292.09004 56.57936  2464.42  5637.63 2.34 2.28  24.7 -0.406    19.73 21.55 02a59464o0250c 0x000000 -0.222222
59464.364113 20.207197      NaN   -3    10 c    0   2.12 292.09004 56.57936  2484.03  5519.36 2.47 2.45  -6.6 -0.398    19.62 21.52 02a59464o0273c 0x000000 -0.300000
59468.341627 20.207197      NaN  -12    10 c    0   2.16 292.09004 56.57936  2549.48  9191.70 2.50 2.15 -49.4 -0.419    19.61 21.44 02a59468o0278c 0x000000 -1.200000
59468.344434 20.321591      NaN  -11     9 c    0   3.79 292.09004 56.57936  2532.35  9152.12 2.53 2.17 -50.4 -0.416    19.63 21.53 02a59468o0284c 0x000000 -1.222222
59468.349980 19.868040      NaN    8    11 c    0   2.78 292.09004 56.57936  2585.94  9227.15 2.40 2.16 -48.5 -0.420    19.51 21.31 02a59468o0296c 0x000000  0.727273
59468.360567 19.841877      NaN    3    13 c    0   1.68 292.09004 56.57936  2606.14  9108.78 2.45 2.17 -50.6 -0.414    19.69 21.60 02a59468o0319c 0x000000  0.230769
59516.251290 20.009244      NaN   -2    12 c    0   1.55 292.09004 56.57936  8763.88  3306.80 2.35 2.27 -82.6 -0.393    19.43 20.84 02a59516o0151c 0x000000 -0.166667
59516.254068 20.009244      NaN  -32    12 c    0   2.94 292.09004 56.57936  8744.39  3265.33 2.37 2.32 -83.7 -0.389    19.22 20.67 02a59516o0157c 0x000000 -2.666667
59516.260048 19.197966      NaN   19    19 c    0   1.22 292.09004 56.57936  8802.03  3342.59 2.47 2.43  37.1 -0.380    19.09 20.54 02a59516o0170c 0x000000  1.000000
59516.270136 18.889197      NaN   14    29 c    0   1.24 292.09004 56.57936  8824.04  3227.13 2.42 2.39 -78.0 -0.381    18.77 20.19 02a59516o0192c 0x100002  0.482759
59524.254704 19.674510      NaN   13    12 c    0   1.71 292.09004 56.57936   696.30  9384.69 2.94 2.29 -51.8 -0.432    19.46 21.19 02a59524o0164c 0x000000  1.083333
59524.257922 19.922338      NaN  -16    13 c    0   1.89 292.09004 56.57936   680.94  9350.78 3.08 2.36 -52.4 -0.425    19.41 21.17 02a59524o0171c 0x000000 -1.230769
59524.259294 19.922338      NaN  -27    13 c    0   1.65 292.09004 56.57936  9890.69  9393.24 3.06 2.88 -55.6 -0.363    19.53 21.25 02a59524o0174c 0x000000 -2.076923
59524.262976 19.766969      NaN  -26    15 c    0   1.69 292.09004 56.57936  9871.32  9352.76 3.07 2.90 -55.7 -0.359    19.50 21.22 02a59524o0182c 0x000000 -1.733333
59524.264811 20.103715      NaN  -12    11 c    0   4.08 292.09004 56.57936   734.09  9420.30 3.04 2.42 -51.7 -0.429    19.41 21.13 02a59524o0186c 0x000000 -1.090909
59524.268482 20.009244      NaN  -12    12 c    0   2.07 292.09004 56.57936  9929.01  9437.09 3.20 2.94 -54.8 -0.356    19.47 21.20 02a59524o0194c 0x000000 -1.000000
59524.275857 19.766969      NaN  -26    15 c    0   1.11 292.09004 56.57936   756.74  9301.30 3.13 2.57 -51.0 -0.411    19.29 21.07 02a59524o0210c 0x000000 -1.733333
59524.280899 19.766969      NaN   -8    15 c    0   1.16 292.09004 56.57936  9946.79  9319.53 3.25 3.14 -47.2 -0.331    19.42 21.14 02a59524o0221c 0x000000 -0.533333