         MJD         m       dm   uJy  duJy F  err  chi/N        RA     Dec        x        y  maj  min   phi  apfit  mag5sig   Sky            Obs     Mask   __tmp_SN
57777.640956 19.841877      NaN  -153    14 c    0   4.30 217.13336 27.4083  7399.66  6488.69 3.94 3.68  85.7 -0.389    19.80 21.95 02a57777o0807c 0x000000 -10.928571
57777.658403 19.922338      NaN   -86    13 c    0   5.76 217.13336 27.4083  7418.11  6528.58 3.84 3.55  86.1 -0.400    19.80 21.90 02a57777o0833c 0x000000  -6.615385
57777.675753 18.944322      NaN  -108    32 c    0   2.26 217.13336 27.4083  7349.83  6453.39 3.81 3.54  88.7 -0.400    18.64 19.61 02a57777o0859c 0x100002  -3.375000
57781.631251 19.841877      NaN   -74    14 c    0   4.53 217.13336 27.4083  7039.55  6219.16 3.58 3.33 -72.6 -0.448    19.93 22.06 02a57781o0728c 0x000000  -5.285714
57781.649964 19.922338      NaN  -110    13 c    0   6.76 217.13336 27.4083  7059.96  6259.24 3.61 3.38 -78.5 -0.440    19.91 22.02 02a57781o0754c 0x000000  -8.461538
57781.667381 19.766969      NaN   -60    15 c    0   5.04 217.13336 27.4083  7007.59  6183.30 3.59 3.32 -75.2 -0.444    19.57 21.31 02a57781o0780c 0x000000  -4.000000
57809.584207 15.724468 0.079259  1863   136 c    0   2.82 217.13336 27.4083  6531.62  6185.57 3.67 3.49 -88.0 -0.411    17.25 19.03 02a57809o0658c 0x100002  13.698529
57809.596042 17.033415      NaN  -161   186 c    0   1.19 217.13336 27.4083  3946.43  4227.89 3.76 3.64  77.7 -0.377    16.86 18.63 02a57809o0680c 0x100002  -0.865591
57809.630484 17.349660      NaN  -164   139 c    0   1.12 217.13336 27.4083  4029.75  4187.34 3.74 3.61  75.4 -0.387    17.14 18.85 02a57809o0732c 0x100002  -1.179856
57817.535437 19.696897      NaN   -45    16 c    0   3.42 217.13336 27.4083  5958.23  6628.30 3.89 3.75 -89.4 -0.388    19.66 21.87 02a57817o0497c 0x000000  -2.812500
57817.549667 19.841877      NaN   -66    14 c    0   4.26 217.13336 27.4083  5978.09  6665.18 3.79 3.63  85.1 -0.400    19.80 22.00 02a57817o0521c 0x000000  -4.714286
57817.568494 19.841877      NaN  -147    14 c    0   4.73 217.13336 27.4083  5930.35  6589.99 3.69 3.53 -89.5 -0.412    19.83 22.01 02a57817o0554c 0x000000 -10.500000
57817.584037 19.841877      NaN   -74    14 c    0   4.83 217.13336 27.4083  5890.97  6709.02 3.64 3.49 -89.2 -0.416    19.84 21.99 02a57817o0579c 0x000000  -5.285714
57817.611878 19.212347      NaN   -19    25 c    0   2.68 217.13336 27.4083  4541.37  3805.78 3.73 3.64  86.0 -0.389    19.09 21.15 02a57817o0625c 0x000000  -0.760000
57833.527273 19.569016      NaN  -139    18 c    0   4.94 217.13336 27.4083  4076.98  3362.97 4.05 3.97 -73.2 -0.362    18.83 20.60 02a57833o0540c 0x000000  -7.722222
57833.560793 19.569016      NaN  -170    18 c    0   6.01 217.13336 27.4083  4057.82  3325.13 3.83 3.69  76.8 -0.396    18.88 20.51 02a57833o0598c 0x000000  -9.444444
57833.562878 19.454622      NaN  -114    20 c    0   3.75 217.13336 27.4083  4110.33  3403.36 3.81 3.64  80.2 -0.397    18.88 20.51 02a57833o0602c 0x000000  -5.700000
57833.579881 19.569016      NaN  -241    18 c    0   4.05 217.13336 27.4083  4127.27  3289.37 3.88 3.83  72.6 -0.386    18.83 20.49 02a57833o0631c 0x000000 -13.388889
57833.608843 19.569016      NaN  -132    18 c    0   4.36 217.13336 27.4083  4093.51  3349.06 3.91 3.82  86.3 -0.369    18.80 20.44 02a57833o0678c 0x000000  -7.333333
57837.526100 19.401649      NaN    12    17 c    0   3.03 217.13336 27.4083  3337.73  4446.53 3.79 3.63  68.9 -0.387    19.14 21.14 02a57837o0469c 0x000000   0.705882
57837.538469 19.569016      NaN   -65    18 c    0   3.72 217.13336 27.4083  3321.01  4407.88 4.37 3.84   2.4 -0.364    19.02 21.15 02a57837o0490c 0x000000  -3.611111
57837.559938 19.631075      NaN  -367    17 c    0   4.44 217.13336 27.4083  3372.86  4484.78 4.77 3.89   0.2 -0.365    18.95 21.14 02a57837o0525c 0x000000 -21.588235
57837.582217 19.841877      NaN  -229    14 c    0   4.91 217.13336 27.4083  3407.22  4370.39 4.05 3.81   4.5 -0.383    19.08 21.14 02a57837o0562c 0x000000 -16.357143
57837.589119 19.841877      NaN  -125    14 c    0   4.24 217.13336 27.4083  3356.50  4429.30 3.75 3.59  75.5 -0.399    19.14 21.14 02a57837o0575c 0x000000  -8.928571
57841.519225 19.454622      NaN  -188    20 c    0   5.29 217.13336 27.4083  3305.43  5783.42 3.92 3.78  24.4 -0.391    18.99 20.91 02a57841o0538c 0x000000  -9.400000
57841.530520 19.454622      NaN   -86    20 c    0   2.58 217.13336 27.4083  3283.86  5743.23 3.90 3.76  66.8 -0.386    19.00 20.92 02a57841o0557c 0x000000  -4.300000
57841.552064 19.454622      NaN  -286    20 c    0   3.16 217.13336 27.4083  3355.67  5820.96 4.75 3.88   1.8 -0.375    18.87 20.91 02a57841o0593c 0x000000 -14.300000
57841.559084 19.454622      NaN  -106    20 c    0   4.16 217.13336 27.4083  3374.86  5705.51 3.84 3.70  58.5 -0.395    19.01 20.92 02a57841o0605c 0x000000  -5.300000
57841.575637 19.302877      NaN  -288    23 c    0   2.88 217.13336 27.4083  3324.09  5763.49 4.40 3.72   2.0 -0.412    18.93 20.93 02a57841o0632c 0x000000 -12.521739
57869.589349 19.922338      NaN   -78    13 c    0   3.46 217.13336 27.4083  3231.55  6034.38 2.69 2.62  -2.9 -0.470    19.28 20.48 02a57869o0482c 0x000000  -6.000000
57869.604516 19.922338      NaN    -4    13 c    0   5.11 217.13336 27.4083  3214.41  5996.75 2.69 2.61  12.2 -0.467    19.20 20.34 02a57869o0511c 0x000000  -0.307692
57869.618662 19.766969      NaN    -8    15 c    0   5.85 217.13336 27.4083  3268.07  6073.01 2.75 2.65   5.4 -0.467    19.06 20.10 02a57869o0538c 0x000000  -0.533333
57893.401911 20.103715      NaN   -16    11 c    0   5.02 217.13336 27.4083  2901.36  6691.18 2.59 2.37   3.6 -0.484    19.77 21.73 02a57893o0298c 0x000000  -1.454545
57893.434002 20.321591      NaN   -26     9 c    0   9.72 217.13336 27.4083  2883.13  6652.14 2.57 2.26   9.5 -0.497    19.78 21.68 02a57893o0356c 0x000000  -2.888889
57893.437125 20.009244      NaN   -31    12 c    0   6.47 217.13336 27.4083  2935.18  6729.12 2.77 2.41   9.3 -0.485    19.72 21.68 02a57893o0362c 0x000000  -2.583333
57893.460752 19.696897      NaN    15    11 c    0   9.52 217.13336 27.4083  2957.52  6610.85 2.52 2.19  10.4 -0.513    19.79 21.63 02a57893o0404c 0x000000   1.363636
57893.475611 20.009244      NaN   -13    12 c    0  10.94 217.13336 27.4083  2924.06  6670.01 2.52 2.22  11.1 -0.510    19.78 21.56 02a57893o0430c 0x100001  -1.083333
57901.384263 20.321591      NaN   -38     9 c    0   8.76 217.13336 27.4083  3975.18  5186.14 2.44 2.37  13.3 -0.464    19.89 21.80 02a57901o0205c 0x000000  -4.222222
57901.414738 20.207197      NaN   -13    10 c    0   8.36 217.13336 27.4083  3941.43  5145.49 2.53 2.38  17.0 -0.470    19.89 21.74 02a57901o0262c 0x000000  -1.300000
57901.418522 20.321591      NaN    -9     9 c    0   6.81 217.13336 27.4083  4010.84  5223.07 2.56 2.43  17.4 -0.476    19.84 21.73 02a57901o0268c 0x000000  -1.000000
57901.441513 20.009244      NaN    12     8 c    0  11.80 217.13336 27.4083  4030.86  5105.35 2.55 2.41  14.9 -0.482    19.85 21.69 02a57901o0310c 0x100001   1.500000
57901.456574 20.009244      NaN    -7    12 c    0   4.77 217.13336 27.4083  3995.80  5165.12 2.60 2.41  20.2 -0.480    19.79 21.63 02a57901o0337c 0x000000  -0.583333
57983.250703 19.816329      NaN    13    10 c    0   4.61 217.13336 27.4083  3886.69  4969.62 2.38 2.34 -45.7 -0.417    19.72 21.37 02a57983o0039c 0x000000   1.300000
57983.258707 20.009244      NaN   -31    12 c    0   4.13 217.13336 27.4083  3867.53  4930.40 2.31 2.27 -43.2 -0.449    19.77 21.55 02a57983o0055c 0x000000  -2.583333
57983.267524 19.719755      NaN    17    10 c    0   6.91 217.13336 27.4083  3918.09  5007.17 2.34 2.29 -45.6 -0.428    19.78 21.53 02a57983o0072c 0x000000   1.700000
57983.276283 19.529530      NaN    26    10 c    0   9.02 217.13336 27.4083  3934.36  4890.67 2.35 2.33 -48.3 -0.429    19.75 21.51 02a57983o0089c 0x000000   2.600000
57987.248196 19.719755      NaN     8    13 c    0   3.15 217.13336 27.4083  3490.23  5128.25 2.68 2.56 -44.3 -0.399    19.45 21.07 02a57987o0014c 0x000000   0.615385
57987.254764 20.103715      NaN   -15    11 c    0   4.16 217.13336 27.4083  3471.41  5089.54 2.67 2.55 -45.9 -0.404    19.53 21.27 02a57987o0027c 0x000000  -1.363636
58163.662808 19.002397 0.131243    91    11 c    0   9.40 217.13336 27.4083   199.61  1587.33 2.64 2.29  47.2 -0.496    19.72 21.54 02a58163o0827c 0x000000   8.272727
58163.673713 18.481707      NaN   -68    49 c    0   2.38 217.13336 27.4083   182.99  1551.48 2.64 2.26  48.7 -0.496    17.78 18.77 02a58163o0843c 0x100002  -1.387755
58167.659998 16.401086      NaN  -276   333 c    0   1.10 217.13336 27.4083  3419.50  8632.43 2.53 2.31  11.5 -0.445    16.07 17.47 02a58167o0929c 0x100002  -0.828829
58167.672750 13.868645      NaN -2496  3431 c    0   1.21 217.13336 27.4083  3403.64  8596.94 2.55 2.38  11.9 -0.435    14.02 14.97 02a58167o0950c 0x100002  -0.727485
58227.525634 16.573901      NaN   -12   284 c    0   1.08 217.13336 27.4083  3601.37  8528.51 2.64 2.51 -14.1 -0.443    16.21 17.74 02a58227o0449c 0x100002  -0.042254
58227.535171 18.910912      NaN   -38    33 c    0   2.50 217.13336 27.4083  3671.03  8605.22 2.59 2.51 -12.3 -0.433    18.35 20.11 02a58227o0468c 0x100002  -1.151515
58227.546234 18.729535      NaN    48    23 c    0   4.26 217.13336 27.4083  3688.61  8487.95 2.61 2.51 -12.8 -0.437    18.76 20.48 02a58227o0489c 0x000000   2.086957
58251.596157 19.922338      NaN   -43    13 c    0   7.69 217.13336 27.4083  2656.86  9878.99 2.68 2.52 -22.3 -0.421    19.44 21.14 02a58251o0767c 0x000000  -3.307692
58251.604780 19.766969      NaN   -34    15 c    0   4.66 217.13336 27.4083  2656.88  9881.82 2.76 2.60 -27.4 -0.417    19.27 20.97 02a58251o0784c 0x000000  -2.266667
58251.608364 19.089302      NaN    24    20 c    0   4.36 217.13336 27.4083  9984.70   190.36 2.82 2.71  -2.5 -0.406    19.36 21.03 02a58251o0791c 0x000000   1.200000
58251.614998 18.836735      NaN    28    26 c    0   2.42 217.13336 27.4083 10000.43   192.63 2.91 2.78   1.8 -0.402    19.02 20.31 02a58251o0804c 0x000000   1.076923
58251.622414 18.063866      NaN   -21    72 c    0   1.28 217.13336 27.4083  9979.80   196.37 3.00 2.82  -4.0 -0.400    17.79 18.62 02a58251o0818c 0x100002  -0.291667
58252.591481 19.841877      NaN   -27    14 c    0   4.53 217.13336 27.4083  2656.41  9876.83 2.63 2.47 -14.2 -0.421    19.40 21.03 02a58252o0721c 0x000000  -1.928571
58252.601015 20.009244      NaN   -28    12 c    0   7.45 217.13336 27.4083  2656.25  9880.68 2.67 2.49  -6.0 -0.432    19.30 20.90 02a58252o0740c 0x000000  -2.333333
58252.605227 19.454622      NaN   -21    20 c    0   3.39 217.13336 27.4083  9984.70   187.04 2.84 2.67  30.6 -0.395    19.40 21.03 02a58252o0748c 0x000000  -1.050000
58252.611720 19.510313      NaN   -63    19 c    0   3.83 217.13336 27.4083 10000.42   189.14 2.82 2.67  26.5 -0.417    19.21 20.63 02a58252o0761c 0x000000  -3.315789
58252.619652 18.526952      NaN  -100    47 c    0   1.43 217.13336 27.4083  9980.58   192.35 2.93 2.74  20.0 -0.415    18.30 19.13 02a58252o0776c 0x100002  -2.127660
58259.426585 20.009244      NaN   -52    12 c    0   5.51 217.13336 27.4083  4267.95  9502.36 2.80 2.63   8.8 -0.448    19.67 21.54 02a58259o0171c 0x000000  -4.333333
58259.442860 20.321591      NaN  -176     9 c    0  10.97 217.13336 27.4083  4249.39  9462.64 3.10 2.96  -2.6 -0.410    19.67 21.81 02a58259o0204c 0x100001 -19.555556
58259.451724 20.009244      NaN   -18    12 c    0   7.14 217.13336 27.4083  4300.82  9540.34 2.71 2.57   5.0 -0.431    19.72 21.87 02a58259o0222c 0x000000  -1.500000
58259.463221 20.103715      NaN   -57    11 c    0   7.55 217.13336 27.4083  4318.50  9422.50 2.79 2.56   0.9 -0.447    19.72 21.80 02a58259o0243c 0x000000  -5.181818
58279.409997 19.766969      NaN   -33    15 c    0   4.10 217.13336 27.4083  4180.76  9361.50 2.70 2.53 -21.4 -0.425    19.54 21.51 02a58279o0350c 0x000000  -2.200000
58279.421511 20.207197      NaN   -86    10 c    0  12.52 217.13336 27.4083  4162.23  9322.06 2.72 2.52 -16.1 -0.429    19.52 21.48 02a58279o0373c 0x100001  -8.600000
58279.433322 19.841877      NaN   -83    14 c    0   5.45 217.13336 27.4083  4230.15  9399.53 2.71 2.52 -16.0 -0.425    19.53 21.40 02a58279o0396c 0x000000  -5.928571
58279.444756 19.271854      NaN    29    14 c    0   3.53 217.13336 27.4083  4249.33  9279.91 2.70 2.52 -19.0 -0.442    19.49 21.31 02a58279o0419c 0x000000   2.071429
58287.381420 19.922338      NaN   -31    13 c    0   5.10 217.13336 27.4083  1499.20  9570.30 2.60 2.39 -20.8 -0.434    19.75 21.67 02a58287o0283c 0x000000  -2.384615
58287.392845 20.103715      NaN   -39    11 c    0   4.70 217.13336 27.4083  1465.26  9531.35 2.64 2.44 -20.6 -0.430    19.68 21.64 02a58287o0305c 0x000000  -3.545455
58287.403773 19.841877      NaN     6    12 c    0   9.78 217.13336 27.4083  1534.50  9610.74 2.60 2.36  -7.3 -0.444    19.72 21.65 02a58287o0326c 0x000000   0.500000
58287.415606 20.009244      NaN    -1    12 c    0   4.56 217.13336 27.4083  1553.03  9492.54 2.67 2.39  -8.0 -0.435    19.70 21.65 02a58287o0349c 0x000000  -0.083333
58307.365621 19.922338      NaN  -114    13 c    0   6.15 217.13336 27.4083  2112.05  9392.08 2.79 2.65 -22.8 -0.432    19.66 21.64 02a58307o0187c 0x000000  -8.769231
58307.379266 20.009244      NaN   -50    12 c    0   4.87 217.13336 27.4083  2163.15  9468.01 2.72 2.56 -16.3 -0.424    19.68 21.62 02a58307o0212c 0x000000  -4.166667
58307.391907 20.009244      NaN   -90    12 c    0   5.58 217.13336 27.4083  2182.51  9349.15 2.65 2.48 -17.7 -0.429    19.67 21.51 02a58307o0236c 0x000000  -7.500000
58311.368347 19.922338      NaN   -37    13 c    0   3.59 217.13336 27.4083  8331.62  2077.91 2.63 2.52 -53.1 -0.410    19.65 21.51 02a58311o0264c 0x000000  -2.846154
58311.379655 20.207197      NaN   -78    10 c    0   4.27 217.13336 27.4083  8314.43  2038.88 2.70 2.55 -50.5 -0.413    19.67 21.50 02a58311o0287c 0x000000  -7.800000
58311.391896 19.922338      NaN   -70    13 c    0   4.57 217.13336 27.4083  8375.31  2114.79 2.71 2.53 -48.7 -0.409    19.62 21.45 02a58311o0311c 0x000000  -5.384615
58311.405949 20.009244      NaN  -143    12 c    0   4.50 217.13336 27.4083  8395.90  1996.96 2.76 2.71  30.7 -0.417    19.55 21.37 02a58311o0337c 0x000000 -11.916667
58315.338210 20.103715      NaN   -19    11 c    0  13.69 217.13336 27.4083  3035.20  8755.64 2.66 2.47 -23.4 -0.426    19.64 21.59 02a58315o0203c 0x100001  -1.727273
58315.348735 19.766969      NaN     9    12 c    0   5.82 217.13336 27.4083  3017.40  8714.78 2.75 2.54 -34.0 -0.413    19.57 21.52 02a58315o0225c 0x000000   0.750000
58315.359894 19.922338      NaN   -31    13 c    0   5.01 217.13336 27.4083  3069.03  8791.50 2.77 2.52 -36.0 -0.409    19.55 21.50 02a58315o0248c 0x000000  -2.384615
58315.370453 19.922338 0.361912    39    13 c    0  10.41 217.13336 27.4083  3087.86  8673.54 2.71 2.50 -35.7 -0.429    19.55 21.45 02a58315o0270c 0x100001   3.000000
58331.339933 17.381362      NaN  -158   135 c    0   1.28 217.13336 27.4083  2657.85  9009.68 2.95 2.80 -39.0 -0.382    16.92 18.16 02a58331o0215c 0x100002  -1.170370
58331.350160 17.935984      NaN  -208    81 c    0   1.95 217.13336 27.4083  2624.04  8971.81 2.91 2.69 -46.7 -0.381    17.56 18.74 02a58331o0236c 0x100002  -2.567901
58331.360457 16.965534      NaN   -95   198 c    0   1.99 217.13336 27.4083  2694.28  9049.79 2.93 2.73 -41.5 -0.424    16.61 17.70 02a58331o0257c 0x100002  -0.479798
58331.371156 16.304443      NaN   -85   364 c    0   1.28 217.13336 27.4083  2715.70  8930.43 2.92 2.70 -40.9 -0.402    16.15 17.15 02a58331o0279c 0x100002  -0.233516
58335.312023 20.207197      NaN   -75    10 c    0   5.13 217.13336 27.4083  1182.51  1881.07 2.55 2.46  49.1 -0.428    19.61 21.53 02a58335o0169c 0x000000  -7.500000
58335.322191 20.103715      NaN   -46    11 c    0  10.51 217.13336 27.4083  1166.94  1840.50 2.88 2.65  33.1 -0.426    19.52 21.48 02a58335o0190c 0x100001  -4.181818
58335.332403 19.674510      NaN    10    13 c    0   4.18 217.13336 27.4083  1220.17  1917.80 2.61 2.53  65.1 -0.414    19.52 21.35 02a58335o0211c 0x000000   0.769231
58335.342386 20.009244      NaN   -24    12 c    0   8.50 217.13336 27.4083  1238.28  1800.94 2.66 2.49  41.6 -0.432    19.51 21.34 02a58335o0232c 0x000000  -2.000000
58339.305343 18.574166      NaN   -94    45 c    0   1.64 217.13336 27.4083   553.42  1616.04 2.46 2.39  70.5 -0.471    17.44 18.92 02a58339o0160c 0x100002  -2.088889
58339.315977 18.110074      NaN     3    68 c    0   1.44 217.13336 27.4083   539.05  1574.85 2.50 2.37  48.8 -0.469    17.25 18.66 02a58339o0182c 0x100002   0.044118
58339.325454 15.513768      NaN  -572   754 c    0   0.13 217.13336 27.4083 10517.44  1579.13 2.59 2.55 -16.2 -0.439    17.56 18.92 02a58339o0202c 0x100002  -0.758621
58339.326966 17.043187      NaN   250   101 c    0   1.51 217.13336 27.4083   612.19  1650.09 2.51 2.28  40.9 -0.488    17.04 18.36 02a58339o0205c 0x100002   2.475248
58339.337503 15.727386      NaN   454   468 c    0   1.13 217.13336 27.4083   630.57  1532.85 2.37 2.26  46.3 -0.519    16.54 17.78 02a58339o0227c 0x100002   0.970085
58515.665181 20.009244      NaN   -55    12 c    0   6.08 217.13336 27.4083  1508.69  4525.33 2.63 2.56  31.3 -0.414    19.68 21.58 02a58515o0013c 0x000000  -4.583333
58519.617907 19.719755 0.254108    47    11 c    0  14.40 217.13336 27.4083  9007.19  6379.17 2.56 2.46 -78.1 -0.439    19.89 22.14 02a58519o0833c 0x100001   4.272727
58519.627364 20.207197      NaN   -48    10 c    0  18.11 217.13336 27.4083  9025.26  6418.07 2.47 2.36 -69.8 -0.456    19.91 22.15 02a58519o0851c 0x100001  -4.800000
58519.636413 20.321591      NaN   -69     9 c    0  15.51 217.13336 27.4083  8971.55  6344.11 2.65 2.58  87.1 -0.448    19.82 22.11 02a58519o0868c 0x100001  -7.666667
58519.646410 20.103715      NaN   -40    11 c    0   4.98 217.13336 27.4083  8954.59  6462.71 2.53 2.48 -84.2 -0.446    19.89 22.11 02a58519o0886c 0x000000  -3.636364
58575.511525 20.321591      NaN   -26     9 c    0  10.20 217.13336 27.4083  5435.02  6094.86 2.38 2.36 -59.6 -0.407    19.75 21.81 02a58575o0377c 0x100001  -2.888889
58575.521225 20.207197      NaN   -25    10 c    0   7.40 217.13336 27.4083  5395.71  6054.61 2.36 2.33  88.4 -0.408    19.74 21.76 02a58575o0397c 0x000000  -2.500000
58575.539125 20.103715      NaN   -80    11 c    0   4.50 217.13336 27.4083  5460.33  6136.89 2.45 2.38 -64.0 -0.413    19.68 21.74 02a58575o0432c 0x000000  -7.272727
58575.543436 20.009244      NaN   -57    12 c    0   5.73 217.13336 27.4083  5476.88  6021.61 2.46 2.43  89.0 -0.415    19.68 21.71 02a58575o0441c 0x000000  -4.750000
58579.516100 19.436675      NaN    28    11 c    0  10.53 217.13336 27.4083  5276.48  4163.80 2.40 2.31  48.2 -0.408    19.75 21.70 02a58579o0617c 0x100001   2.545455
58579.524276 20.009244      NaN   -75    12 c    0   9.41 217.13336 27.4083  5306.46  4203.79 2.46 2.32  55.7 -0.406    19.77 21.70 02a58579o0634c 0x000000  -6.250000
58579.525759 20.103715      NaN   -20    11 c    0   6.23 217.13336 27.4083  5254.50  4124.23 2.42 2.29  44.4 -0.397    19.74 21.69 02a58579o0637c 0x000000  -1.818182
58579.528993 20.207197      NaN   -14    10 c    0  10.86 217.13336 27.4083  5340.06  4085.77 2.42 2.29  43.1 -0.409    19.77 21.70 02a58579o0644c 0x100001  -1.400000
58583.475337 19.922338      NaN   -25    13 c    0   5.88 217.13336 27.4083  3195.27 10339.16 3.03 2.46 -42.1 -0.404    19.61 21.70 02a58583o0433c 0x000000  -1.923077
58583.483604 20.009244      NaN   -89    12 c    0   4.99 217.13336 27.4083  3181.50 10295.56 3.03 2.59 -44.6 -0.403    19.58 21.68 02a58583o0448c 0x000000  -7.416667
58583.484151 20.207197      NaN  -238    10 c    0   4.71 217.13336 27.4083  1507.71   542.10 3.59 3.01 -48.8 -0.377    19.45 21.67 02a58583o0449c 0x000000 -23.800000
58583.491419 19.922338      NaN  -130    13 c    0   2.78 217.13336 27.4083  9135.84 10069.98 3.61 3.31 -48.0 -0.346    19.44 21.68 02a58583o0463c 0x000000 -10.000000
58583.491877 19.922338      NaN  -144    13 c    0   3.01 217.13336 27.4083  9083.04  9990.13 3.62 3.27 -46.3 -0.358    19.44 21.68 02a58583o0464c 0x000000 -11.076923
58583.492827 19.696897      NaN   -89    16 c    0   5.51 217.13336 27.4083  7459.51   315.48 3.21 2.67 -47.5 -0.395    19.52 21.70 02a58583o0466c 0x000000  -5.562500
58583.497785 20.009244      NaN   -29    12 c    0   4.83 217.13336 27.4083  3134.07 10383.43 3.08 2.63 -42.0 -0.409    19.55 21.72 02a58583o0476c 0x000000  -2.416667
58583.499179 20.207197      NaN   -74    10 c    0   4.24 217.13336 27.4083  1458.79   623.37 3.53 2.91 -48.4 -0.383    19.51 21.70 02a58583o0479c 0x000000  -7.400000
58603.462365 19.472870      NaN    20    13 c    0   4.15 217.13336 27.4083  1428.85 10029.10 2.52 2.12 -43.7 -0.419    19.63 21.56 02a58603o0496c 0x000000   1.538462
58603.463942 19.510313      NaN    21    12 c    0  10.19 217.13336 27.4083  9144.02   294.22 2.76 2.17 -52.8 -0.420    19.63 21.60 02a58603o0499c 0x100001   1.750000
58603.470005 19.922338      NaN   -54    13 c    0   5.09 217.13336 27.4083  1410.60  9991.20 2.52 2.11 -41.7 -0.423    19.64 21.57 02a58603o0511c 0x000000  -4.153846
58603.473797 19.212347      NaN    36    13 c    0   5.18 217.13336 27.4083  9124.51   252.60 2.84 2.20 -49.6 -0.415    19.62 21.61 02a58603o0519c 0x000000   2.769231
58603.476594 20.103715      NaN    -8    11 c    0   8.42 217.13336 27.4083  1478.24 10066.50 2.51 2.08 -40.5 -0.427    19.62 21.57 02a58603o0525c 0x000000  -0.727273
58603.488773 19.652575      NaN     5    15 c    0   4.99 217.13336 27.4083  1496.00  9949.65 2.51 2.07 -42.7 -0.439    19.53 21.53 02a58603o0549c 0x000000   0.333333
58603.491000 19.766969      NaN   -93    15 c    0   9.93 217.13336 27.4083  9191.41   336.26 2.75 2.20 -51.9 -0.422    19.66 21.57 02a58603o0553c 0x000000  -6.200000
58603.495798 19.766969      NaN   -50    15 c    0   2.79 217.13336 27.4083  9209.71   215.32 2.82 2.16 -48.6 -0.415    19.62 21.56 02a58603o0563c 0x000000  -3.333333
58607.470659 19.841877      NaN   -10    14 c    0   2.94 217.13336 27.4083  3475.45  6105.53 3.11 2.81 -54.2 -0.398    19.53 21.77 02a58607o0502c 0x000000  -0.714286
58607.480600 20.009244      NaN   -16    12 c    0   4.74 217.13336 27.4083  3457.95  6066.27 2.95 2.70 -49.0 -0.401    19.56 21.74 02a58607o0522c 0x000000  -1.333333
58607.482913 19.436675 0.195788    61    11 c    0   5.53 217.13336 27.4083  3526.75  6142.59 2.77 2.49 -49.6 -0.409    19.65 21.74 02a58607o0527c 0x000000   5.545455
58607.501710 19.743105      NaN     4    14 c    0   4.02 217.13336 27.4083  3541.89  6026.48 3.82 3.57 -54.9 -0.383    19.20 21.61 02a58607o0563c 0x000000   0.285714
58611.416512 20.207197      NaN   -74    10 c    0   5.25 217.13336 27.4083  5298.89  7747.26 2.57 2.38  50.1 -0.416    19.86 21.78 02a58611o0372c 0x000000  -7.400000
58611.419282 19.841877      NaN   -48    14 c    0   4.90 217.13336 27.4083  5278.65  7709.76 2.58 2.35  49.8 -0.403    19.85 21.77 02a58611o0376c 0x000000  -3.428571
58611.426221 20.321591      NaN   -18     9 c    0   6.78 217.13336 27.4083  5335.72  7789.53 2.51 2.39  40.5 -0.418    19.85 21.79 02a58611o0387c 0x000000  -2.000000
58611.450978 20.103715      NaN    -2    11 c    0   6.45 217.13336 27.4083  5342.89  7674.58 2.52 2.40  47.1 -0.406    19.84 21.81 02a58611o0427c 0x000000  -0.181818
58635.369945 19.302877      NaN    33    12 c    0   4.83 217.13336 27.4083   863.57  1778.44 2.45 2.25 -55.6 -0.424    19.86 21.94 02a58635o0297c 0x000000   2.750000
58635.382702 19.841877 0.258509    42    10 c    0   8.35 217.13336 27.4083   841.43  1739.12 2.52 2.35 -56.5 -0.432    19.83 21.90 02a58635o0323c 0x000000   4.200000
58635.390584 19.384550 0.152682    64     9 c    0  17.96 217.13336 27.4083   899.95  1818.69 2.60 2.30 -56.2 -0.427    19.85 21.88 02a58635o0337c 0x100001   7.111111
58635.394867 19.256669 0.150797    72    10 c    0   9.40 217.13336 27.4083   918.52  1701.72 2.57 2.26 -56.5 -0.440    19.86 21.87 02a58635o0346c 0x000000   7.200000
58639.330740 19.922338      NaN   -29    13 c    0   4.95 217.13336 27.4083  9727.97  8800.90 2.93 2.69 -57.7 -0.387    19.47 21.37 02a58639o0177c 0x000000  -2.230769
58639.333516 19.922338      NaN   -22    13 c    0   5.99 217.13336 27.4083  9749.36  8841.08 2.81 2.58 -57.9 -0.392    19.49 21.34 02a58639o0183c 0x000000  -1.692308
58639.342073 19.197966      NaN    37    13 c    0   7.53 217.13336 27.4083   905.04  1815.31 2.63 2.30 -52.7 -0.426    19.43 21.27 02a58639o0198c 0x000000   2.846154
58639.353618 19.183773 0.169206    77    12 c    0   7.85 217.13336 27.4083   922.06  1699.79 2.61 2.25 -54.8 -0.436    19.70 21.66 02a58639o0218c 0x000000   6.416667
58663.306638 19.549093      NaN    25    10 c    0   8.32 217.13336 27.4083  6814.19 10103.59 2.73 2.54 -53.6 -0.408    19.84 21.79 02a58663o0147c 0x000000   2.500000
58663.313064 20.207197      NaN   -73    10 c    0   7.32 217.13336 27.4083  6788.37 10059.02 2.70 2.63 -66.6 -0.407    19.81 21.80 02a58663o0160c 0x000000  -7.300000
58663.317085 20.009244      NaN  -143    12 c    0   4.35 217.13336 27.4083  6843.84 10138.73 2.69 2.61 -67.5 -0.402    19.85 21.80 02a58663o0168c 0x000000 -11.916667
58663.331801 20.321591      NaN  -163     9 c    0  10.68 217.13336 27.4083  6858.48 10021.90 2.65 2.53 -46.1 -0.415    19.84 21.79 02a58663o0195c 0x100001 -18.111111
58691.354049 18.711133 0.109486   119    12 c    0   6.73 217.13336 27.4083  1120.00  3914.33 2.42 2.41  77.7 -0.415    19.62 21.61 02a58691o0158c 0x000000   9.916667
58691.357249 19.002397 0.131243    91    11 c    0  14.61 217.13336 27.4083  1100.87  3875.78 2.39 2.34  53.3 -0.418    19.62 21.59 02a58691o0165c 0x100001   8.272727
58691.377375 19.334813 0.194460    67    12 c    0   6.50 217.13336 27.4083  1156.12  3955.66 2.45 2.43  70.7 -0.406    19.51 21.40 02a58691o0205c 0x000000   5.583333
58691.384239 19.841877      NaN   -14    14 c    0   3.00 217.13336 27.4083  1178.40  3838.14 2.50 2.41 -53.7 -0.417    19.46 21.34 02a58691o0220c 0x000000  -1.000000
58703.252056 19.051202      NaN    36    17 c    0   9.08 217.13336 27.4083  1222.13  5859.91 2.32 2.24 -43.1 -0.436    19.18 20.22 02a58703o0051c 0x000000   2.117647
58703.257379 19.334813 0.226870    67    14 c    0   5.29 217.13336 27.4083  1196.29  5822.33 2.45 2.28 -55.8 -0.430    19.22 20.34 02a58703o0060c 0x000000   4.785714
58703.271736 19.334813      NaN    19    16 c    0   6.31 217.13336 27.4083  1253.15  5896.74 2.36 2.29 -55.9 -0.423    19.20 20.33 02a58703o0088c 0x000000   1.187500
58703.276240 18.889197 0.182748   101    17 c    0   4.84 217.13336 27.4083  1271.74  5780.63 2.43 2.25 -52.8 -0.439    19.20 20.31 02a58703o0096c 0x000000   5.941176
58707.340777 18.467034 0.233178   149    32 c    0   1.42 217.13336 27.4083  7094.73  1952.68 2.81 2.40 -49.1 -0.379    18.28 19.24 02a58707o0237c 0x100002   4.656250
58707.345613 18.666446      NaN    28    32 c    0   1.99 217.13336 27.4083  7068.34  1919.03 2.54 2.52  41.7 -0.372    18.22 19.19 02a58707o0247c 0x100002   0.875000
58707.357862 18.816441      NaN   -43    36 c    0   1.67 217.13336 27.4083  7130.11  1999.73 2.60 2.55  19.1 -0.369    18.13 19.03 02a58707o0268c 0x100002  -1.194444
58707.365461 18.174913      NaN    60    45 c    0   1.39 217.13336 27.4083  7148.23  1886.84 2.78 2.70   7.0 -0.359    17.95 18.92 02a58707o0284c 0x100002   1.333333
58723.278510 20.009244      NaN    -2    12 c    0   6.85 217.13336 27.4083  6985.72  3605.83 2.66 2.42  37.4 -0.385    19.55 21.36 02a58723o0067c 0x000000  -0.166667
58723.286419 19.510313      NaN    18    13 c    0   4.27 217.13336 27.4083  6966.27  3567.71 2.61 2.41  37.0 -0.386    19.57 21.32 02a58723o0082c 0x000000   1.384615
58723.290289 19.128787 0.174254    81    13 c    0   7.82 217.13336 27.4083  7026.18  3645.24 2.62 2.38  38.3 -0.389    19.54 21.29 02a58723o0090c 0x000000   6.230769
58723.300328 19.922338      NaN    -7    13 c    0   4.86 217.13336 27.4083  7048.81  3530.36 2.60 2.39  35.6 -0.380    19.48 21.20 02a58723o0110c 0x000000  -0.538462
58755.223654 18.311179      NaN    43    43 c    0   2.73 217.13336 27.4083  7047.22    34.81 2.44 2.17 -60.0 -0.419    19.11 20.46 02a58755o0058c 0x100002   1.000000
58871.572855 19.922338      NaN   -10    13 c    0   3.92 217.13336 27.4083  1631.05  7050.60 2.30 2.26 -23.2 -0.411    19.76 21.66 02a58871o0755c 0x000000  -0.769231
58871.576087 20.103715      NaN   -45    11 c    0   5.61 217.13336 27.4083  1649.68  7089.43 2.56 2.25  32.8 -0.386    19.70 21.67 02a58871o0762c 0x000000  -4.090909
58871.581123 19.743105      NaN    16    10 c    0   9.56 217.13336 27.4083  1593.13  7011.72 2.33 2.23 -44.4 -0.417    19.76 21.67 02a58871o0773c 0x000000   1.600000
58871.594993 20.103715      NaN   -18    11 c    0   7.44 217.13336 27.4083  1572.93  7127.15 2.51 2.26  33.0 -0.392    19.72 21.66 02a58871o0801c 0x000000  -1.636364
58875.654048 20.103715      NaN   -64    11 c    0   8.37 217.13336 27.4083  7936.24   759.92 2.70 2.35 -55.4 -0.408    19.80 21.98 02a58875o0928c 0x000000  -5.818182
58875.661338 19.922338      NaN   -13    13 c    0   6.44 217.13336 27.4083  7953.91   799.11 2.64 2.33 -53.8 -0.409    19.81 21.87 02a58875o0941c 0x000000  -1.000000
58875.666384 19.922338      NaN   -69    13 c    0   5.11 217.13336 27.4083  7899.00   723.09 2.75 2.44 -51.1 -0.411    19.67 21.53 02a58875o0949c 0x000000  -5.307692
58875.675103 19.302877      NaN   -42    23 c    0   2.84 217.13336 27.4083  7881.26   844.09 2.76 2.44 -53.5 -0.398    18.65 19.73 02a58875o0964c 0x000000  -1.826087
58879.547199 18.158337      NaN  -113    66 c    0   2.09 217.13336 27.4083  7905.43   752.58 2.35 2.26  86.2 -0.395    17.76 19.62 02a58879o0701c 0x100002  -1.712121
58879.550429 18.452558      NaN    64    29 c    0   2.43 217.13336 27.4083  7929.68   792.02 2.49 2.18 -52.6 -0.412    18.86 20.78 02a58879o0708c 0x000000   2.206897
58879.566229 18.921935      NaN    44    18 c    0   3.62 217.13336 27.4083  7849.38   832.94 2.44 2.37 -88.3 -0.400    18.90 20.93 02a58879o0742c 0x000000   2.444444
58903.583546 20.103715      NaN   -52    11 c    0   5.15 217.13336 27.4083  9373.20  4722.70 2.73 2.37 -65.2 -0.409    19.79 21.99 02a58903o0696c 0x000000  -4.727273
58903.586714 20.321591      NaN   -12     9 c    0   5.29 217.13336 27.4083  9393.77  4768.97 2.67 2.34 -62.6 -0.407    19.89 21.99 02a58903o0702c 0x000000  -1.333333
58903.594629 20.137125 0.339293    32    10 c    0   6.68 217.13336 27.4083  9336.91  4689.61 2.92 2.52 -63.1 -0.399    19.76 22.00 02a58903o0717c 0x000000   3.200000
58903.605336 19.510313      NaN    24    11 c    0   8.77 217.13336 27.4083  1262.00  5764.73 2.57 2.22 -54.3 -0.450    19.81 21.99 02a58903o0738c 0x000000   2.181818
58911.548920 20.207197      NaN   -33    10 c    0   9.33 217.13336 27.4083  3504.17  8625.59 2.39 2.15 -42.5 -0.426    19.85 21.95 02a58911o0538c 0x000000  -3.300000
58911.551855 20.009244 0.361912    36    12 c    0   7.46 217.13336 27.4083  3524.90  8665.33 2.44 2.20 -44.5 -0.423    19.83 21.94 02a58911o0544c 0x000000   3.000000
58911.571923 20.207197      NaN   -57    10 c    0   9.37 217.13336 27.4083  3466.54  8589.19 2.47 2.17 -39.9 -0.419    19.89 21.97 02a58911o0586c 0x000000  -5.700000
58911.587647 20.207197      NaN   -32    10 c    0  12.02 217.13336 27.4083  3450.49  8707.78 2.45 2.11 -40.3 -0.426    19.88 22.00 02a58911o0618c 0x100001  -3.200000
58931.602210 17.661139 0.045094   313    13 c    0   7.53 217.13336 27.4083  1172.27  7500.41 2.57 2.36 -52.3 -0.435    19.76 21.74 02a58931o0752c 0x000000  24.076923
58931.612085 17.500233 0.038883   363    13 c    0   5.25 217.13336 27.4083  1153.51  7461.17 2.42 2.23 -49.5 -0.443    19.76 21.73 02a58931o0771c 0x000000  27.923077
58931.615515 17.620292 0.050111   325    15 c    0   5.92 217.13336 27.4083  1211.14  7538.26 2.58 2.29 -50.8 -0.439    19.71 21.74 02a58931o0778c 0x000000  21.666667
58931.625927 17.778234 0.046366   281    12 c    0  10.77 217.13336 27.4083  1238.52  7425.98 2.58 2.34 -50.2 -0.438    19.69 21.70 02a58931o0798c 0x100001  23.416667
58959.556349 18.249822 0.071587   182    12 c    0   8.13 217.13336 27.4083  4869.83 10188.25 2.62 2.43  58.7 -0.381    19.61 21.35 02a58959o0668c 0x000000  15.166667
58959.562184 18.125925 0.074511   204    14 c    0   5.41 217.13336 27.4083  4849.29 10148.14 2.52 2.45 -68.2 -0.408    19.64 21.31 02a58959o0679c 0x000000  14.571429
58959.565660 18.336727 0.096941   168    15 c    0   5.57 217.13336 27.4083  4905.96 10226.37 2.53 2.49 -41.3 -0.405    19.62 21.31 02a58959o0686c 0x000000  11.200000
58959.579136 17.845990 0.057577   264    14 c    0   8.03 217.13336 27.4083  4934.77 10110.80 2.49 2.43  48.7 -0.404    19.60 21.27 02a58959o0711c 0x000000  18.857143
58967.463667 19.472870 0.220828    59    12 c    0   6.81 217.13336 27.4083  5072.75  5620.94 2.47 2.35  34.6 -0.399    19.75 21.66 02a58967o0491c 0x000000   4.916667
58967.466501 19.014394 0.108574    90     9 c    0  10.36 217.13336 27.4083  5054.05  5581.98 2.50 2.33  32.7 -0.400    19.75 21.63 02a58967o0497c 0x100001  10.000000
58967.473230 18.657725 0.104231   125    12 c    0   6.25 217.13336 27.4083  5112.98  5664.15 2.52 2.30  45.4 -0.399    19.76 21.60 02a58967o0511c 0x000000  10.416667
58967.507739 18.796518 0.118444   110    12 c    0   6.11 217.13336 27.4083  5123.86  5542.32 2.49 2.40  50.7 -0.405    19.66 21.51 02a58967o0582c 0x000000   9.166667
58983.409143 18.847027 0.103403   105    10 c    0   7.15 217.13336 27.4083  8940.25  5456.96 2.78 2.38 -61.3 -0.394    19.77 21.81 02a58983o0353c 0x000000  10.500000
58983.444463 19.609992 0.229675    52    11 c    0   5.66 217.13336 27.4083  8921.42  5419.72 2.61 2.33 -65.8 -0.401    19.84 21.83 02a58983o0425c 0x000000   4.727273
58983.456994 20.207197      NaN   -33    10 c    0   8.15 217.13336 27.4083  8982.52  5501.16 2.56 2.39 -60.2 -0.403    19.80 21.73 02a58983o0449c 0x000000  -3.300000
58983.461657 19.569016      NaN    21    11 c    0   6.25 217.13336 27.4083  8997.92  5385.27 2.56 2.39 -65.3 -0.396    19.79 21.66 02a58983o0457c 0x000000   1.909091
58987.430940 20.009244 0.301593    36    10 c    0   7.87 217.13336 27.4083  9045.52  1866.86 2.74 2.41 -58.0 -0.399    19.74 21.76 02a58987o0428c 0x000000   3.600000
58987.434163 20.207197      NaN   -27    10 c    0   6.66 217.13336 27.4083  9026.27  1830.83 2.71 2.38 -56.9 -0.406    19.72 21.74 02a58987o0435c 0x000000  -2.700000
58987.440125 20.207197      NaN   -29    10 c    0   5.65 217.13336 27.4083  9085.94  1907.15 2.77 2.42 -54.2 -0.399    19.72 21.72 02a58987o0448c 0x000000  -2.900000
58987.449920 19.950541      NaN     5    11 c    0   4.23 217.13336 27.4083  9106.96  1792.15 2.67 2.34 -54.8 -0.406    19.71 21.73 02a58987o0469c 0x000000   0.454545
58995.413209 20.207197      NaN   -24    10 c    0   6.44 217.13336 27.4083  7173.85  7662.20 2.55 2.45  41.1 -0.408    19.77 21.68 02a58995o0378c 0x000000  -2.400000
58995.422962 20.103715      NaN   -69    11 c    0   7.15 217.13336 27.4083  7155.78  7623.31 2.57 2.53  38.3 -0.407    19.72 21.64 02a58995o0399c 0x000000  -6.272727
58995.426163 20.071303      NaN     1    11 c    0   3.65 217.13336 27.4083  7214.33  7700.90 2.58 2.53  33.6 -0.406    19.76 21.64 02a58995o0406c 0x000000   0.090909
58995.436137 20.207197      NaN   -54    10 c    0   5.39 217.13336 27.4083  7233.58  7586.17 2.54 2.50  63.3 -0.409    19.76 21.60 02a58995o0427c 0x000000  -5.400000
59023.301089 19.529530      NaN    17    13 c    0   4.50 217.13336 27.4083   720.88  9952.51 2.66 2.15 -47.4 -0.426    19.78 21.83 02a59023o0124c 0x000000   1.307692
59023.304302 20.009244      NaN   -62    12 c    0   5.87 217.13336 27.4083   702.82  9915.49 2.78 2.22 -48.6 -0.420    19.76 21.84 02a59023o0131c 0x000000  -5.166667
59023.309815 20.207197      NaN   -31    10 c    0   9.72 217.13336 27.4083   761.06  9995.74 2.60 2.11 -44.1 -0.428    19.81 21.83 02a59023o0143c 0x000000  -3.100000
59023.320305 20.009244      NaN   -84    12 c    0   7.86 217.13336 27.4083   780.12  9873.31 2.65 2.03 -49.5 -0.429    19.81 21.86 02a59023o0165c 0x000000  -7.000000
59043.381401 20.207197      NaN   -43    10 c    0   8.46 217.13336 27.4083  2828.87  1656.03 2.47 2.33 -63.5 -0.419    19.52 21.32 02a59043o0240c 0x000000  -4.300000
59043.384672 20.103715      NaN   -35    11 c    0   8.55 217.13336 27.4083  2809.51  1616.71 2.47 2.35 -64.8 -0.424    19.58 21.38 02a59043o0247c 0x000000  -3.181818
59043.392118 20.009244      NaN   -41    12 c    0   5.31 217.13336 27.4083  2869.35  1694.08 2.46 2.29 -57.2 -0.421    19.49 21.30 02a59043o0263c 0x000000  -3.416667
59043.408916 19.868040      NaN     2    13 c    0   5.26 217.13336 27.4083  2887.46  1576.74 2.60 2.38 -57.7 -0.418    19.45 21.24 02a59043o0299c 0x000000   0.153846
59047.325217 19.401649      NaN   -45    21 c    0   3.96 217.13336 27.4083  2826.40  1663.61 2.40 2.31  69.9 -0.420    19.06 20.93 02a59047o0068c 0x000000  -2.142857
59047.328434 19.609992      NaN     7    15 c    0   3.34 217.13336 27.4083  2808.37  1623.50 2.44 2.34 -82.0 -0.426    19.08 20.95 02a59047o0075c 0x000000   0.466667
59047.334419 19.696897 0.271434    48    12 c    0   4.81 217.13336 27.4083  2867.16  1700.88 2.48 2.36  67.1 -0.414    19.39 21.39 02a59047o0088c 0x000000   4.000000
59047.355223 19.089302      NaN    -2    28 c    0   2.66 217.13336 27.4083  2891.44  1580.68 2.36 2.26 -77.2 -0.426    18.36 19.94 02a59047o0133c 0x000000  -0.071429
59051.311796 19.549093 0.217147    55    11 c    0   5.53 217.13336 27.4083  3138.56  5728.70 2.31 2.23  34.8 -0.405    19.72 21.58 02a59051o0152c 0x000000   5.000000
59051.317343 20.039830 0.279189    35     9 c    0  12.31 217.13336 27.4083  3119.27  5692.01 2.27 2.22  31.1 -0.410    19.74 21.58 02a59051o0164c 0x100001   3.888889
59051.323328 20.103715      NaN   -25    11 c    0   9.09 217.13336 27.4083  3177.93  5768.08 2.24 2.21  22.6 -0.411    19.73 21.56 02a59051o0177c 0x000000  -2.272727
59051.338022 19.894850      NaN     7    11 c    0   6.66 217.13336 27.4083  3198.99  5648.88 2.31 2.24  37.1 -0.407    19.72 21.52 02a59051o0209c 0x000000   0.636364
59071.243499 18.955691      NaN    20    25 c    0   2.68 217.13336 27.4083  8931.51  3538.28 2.52 2.46 -50.9 -0.384    18.54 19.73 02a59071o0022c 0x000000   0.800000
59071.253854 19.922338      NaN   -23    13 c    0   8.06 217.13336 27.4083  8915.03  3494.60 2.54 2.44 -61.1 -0.389    19.59 21.29 02a59071o0044c 0x000000  -1.769231
59071.258551 20.009244      NaN   -31    12 c    0   7.19 217.13336 27.4083  8973.76  3572.60 2.53 2.45 -59.5 -0.394    19.63 21.47 02a59071o0054c 0x000000  -2.583333
59071.264080 20.103715      NaN   -34    11 c    0   7.78 217.13336 27.4083  8994.32  3457.34 2.49 2.41 -54.2 -0.397    19.62 21.50 02a59071o0066c 0x000000  -3.090909
59075.273763 20.103715      NaN  -122    11 c    0   7.38 217.13336 27.4083  2638.89  9825.18 2.44 2.24 -61.3 -0.417    19.66 21.52 02a59075o0073c 0x000000 -11.090909
59075.276969 19.922338      NaN   -98    13 c    0   4.73 217.13336 27.4083  2620.17  9786.50 2.47 2.28 -55.9 -0.423    19.61 21.51 02a59075o0080c 0x000000  -7.538462
59075.283862 20.103715      NaN  -111    11 c    0   8.27 217.13336 27.4083  2678.36  9863.14 2.55 2.32 -49.1 -0.423    19.64 21.49 02a59075o0095c 0x000000 -10.090909
59075.293984 19.609992 0.250555    52    12 c    0  10.49 217.13336 27.4083  2697.42  9743.79 2.44 2.32 -52.1 -0.416    19.64 21.42 02a59075o0117c 0x100001   4.333333
59103.229100 19.197966      NaN     7    23 c    0   2.53 217.13336 27.4083  1212.46  5850.16 2.53 2.48  32.3 -0.397    18.71 20.04 02a59103o0035c 0x000000   0.304348
59103.232312 19.569016      NaN   -63    18 c    0   3.84 217.13336 27.4083  1192.74  5811.29 2.50 2.41  38.6 -0.392    19.09 20.56 02a59103o0042c 0x000000  -3.500000
59103.237812 19.609992      NaN    16    12 c    0   5.97 217.13336 27.4083  1250.90  5887.21 2.52 2.49  87.0 -0.404    19.32 20.97 02a59103o0054c 0x000000   1.333333
59103.251138 19.841877      NaN   -25    14 c    0   4.94 217.13336 27.4083  1271.52  5771.09 2.41 2.32  47.0 -0.412    19.41 21.02 02a59103o0083c 0x000000  -1.785714
59107.233736 19.766969      NaN   -18    15 c    0   4.33 217.13336 27.4083  7079.77  1952.32 2.43 2.36 -57.7 -0.389    19.27 20.80 02a59107o0051c 0x000000  -1.200000
59107.237402 19.549093      NaN    10    15 c    0   3.44 217.13336 27.4083  7061.02  1913.11 2.54 2.36 -51.3 -0.392    19.34 20.86 02a59107o0059c 0x000000   0.666667
59107.242896 19.841877      NaN   -52    14 c    0   3.48 217.13336 27.4083  7117.62  1992.10 2.45 2.43 -85.4 -0.384    19.27 20.86 02a59107o0071c 0x000000  -3.714286
59107.253001 19.841877      NaN   -69    14 c    0   6.47 217.13336 27.4083  7139.37  1873.32 2.61 2.35 -48.3 -0.396    19.25 20.76 02a59107o0093c 0x000000  -4.928571
59197.582799 19.549093      NaN    16    13 c    0   6.45 217.13336 27.4083  1226.20  5833.30 2.81 2.58 -86.5 -0.389    19.50 21.46 01a59197o0661c 0x000000   1.230769
59197.587928 19.922338      NaN   -58    13 c    0   5.25 217.13336 27.4083  1205.91  5793.94 2.75 2.44 -75.9 -0.385    19.51 21.49 01a59197o0672c 0x000000  -4.461538
59197.593172 20.009244      NaN   -17    12 c    0   5.30 217.13336 27.4083  1263.01  5872.69 2.74 2.39 -79.7 -0.400    19.56 21.54 01a59197o0683c 0x000000  -1.416667
59197.603368 20.009244      NaN  -102    12 c    0   3.30 217.13336 27.4083  1282.97  5756.20 2.92 2.56 -74.7 -0.390    19.54 21.59 01a59197o0705c 0x000000  -8.500000
59205.570774 19.922338      NaN   -63    13 c    0   3.68 217.13336 27.4083  7088.97  1944.18 2.89 2.60 -87.9 -0.394    19.41 21.16 01a59205o0743c 0x000000  -4.846154
59205.574037 19.155932      NaN    37    14 c    0   2.91 217.13336 27.4083  7068.41  1905.50 3.03 2.58 -80.3 -0.399    19.39 21.20 01a59205o0750c 0x000000   2.642857
59205.589456 19.674510      NaN     7    14 c    0   2.54 217.13336 27.4083  7125.38  1980.76 3.23 2.68 -84.7 -0.378    19.42 21.28 01a59205o0782c 0x000000   0.500000
59205.595013 20.009244      NaN   -26    12 c    0   4.44 217.13336 27.4083  7145.55  1865.47 3.20 2.83  85.7 -0.360    19.43 21.34 01a59205o0794c 0x000000  -2.166667
59207.646065 20.207197      NaN  -126    10 c    0   6.49 217.13336 27.4083  1451.99  2981.07 2.49 2.37 -68.2 -0.410    19.62 21.51 02a59207o0916c 0x000000 -12.600000
59207.650195 20.207197      NaN  -107    10 c    0   6.43 217.13336 27.4083  1470.51  3020.67 2.44 2.32 -68.2 -0.410    19.67 21.50 02a59207o0925c 0x000000 -10.700000
59207.658042 20.207197      NaN   -90    10 c    0   6.55 217.13336 27.4083  1412.29  2941.28 2.42 2.34 -72.2 -0.412    19.62 21.31 02a59207o0942c 0x000000  -9.000000
59207.666827 19.631075      NaN   -79    17 c    0   3.08 217.13336 27.4083  1395.06  3057.57 2.46 2.30 -66.5 -0.415    19.03 20.11 02a59207o0961c 0x000000  -4.647059
59229.585960 20.207197      NaN   -22    10 c    0  10.33 217.13336 27.4083  1199.65  7486.12 2.40 2.21 -52.2 -0.395    19.88 21.94 01a59229o0522c 0x100001  -2.200000
59229.589201 20.207197      NaN    -2    10 c    0  10.67 217.13336 27.4083  1180.50  7447.71 2.40 2.20 -67.0 -0.399    19.94 21.95 01a59229o0529c 0x100001  -0.200000
59229.594731 20.449472      NaN  -126     8 c    0  10.28 217.13336 27.4083  1239.57  7524.98 2.47 2.31 -63.9 -0.391    19.86 21.98 01a59229o0541c 0x100001 -15.750000
59229.629585 20.009244 0.271434    36     9 c    0   9.36 217.13336 27.4083  1259.90  7410.75 2.37 2.13 -74.1 -0.405    19.96 22.08 01a59229o0613c 0x000000   4.000000
59231.581500 19.384550      NaN    28    12 c    0   6.14 217.13336 27.4083  5552.91  6891.17 2.57 2.42  40.9 -0.406    19.77 21.90 02a59231o0789c 0x000000   2.333333
59231.587011 20.009244      NaN   -11    12 c    0   4.33 217.13336 27.4083  5571.52  6929.88 2.63 2.45  41.6 -0.400    19.77 21.92 02a59231o0801c 0x000000  -0.916667
59231.590672 20.103715      NaN    -1    11 c    0   7.34 217.13336 27.4083  5513.45  6853.10 2.65 2.53  58.8 -0.403    19.75 21.93 02a59231o0809c 0x000000  -0.090909
59231.603554 20.103715      NaN   -42    11 c    0   3.82 217.13336 27.4083  5492.95  6969.24 2.80 2.54  42.2 -0.390    19.71 21.97 02a59231o0837c 0x000000  -3.818182
59253.563423 20.207197      NaN   -96    10 c    0  13.64 217.13336 27.4083  4907.47 10176.39 2.43 2.18 -70.3 -0.409    19.85 22.11 01a59253o0707c 0x100001  -9.600000
59253.566797 20.321591      NaN   -98     9 c    0  11.31 217.13336 27.4083  4886.18 10133.98 2.45 2.23 -69.7 -0.408    19.82 22.13 01a59253o0714c 0x100001 -10.888889
59253.572056 20.321591      NaN   -44     9 c    0  11.72 217.13336 27.4083  4942.53 10213.39 2.47 2.23 -71.3 -0.400    19.83 22.15 01a59253o0724c 0x100001  -4.888889
59253.582248 20.207197      NaN   -91    10 c    0   7.85 217.13336 27.4083  4965.76 10096.88 2.47 2.26 -68.1 -0.393    19.82 22.13 01a59253o0746c 0x000000  -9.100000
59255.549560 20.321591      NaN   -39     9 c    0   7.85 217.13336 27.4083  7420.36  4846.71 2.77 2.49  38.0 -0.382    19.75 22.05 02a59255o0707c 0x000000  -4.333333
59255.556071 19.169763 0.153117    78    11 c    0   6.35 217.13336 27.4083  7441.23  4885.18 2.88 2.61  36.5 -0.374    19.71 22.10 02a59255o0721c 0x000000   7.090909
59255.557968 20.321591      NaN    -4     9 c    0   6.34 217.13336 27.4083  7382.21  4809.17 2.85 2.60  36.6 -0.378    19.69 22.11 02a59255o0725c 0x000000  -0.444444
59255.569981 20.449472      NaN   -70     8 c    0   7.92 217.13336 27.4083  7363.19  4925.92 2.87 2.54  38.2 -0.382    19.77 22.14 02a59255o0751c 0x000000  -8.750000
59257.595512 20.449472      NaN  -101     8 c    0   5.49 217.13336 27.4083  5080.11  5604.14 2.41 2.34 -72.6 -0.370    19.87 22.28 01a59257o0820c 0x000000 -12.625000
59257.597355 20.207197      NaN   -45    10 c    0   5.02 217.13336 27.4083  5060.53  5565.33 2.38 2.31 -73.9 -0.369    19.89 22.28 01a59257o0824c 0x000000  -4.500000
59257.600122 20.449472      NaN   -38     8 c    0   9.50 217.13336 27.4083  5118.48  5642.31 2.38 2.29 -83.3 -0.368    19.88 22.28 01a59257o0830c 0x000000  -4.750000
59257.625905 20.321591      NaN   -21     9 c    0   7.42 217.13336 27.4083  5387.89  5060.37 2.44 2.37 -60.4 -0.362    19.89 22.25 01a59257o0882c 0x000000  -2.333333
59261.533739 20.137125      NaN     2    10 c    0   8.26 217.13336 27.4083  5080.30  5602.55 2.83 2.76 -88.3 -0.358    19.64 22.02 01a59261o0673c 0x000000   0.200000
59261.544674 20.449472      NaN   -28     8 c    0   7.15 217.13336 27.4083  5062.48  5565.55 2.40 2.34 -69.1 -0.363    19.81 22.03 01a59261o0695c 0x000000  -3.500000
59261.550672 20.449472      NaN   -50     8 c    0   9.73 217.13336 27.4083  5121.26  5642.24 2.60 2.51 -53.9 -0.361    19.72 22.04 01a59261o0708c 0x000000  -6.250000
59261.559442 20.321591      NaN   -44     9 c    0   4.72 217.13336 27.4083  5141.99  5527.17 2.58 2.49 -48.8 -0.362    19.76 22.06 01a59261o0727c 0x000000  -4.888889
59263.563617 19.169763      NaN   -52    26 c    0   3.15 217.13336 27.4083  3747.95   444.40 2.43 2.24 -69.4 -0.419    18.46 20.29 02a59263o0459c 0x000000  -2.000000
59267.554795 20.207197      NaN   -28    10 c    0   6.35 217.13336 27.4083  1653.77  7058.77 2.47 2.45 -57.3 -0.402    19.71 21.71 02a59267o0690c 0x000000  -2.800000
59267.559309 20.207197      NaN   -25    10 c    0   5.98 217.13336 27.4083  1673.94  7096.30 2.36 2.34 -46.1 -0.408    19.79 21.92 02a59267o0699c 0x000000  -2.500000
59267.563423 20.103715      NaN   -95    11 c    0   5.91 217.13336 27.4083  1615.65  7018.09 2.36 2.34 -58.4 -0.409    19.80 21.98 02a59267o0708c 0x000000  -8.636364
59267.568561 20.449472      NaN  -148     8 c    0  10.83 217.13336 27.4083  1596.76  7133.62 2.48 2.45   0.1 -0.397    19.76 22.00 02a59267o0719c 0x100001 -18.500000
59267.663223 19.841877      NaN   -50    14 c    0   5.29 217.13336 27.4083  8952.87  3494.05 2.52 2.51  12.3 -0.383    19.35 20.77 02a59267o0903c 0x000000  -3.571429
59291.489295 20.071303 0.319334    34    10 c    0   6.84 217.13336 27.4083  9482.58  6660.54 2.60 2.47  41.9 -0.405    19.84 21.92 02a59291o0343c 0x000000   3.400000
59291.491199 19.510313      NaN    24    11 c    0   8.75 217.13336 27.4083  9502.22  6699.54 2.61 2.48  41.3 -0.405    19.81 22.01 02a59291o0347c 0x000000   2.181818
59291.493942 19.472870      NaN    26    11 c    0   9.19 217.13336 27.4083  9443.45  6623.53 2.60 2.55  31.9 -0.406    19.83 21.99 02a59291o0353c 0x000000   2.363636
59291.517965 20.207197      NaN  -100    10 c    0   6.23 217.13336 27.4083  9426.49  6742.74 2.70 2.53  41.6 -0.397    19.80 21.91 02a59291o0398c 0x000000 -10.000000
59309.466539 20.449472      NaN   -77     8 c    0   7.13 217.13336 27.4083  7007.10  5511.67 2.57 2.42  85.0 -0.383    19.99 22.08 01a59309o0338c 0x000000  -9.625000
59309.471169 20.449472      NaN   -28     8 c    0   6.68 217.13336 27.4083  6988.24  5471.56 2.48 2.27  88.6 -0.392    20.04 22.09 01a59309o0348c 0x000000  -3.500000
59309.483318 20.449472      NaN   -23     8 c    0   6.79 217.13336 27.4083  7045.50  5549.83 2.29 2.20 -83.0 -0.397    20.10 22.09 01a59309o0374c 0x000000  -2.875000
59309.487520 20.449472      NaN   -30     8 c    0   9.93 217.13336 27.4083  7065.00  5433.78 2.27 2.22 -64.5 -0.396    20.11 22.08 01a59309o0383c 0x000000  -3.750000
59313.491307 20.207197      NaN  -113    10 c    0   9.22 217.13336 27.4083  9769.59   603.60 2.76 2.41 -48.8 -0.340    20.01 21.87 01a59313o0575c 0x000000 -11.300000
59313.495126 20.103715      NaN   -69    11 c    0   6.25 217.13336 27.4083  9789.76   641.09 2.73 2.46 -56.5 -0.339    20.02 21.91 01a59313o0583c 0x000000  -6.272727
59313.502124 20.321591      NaN  -168     9 c    0   7.28 217.13336 27.4083  9733.58   563.53 2.76 2.46 -46.5 -0.333    20.02 21.90 01a59313o0598c 0x000000 -18.666667
59313.512180 20.207197      NaN  -141    10 c    0   7.09 217.13336 27.4083  9715.93   679.57 2.73 2.53 -43.6 -0.335    20.01 21.87 01a59313o0619c 0x000000 -14.100000
59317.418608 20.321591      NaN   -31     9 c    0  14.45 217.13336 27.4083   738.33  9950.51 2.33 2.08 -72.3 -0.418    19.95 21.84 01a59317o0042c 0x100001  -3.444444
59317.420459 20.103715      NaN    -5    11 c    0  12.60 217.13336 27.4083   719.04  9912.55 2.26 2.02 -70.1 -0.424    19.99 21.84 01a59317o0046c 0x100001  -0.454545
59317.423226 19.766969      NaN    12    11 c    0  10.50 217.13336 27.4083   776.07  9990.58 2.36 2.13 -61.3 -0.414    19.96 21.83 01a59317o0052c 0x100001   1.090909
59317.439591 20.103715      NaN   -63    11 c    0   4.89 217.13336 27.4083   798.67  9875.28 2.26 2.06 -59.1 -0.421    20.02 21.87 01a59317o0087c 0x000000  -5.727273
59321.439454 20.321591      NaN   -29     9 c    0   4.67 217.13336 27.4083  5007.25  3678.21 2.52 2.47 -86.9 -0.361    19.89 21.88 01a59321o0424c 0x000000  -3.222222
59321.443141 20.321591      NaN   -55     9 c    0   8.25 217.13336 27.4083  4987.39  3640.28 2.61 2.52 -56.0 -0.361    19.89 21.91 01a59321o0432c 0x000000  -6.111111
59321.448659 20.594452      NaN  -109     7 c    0  10.64 217.13336 27.4083  5045.97  3717.00 2.47 2.45 -61.9 -0.365    19.91 21.89 01a59321o0444c 0x100001 -15.571429
59321.470312 20.449472      NaN   -79     8 c    0   5.79 217.13336 27.4083  5478.15  6988.06 2.58 2.47 -67.5 -0.367    19.89 21.90 01a59321o0484c 0x000000  -9.875000
59339.499176 18.396507      NaN  -183    53 c    0   4.42 217.13336 27.4083  3057.77  3794.10 2.42 2.22  42.7 -0.406    17.27 18.92 02a59339o0254c 0x100002  -3.452830
59339.504785 19.569016 0.281487    54    14 c    0   3.87 217.13336 27.4083  3038.30  3754.56 2.58 2.23  41.8 -0.396    19.24 21.10 02a59339o0266c 0x000000   3.857143
59339.515372 19.569016      NaN    18    12 c    0   5.22 217.13336 27.4083  3102.44  3829.80 2.50 2.25  44.2 -0.400    19.56 21.38 02a59339o0285c 0x000000   1.500000
59343.363289 19.454622 0.162860    60     9 c    0  10.29 217.13336 27.4083  7528.16  6778.55 2.41 2.32  48.8 -0.405    19.77 21.72 02a59343o0265c 0x100001   6.666667
59343.365118 19.609992      NaN    19    11 c    0   4.42 217.13336 27.4083  7548.84  6816.31 2.43 2.30  44.6 -0.405    19.79 21.71 02a59343o0269c 0x000000   1.727273
59343.369270 20.321591      NaN   -30     9 c    0  10.72 217.13336 27.4083  7490.51  6738.91 2.54 2.29  42.4 -0.398    19.80 21.71 02a59343o0277c 0x100001  -3.333333
59343.374303 19.472870      NaN    29    10 c    0   6.89 217.13336 27.4083  7471.97  6854.44 2.57 2.31  39.1 -0.398    19.77 21.71 02a59343o0288c 0x000000   2.900000
59347.427074 20.009244      NaN  -147    12 c    0   6.70 217.13336 27.4083  8703.67 10034.69 2.83 2.79  87.4 -0.369    19.72 21.76 02a59347o0417c 0x000000 -12.250000
59347.452485 20.321591      NaN  -116     9 c    0   6.22 217.13336 27.4083  8680.51  9996.73 2.82 2.75 -65.3 -0.373    19.75 21.77 02a59347o0468c 0x000000 -12.888889
59347.456059 20.207197      NaN  -133    10 c    0   6.04 217.13336 27.4083  8738.13 10075.57 2.75 2.71  65.1 -0.381    19.79 21.79 02a59347o0475c 0x000000 -13.300000
59347.461280 20.207197      NaN   -88    10 c    0   4.87 217.13336 27.4083  8754.77  9957.84 2.78 2.71  59.2 -0.382    19.73 21.78 02a59347o0486c 0x000000  -8.800000
59351.480679 20.009244      NaN  -149    12 c    0   6.24 217.13336 27.4083  8699.47 10038.52 2.97 2.80 -52.3 -0.373    19.57 21.54 02a59351o0511c 0x000000 -12.416667
59351.485287 20.103715      NaN   -54    11 c    0   5.09 217.13336 27.4083  8679.78  9997.87 2.90 2.86 -56.9 -0.371    19.56 21.51 02a59351o0521c 0x000000  -4.909091
59351.492339 20.009244      NaN  -151    12 c    0   5.13 217.13336 27.4083  8738.88 10076.44 2.84 2.75 -59.0 -0.378    19.59 21.45 02a59351o0536c 0x000000 -12.583333
59351.502774 19.922338      NaN  -170    13 c    0   4.56 217.13336 27.4083  8755.78  9958.89 2.87 2.82  35.8 -0.375    19.55 21.39 02a59351o0558c 0x000000 -13.076923
59355.538676 19.367717      NaN    23    14 c    0   7.87 217.13336 27.4083  4876.86 10187.69 2.50 2.48  74.3 -0.390    19.43 21.12 02a59355o0078c 0x000000   1.642857
59355.541876 17.751519      NaN  -354    96 c    0   1.05 217.13336 27.4083  4856.28 10150.53 2.62 2.44  46.2 -0.366    17.59 19.17 02a59355o0085c 0x100002  -3.687500
59355.548835 19.302877      NaN  -109    23 c    0   3.28 217.13336 27.4083  4917.92 10224.41 2.50 2.46  56.8 -0.376    18.56 20.08 02a59355o0100c 0x000000  -4.739130
59355.558960 17.584152      NaN  -586   112 c    0   1.77 217.13336 27.4083  4936.48 10105.05 2.70 2.56 -52.4 -0.386    16.92 18.59 02a59355o0122c 0x100002  -5.232143
59369.365478 20.207197      NaN   -59    10 c    0   9.84 217.13336 27.4083  7863.83   748.15 2.34 2.22 -36.1 -0.388    20.05 21.95 01a59369o0281c 0x000000  -5.900000
59369.368718 20.449472      NaN   -78     8 c    0  12.97 217.13336 27.4083  7883.32   786.66 2.43 2.24 -26.1 -0.379    20.02 21.96 01a59369o0288c 0x100001  -9.750000
59369.378512 20.449472      NaN   -36     8 c    0  12.99 217.13336 27.4083  7826.93   708.18 2.36 2.16 -38.5 -0.392    20.01 21.91 01a59369o0308c 0x100001  -4.500000
59369.409869 20.103715      NaN   -71    11 c    0   4.53 217.13336 27.4083  7816.18   821.67 2.38 2.19 -40.8 -0.391    19.96 21.80 01a59369o0371c 0x000000  -6.454545
59373.352213 20.449472      NaN   -92     8 c    0   8.03 217.13336 27.4083  7863.40   747.81 2.35 2.20 -48.5 -0.387    20.06 22.02 01a59373o0249c 0x000000 -11.500000
59373.355437 20.103715      NaN   -56    11 c    0   5.68 217.13336 27.4083  7884.08   786.97 2.37 2.22 -39.2 -0.388    20.08 22.04 01a59373o0256c 0x000000  -5.090909
59373.361889 20.207197      NaN   -32    10 c    0   8.43 217.13336 27.4083  7827.11   710.41 2.35 2.20 -52.1 -0.391    20.03 22.01 01a59373o0270c 0x000000  -3.200000
59373.374180 20.449472      NaN   -28     8 c    0   5.66 217.13336 27.4083  7809.12   825.43 2.47 2.27 -52.2 -0.392    20.01 21.97 01a59373o0296c 0x000000  -3.500000
59377.318608 20.449472      NaN    -2     8 c    0  13.60 217.13336 27.4083  7411.09  3197.12 2.31 2.15 -76.5 -0.400    20.12 22.13 01a59377o0173c 0x100001  -0.250000
59377.333204 20.321591      NaN   -60     9 c    0   7.48 217.13336 27.4083  7432.28  3232.64 2.34 2.20 -79.7 -0.398    20.12 22.16 01a59377o0203c 0x000000  -6.666667
59377.345192 19.652575      NaN    20    10 c    0   8.86 217.13336 27.4083  7377.44  3154.14 2.24 2.12 -72.0 -0.407    20.12 22.12 01a59377o0228c 0x000000   2.000000
59377.349731 20.449472      NaN   -95     8 c    0  10.86 217.13336 27.4083  7359.44  3269.74 2.29 2.14 -70.2 -0.395    20.09 22.15 01a59377o0237c 0x100001 -11.875000
59403.327427 20.207197      NaN  -103    10 c    0   8.12 217.13336 27.4083  9107.22  7597.85 2.79 2.58 -55.8 -0.406    19.76 21.68 02a59403o0183c 0x000000 -10.300000
59403.330630 20.103715      NaN   -88    11 c    0   6.48 217.13336 27.4083  9089.46  7559.53 2.71 2.53 -54.5 -0.409    19.75 21.67 02a59403o0190c 0x000000  -8.000000
59403.336806 20.103715      NaN  -147    11 c    0   5.09 217.13336 27.4083  9148.14  7638.76 2.68 2.55 -54.5 -0.404    19.80 21.67 02a59403o0203c 0x000000 -13.363636
59403.349505 20.103715      NaN  -166    11 c    0   5.52 217.13336 27.4083  9170.00  7523.53 2.83 2.60 -54.4 -0.402    19.71 21.65 02a59403o0230c 0x000000 -15.090909
59407.288478 18.298627      NaN   -29    58 c    0   1.69 217.13336 27.4083  9117.44  7600.50 2.71 2.62 -61.1 -0.395    17.78 19.32 02a59407o0098c 0x100002  -0.500000
59407.291678 17.536732      NaN  -174   117 c    0   1.11 217.13336 27.4083  9100.04  7562.20 2.65 2.58 -65.3 -0.457    17.00 18.39 02a59407o0105c 0x100002  -1.487179
59407.300563 15.284823      NaN  -159   931 c    0   1.36 217.13336 27.4083  9156.11  7642.70 2.69 2.61 -65.1 -0.463    15.22 16.57 02a59407o0124c 0x100002  -0.170784
59407.320132 18.847027      NaN  -144    35 c    0   2.10 217.13336 27.4083  9172.70  7525.34 2.69 2.65 -76.7 -0.399    18.52 20.19 02a59407o0166c 0x100002  -4.114286
59425.334132 20.103715      NaN   -32    11 c    0   5.21 217.13336 27.4083  9348.00  3036.05 2.52 2.19 -77.7 -0.409    19.81 21.47 01a59425o0214c 0x000000  -2.909091
59425.351215 19.816329      NaN    13    10 c    0   4.87 217.13336 27.4083  9367.41  3077.70 2.52 2.31 -66.7 -0.383    19.71 21.43 01a59425o0251c 0x000000   1.300000
59425.354908 20.103715      NaN   -54    11 c    0   5.93 217.13336 27.4083  9311.07  3000.66 2.55 2.29 -74.5 -0.392    19.69 21.41 01a59425o0259c 0x000000  -4.909091
59425.362800 20.207197      NaN   -43    10 c    0   5.78 217.13336 27.4083  9290.04  3121.97 2.49 2.20 -77.2 -0.407    19.66 21.31 01a59425o0276c 0x000000  -4.300000
59429.297038 20.009244      NaN    -2    12 c    0   5.92 217.13336 27.4083  9356.42  3032.47 2.48 2.13 -75.5 -0.409    19.84 21.49 01a59429o0139c 0x000000  -0.166667
59429.300280 20.207197      NaN   -48    10 c    0   6.54 217.13336 27.4083  9376.62  3069.71 2.51 2.13 -78.5 -0.414    19.81 21.47 01a59429o0146c 0x000000  -4.800000
59429.306733 20.207197      NaN   -25    10 c    0   7.77 217.13336 27.4083  9316.88  2994.73 2.55 2.14 -78.4 -0.406    19.74 21.44 01a59429o0160c 0x000000  -2.500000
59429.316899 19.816329      NaN    13    10 c    0   8.37 217.13336 27.4083  9300.07  3112.56 2.53 2.16 -75.6 -0.406    19.76 21.39 01a59429o0182c 0x000000   1.300000
59433.275892 18.900000 0.119431   100    11 c    0   7.41 217.13336 27.4083  7508.58  6754.44 2.52 2.16 -82.9 -0.392    19.82 21.51 01a59433o0096c 0x000000   9.090909
59433.279117 20.207197      NaN   -64    10 c    0   4.40 217.13336 27.4083  7529.17  6793.18 2.54 2.27 -83.6 -0.383    19.74 21.48 01a59433o0103c 0x000000  -6.400000
59433.284649 20.207197      NaN   -72    10 c    0   4.56 217.13336 27.4083  7469.65  6716.74 2.42 2.15 -83.5 -0.387    19.81 21.46 01a59433o0115c 0x000000  -7.200000
59433.294794 20.009244      NaN   -21    12 c    0   2.75 217.13336 27.4083  7450.79  6833.55 2.44 2.17 -85.6 -0.387    19.77 21.47 01a59433o0137c 0x000000  -1.750000