         MJD         m       dm  uJy  duJy F  err  chi/N        RA      Dec        x        y  maj  min   phi  apfit  mag5sig   Sky            Obs     Mask   __tmp_SN
57745.571953 19.510313      NaN  -28    19 c    0   0.93 157.46814 20.66937  2182.56  9107.70 3.69 3.38   6.2 -0.413    19.58 21.43 02a57745o0701c 0x000000  -1.473684
57745.584740 19.569016      NaN  -29    18 c    0   0.97 157.46814 20.66937  2195.50  9150.48 3.82 3.52  15.7 -0.415    19.57 21.43 02a57745o0722c 0x000000  -1.611111
57745.601128 19.142275      NaN   26    18 c    0   0.96 157.46814 20.66937  2128.19  9070.93 3.64 3.29   7.6 -0.419    19.60 21.43 02a57745o0747c 0x000000   1.444444
57745.617111 19.302877      NaN   12    19 c    0   0.80 157.46814 20.66937  2105.61  9191.75 3.82 3.50  16.8 -0.417    19.57 21.40 02a57745o0771c 0x000000   0.631579
57745.632410 19.589310      NaN    2    17 c    0   1.00 157.46814 20.66937  8353.76  1316.47 3.96 3.78 -84.6 -0.404    19.53 21.37 02a57745o0794c 0x000000   0.117647
57753.565878 18.063866      NaN  -45    72 c    0   0.91 157.46814 20.66937  4579.68  8427.24 3.60 3.57  25.4 -0.454    18.03 19.90 02a57753o0572c 0x100002  -0.625000
57753.579566 17.671596      NaN  112    66 c    0   0.86 157.46814 20.66937  4507.96  8350.06 3.74 3.68  18.1 -0.430    18.25 20.15 02a57753o0595c 0x100002   1.696970
57753.592135 18.079051      NaN   27    62 c    0   0.94 157.46814 20.66937  4490.39  8464.87 3.60 3.52  12.1 -0.446    18.25 20.09 02a57753o0613c 0x100002   0.435484
57753.614120 16.753657      NaN  263   153 c    0   1.20 157.46814 20.66937  5957.89  2041.09 3.72 3.63 -86.2 -0.410    17.11 18.88 02a57753o0644c 0x100002   1.718954
57757.557229 19.271854      NaN   23    16 c    0   0.90 157.46814 20.66937  2161.90  8329.83 3.69 3.48  20.4 -0.443    19.74 21.71 02a57757o0657c 0x000000   1.437500
57757.566730 19.841877      NaN  -14    14 c    0   1.21 157.46814 20.66937  2176.23  8371.09 3.61 3.38  12.1 -0.445    19.76 21.72 02a57757o0673c 0x000000  -1.000000
57757.576621 19.287255      NaN   31    13 c    0   1.39 157.46814 20.66937  8385.47  2153.81 3.80 3.49  88.0 -0.405    19.75 21.68 02a57757o0689c 0x000000   2.384615
57757.590049 19.696897      NaN    6    14 c    0   1.25 157.46814 20.66937  8403.91  2038.74 3.84 3.55 -89.0 -0.401    19.76 21.73 02a57757o0711c 0x000000   0.428571
57757.606889 19.401649      NaN   21    14 c    0   0.86 157.46814 20.66937  8366.11  2096.79 3.81 3.51  88.7 -0.408    19.78 21.76 02a57757o0735c 0x000000   1.500000
57777.521210 19.226921      NaN   23    17 c    0   1.03 157.46814 20.66937  7235.47 10455.61 3.71 3.65 -86.5 -0.441    19.82 21.86 02a57777o0609c 0x000000   1.352941
57777.521691 19.401649      NaN   21    14 c    0   1.03 157.46814 20.66937  5551.73   611.84 3.79 3.76 -32.3 -0.422    19.77 21.82 02a57777o0610c 0x000000   1.500000
57777.525505 17.536732      NaN -209   117 c    0   0.79 157.46814 20.66937  3284.14    33.57 3.95 3.82 -15.8 -0.406    19.83 21.88 02a57777o0617c 0x100002  -1.786325
57777.531533 19.569016      NaN   12    14 c    0   1.11 157.46814 20.66937  5531.29   571.53 3.86 3.77   3.2 -0.423    19.77 21.83 02a57777o0626c 0x000000   0.857143
57777.539698 19.491430      NaN   10    16 c    0   1.05 157.46814 20.66937  5605.40   654.86 3.80 3.77 -23.0 -0.419    19.77 21.83 02a57777o0642c 0x000000   0.625000
57777.548940 18.729535      NaN   39    26 c    0   0.97 157.46814 20.66937  7287.18 10500.22 3.89 3.82  60.0 -0.433    19.80 21.88 02a57777o0659c 0x000000   1.500000
57777.561749 19.841877      NaN    0    14 c    0   1.29 157.46814 20.66937  5624.42   537.22 3.92 3.80 -11.0 -0.414    19.74 21.82 02a57777o0682c 0x000000   0.000000
57777.563182 19.766969      NaN   -4    15 c    0   1.14 157.46814 20.66937  7304.86 10384.16 3.68 3.60 -44.2 -0.452    19.82 21.88 02a57777o0685c 0x000000  -0.266667
57777.572611 19.454622      NaN   12    16 c    0   1.12 157.46814 20.66937  7249.19 10440.72 3.89 3.82 -88.2 -0.432    19.80 21.87 02a57777o0700c 0x000000   0.750000
57777.573092 19.791368      NaN    8    12 c    0   1.53 157.46814 20.66937  5567.92   594.29 3.93 3.84 -12.4 -0.409    19.74 21.83 02a57777o0701c 0x000000   0.666667
57781.502466 19.766969      NaN  -27    15 c    0   1.08 157.46814 20.66937  4581.57  9563.57 3.49 3.14  -9.6 -0.429    19.83 21.88 02a57781o0511c 0x000000  -1.800000
57781.517046 19.922338      NaN  -20    13 c    0   1.31 157.46814 20.66937  5898.02   848.77 3.76 3.65 -75.0 -0.413    19.82 21.85 02a57781o0536c 0x000000  -1.538462
57781.540151 19.979496      NaN    1    12 c    0   1.12 157.46814 20.66937  5953.48   930.80 3.72 3.60 -77.1 -0.419    19.84 21.87 02a57781o0576c 0x000000   0.083333
57781.553247 19.472870      NaN   17    14 c    0   0.96 157.46814 20.66937  5971.28   809.30 3.75 3.65 -67.9 -0.420    19.84 21.85 02a57781o0599c 0x000000   1.214286
57781.564286 19.841877      NaN   -5    14 c    0   1.10 157.46814 20.66937  5934.96   870.63 3.79 3.73 -28.1 -0.412    19.81 21.85 02a57781o0619c 0x000000  -0.357143
57805.466855 19.922338      NaN   -2    13 c    0   1.03 157.46814 20.66937  6168.29  3226.63 3.93 3.73  88.5 -0.371    19.67 21.65 02a57805o0457c 0x000000  -0.153846
57805.475786 19.384550      NaN   22    14 c    0   0.99 157.46814 20.66937  6149.75  3189.64 3.90 3.73  84.5 -0.373    19.67 21.66 02a57805o0472c 0x000000   1.571429
57805.497754 19.841877      NaN  -19    14 c    0   1.06 157.46814 20.66937  6221.68  3270.51 3.81 3.67  89.0 -0.378    19.68 21.64 02a57805o0510c 0x000000  -1.357143
57809.448477 19.631075      NaN    3    16 c    0   0.95 157.46814 20.66937  6432.99   933.67 3.77 3.71  38.9 -0.417    19.77 21.81 02a57809o0422c 0x000000   0.187500
57809.478343 19.696897      NaN   -9    16 c    0   1.01 157.46814 20.66937  6416.31   896.05 3.76 3.73  15.7 -0.421    19.74 21.75 02a57809o0472c 0x000000  -0.562500
57809.488136 19.529530      NaN    2    18 c    0   1.36 157.46814 20.66937  6470.14   973.57 3.74 3.72 -15.6 -0.420    19.36 21.31 02a57809o0489c 0x000000   0.111111
57809.499793 19.351140      NaN   -2    22 c    0   1.09 157.46814 20.66937  6509.06   858.97 3.77 3.74  25.6 -0.419    19.26 21.18 02a57809o0509c 0x000000  -0.090909
57809.521795 17.870951      NaN -209    86 c    0   0.96 157.46814 20.66937  6458.54   917.39 3.86 3.70   5.5 -0.418    17.90 19.69 02a57809o0548c 0x100002  -2.430233
57817.364857 19.256669      NaN  -46    24 c    0   0.99 157.46814 20.66937  3463.37  9951.47 3.89 3.69  16.2 -0.396    19.26 20.95 02a57817o0201c 0x000000  -1.916667
57817.366388 19.384550      NaN    4    20 c    0   1.02 157.46814 20.66937  1830.26    88.50 4.08 3.87 -23.2 -0.402    19.26 20.95 02a57817o0204c 0x000000   0.200000
57817.369767 19.454622      NaN  -20    20 c    0   0.91 157.46814 20.66937  1849.00   131.28 4.08 3.85 -23.0 -0.404    19.27 20.95 02a57817o0209c 0x000000  -1.000000
57817.370835 19.128787      NaN   15    22 c    0   1.00 157.46814 20.66937  3484.09  9995.13 3.93 3.61   7.4 -0.404    19.26 20.96 02a57817o0211c 0x000000   0.681818
57817.393257 19.212347      NaN   -4    25 c    0   0.90 157.46814 20.66937  1796.38    57.30 4.11 3.90 -23.0 -0.396    19.31 21.03 02a57817o0249c 0x000000  -0.160000
57817.394736 19.454622      NaN  -12    20 c    0   0.92 157.46814 20.66937  3429.16  9922.70 3.94 3.62  12.4 -0.397    19.31 21.05 02a57817o0252c 0x000000  -0.600000
57817.409363 19.510313      NaN   -7    19 c    0   0.86 157.46814 20.66937  1778.10   171.80 4.03 3.88 -28.8 -0.397    19.34 21.09 02a57817o0278c 0x000000  -0.368421
57817.412458 19.076453      NaN   28    19 c    0   1.21 157.46814 20.66937  3408.26 10038.70 3.94 3.81  18.6 -0.404    19.33 21.11 02a57817o0283c 0x000000   1.473684
57817.424905 19.241693      NaN   19    18 c    0   1.27 157.46814 20.66937  8673.39 10335.81 4.00 3.66 -89.9 -0.437    19.40 21.17 02a57817o0306c 0x000000   1.055556
57817.428132 19.510313      NaN  -37    19 c    0   0.98 157.46814 20.66937  3443.56  9984.89 3.79 3.48   3.8 -0.390    19.42 21.21 02a57817o0311c 0x000000  -1.947368
57833.409536 19.014394      NaN   27    21 c    0   0.87 157.46814 20.66937  8208.71  9878.49 3.39 2.98 -32.4 -0.464    19.06 20.94 02a57833o0342c 0x000000   1.285714
57833.428786 19.115465      NaN   19    21 c    0   1.01 157.46814 20.66937  8189.98  9836.53 3.29 2.89 -41.5 -0.471    19.06 20.89 02a57833o0374c 0x000000   0.904762
57833.437329 19.256669      NaN  -20    24 c    0   0.92 157.46814 20.66937  6602.29    62.76 3.90 3.79 -43.3 -0.408    19.02 20.89 02a57833o0389c 0x000000  -0.833333
57833.452062 19.510313      NaN   -7    19 c    0   1.36 157.46814 20.66937  8246.17  9916.52 3.41 3.06 -51.6 -0.468    19.01 20.85 02a57833o0413c 0x000000  -0.368421
57833.459230 19.401649      NaN  -17    21 c    0   0.95 157.46814 20.66937  8265.72  9804.41 3.36 3.00 -42.2 -0.461    19.02 20.84 02a57833o0425c 0x000000  -0.809524
57833.475119 19.569016      NaN   -7    18 c    0   1.16 157.46814 20.66937  8227.86  9856.68 3.51 3.22 -27.7 -0.424    18.97 20.81 02a57833o0451c 0x000000  -0.388889
57837.408090 19.401649      NaN  -21    21 c    0   1.03 157.46814 20.66937  5814.48  1108.88 5.49 3.96  -3.5 -0.357    18.74 20.82 02a57837o0267c 0x000000  -1.000000
57837.416735 19.454622      NaN  -24    20 c    0   0.79 157.46814 20.66937  5796.96  1070.11 5.42 3.99  -5.2 -0.350    18.75 20.82 02a57837o0282c 0x000000  -1.200000
57837.438499 19.696897      NaN  -28    16 c    0   1.22 157.46814 20.66937  5851.48  1150.52 3.85 3.84 -66.5 -0.403    18.97 20.81 02a57837o0320c 0x000000  -1.750000
57837.450152 19.510313      NaN  -22    19 c    0   0.91 157.46814 20.66937  5872.35  1029.93 4.41 4.39  48.7 -0.384    18.82 20.81 02a57837o0340c 0x000000  -1.157895
57837.460386 18.878500      NaN   48    18 c    0   1.00 157.46814 20.66937  5836.98  1091.70 3.88 3.87  29.6 -0.405    18.94 20.78 02a57837o0358c 0x000000   2.666667
57841.387098 19.169763      NaN   24    18 c    0   0.95 157.46814 20.66937  5775.61  2454.71 4.78 3.97   0.2 -0.338    18.83 20.84 02a57841o0302c 0x000000   1.333333
57841.414790 19.696897      NaN  -15    16 c    0   0.95 157.46814 20.66937  5759.25  2415.16 3.85 3.75  85.3 -0.382    18.97 20.81 02a57841o0352c 0x000000  -0.937500
57841.423462 19.631075      NaN    6    15 c    0   1.08 157.46814 20.66937  5813.21  2491.92 3.87 3.74  89.5 -0.379    18.96 20.81 02a57841o0368c 0x000000   0.400000
57841.434684 19.609992      NaN    4    16 c    0   0.93 157.46814 20.66937  5832.40  2379.09 3.83 3.71  87.0 -0.383    18.97 20.79 02a57841o0388c 0x000000   0.250000
57841.455996 19.318728      NaN   14    18 c    0   0.94 157.46814 20.66937  5800.08  2435.62 3.91 3.78  89.3 -0.376    18.92 20.73 02a57841o0427c 0x000000   0.777778
57845.321356 19.142275      NaN    8    24 c    0   1.12 157.46814 20.66937  1839.73  8851.09 3.95 3.86  38.2 -0.417    18.74 20.35 02a57845o0185c 0x000000   0.333333
57869.424250 20.207197      NaN  -13    10 c    0   1.04 157.46814 20.66937  5713.39  2706.50 3.00 2.58  23.8 -0.463    19.41 20.58 02a57869o0170c 0x000000  -1.300000
57869.468242 19.384550      NaN   19    15 c    0   0.89 157.46814 20.66937  5769.21  2630.10 3.19 2.76  19.8 -0.454    19.11 20.17 02a57869o0253c 0x000000   1.266667
57869.483092 19.841877      NaN  -27    14 c    0   1.43 157.46814 20.66937  5730.44  2692.04 3.44 3.03  19.5 -0.440    18.90 19.99 02a57869o0281c 0x000000  -1.928571
57893.301978 20.009244      NaN  -14    12 c    0   0.78 157.46814 20.66937  5368.05  3349.77 3.12 2.42  32.5 -0.469    19.63 21.21 02a57893o0110c 0x000000  -1.166667
57893.314576 19.950541      NaN    2    12 c    0   0.95 157.46814 20.66937  5350.48  3310.20 3.27 2.53  32.6 -0.454    19.56 21.23 02a57893o0134c 0x000000   0.166667
57893.327664 20.009244      NaN   -1    12 c    0   0.99 157.46814 20.66937  5423.17  3388.07 3.13 2.49  32.9 -0.447    19.59 21.20 02a57893o0159c 0x000000  -0.083333
57893.341271 20.009244      NaN    3    11 c    0   1.08 157.46814 20.66937  5447.00  3270.93 3.09 2.46  30.5 -0.461    19.56 21.17 02a57893o0185c 0x000000   0.272727
57893.354379 20.103715      NaN  -10    11 c    0   1.13 157.46814 20.66937  5393.12  3326.01 3.08 2.48  30.9 -0.458    19.56 21.18 02a57893o0210c 0x000000  -0.909091
57901.337203 20.103715      NaN  -18    11 c    0   1.15 157.46814 20.66937  6492.70  1829.48 2.97 2.60  34.6 -0.478    19.58 21.21 02a57901o0114c 0x000000  -1.636364
58135.598475 19.979496      NaN   13     8 c    0   1.62 157.46814 20.66937  2937.67  7022.86 2.68 2.57  18.7 -0.445    19.73 21.72 02a58135o0830c 0x000000   1.625000
58135.609001 20.244005      NaN    5     8 c    0   1.44 157.46814 20.66937  2920.04  6983.22 2.72 2.60  21.7 -0.436    19.68 21.71 02a58135o0851c 0x000000   0.625000
58135.620322 20.321591      NaN   -9     9 c    0   1.20 157.46814 20.66937  2975.66  7060.99 2.75 2.63  31.6 -0.434    19.69 21.68 02a58135o0873c 0x000000  -1.000000
58135.629971 20.449472      NaN  -15     8 c    0   1.20 157.46814 20.66937  2995.37  6944.37 2.66 2.56  23.5 -0.434    19.73 21.66 02a58135o0893c 0x000000  -1.875000
58167.532121 20.282105      NaN    4     8 c    0   1.37 157.46814 20.66937  3684.45  5260.06 2.56 2.43  36.6 -0.435    19.67 21.60 02a58167o0671c 0x000000   0.500000
58167.539086 20.171596      NaN   10     7 c    0   1.33 157.46814 20.66937  3666.42  5221.27 2.52 2.39  39.1 -0.434    19.74 21.65 02a58167o0686c 0x000000   1.428571
58167.549842 20.449472      NaN   -4     8 c    0   1.30 157.46814 20.66937  3720.26  5299.43 2.50 2.33  38.7 -0.442    19.74 21.63 02a58167o0708c 0x000000  -0.500000
58167.559620 20.543943      NaN    1     7 c    0   1.13 157.46814 20.66937  3738.10  5182.48 2.54 2.37  36.6 -0.438    19.71 21.62 02a58167o0729c 0x000000   0.142857
58171.496818 20.321591      NaN  -12     9 c    0   1.05 157.46814 20.66937  2377.15  5460.73 2.40 2.24  28.3 -0.456    19.75 21.57 02a58171o0382c 0x000000  -1.333333
58171.505708 20.321591      NaN   -9     9 c    0   1.42 157.46814 20.66937  2360.07  5420.78 2.45 2.31  27.8 -0.453    19.61 21.45 02a58171o0400c 0x000000  -1.000000
58171.516476 20.009244      NaN    6    10 c    0   1.08 157.46814 20.66937  2416.02  5498.74 2.49 2.30  29.4 -0.448    19.71 21.57 02a58171o0420c 0x000000   0.600000
58171.526190 20.103715      NaN   -2    11 c    0   0.87 157.46814 20.66937  2434.72  5380.54 2.48 2.35  34.2 -0.438    19.53 21.31 02a58171o0440c 0x000000  -0.181818
58227.382131 16.861056      NaN -412   218 c    0   1.19 157.46814 20.66937  3886.91  5194.25 2.60 2.51 -50.1 -0.418    16.39 17.97 02a58227o0161c 0x100002  -1.889908
58227.393396 17.633737      NaN  -31   107 c    0   1.10 157.46814 20.66937  3868.26  5153.50 2.54 2.47 -50.7 -0.422    17.41 19.09 02a58227o0183c 0x100002  -0.289720
58227.404427 18.826541      NaN   20    29 c    0   1.59 157.46814 20.66937  3939.93  5231.12 2.62 2.58 -83.3 -0.411    17.90 19.50 02a58227o0204c 0x100002   0.689655
58227.415768 17.949472      NaN   72    56 c    0   1.22 157.46814 20.66937  3960.01  5113.37 2.49 2.46 -40.8 -0.411    17.79 19.43 02a58227o0226c 0x100002   1.285714
58251.340162 20.321591      NaN   -2     9 c    0   1.63 157.46814 20.66937  1054.43  7291.07 2.58 2.44 -33.8 -0.428    19.66 21.49 02a58251o0250c 0x000000  -0.222222
58251.351550 19.841877      NaN   15     9 c    0   1.43 157.46814 20.66937  1035.83  7251.31 2.50 2.36 -34.4 -0.434    19.66 21.45 02a58251o0273c 0x000000   1.666667
58251.362482 20.321591      NaN    0     9 c    0   1.77 157.46814 20.66937  1090.52  7326.91 2.51 2.40 -28.1 -0.435    19.66 21.40 02a58251o0296c 0x000000   0.000000
58251.373315 20.171596      NaN    4     9 c    0   1.05 157.46814 20.66937  1111.15  7209.00 2.48 2.38 -24.5 -0.444    19.59 21.34 02a58251o0319c 0x000000   0.444444
58255.352802 20.039830      NaN    2    11 c    0   1.05 157.46814 20.66937  1738.50  6289.85 2.80 2.55 -56.9 -0.399    19.49 21.28 02a58255o0013c 0x000000   0.181818
58255.363993 20.009244      NaN   -2    12 c    0   1.11 157.46814 20.66937  1756.05  6173.36 2.51 2.36 -42.3 -0.423    19.51 21.21 02a58255o0036c 0x000000  -0.166667
58279.286515 19.652575      NaN   11    13 c    0   1.10 157.46814 20.66937  4464.14  5986.38 2.79 2.60 -61.1 -0.418    19.38 21.05 02a58279o0102c 0x000000   0.846154
58279.299262 19.922338      NaN   -7    13 c    0   0.84 157.46814 20.66937  4445.59  5947.98 2.84 2.51 -58.5 -0.401    19.38 21.00 02a58279o0125c 0x000000  -0.538462
58279.310527 20.009244      NaN  -16    12 c    0   1.37 157.46814 20.66937  4499.47  6025.46 2.90 2.60 -48.8 -0.408    19.25 20.90 02a58279o0148c 0x000000  -1.333333
58279.321780 19.922338      NaN   -9    13 c    0   1.19 157.46814 20.66937  4518.35  5908.72 2.57 2.43 -47.6 -0.422    19.21 20.78 02a58279o0171c 0x000000  -0.692308
58307.252870 17.949472      NaN  -24    80 c    0   1.18 157.46814 20.66937  2400.73  6034.52 3.31 2.82 -61.9 -0.370    17.20 18.30 02a58307o0004c 0x100002  -0.300000
58307.256594 18.526952      NaN  -58    47 c    0   0.94 157.46814 20.66937  2382.28  5994.55 3.10 2.72 -62.9 -0.390    17.96 19.06 02a58307o0012c 0x100002  -1.234043
58307.263183 19.351140      NaN   -9    22 c    0   1.46 157.46814 20.66937  2436.72  6072.54 3.05 2.68 -58.2 -0.362    18.72 19.95 02a58307o0026c 0x000000  -0.409091
58307.272271 19.696897      NaN   -8    16 c    0   1.44 157.46814 20.66937  2457.20  5955.13 2.90 2.53 -62.2 -0.383    18.96 20.30 02a58307o0045c 0x000000  -0.500000
58455.654071 15.841260 0.009735 1673    15 c    0   5.33 157.46814 20.66937  1839.14  5202.10 2.38 2.27  32.0 -0.442    19.63 21.11 02a58455o0837c 0x000000 111.533333
58455.666019 15.856290 0.022373 1650    34 c    0   1.95 157.46814 20.66937  8765.14  5320.12 2.53 2.45 -71.1 -0.445    18.17 18.86 02a58455o0855c 0x100002  48.529412
58459.619698 15.474643 0.008334 2345    18 c    0   6.85 157.46814 20.66937  2362.39  9776.31 2.84 2.50  12.1 -0.451    19.68 21.76 02a58459o0879c 0x000000 130.277778
58459.628469 15.476033 0.008345 2342    18 c    0   6.10 157.46814 20.66937  2379.24  9818.27 2.82 2.42   9.2 -0.439    19.70 21.76 02a58459o0896c 0x000000 130.111111
58459.632591 15.562861 0.009542 2162    19 c    0  11.70 157.46814 20.66937  1299.62    64.49 2.84 2.42  38.3 -0.459    19.75 21.68 02a58459o0904c 0x100001 113.789474
58459.636919 15.475569 0.008341 2343    18 c    0   8.76 157.46814 20.66937  2324.96  9740.23 2.68 2.32   5.7 -0.454    19.80 21.75 02a58459o0913c 0x000000 130.166667
58459.645875 15.463587 0.008250 2369    18 c    0  10.59 157.46814 20.66937  2305.75  9858.99 2.77 2.43   8.4 -0.448    19.73 21.72 02a58459o0930c 0x100001 131.611111
58459.650809 15.469101 0.007831 2357    17 c    0   3.38 157.46814 20.66937  1228.22   103.71 3.17 2.73  37.9 -0.419    19.62 21.59 02a58459o0938c 0x000000 138.647059
58487.564762 16.558716 0.016336  864    13 c    0   1.55 157.46814 20.66937  7040.95  2035.06 2.68 2.58 -81.5 -0.410    19.66 21.66 02a58487o0751c 0x000000  66.461538
58487.567621 16.634162 0.018859  806    14 c    0   1.61 157.46814 20.66937  3567.21  8487.32 2.79 2.68 -35.8 -0.414    19.60 21.65 02a58487o0756c 0x000000  57.571429
58487.577662 16.580291 0.015382  847    12 c    0   1.80 157.46814 20.66937  3615.32  8569.79 2.58 2.48 -17.6 -0.426    19.69 21.68 02a58487o0776c 0x000000  70.583333
58487.589295 16.591890 0.015548  838    12 c    0   2.57 157.46814 20.66937  6988.94  2117.75 2.74 2.64  89.1 -0.407    19.63 21.67 02a58487o0797c 0x000000  69.833333
58491.562208 16.787255 0.018613  700    12 c    0   2.29 157.46814 20.66937  2866.72  5896.77 2.40 2.35  -8.5 -0.433    19.77 21.82 02a58491o0749c 0x000000  58.333333
58491.573443 16.809190 0.022158  686    14 c    0   0.96 157.46814 20.66937  7742.73  4629.04 2.50 2.41 -71.2 -0.419    19.73 21.83 02a58491o0772c 0x000000  49.000000
58491.587020 16.784157 0.020106  702    13 c    0   1.67 157.46814 20.66937  7790.00  4704.84 2.54 2.45 -76.6 -0.427    19.73 21.83 02a58491o0798c 0x000000  54.000000
58491.595038 16.787255 0.018613  700    12 c    0   2.44 157.46814 20.66937  7807.92  4595.95 2.48 2.44 -72.7 -0.424    19.74 21.80 02a58491o0814c 0x000000  58.333333
58519.506272 17.879400 0.038170  256     9 c    0   1.86 157.46814 20.66937   411.49   788.77 2.70 2.35  39.7 -0.499    19.80 21.84 02a58519o0614c 0x000000  28.444444
58519.507912 17.879400 0.089064  256    21 c    0   3.96 157.46814 20.66937  1707.76 10518.34 2.58 2.28   2.4 -0.437    19.86 21.82 02a58519o0617c 0x000000  12.190476
58519.509873 17.949472 0.054287  240    12 c    0   1.26 157.46814 20.66937 10238.82   804.45 2.77 2.56  37.2 -0.425    19.81 21.88 02a58519o0621c 0x000000  20.000000
58519.512520 18.280067 0.073609  177    12 c    0   1.75 157.46814 20.66937  1690.12 10480.61 2.62 2.25   3.4 -0.411    19.84 21.82 02a58519o0626c 0x000000  14.750000
58519.514808 17.905150 0.043429  250    10 c    0   1.48 157.46814 20.66937   391.54   750.75 2.63 2.27  36.9 -0.505    19.82 21.84 02a58519o0631c 0x000000  25.000000
58519.521298 17.887916 0.047020  254    11 c    0   1.73 157.46814 20.66937 10198.25   765.27 2.70 2.56  51.2 -0.433    19.83 21.87 02a58519o0644c 0x000000  23.090909
58519.521755 17.801668 0.031585  275     8 c    0   3.48 157.46814 20.66937   445.90   828.30 2.65 2.36  41.7 -0.491    19.83 21.84 02a58519o0645c 0x000000  34.375000
58519.533452 17.841885 0.049165  265    12 c    0   1.08 157.46814 20.66937  1760.26 10441.30 2.67 2.34   3.2 -0.430    19.80 21.80 02a58519o0668c 0x000000  22.083333
58519.533909 17.976960 0.041759  234     9 c    0   2.33 157.46814 20.66937   463.17   712.10 2.69 2.30  38.2 -0.491    19.81 21.84 02a58519o0669c 0x000000  26.000000
58519.534366 17.870951 0.046291  258    11 c    0   1.41 157.46814 20.66937 10270.68   847.67 2.68 2.58  52.1 -0.439    19.80 21.87 02a58519o0670c 0x000000  23.454545
58519.542060 17.850111 0.049539  263    12 c    0   1.05 157.46814 20.66937 10289.29   729.21 2.83 2.59  53.0 -0.423    19.83 21.87 02a58519o0686c 0x000000  21.916667
58575.390642 19.302877 0.125882   69     8 c    0   1.62 157.46814 20.66937  5955.84  2731.88 2.51 2.26 -54.7 -0.398    19.61 21.47 02a58575o0137c 0x000000   8.625000
58575.402561 19.226921 0.132049   74     9 c    0   1.42 157.46814 20.66937  5938.01  2692.21 2.54 2.30 -54.0 -0.399    19.59 21.48 02a58575o0162c 0x000000   8.222222
58575.415998 19.038793 0.111041   88     9 c    0   1.23 157.46814 20.66937  5991.35  2771.30 2.53 2.25 -54.7 -0.404    19.65 21.52 02a58575o0189c 0x000000   9.777778
58575.422544 19.051202 0.112318   87     9 c    0   1.09 157.46814 20.66937  6028.14  2654.02 2.51 2.24 -53.7 -0.405    19.62 21.53 02a58575o0203c 0x000000   9.666667
58579.394820 18.867907      NaN   46    19 c    0   1.23 157.46814 20.66937  5442.20 10498.63 2.65 2.53  48.0 -0.406    19.71 21.60 02a58579o0373c 0x000000   2.421053
58579.397320 19.419021 0.140095   62     8 c    0   1.77 157.46814 20.66937  4273.57   783.41 2.56 2.32 -58.8 -0.415    19.73 21.62 02a58579o0378c 0x000000   7.750000
58579.401813 19.169763 0.194876   78    14 c    0   1.41 157.46814 20.66937  5424.97 10459.31 2.60 2.52  51.7 -0.406    19.70 21.59 02a58579o0387c 0x000000   5.571429
58579.404572 19.197966 0.142860   76    10 c    0   1.13 157.46814 20.66937  4256.09   743.10 2.51 2.35 -80.2 -0.424    19.66 21.60 02a58579o0393c 0x000000   7.600000
58579.410592 19.014394 0.096510   90     8 c    0   1.99 157.46814 20.66937  4310.92   821.96 2.53 2.39 -81.6 -0.410    19.70 21.61 02a58579o0406c 0x000000  11.250000
58579.422283 19.318728 0.191601   68    12 c    0   0.94 157.46814 20.66937  5497.41 10419.07 2.63 2.58  83.2 -0.409    19.69 21.56 02a58579o0430c 0x000000   5.666667
58579.422751 19.696897 0.226195   48    10 c    0   0.96 157.46814 20.66937  4329.06   702.57 2.43 2.26 -65.9 -0.431    19.72 21.57 02a58579o0431c 0x000000   4.800000
58583.364474 19.384550 0.220540   64    13 c    0   1.34 157.46814 20.66937  1808.52  6615.08 3.00 2.79 -52.5 -0.396    19.37 21.36 02a58583o0213c 0x000000   4.923077
58583.370194 19.102305 0.156974   83    12 c    0   1.03 157.46814 20.66937  1790.20  6578.00 2.91 2.66 -50.4 -0.393    19.43 21.41 02a58583o0224c 0x000000   6.916667
58583.379551 19.002397 0.143174   91    12 c    0   1.23 157.46814 20.66937  1843.49  6651.98 2.77 2.55 -48.8 -0.407    19.53 21.48 02a58583o0244c 0x000000   7.583333
58583.380009 19.351140 0.230308   66    14 c    0   0.68 157.46814 20.66937  1862.21  6535.46 2.90 2.66 -50.9 -0.395    19.46 21.48 02a58583o0245c 0x000000   4.714286
58603.357477 19.510313 0.323816   57    17 c    0   0.53 157.46814 20.66937  3543.27  6605.98 2.43 2.26 -40.9 -0.425    19.50 21.33 02a58603o0279c 0x000000   3.352941
58603.366615 19.401649 0.292976   63    17 c    0   0.65 157.46814 20.66937  3525.69  6568.02 2.36 2.31 -41.6 -0.416    19.51 21.28 02a58603o0298c 0x000000   3.705882
58603.376229 19.529530 0.348987   56    18 c    0   0.40 157.46814 20.66937  3581.37  6644.58 2.38 2.31 -38.6 -0.416    19.46 21.23 02a58603o0317c 0x000000   3.111111
58603.382353 19.384550 0.305363   64    18 c    0   0.71 157.46814 20.66937  3602.18  6527.49 2.45 2.35 -43.7 -0.414    19.46 21.23 02a58603o0330c 0x000000   3.555556
58607.348818 19.894850 0.271434   40    10 c    0   1.12 157.46814 20.66937  3996.48  2737.17 2.65 2.32 -47.5 -0.397    19.60 21.43 02a58607o0259c 0x000000   4.000000
58607.357871 19.743105 0.188824   46     8 c    0   1.40 157.46814 20.66937  3978.62  2697.79 2.67 2.36 -47.3 -0.391    19.62 21.45 02a58607o0278c 0x000000   5.750000
58607.366853 19.454622 0.180956   60    10 c    0   1.08 157.46814 20.66937  4052.50  2774.55 2.69 2.36 -46.5 -0.390    19.60 21.44 02a58607o0297c 0x000000   6.000000
58607.375923 20.071303 0.255467   34     8 c    0   1.86 157.46814 20.66937  4073.84  2656.70 2.82 2.40 -46.5 -0.386    19.55 21.40 02a58607o0316c 0x000000   4.250000
58611.327595 19.472870 0.165621   59     9 c    0   1.51 157.46814 20.66937   935.95  4887.92 2.31 2.29  31.0 -0.441    19.71 21.37 02a58611o0204c 0x000000   6.555556
58611.329607 19.868040 0.211851   41     8 c    0   1.45 157.46814 20.66937   916.47  4849.45 2.32 2.26 -59.0 -0.436    19.69 21.36 02a58611o0208c 0x000000   5.125000
58611.334970 19.652575 0.195433   50     9 c    0   1.22 157.46814 20.66937   975.51  4926.12 2.28 2.20 -62.9 -0.456    19.73 21.36 02a58611o0219c 0x000000   5.555556
58611.350754 19.922338 0.278394   39    10 c    0   1.17 157.46814 20.66937   997.34  4809.39 2.28 2.26  83.0 -0.435    19.68 21.35 02a58611o0252c 0x000000   3.900000
58635.270906 19.816329 0.252497   43    10 c    0   1.09 157.46814 20.66937   180.67  9093.20 2.46 2.14 -45.9 -0.431    19.65 21.22 02a58635o0088c 0x000000   4.300000
58635.273858 20.137125 0.339293   32    10 c    0   0.95 157.46814 20.66937   161.64  9053.33 2.49 2.23 -47.9 -0.441    19.63 21.23 02a58635o0094c 0x000000   3.200000
58635.276181 20.009244 0.301593   36    10 c    0   0.96 157.46814 20.66937 10130.87  9119.25 2.75 2.74 -20.5 -0.386    19.64 21.32 02a58635o0099c 0x000000   3.600000
58635.279949 19.894850 0.325721   40    12 c    0   1.18 157.46814 20.66937 10111.39  9078.96 2.54 2.44  87.5 -0.439    19.71 21.33 02a58635o0107c 0x000000   3.333333
58635.280406 20.103715 0.296110   33     9 c    0   0.99 157.46814 20.66937   220.65  9129.37 2.49 2.12 -49.2 -0.419    19.60 21.23 02a58635o0108c 0x000000   3.666667
58635.285484 19.719755 0.231008   47    10 c    0   1.30 157.46814 20.66937 10170.54  9159.62 2.70 2.66  -1.9 -0.397    19.62 21.32 02a58635o0119c 0x000000   4.700000
58635.290268 19.922338 0.278394   39    10 c    0   1.07 157.46814 20.66937   240.95  9011.22 2.46 2.16 -50.1 -0.428    19.61 21.21 02a58635o0129c 0x000000   3.900000
58635.295383 19.766969      NaN   15    10 c    0   1.36 157.46814 20.66937 10190.49  9041.66 2.88 2.63 -46.2 -0.382    19.65 21.30 02a58635o0140c 0x000000   1.500000
58639.243969 17.643932      NaN   60    86 c    0   1.20 157.46814 20.66937   184.00  9091.92 2.65 2.58 -31.2 -0.509    17.69 18.67 02a58639o0005c 0x100002   0.697674
58639.244426 17.539830      NaN   80    90 c    0   1.14 157.46814 20.66937 10136.50  9116.54 3.23 2.75  39.2 -0.409    17.97 18.90 02a58639o0006c 0x100002   0.888889
58639.247330 18.438271      NaN   51    34 c    0   1.03 157.46814 20.66937   165.96  9050.82 2.59 2.45 -38.3 -0.482    18.46 19.42 02a58639o0012c 0x100002   1.500000
58639.247788 18.944322      NaN  -18    32 c    0   1.28 157.46814 20.66937 10116.31  9075.40 3.00 2.66  40.2 -0.393    18.69 19.62 02a58639o0013c 0x100002  -0.562500
58639.252055 19.226921      NaN   32    14 c    0   1.36 157.46814 20.66937   222.19  9131.24 2.55 2.29 -39.3 -0.425    19.11 20.28 02a58639o0022c 0x000000   2.285714
58639.252981 19.529530 0.271434   56    14 c    0   1.07 157.46814 20.66937 10173.78  9158.17 3.01 2.78  33.1 -0.388    19.21 20.53 02a58639o0024c 0x000000   4.000000
58639.264363 20.282105 0.310210   28     8 c    0   1.82 157.46814 20.66937   242.32  9012.34 2.50 2.15 -44.7 -0.411    19.53 21.10 02a58639o0047c 0x000000   3.500000
58639.265279 19.631075      NaN   15    12 c    0   0.99 157.46814 20.66937 10191.51  9041.37 2.77 2.71 -11.3 -0.387    19.63 21.20 02a58639o0049c 0x000000   1.250000
58783.590890 20.009244      NaN  -23    12 c    0   1.41 157.46814 20.66937  1888.72  8009.50 2.43 2.26  -0.5 -0.400    19.35 20.81 02a58783o0775c 0x000000  -1.916667
58783.594128 19.841877      NaN    0    14 c    0   0.97 157.46814 20.66937  1908.27  8048.41 2.46 2.30   2.0 -0.398    19.31 20.84 02a58783o0782c 0x000000   0.000000
58783.601215 20.009244      NaN    0    12 c    0   1.06 157.46814 20.66937  1850.54  7968.60 2.43 2.28   3.0 -0.398    19.34 20.86 02a58783o0796c 0x000000   0.000000
58783.612398 19.816329      NaN   10    11 c    0   1.42 157.46814 20.66937  1828.06  8085.13 2.44 2.29 -18.0 -0.402    19.37 20.89 02a58783o0819c 0x000000   0.909091
58791.581801 20.103715      NaN   -7    11 c    0   1.04 157.46814 20.66937  2360.98  1413.97 2.50 2.26  51.4 -0.409    19.32 20.72 02a58791o0794c 0x000000  -0.636364
58791.585126 19.569016      NaN   15    13 c    0   0.83 157.46814 20.66937  2384.21  1455.43 2.37 2.27  65.8 -0.412    19.36 20.74 02a58791o0801c 0x000000   1.153846
58791.591609 19.922338      NaN  -10    13 c    0   1.61 157.46814 20.66937  2325.53  1375.08 2.45 2.31  60.1 -0.417    18.90 20.35 02a58791o0815c 0x000000  -0.769231
58791.601726 20.039830      NaN    5    10 c    0   1.53 157.46814 20.66937  2303.81  1491.34 2.55 2.31  50.0 -0.403    19.24 20.70 02a58791o0837c 0x000000   0.500000
58795.635162 20.207197      NaN   -1    10 c    0   1.09 157.46814 20.66937  7681.46  5800.07 2.46 2.38  56.9 -0.400    19.61 21.16 02a58795o0790c 0x000000  -0.100000
58795.638526 20.321591      NaN  -16     9 c    0   1.62 157.46814 20.66937  7700.59  5839.36 2.52 2.47  67.3 -0.400    19.57 21.15 02a58795o0797c 0x000000  -1.777778
58795.648590 19.922338      NaN  -12    13 c    0   1.09 157.46814 20.66937  7634.25  5764.64 2.42 2.38  79.1 -0.397    19.31 20.55 02a58795o0816c 0x000000  -0.923077
58795.653013 19.549093      NaN    1    18 c    0   1.36 157.46814 20.66937  7620.80  5882.21 2.45 2.38  53.0 -0.395    18.77 19.72 02a58795o0824c 0x000000   0.055556
58815.575749 19.334813 0.307895   67    19 c    0   2.32 157.46814 20.66937  3864.64  7933.32 2.67 2.29  34.9 -0.377    19.28 21.08 02a58815o0781c 0x000000   3.526316
58815.578530 19.841877      NaN  -17    14 c    0   1.37 157.46814 20.66937  3890.01  7971.81 2.35 2.26 -35.6 -0.402    19.10 20.85 02a58815o0787c 0x000000  -1.214286
58815.584999 19.589310      NaN    8    15 c    0   1.49 157.46814 20.66937  3825.60  7894.73 2.70 2.31  35.4 -0.376    19.07 20.86 02a58815o0801c 0x000000   0.533333
58815.597111 19.454622      NaN  -18    20 c    0   1.58 157.46814 20.66937  3814.00  8011.81 2.38 2.32 -23.1 -0.407    18.55 20.22 02a58815o0824c 0x000000  -0.900000
58871.471425 20.321591      NaN   -4     9 c    0   0.87 157.46814 20.66937  7766.08  9972.25 2.90 2.59 -48.8 -0.395    19.79 21.71 02a58871o0545c 0x000000  -0.444444
58871.475558 20.321591      NaN    0     9 c    0   1.09 157.46814 20.66937  7786.08 10013.67 2.75 2.60 -56.5 -0.404    19.78 21.71 02a58871o0553c 0x000000   0.000000
58871.485282 20.071303      NaN    7     9 c    0   1.10 157.46814 20.66937  7729.12  9938.07 2.76 2.59 -55.8 -0.407    19.79 21.71 02a58871o0572c 0x000000   0.777778
58871.502917 20.405150      NaN    1     8 c    0   1.18 157.46814 20.66937  7714.24 10058.27 2.72 2.59 -59.9 -0.404    19.80 21.72 02a58871o0607c 0x000000   0.125000
58875.582386 20.071303      NaN    4    10 c    0   0.88 157.46814 20.66937  3978.77  6896.33 2.38 2.28 -44.1 -0.423    19.79 21.86 02a58875o0793c 0x000000   0.400000
58875.587727 20.761819      NaN   -3     6 c    0   1.40 157.46814 20.66937  3958.62  6858.15 2.34 2.32 -33.2 -0.415    19.80 21.86 02a58875o0803c 0x000000  -0.500000
58875.607591 20.103715      NaN    9     8 c    0   1.20 157.46814 20.66937  4015.26  6936.18 2.33 2.29 -29.2 -0.421    19.78 21.82 02a58875o0840c 0x000000   1.125000
58875.615537 20.321591      NaN   -8     9 c    0   1.18 157.46814 20.66937  4035.20  6818.80 2.42 2.32 -46.5 -0.429    19.78 21.80 02a58875o0855c 0x000000  -0.888889
58879.408809 19.631075      NaN    9    14 c    0   1.60 157.46814 20.66937  6576.72  3667.51 2.38 2.36  87.3 -0.399    19.07 20.90 02a58879o0417c 0x000000   0.642857
58879.411629 19.436675      NaN   22    13 c    0   1.63 157.46814 20.66937  6597.14  3706.02 2.35 2.33 -86.0 -0.403    19.09 20.86 02a58879o0423c 0x000000   1.692308
58879.418683 19.089302      NaN  -16    28 c    0   1.35 157.46814 20.66937  6543.36  3628.55 2.42 2.35  59.4 -0.397    18.10 19.75 02a58879o0438c 0x100002  -0.571429
58879.428876 18.019544      NaN   78    49 c    0   0.92 157.46814 20.66937  6525.58  3745.99 2.41 2.37  50.5 -0.399    17.93 19.64 02a58879o0459c 0x100002   1.591837
58903.494179 20.449472      NaN  -19     8 c    0   1.13 157.46814 20.66937   800.58  2907.12 2.65 2.42 -57.7 -0.409    19.70 21.65 02a58903o0519c 0x000000  -2.375000
58903.501405 20.321591      NaN  -41     9 c    0   1.11 157.46814 20.66937   796.60  2904.71 2.71 2.35 -58.9 -0.416    19.69 21.64 02a58903o0531c 0x000000  -4.555556
58903.514954 20.207197      NaN  -41    10 c    0   0.81 157.46814 20.66937   853.48  2982.81 2.68 2.26 -57.6 -0.421    19.75 21.64 02a58903o0556c 0x000000  -4.100000
58903.518182 20.449472      NaN  -40     8 c    0   0.88 157.46814 20.66937   873.21  2864.10 2.60 2.27 -58.1 -0.424    19.75 21.65 02a58903o0563c 0x000000  -5.000000
58931.451278 20.449472      NaN  -24     8 c    0   1.27 157.46814 20.66937  6745.59  4591.35 2.48 2.39 -67.3 -0.406    19.72 21.72 02a58931o0452c 0x000000  -3.000000
58931.454381 20.449472      NaN  -33     8 c    0   1.13 157.46814 20.66937  6726.76  4551.23 2.43 2.35 -62.9 -0.408    19.72 21.71 02a58931o0458c 0x000000  -4.125000
58931.460733 20.594452      NaN  -32     7 c    0   1.35 157.46814 20.66937  6784.94  4628.74 2.47 2.40 -61.4 -0.405    19.72 21.71 02a58931o0471c 0x000000  -4.571429
58931.478442 20.449472      NaN  -30     8 c    0   1.14 157.46814 20.66937  6802.29  4514.26 2.61 2.55 -86.4 -0.394    19.67 21.66 02a58931o0506c 0x000000  -3.750000
58951.316030 20.449472      NaN  -45     8 c    0   1.96 157.46814 20.66937 10035.82  7155.91 2.78 2.41 -56.7 -0.417    19.72 21.57 02a58951o0152c 0x000000  -5.625000
58951.316945 20.449472      NaN  -27     8 c    0   1.23 157.46814 20.66937   109.68  7141.30 2.36 2.04 -51.3 -0.413    19.74 21.55 02a58951o0154c 0x000000  -3.375000
58951.319390 20.321591      NaN  -23     9 c    0   1.13 157.46814 20.66937 10015.99  7117.88 2.75 2.42 -57.1 -0.415    19.75 21.58 02a58951o0159c 0x000000  -2.555556
58951.320306 20.449472      NaN  -15     8 c    0   1.39 157.46814 20.66937    91.07  7103.92 2.36 2.06 -48.6 -0.417    19.75 21.57 02a58951o0161c 0x000000  -1.875000
58951.350565 20.207197      NaN  -48    10 c    0   0.76 157.46814 20.66937 10069.26  7195.46 2.73 2.53 -65.1 -0.407    19.79 21.63 02a58951o0185c 0x000000  -4.800000
58951.351956 20.594452      NaN  -11     7 c    0   1.25 157.46814 20.66937   145.10  7176.16 2.31 2.10 -51.1 -0.415    19.75 21.61 02a58951o0188c 0x000000  -1.571429
58951.356135 20.449472      NaN  -53     8 c    0   1.53 157.46814 20.66937 10087.39  7078.68 2.72 2.52 -61.2 -0.411    19.76 21.63 02a58951o0197c 0x000000  -6.625000
58951.357050 20.449472      NaN  -33     8 c    0   1.31 157.46814 20.66937   165.51  7058.07 2.30 2.03 -53.4 -0.417    19.77 21.60 02a58951o0199c 0x000000  -4.125000
58951.372817 20.207197      NaN  -32    10 c    0   1.03 157.46814 20.66937 10050.63  7137.86 2.98 2.46 -58.6 -0.408    19.69 21.49 02a58951o0233c 0x000000  -3.200000
58951.376103 20.594452      NaN  -25     7 c    0   1.50 157.46814 20.66937   126.11  7116.58 2.44 2.06 -52.6 -0.417    19.68 21.35 02a58951o0240c 0x000000  -3.571429
58959.291410 20.321591      NaN  -28     9 c    0   0.98 157.46814 20.66937  4417.46  3278.19 2.44 2.28  41.0 -0.401    19.74 21.44 02a58959o0140c 0x000000  -3.111111
58959.294506 20.321591      NaN  -30     9 c    0   1.02 157.46814 20.66937  4436.94  3316.65 2.46 2.31  42.3 -0.400    19.72 21.44 02a58959o0146c 0x000000  -3.333333
58959.299866 20.321591      NaN  -18     9 c    0   0.76 157.46814 20.66937  4380.05  3239.57 2.46 2.30  44.0 -0.401    19.71 21.45 02a58959o0156c 0x000000  -2.000000
58959.311919 20.207197      NaN  -19    10 c    0   0.85 157.46814 20.66937  6222.40  7222.63 2.65 2.40  40.8 -0.404    19.68 21.44 02a58959o0179c 0x000000  -1.900000
58963.352729 15.910943      NaN -588   523 c    0   1.21 157.46814 20.66937  4781.16  2782.34 2.82 2.74  64.9 -0.379    15.38 16.92 02a58963o0278c 0x100002  -1.124283
58963.368101 14.802280      NaN 1440   972 c    0   1.40 157.46814 20.66937  4805.50  2664.73 2.72 2.62  50.7 -0.390    14.99 16.38 02a58963o0310c 0x100002   1.481481
58983.283499 20.449472      NaN  -27     8 c    0   1.43 157.46814 20.66937  8667.22  2573.83 2.43 2.15 -59.3 -0.408    19.74 21.47 02a58983o0091c 0x000000  -3.375000
58983.286702 20.449472      NaN  -26     8 c    0   1.64 157.46814 20.66937  8648.67  2537.12 2.49 2.18 -59.9 -0.406    19.72 21.49 02a58983o0098c 0x000000  -3.250000
58983.294210 20.449472      NaN  -29     8 c    0   0.97 157.46814 20.66937  8706.76  2612.58 2.48 2.14 -57.7 -0.406    19.78 21.51 02a58983o0114c 0x000000  -3.625000
58983.314393 20.321591      NaN  -16     9 c    0   1.09 157.46814 20.66937  8727.20  2497.44 2.55 2.15 -57.9 -0.411    19.70 21.47 02a58983o0157c 0x000000  -1.777778
58987.320796 20.009244      NaN  -45    12 c    0   1.11 157.46814 20.66937  8176.85  9166.60 3.37 3.30  88.4 -0.353    19.47 21.36 02a58987o0189c 0x000000  -3.750000
58987.326305 20.103715      NaN  -43    11 c    0   1.17 157.46814 20.66937  8157.70  9126.26 2.95 2.92  46.4 -0.379    19.53 21.36 02a58987o0201c 0x000000  -3.909091
58987.334156 20.449472      NaN  -37     8 c    0   1.68 157.46814 20.66937  8216.57  9205.50 2.88 2.83  41.7 -0.376    19.54 21.34 02a58987o0218c 0x000000  -4.625000
58987.337355 20.207197      NaN  -39    10 c    0   1.27 157.46814 20.66937  8236.24  9087.62 2.81 2.79  82.1 -0.382    19.57 21.34 02a58987o0225c 0x000000  -3.900000
58991.273954 20.207197      NaN  -29    10 c    0   1.30 157.46814 20.66937  8188.56  9172.32 3.02 2.76  44.0 -0.389    19.57 21.35 02a58991o0036c 0x000000  -2.900000
58991.290740 20.103715      NaN  -22    11 c    0   1.21 157.46814 20.66937  8168.28  9130.24 3.12 2.93  44.8 -0.380    19.51 21.41 02a58991o0072c 0x000000  -2.000000
58991.293589 20.103715      NaN  -21    11 c    0   1.15 157.46814 20.66937  8225.89  9207.95 2.87 2.73  39.2 -0.381    19.63 21.41 02a58991o0078c 0x000000  -1.909091
58991.299147 20.103715      NaN  -47    11 c    0   0.90 157.46814 20.66937  8244.50  9093.06 2.79 2.71  33.4 -0.388    19.64 21.42 02a58991o0090c 0x000000  -4.272727
58995.328483 20.207197      NaN  -23    10 c    0   0.99 157.46814 20.66937  2873.98  4775.32 2.62 2.47  42.4 -0.389    19.44 21.14 02a58995o0195c 0x000000  -2.300000
58995.331756 20.321591      NaN  -22     9 c    0   1.06 157.46814 20.66937  2856.48  4734.69 2.54 2.39  39.6 -0.388    19.52 21.14 02a58995o0202c 0x000000  -2.444444
58995.337310 20.207197      NaN  -28    10 c    0   0.86 157.46814 20.66937  2915.00  4810.31 2.52 2.40  41.9 -0.394    19.51 21.13 02a58995o0214c 0x000000  -2.800000
58995.350263 20.321591      NaN  -32     9 c    0   1.23 157.46814 20.66937  2935.44  4693.24 2.45 2.32 -50.5 -0.409    19.46 21.07 02a58995o0242c 0x000000  -3.555556
59019.265924 19.169763      NaN  -67    26 c    0   1.09 157.46814 20.66937  2058.19  7006.56 2.50 2.45  31.2 -0.389    18.53 19.87 02a59019o0051c 0x000000  -2.576923
59019.269154 18.816441      NaN   -8    36 c    0   1.48 157.46814 20.66937  2039.32  6967.16 3.01 2.91 -40.5 -0.364    17.91 19.44 02a59019o0058c 0x100002  -0.222222
59019.274676 18.417189      NaN   -4    52 c    0   1.51 157.46814 20.66937  2097.56  7043.62 2.95 2.93  84.8 -0.360    17.52 18.98 02a59019o0070c 0x100002  -0.076923
59019.284775 18.034118      NaN  -69    74 c    0   1.65 157.46814 20.66937  2119.86  6924.52 2.98 2.88 -44.1 -0.382    17.05 18.51 02a59019o0092c 0x100002  -0.932432
59195.587288 20.449472      NaN  -39     8 c    0   1.06 157.46814 20.66937  7704.84  5796.38 2.66 2.47  34.0 -0.392    19.74 21.69 02a59195o0849c 0x000000  -4.875000
59195.591282 20.594452      NaN  -28     7 c    0   1.51 157.46814 20.66937  7728.52  5836.83 2.65 2.48  43.5 -0.392    19.77 21.72 02a59195o0857c 0x000000  -4.000000
59195.595108 20.321591      NaN  -41     9 c    0   1.02 157.46814 20.66937  7673.61  5760.54 2.66 2.44  41.9 -0.393    19.74 21.72 02a59195o0865c 0x000000  -4.555556
59195.600345 20.594452      NaN  -29     7 c    0   1.52 157.46814 20.66937  7652.95  5875.98 2.71 2.51  37.5 -0.391    19.75 21.72 02a59195o0876c 0x000000  -4.142857
59197.533328 20.449472      NaN  -29     8 c    0   1.34 157.46814 20.66937   833.20  2943.13 2.31 2.22  37.4 -0.391    19.89 21.83 01a59197o0562c 0x000000  -3.625000
59197.536812 20.594452      NaN  -38     7 c    0   1.10 157.46814 20.66937   813.28  2903.52 2.36 2.23  58.1 -0.385    19.88 21.83 01a59197o0569c 0x000000  -5.428571
59197.541902 20.594452      NaN  -27     7 c    0   1.18 157.46814 20.66937   872.83  2985.34 2.29 2.20  65.5 -0.390    19.90 21.86 01a59197o0580c 0x000000  -3.857143
59197.547036 20.594452      NaN  -32     7 c    0   1.62 157.46814 20.66937   891.81  2867.56 2.58 2.35  19.7 -0.376    19.82 21.86 01a59197o0591c 0x000000  -4.571429
59205.552809 20.449472      NaN  -42     8 c    0   1.19 157.46814 20.66937  6278.68  9223.13 2.50 2.40 -38.2 -0.369    19.62 21.80 01a59205o0707c 0x000000  -5.250000
59205.555608 20.761819      NaN  -44     6 c    0   0.92 157.46814 20.66937  6259.13  9183.81 2.42 2.29 -67.1 -0.362    19.88 21.83 01a59205o0713c 0x000000  -7.333333
59205.558396 20.594452      NaN  -30     7 c    0   0.89 157.46814 20.66937  6317.08  9260.64 2.37 2.29 -68.4 -0.363    19.92 21.83 01a59205o0719c 0x000000  -4.285714
59205.563853 20.594452      NaN  -28     7 c    0   1.24 157.46814 20.66937  6336.87  9145.19 2.35 2.29 -28.8 -0.364    19.87 21.76 01a59205o0730c 0x000000  -4.000000
59207.538528 20.449472      NaN  -21     8 c    0   1.37 157.46814 20.66937  5763.52  5897.45 2.46 2.34  46.2 -0.405    19.74 21.57 02a59207o0696c 0x000000  -2.625000
59207.540820 20.449472      NaN  -34     8 c    0   1.20 157.46814 20.66937  5783.21  5936.62 2.57 2.41  47.0 -0.401    19.71 21.57 02a59207o0701c 0x000000  -4.250000
59207.543591 20.449472      NaN  -22     8 c    0   1.45 157.46814 20.66937  5725.59  5858.45 2.54 2.39  38.0 -0.399    19.72 21.58 02a59207o0707c 0x000000  -2.750000
59207.554882 20.449472      NaN  -39     8 c    0   1.55 157.46814 20.66937  5703.50  5975.19 2.51 2.34  34.5 -0.405    19.75 21.59 02a59207o0730c 0x000000  -4.875000
59227.630038 20.594452      NaN  -34     7 c    0   1.47 157.46814 20.66937  9095.89   807.50 2.57 2.13 -55.5 -0.413    19.82 21.87 02a59227o0598c 0x000000  -4.857143
59227.634253 20.449472      NaN  -26     8 c    0   1.41 157.46814 20.66937  9072.99   767.49 2.56 2.23 -56.2 -0.396    19.78 21.88 02a59227o0607c 0x000000  -3.250000
59227.640759 20.449472      NaN  -23     8 c    0   1.66 157.46814 20.66937  9132.41   846.96 2.69 2.19 -55.9 -0.410    19.77 21.86 02a59227o0621c 0x000000  -2.875000
59229.553429 20.594452      NaN  -18     7 c    0   0.96 157.46814 20.66937  3786.94  5998.66 2.43 2.29 -79.5 -0.385    19.89 21.95 01a59229o0455c 0x000000  -2.571429
59229.558208 20.594452      NaN  -23     7 c    0   1.37 157.46814 20.66937  3807.65  6036.03 2.39 2.31 -56.4 -0.371    19.90 21.95 01a59229o0464c 0x000000  -3.285714
59229.563463 20.761819      NaN  -35     6 c    0   1.35 157.46814 20.66937  3751.59  5958.56 2.31 2.21 -64.4 -0.379    19.95 21.96 01a59229o0475c 0x000000  -5.833333
59229.573259 20.761819      NaN  -47     6 c    0   1.45 157.46814 20.66937  3735.08  6073.38 2.50 2.42 -25.8 -0.376    19.84 21.95 01a59229o0495c 0x000000  -7.833333
59231.478295 20.449472      NaN  -32     8 c    0   1.39 157.46814 20.66937  1490.12  9763.11 2.72 2.28 -47.5 -0.436    19.69 21.76 02a59231o0581c 0x000000  -4.000000
59231.481039 20.321591      NaN  -43     9 c    0   1.33 157.46814 20.66937  1509.45  9801.65 2.56 2.18 -47.1 -0.431    19.76 21.76 02a59231o0587c 0x000000  -4.777778
59231.484621 20.449472      NaN   -7     8 c    0   1.61 157.46814 20.66937  1451.62  9723.25 2.60 2.15 -45.2 -0.440    19.76 21.77 02a59231o0594c 0x000000  -0.875000
59231.493694 20.449472      NaN  -30     8 c    0   1.25 157.46814 20.66937  1427.39  9841.17 2.41 2.17 -43.8 -0.445    19.80 21.80 02a59231o0612c 0x000000  -3.750000
59233.452160 19.841877      NaN  -50    14 c    0   1.29 157.46814 20.66937  7103.52   884.03 2.70 2.48 -86.2 -0.407    19.01 21.11 01a59233o0067c 0x000000  -3.571429
59233.454921 20.103715      NaN  -25    11 c    0   1.22 157.46814 20.66937  7084.14   844.85 2.62 2.30 -86.7 -0.415    19.43 21.58 01a59233o0073c 0x000000  -2.272727
59233.465959 17.105824      NaN   12   170 c    0   1.46 157.46814 20.66937  7141.03   922.10 2.69 2.31 -85.6 -0.406    16.23 18.32 01a59233o0096c 0x100002   0.070588
59233.469183 16.093641      NaN -372   442 c    0   1.26 157.46814 20.66937  7160.98   803.77 2.75 2.39 -88.1 -0.400    15.45 17.58 01a59233o0103c 0x100002  -0.841629
59235.551414 19.401649      NaN  -39    21 c    0   1.23 157.46814 20.66937   170.66  9079.36 2.55 2.24 -47.5 -0.429    18.63 20.43 02a59235o0724c 0x000000  -1.857143
59235.554760 19.256669      NaN  -58    24 c    0   1.22 157.46814 20.66937   153.46  9041.09 2.58 2.26 -46.9 -0.425    18.66 20.44 02a59235o0731c 0x000000  -2.416667
59235.556132 19.212347      NaN   -2    25 c    0   1.20 157.46814 20.66937 10122.76  9099.96 2.80 2.74 -59.7 -0.375    18.64 20.43 02a59235o0734c 0x000000  -0.080000
59251.498232 20.594452      NaN  -45     7 c    0   1.26 157.46814 20.66937  2797.04  2830.86 2.33 2.29  82.3 -0.409    19.81 21.73 02a59251o0549c 0x000000  -6.428571
59251.504479 20.761819      NaN  -15     6 c    0   1.32 157.46814 20.66937  2777.83  2793.06 2.29 2.25  72.3 -0.415    19.82 21.73 02a59251o0560c 0x000000  -2.500000
59251.516078 20.449472      NaN  -30     8 c    0   0.96 157.46814 20.66937  2835.75  2869.32 2.38 2.32  71.2 -0.407    19.79 21.72 02a59251o0583c 0x000000  -3.750000
59251.519466 20.761819      NaN  -38     6 c    0   1.53 157.46814 20.66937  2856.80  2754.45 2.33 2.29  69.4 -0.410    19.77 21.70 02a59251o0589c 0x000000  -6.333333
59253.424967 20.321591      NaN  -36     9 c    0   1.03 157.46814 20.66937  6169.22  7284.20 2.96 2.79  73.4 -0.353    19.62 21.91 01a59253o0425c 0x000000  -4.000000
59253.428240 20.449472      NaN  -32     8 c    0   1.13 157.46814 20.66937  6153.03  7245.45 2.59 2.42  88.4 -0.375    19.78 21.88 01a59253o0431c 0x000000  -4.000000
59253.455419 20.594452      NaN  -20     7 c    0   1.70 157.46814 20.66937  6210.04  7326.09 2.57 2.27 -80.7 -0.395    19.84 21.93 01a59253o0483c 0x000000  -2.857143
59253.458363 20.449472      NaN  -54     8 c    0   1.37 157.46814 20.66937  6229.04  7208.61 2.68 2.51 -68.3 -0.378    19.75 21.93 01a59253o0489c 0x000000  -6.750000
59255.422575 20.594452      NaN  -32     7 c    0   1.96 157.46814 20.66937  7791.98  7731.83 2.88 2.57  40.8 -0.388    19.73 21.73 02a59255o0449c 0x000000  -4.571429
59255.424413 20.207197      NaN  -28    10 c    0   0.69 157.46814 20.66937  7811.50  7770.81 2.86 2.56  40.8 -0.388    19.72 21.74 02a59255o0453c 0x000000  -2.800000
59255.429583 20.449472      NaN  -26     8 c    0   1.07 157.46814 20.66937  7753.34  7692.29 2.82 2.53  38.5 -0.388    19.73 21.73 02a59255o0464c 0x000000  -3.250000
59255.436997 20.449472      NaN  -36     8 c    0   1.61 157.46814 20.66937  7736.16  7811.08 2.73 2.46  43.2 -0.391    19.78 21.76 02a59255o0480c 0x000000  -4.500000
59257.487258 20.449472      NaN  -32     8 c    0   1.13 157.46814 20.66937  5816.93  7846.02 2.73 2.63 -73.7 -0.373    19.73 21.99 01a59257o0599c 0x000000  -4.000000
59257.492443 20.594452      NaN  -43     7 c    0   1.65 157.46814 20.66937  5837.43  7883.62 2.36 2.31 -58.5 -0.384    19.85 21.99 01a59257o0610c 0x000000  -6.142857
59257.496220 20.761819      NaN  -17     6 c    0   1.95 157.46814 20.66937  5779.16  7805.61 2.47 2.40 -77.9 -0.377    19.79 21.99 01a59257o0618c 0x000000  -2.833333
59257.506766 20.594452      NaN  -29     7 c    0   1.31 157.46814 20.66937  5762.25  7919.72 2.48 2.43 -54.7 -0.372    19.78 21.97 01a59257o0640c 0x000000  -4.142857
59261.406061 20.449472      NaN  -15     8 c    0   0.91 157.46814 20.66937  4741.02  2729.80 2.29 2.21 -39.8 -0.388    19.81 21.82 01a59261o0414c 0x000000  -1.875000
59261.408891 20.449472      NaN  -19     8 c    0   1.22 157.46814 20.66937  4720.98  2690.83 2.26 2.23 -42.3 -0.391    19.85 21.83 01a59261o0420c 0x000000  -2.375000
59261.429089 20.761819      NaN  -40     6 c    0   1.34 157.46814 20.66937  4778.67  2767.95 2.37 2.36 -58.7 -0.377    19.81 21.84 01a59261o0459c 0x000000  -6.666667
59261.440367 20.449472      NaN  -33     8 c    0   1.07 157.46814 20.66937  4797.22  2652.44 2.36 2.26 -12.9 -0.389    19.83 21.83 01a59261o0483c 0x000000  -4.125000
59263.464273 17.494268      NaN   50   105 c    0   1.45 157.46814 20.66937  8098.66  7207.33 2.69 2.44  39.9 -0.422    16.45 18.08 02a59263o0264c 0x100002   0.476190
59263.468764 18.005163      NaN   -6    76 c    0   1.39 157.46814 20.66937  8079.45  7170.96 2.71 2.46  40.6 -0.425    17.33 18.97 02a59263o0272c 0x100002  -0.078947
59263.484866 18.261819      NaN  -18    60 c    0   1.04 157.46814 20.66937  8156.06  7132.16 2.71 2.45  37.4 -0.386    17.77 19.48 02a59263o0301c 0x100002  -0.300000
59287.365137 19.922338      NaN  -23    13 c    0   1.47 157.46814 20.66937  1883.22  6064.90 2.68 2.55 -19.9 -0.393    19.04 21.07 02a59287o0295c 0x000000  -1.769231
59287.367399 17.845990      NaN  -29    88 c    0   1.03 157.46814 20.66937  1904.06  6103.47 2.64 2.64  51.0 -0.484    16.82 18.80 02a59287o0299c 0x100002  -0.329545
59287.370604 17.473643      NaN -201   124 c    0   0.80 157.46814 20.66937  1847.47  6024.77 2.51 2.49 -17.1 -0.472    16.99 18.90 02a59287o0306c 0x100002  -1.620968
59287.375755 18.944322      NaN  -62    32 c    0   1.08 157.46814 20.66937  1828.71  6141.91 2.42 2.40  -3.0 -0.468    18.63 20.57 02a59287o0317c 0x100002  -1.937500
59291.411357 20.594452      NaN  -39     7 c    0   0.99 157.46814 20.66937  5133.06   989.04 2.37 2.23 -72.5 -0.423    19.76 21.73 02a59291o0182c 0x000000  -5.571429
59291.415108 20.449472      NaN  -24     8 c    0   0.78 157.46814 20.66937  5114.77   948.56 2.39 2.22 -70.6 -0.419    19.74 21.72 02a59291o0190c 0x000000  -3.000000
59291.420561 20.449472      NaN  -28     8 c    0   0.98 157.46814 20.66937  5177.39  1029.19 2.33 2.20 -77.4 -0.418    19.76 21.70 02a59291o0201c 0x000000  -3.500000
59291.430816 20.594452      NaN  -34     7 c    0   1.85 157.46814 20.66937  5199.01   913.90 2.32 2.19 -76.4 -0.419    19.75 21.69 02a59291o0223c 0x000000  -4.857143
59309.339287 20.594452      NaN  -24     7 c    0   1.23 157.46814 20.66937  3863.95  7949.47 2.22 1.97 -89.4 -0.414    20.01 21.70 01a59309o0116c 0x000000  -3.428571
59309.352535 20.761819      NaN  -30     6 c    0   1.17 157.46814 20.66937  3884.53  7986.70 2.38 2.03 -79.2 -0.399    19.96 21.72 01a59309o0143c 0x000000  -5.000000
59309.359378 20.449472      NaN  -34     8 c    0   0.81 157.46814 20.66937  3827.12  7908.56 2.28 2.04 -87.2 -0.407    20.00 21.73 01a59309o0157c 0x000000  -4.250000
59309.363200 20.761819      NaN  -25     6 c    0   1.31 157.46814 20.66937  3809.10  8024.64 2.30 2.05 -83.5 -0.404    19.99 21.73 01a59309o0165c 0x000000  -4.166667
59313.345447 20.594452      NaN  -29     7 c    0   1.22 157.46814 20.66937  8470.96  3550.51 2.45 2.24 -86.2 -0.409    19.98 21.64 01a59313o0273c 0x000000  -4.142857
59313.355236 20.449472      NaN  -25     8 c    0   1.02 157.46814 20.66937  8491.76  3587.61 2.41 2.17 -80.6 -0.413    20.02 21.67 01a59313o0293c 0x000000  -3.125000
59313.358463 20.761819      NaN  -26     6 c    0   1.38 157.46814 20.66937  8434.31  3510.72 2.40 2.14 -80.3 -0.417    20.02 21.66 01a59313o0300c 0x000000  -4.333333
59313.374016 20.449472      NaN  -23     8 c    0   1.14 157.46814 20.66937  8417.23  3624.15 2.53 2.25 -78.2 -0.403    19.95 21.63 01a59313o0332c 0x000000  -2.875000
59321.370079 20.594452      NaN  -28     7 c    0   1.44 157.46814 20.66937  1496.17  9801.66 2.55 2.23 -72.2 -0.399    19.85 21.61 01a59321o0283c 0x000000  -4.000000
59321.373305 20.321591      NaN  -35     9 c    0   1.05 157.46814 20.66937  1515.42  9840.20 2.44 2.26 -75.5 -0.403    19.75 21.87 01a59321o0290c 0x000000  -3.888889
59321.408436 20.594452      NaN  -30     7 c    0   1.33 157.46814 20.66937  1464.49  9757.83 2.66 2.34 -66.5 -0.392    19.80 21.61 01a59321o0362c 0x000000  -4.285714
59321.427551 20.449472      NaN  -14     8 c    0   1.37 157.46814 20.66937  1441.69  9872.14 2.60 2.33 -64.3 -0.407    19.79 21.52 01a59321o0400c 0x000000  -1.750000
59343.275946 20.321591      NaN  -21     9 c    0   1.31 157.46814 20.66937  7121.56   911.74 2.38 2.09 -59.9 -0.416    19.73 21.41 02a59343o0082c 0x000000  -2.333333
59343.278716 20.449472      NaN  -31     8 c    0   0.95 157.46814 20.66937  7102.81   873.84 2.36 2.11 -64.7 -0.413    19.71 21.42 02a59343o0088c 0x000000  -3.875000
59343.283865 20.449472      NaN  -25     8 c    0   1.18 157.46814 20.66937  7162.58   951.22 2.37 2.11 -63.0 -0.416    19.73 21.42 02a59343o0099c 0x000000  -3.125000
59343.294059 20.449472      NaN  -38     8 c    0   1.36 157.46814 20.66937  7184.46   834.72 2.41 2.08 -61.7 -0.412    19.72 21.46 02a59343o0121c 0x000000  -4.750000
59347.303048 20.321591      NaN  -27     9 c    0   1.46 157.46814 20.66937   112.17  7140.85 2.55 2.35 -49.5 -0.376    19.53 21.28 02a59347o0155c 0x000000  -3.000000
59347.306736 20.321591      NaN  -30     9 c    0   1.27 157.46814 20.66937    93.28  7101.88 2.44 2.26 -48.7 -0.388    19.54 21.27 02a59347o0163c 0x000000  -3.333333
59347.312713 20.321591      NaN  -20     9 c    0   1.15 157.46814 20.66937   152.47  7177.76 2.39 2.18 -51.3 -0.398    19.60 21.25 02a59347o0176c 0x000000  -2.222222
59347.315473 20.009244      NaN  -28    12 c    0   0.98 157.46814 20.66937 10035.30  7163.50 2.84 2.74  41.7 -0.392    19.56 21.31 02a59347o0182c 0x000000  -2.333333
59347.318689 20.207197      NaN  -17    10 c    0   1.34 157.46814 20.66937 10018.70  7124.94 2.65 2.64  38.5 -0.402    19.65 21.30 02a59347o0189c 0x000000  -1.700000
59347.325124 20.103715      NaN  -43    11 c    0   1.32 157.46814 20.66937 10080.52  7204.97 2.68 2.67  20.3 -0.399    19.60 21.29 02a59347o0203c 0x000000  -3.909091
59347.329244 20.594452      NaN  -23     7 c    0   2.33 157.46814 20.66937   179.31  7059.42 2.31 2.17 -49.9 -0.388    19.57 21.18 02a59347o0212c 0x000000  -3.285714
59347.338906 20.321591      NaN  -32     9 c    0   1.42 157.46814 20.66937 10101.19  7085.83 2.66 2.64  -2.9 -0.398    19.58 21.26 02a59347o0233c 0x000000  -3.555556
59369.284655 20.449472      NaN  -22     8 c    0   1.46 157.46814 20.66937  6558.00  3661.33 2.32 2.18 -73.2 -0.380    19.66 21.14 01a59369o0107c 0x000000  -2.750000
59369.288345 20.321591      NaN  -28     9 c    0   1.17 157.46814 20.66937  6576.96  3700.11 2.25 2.13 -61.9 -0.384    19.71 21.17 01a59369o0115c 0x000000  -3.111111
59369.294798 20.594452      NaN  -26     7 c    0   1.65 157.46814 20.66937  6517.48  3623.68 2.32 2.13 -75.8 -0.385    19.73 21.22 01a59369o0129c 0x000000  -3.714286
59369.312347 20.321591      NaN  -47     9 c    0   1.26 157.46814 20.66937  6495.93  3741.02 2.33 2.14 -76.3 -0.396    19.64 21.11 01a59369o0167c 0x000000  -5.222222
59373.276984 20.207197      NaN  -38    10 c    0   0.77 157.46814 20.66937  6558.08  3658.79 2.42 2.10 -81.1 -0.396    19.73 21.20 01a59373o0087c 0x000000  -3.800000
59373.280225 20.449472      NaN  -19     8 c    0   1.30 157.46814 20.66937  6577.75  3698.16 2.40 2.18 -80.1 -0.403    19.75 21.21 01a59373o0094c 0x000000  -2.375000
59373.287592 20.594452      NaN  -36     7 c    0   1.58 157.46814 20.66937  6521.40  3622.83 2.41 2.12 -81.5 -0.398    19.72 21.20 01a59373o0110c 0x000000  -5.142857
59373.297770 20.594452      NaN  -29     7 c    0   1.87 157.46814 20.66937  6501.50  3740.61 2.36 2.12 -82.6 -0.404    19.73 21.16 01a59373o0132c 0x000000  -4.142857
59377.247155 19.351140      NaN  -23    22 c    0   0.93 157.46814 20.66937  1865.47  6089.53 2.32 2.18 -81.1 -0.386    18.75 19.42 01a59377o0022c 0x000000  -1.045455
59377.250390 19.841877      NaN  -21    14 c    0   1.31 157.46814 20.66937  1884.04  6128.90 2.36 2.18 -77.0 -0.388    19.22 20.11 01a59377o0029c 0x000000  -1.500000
59377.255508 20.207197      NaN  -37    10 c    0   1.08 157.46814 20.66937  1824.86  6051.35 2.34 2.14  89.8 -0.396    19.60 20.84 01a59377o0040c 0x000000  -3.700000
59527.586009 19.401649      NaN  -30    21 c    0   0.90 157.46814 20.66937  9749.32  9873.80 2.88 2.65 -27.6 -0.375    18.98 20.97 02a59527o0841c 0x000000  -1.428571
59527.590619 19.169763      NaN  -40    26 c    0   0.93 157.46814 20.66937  9768.28  9913.48 2.84 2.64 -27.3 -0.377    18.51 20.40 02a59527o0851c 0x000000  -1.538462
59527.596161 19.631075      NaN  -17    17 c    0   0.91 157.46814 20.66937  9705.38  9834.03 2.76 2.65  -3.8 -0.374    18.96 20.76 02a59527o0863c 0x000000  -1.000000
59527.609218 19.766969      NaN  -46    15 c    0   1.25 157.46814 20.66937  9685.46  9954.24 2.82 2.76 -15.9 -0.376    19.23 20.89 02a59527o0890c 0x000000  -3.066667
59587.524211 20.761819      NaN  -43     6 c    0   2.11 157.46814 20.66937  2395.56  1410.58 2.48 2.37 -81.0 -0.437    19.63 21.68 02a59587o0712c 0x000000  -7.166667
59587.526499 20.321591      NaN  -27     9 c    0   1.20 157.46814 20.66937  2415.15  1449.62 2.52 2.43 -89.9 -0.433    19.63 21.69 02a59587o0717c 0x000000  -3.000000
59587.529244 20.449472      NaN  -27     8 c    0   1.38 157.46814 20.66937  2356.48  1371.75 2.45 2.34 -80.4 -0.437    19.62 21.68 02a59587o0723c 0x000000  -3.375000
59587.534729 20.449472      NaN  -27     8 c    0   1.23 157.46814 20.66937  2338.48  1488.01 2.46 2.34 -87.4 -0.432    19.66 21.69 02a59587o0735c 0x000000  -3.375000