         MJD         m       dm  uJy  duJy F  err  chi/N       RA      Dec        x        y  maj  min   phi  apfit  mag5sig   Sky            Obs     Mask   __tmp_SN
57716.457808 18.598565      NaN  -68    44 c    0   1.09 52.39267 10.97319  6419.38  2395.29 4.01 3.88  88.5 -0.388    18.44 20.26 02a57716o0532c 0x100002  -1.545455
57716.495230 17.533643      NaN   37   105 c    0   1.16 52.39267 10.97319  6459.50  2435.29 4.24 4.12  87.3 -0.366    17.53 19.34 02a57716o0604c 0x100002   0.352381
57716.496787 17.922662      NaN  -36    82 c    0   0.73 52.39267 10.97319  6479.27  2318.57 4.29 4.20 -88.3 -0.367    17.70 19.56 02a57716o0607c 0x100002  -0.439024
57716.514767 18.878500      NaN -126    34 c    0   1.10 52.39267 10.97319  6444.41  2375.73 4.52 4.08  -0.6 -0.372    18.64 20.54 02a57716o0642c 0x100002  -3.705882
57752.381744 16.509579      NaN  217   229 c    0   1.02 52.39267 10.97319  6912.93  2097.11 3.86 3.66  71.3 -0.414    16.64 18.24 02a57752o0335c 0x100002   0.947598
57752.397410 15.850384      NaN -166   553 c    0   0.88 52.39267 10.97319  6971.51  2174.27 3.93 3.61  72.6 -0.408    15.72 17.29 02a57752o0365c 0x100002  -0.300181
57752.421021 17.707197      NaN  -54   100 c    0   1.07 52.39267 10.97319  6992.85  2055.83 3.85 3.79  50.7 -0.409    17.58 19.23 02a57752o0411c 0x100002  -0.540000
57752.421520 17.718109      NaN -122    99 c    0   1.14 52.39267 10.97319  6954.57  2113.92 3.81 3.74  37.0 -0.409    17.56 19.19 02a57752o0412c 0x100002  -1.232323
57756.340265 19.569016      NaN  -79    18 c    0   1.16 52.39267 10.97319  7463.32 10457.40 3.36 3.08 -28.8 -0.431    19.72 21.65 02a57756o0278c 0x000000  -4.388889
57756.341788 19.631075      NaN  -33    17 c    0   1.04 52.39267 10.97319  9243.03   779.53 3.78 3.56  85.5 -0.433    19.71 21.61 02a57756o0280c 0x000000  -1.941176
57756.360464 19.631075      NaN  -87    17 c    0   1.06 52.39267 10.97319  9227.48   740.96 3.81 3.61  82.3 -0.444    19.73 21.66 02a57756o0316c 0x000000  -5.117647
57756.367655 19.212347      NaN  -80    25 c    0   1.11 52.39267 10.97319  7504.76 10495.06 3.36 3.10 -33.2 -0.426    19.75 21.70 02a57756o0328c 0x100002  -3.200000
57756.372087 19.696897      NaN  -85    16 c    0   1.62 52.39267 10.97319  9284.90   818.01 3.81 3.61  79.4 -0.442    19.72 21.65 02a57756o0336c 0x000000  -5.312500
57756.386883 19.569016      NaN  -75    18 c    0   0.76 52.39267 10.97319  7527.67 10376.21 3.31 3.03 -33.8 -0.424    19.73 21.66 02a57756o0365c 0x000000  -4.166667
57756.388374 19.696897      NaN -126    16 c    0   1.33 52.39267 10.97319  9309.69   699.37 3.79 3.64  78.5 -0.439    19.71 21.64 02a57756o0368c 0x000000  -7.875000
57756.389390 19.569016      NaN  -50    18 c    0   1.08 52.39267 10.97319  7489.69 10434.11 3.35 3.02 -31.0 -0.424    19.71 21.67 02a57756o0370c 0x000000  -2.777778
57756.402638 19.302877      NaN  -78    23 c    0   0.79 52.39267 10.97319  9272.13   757.13 3.82 3.62  83.6 -0.438    19.70 21.61 02a57756o0393c 0x000000  -3.391304
57776.327306 17.751519      NaN  -87    96 c    0   1.11 52.39267 10.97319  7783.94  1552.72 3.76 3.63  82.3 -0.416    17.38 19.04 02a57776o0228c 0x100002  -0.906250
57776.342994 19.696897      NaN  -82    16 c    0   0.91 52.39267 10.97319  7765.70  1512.80 3.77 3.65  82.6 -0.420    19.63 21.52 02a57776o0258c 0x000000  -5.125000
57776.359849 19.631075      NaN  -61    17 c    0   1.36 52.39267 10.97319  7823.61  1589.99 3.76 3.62  77.9 -0.413    19.59 21.46 02a57776o0290c 0x000000  -3.588235
57776.376477 19.766969      NaN  -93    15 c    0   1.18 52.39267 10.97319  7844.99  1472.37 3.90 3.82  72.1 -0.404    19.60 21.52 02a57776o0322c 0x000000  -6.200000
57776.393004 19.569016      NaN  -85    18 c    0   1.20 52.39267 10.97319  7806.73  1530.18 3.95 3.90  78.4 -0.403    19.43 21.35 02a57776o0354c 0x000000  -4.722222
57780.317575 19.922338      NaN  -88    13 c    0   1.36 52.39267 10.97319  7622.75  3087.54 3.82 3.61  88.2 -0.379    19.67 21.58 02a57780o0206c 0x000000  -6.769231
57780.333227 19.841877      NaN  -90    14 c    0   1.19 52.39267 10.97319  7606.41  3048.36 3.82 3.59 -89.7 -0.384    19.65 21.53 02a57780o0236c 0x000000  -6.428571
57780.349655 19.922338      NaN  -86    13 c    0   1.19 52.39267 10.97319  7664.22  3125.70 3.83 3.61  88.6 -0.386    19.62 21.48 02a57780o0267c 0x000000  -6.615385
57780.366423 19.766969      NaN  -82    15 c    0   1.13 52.39267 10.97319  7685.62  3007.60 3.83 3.67  89.6 -0.386    19.57 21.43 02a57780o0299c 0x000000  -5.466667
57780.382716 19.696897      NaN  -79    16 c    0   1.17 52.39267 10.97319  7648.61  3065.23 3.83 3.72 -89.5 -0.385    19.52 21.36 02a57780o0330c 0x000000  -4.937500
57784.305570 19.766969      NaN  -77    15 c    0   1.24 52.39267 10.97319  9368.60  1263.52 4.07 3.73 -89.0 -0.403    19.54 21.45 02a57784o0003c 0x000000  -5.133333
57784.320585 19.766969      NaN  -60    15 c    0   1.27 52.39267 10.97319  9346.34  1225.20 3.92 3.64  82.4 -0.430    19.55 21.44 02a57784o0032c 0x000000  -4.000000
57784.335780 19.510313      NaN  -51    19 c    0   1.00 52.39267 10.97319  9406.08  1303.52 3.93 3.75  75.2 -0.426    19.53 21.43 02a57784o0061c 0x000000  -2.684211
57784.351004 19.631075      NaN -118    17 c    0   0.98 52.39267 10.97319  9427.21  1185.57 3.90 3.72  72.1 -0.436    19.52 21.40 02a57784o0090c 0x000000  -6.941176
57784.366805 19.631075      NaN  -97    17 c    0   1.34 52.39267 10.97319  9387.60  1243.60 4.00 3.86  68.7 -0.422    19.44 21.34 02a57784o0120c 0x000000  -5.705882
57804.315684 19.212347      NaN  -87    25 c    0   1.13 52.39267 10.97319  6460.63  3506.56 3.90 3.76  83.8 -0.368    18.87 20.61 02a57804o0211c 0x100002  -3.480000
57808.264618 17.762888      NaN  -99    95 c    0   1.37 52.39267 10.97319  6500.70  2327.96 3.85 3.74  87.8 -0.396    17.29 18.81 02a57808o0084c 0x100002  -1.042105
57808.292995 19.169763      NaN -111    26 c    0   0.83 52.39267 10.97319  6544.95  2362.43 3.81 3.79  88.8 -0.403    18.95 20.63 02a57808o0140c 0x100002  -4.269231
57836.253599 19.089302      NaN  -75    28 c    0   1.05 52.39267 10.97319  6900.06  2658.16 4.02 3.67  89.5 -0.419    18.35 19.70 02a57836o0049c 0x100002  -2.678571
57836.267851 18.878500      NaN  -95    34 c    0   0.83 52.39267 10.97319  6879.91  2617.16 4.07 3.76 -88.6 -0.403    18.28 19.64 02a57836o0076c 0x100002  -2.794118
57840.244084 19.169763      NaN -144    26 c    0   1.26 52.39267 10.97319  7120.49  2233.80 3.87 3.68 -80.6 -0.386    18.30 19.54 02a57840o0030c 0x100002  -5.538462
57840.255673 18.878500      NaN  -53    34 c    0   0.79 52.39267 10.97319  7098.50  2195.92 3.86 3.72 -85.9 -0.390    18.26 19.51 02a57840o0052c 0x100002  -1.558824
57987.642578 17.089310      NaN   56   158 c    0   1.69 52.39267 10.97319  3000.36  8016.96 2.41 2.31   7.4 -0.436    17.35 18.03 02a57987o0584c 0x100002   0.354430
58019.549934 17.368040 0.026481  410    10 c    0   1.55 52.39267 10.97319  3470.93  1874.63 2.39 2.31  86.9 -0.414    19.73 21.39 02a58019o0666c 0x000000  41.000000
58019.563543 17.321391 0.027904  428    11 c    0   1.07 52.39267 10.97319  3431.02  1835.65 2.39 2.33  82.2 -0.409    19.78 21.43 02a58019o0692c 0x000000  38.909091
58019.564000 17.381362 0.026808  405    10 c    0   1.75 52.39267 10.97319  3488.12  1914.15 2.38 2.32 -89.8 -0.401    19.76 21.42 02a58019o0693c 0x000000  40.500000
58019.572114 17.274231 0.024289  447    10 c    0   1.60 52.39267 10.97319  3413.16  1953.51 2.44 2.36  89.4 -0.397    19.74 21.45 02a58019o0709c 0x000000  44.700000
58071.455442 19.950541      NaN   11     9 c    0   1.20 52.39267 10.97319  5607.41  8883.50 2.57 2.27  15.6 -0.464    19.75 21.47 02a58071o0463c 0x000000   1.222222
58071.470357 19.766969      NaN   18     9 c    0   1.57 52.39267 10.97319  5643.86  8920.50 2.61 2.26   9.0 -0.463    19.73 21.47 02a58071o0493c 0x000000   2.000000
58071.470814 20.321591      NaN    0     9 c    0   1.23 52.39267 10.97319  5587.06  8842.11 2.57 2.30  13.5 -0.458    19.72 21.46 02a58071o0494c 0x000000   0.000000
58071.477495 19.609992      NaN   22    10 c    0   0.91 52.39267 10.97319  5665.05  8806.19 2.55 2.26  12.0 -0.460    19.73 21.46 02a58071o0507c 0x000000   2.200000
58075.451474 20.594452      NaN   -3     7 c    0   1.61 52.39267 10.97319  5625.72  7828.54 2.37 2.20  15.0 -0.447    19.77 21.53 02a58075o0467c 0x000000  -0.428571
58075.456599 20.321591      NaN   -3     9 c    0   0.76 52.39267 10.97319  5611.70  7793.84 2.36 2.22  17.2 -0.472    19.81 21.55 02a58075o0476c 0x000000  -0.333333
58075.457056 20.207197      NaN   -3    10 c    0   1.09 52.39267 10.97319  5668.48  7871.89 2.38 2.24  13.2 -0.462    19.78 21.55 02a58075o0477c 0x000000  -0.300000
58075.470981 20.449472      NaN  -12     8 c    0   1.15 52.39267 10.97319  5683.05  7751.56 2.34 2.22  10.1 -0.466    19.82 21.58 02a58075o0504c 0x000000  -1.500000
58079.441155 20.321591      NaN  -19     9 c    0   1.16 52.39267 10.97319  5328.30  6357.70 2.32 2.25  31.1 -0.461    19.78 21.43 02a58079o0526c 0x000000  -2.111111
58079.455838 20.594452      NaN  -16     7 c    0   1.37 52.39267 10.97319  5309.69  6315.63 2.31 2.23  29.1 -0.462    19.76 21.42 02a58079o0557c 0x000000  -2.285714
58079.462553 20.449472      NaN   -3     8 c    0   1.38 52.39267 10.97319  5369.15  6395.18 2.30 2.23  23.0 -0.467    19.76 21.41 02a58079o0568c 0x000000  -0.375000
58079.476071 19.950541      NaN    8    10 c    0   0.95 52.39267 10.97319  5387.28  6276.97 2.30 2.23  19.4 -0.456    19.73 21.40 02a58079o0595c 0x000000   0.800000
58134.367108 20.321591      NaN  -64     9 c    0   1.13 52.39267 10.97319  6702.07  8223.64 2.67 2.49  -6.6 -0.453    19.69 21.62 02a58134o0366c 0x000000  -7.111111
58134.377010 20.207197      NaN  -44    10 c    0   1.04 52.39267 10.97319  6683.70  8184.46 2.55 2.47  -7.1 -0.450    19.68 21.61 02a58134o0387c 0x000000  -4.400000
58134.386991 20.207197      NaN  -44    10 c    0   1.09 52.39267 10.97319  6741.52  8262.24 2.96 2.90   7.0 -0.418    19.55 21.60 02a58134o0408c 0x000000  -4.400000
58134.396951 20.207197      NaN  -74    10 c    0   0.95 52.39267 10.97319  6761.95  8145.38 2.93 2.86   9.0 -0.419    19.56 21.55 02a58134o0429c 0x000000  -7.400000
58135.369762 20.207197      NaN  -62    10 c    0   1.24 52.39267 10.97319  6840.23  7598.47 3.11 3.01  40.4 -0.411    19.50 21.51 02a58135o0369c 0x000000  -6.200000
58135.380132 20.103715      NaN  -50    11 c    0   1.06 52.39267 10.97319  6823.14  7558.77 2.86 2.79  26.6 -0.445    19.53 21.47 02a58135o0390c 0x000000  -4.545455
58135.390528 20.009244      NaN  -57    12 c    0   1.10 52.39267 10.97319  6880.05  7636.68 3.39 3.29  38.8 -0.397    19.37 21.44 02a58135o0411c 0x000000  -4.750000
58135.400814 20.103715      NaN  -57    11 c    0   1.14 52.39267 10.97319  6899.77  7521.01 3.09 3.02  35.3 -0.405    19.46 21.40 02a58135o0432c 0x000000  -5.181818
58162.302420 20.103715      NaN  -59    11 c    0   1.23 52.39267 10.97319  5478.48  6779.96 3.13 3.03  12.5 -0.416    19.45 21.45 02a58162o0206c 0x000000  -5.363636
58163.310306 15.591354      NaN -691   702 c    0   1.03 52.39267 10.97319  6997.37  8456.90 2.71 2.67  25.0 -0.445    15.37 16.70 02a58163o0221c 0x100002  -0.984330
58167.302159 19.051202      NaN   -1    29 c    0   1.12 52.39267 10.97319  7594.62  5845.40 3.13 2.82  71.7 -0.414    18.27 20.60 02a58167o0201c 0x100002  -0.034483
58167.312300 19.256669      NaN -101    24 c    0   1.13 52.39267 10.97319  7575.34  5805.42 3.30 2.92  70.6 -0.405    18.43 20.71 02a58167o0222c 0x000000  -4.208333
58167.322344 19.051202      NaN  -58    29 c    0   1.19 52.39267 10.97319  7631.58  5883.41 3.49 3.16  58.1 -0.392    18.42 20.72 02a58167o0243c 0x100002  -2.000000
58167.332484 19.128787      NaN  -73    27 c    0   1.13 52.39267 10.97319  7649.87  5768.66 3.36 3.10  71.2 -0.404    18.25 20.49 02a58167o0264c 0x100002  -2.703704
58375.630296 20.449472      NaN  -75     8 c    0   1.22 52.39267 10.97319  5093.91  7511.07 2.51 2.47  -0.3 -0.463    19.64 21.36 02a58375o0332c 0x000000  -9.375000
58375.646239 17.797727      NaN -112    92 c    0   1.08 52.39267 10.97319  5077.12  7475.44 2.54 2.45 -22.1 -0.376    17.33 18.21 02a58375o0358c 0x100002  -1.217391
58395.597755 20.321591      NaN  -72     9 c    0   1.53 52.39267 10.97319  7051.76  7605.99 2.79 2.73 -42.9 -0.408    19.52 21.18 02a58395o0827c 0x000000  -8.000000
58395.614538 20.449472      NaN  -95     8 c    0   1.40 52.39267 10.97319  7028.56  7566.26 2.67 2.55 -55.5 -0.421    19.54 21.15 02a58395o0863c 0x000000 -11.875000
58395.619273 20.009244      NaN  -73    12 c    0   0.83 52.39267 10.97319  7085.35  7646.51 2.74 2.56 -80.0 -0.415    19.50 21.12 02a58395o0871c 0x000000  -6.083333
58395.632707 19.454622      NaN -101    20 c    0   1.17 52.39267 10.97319  7104.18  7528.28 2.64 2.53 -38.5 -0.425    18.95 20.40 02a58395o0899c 0x000000  -5.050000
58398.603074 20.449472      NaN  -75     8 c    0   1.09 52.39267 10.97319  6858.55  7199.41 2.77 2.57 -54.6 -0.393    19.74 21.58 02a58398o0342c 0x000000  -9.375000
58398.613851 18.729535      NaN   21    32 c    0   1.73 52.39267 10.97319  6877.19  7083.59 2.63 2.44 -57.8 -0.402    18.20 19.89 02a58398o0364c 0x100002   0.656250
58399.582619 20.321591      NaN  -80     9 c    0   1.08 52.39267 10.97319  5056.88  6622.93 2.52 2.41 -66.9 -0.421    19.61 21.46 02a58399o0128c 0x000000  -8.888889
58399.585307 20.103715      NaN  -84    11 c    0   0.76 52.39267 10.97319  5038.24  6586.81 2.56 2.46 -52.7 -0.423    19.60 21.47 02a58399o0132c 0x000000  -7.636364
58399.600946 20.207197      NaN  -84    10 c    0   1.30 52.39267 10.97319  5090.15  6662.16 2.55 2.46 -55.9 -0.425    19.59 21.40 02a58399o0164c 0x000000  -8.400000
58399.607431 20.321591      NaN  -89     9 c    0   1.37 52.39267 10.97319  5109.26  6548.06 2.49 2.41 -61.9 -0.431    19.57 21.39 02a58399o0176c 0x000000  -9.888889
58402.570193 20.449472      NaN  -60     8 c    0   1.02 52.39267 10.97319  5302.63  6630.90 2.47 2.38 -56.3 -0.428    19.77 21.55 02a58402o0532c 0x000000  -7.500000
58402.581043 20.321591      NaN  -76     9 c    0   1.02 52.39267 10.97319  5282.55  6591.57 2.46 2.35 -59.4 -0.419    19.77 21.53 02a58402o0554c 0x000000  -8.444444
58402.591326 20.207197      NaN  -75    10 c    0   0.90 52.39267 10.97319  5338.39  6668.73 2.48 2.43 -43.4 -0.424    19.74 21.52 02a58402o0575c 0x000000  -7.500000
58402.602043 20.449472      NaN  -71     8 c    0   1.51 52.39267 10.97319  5356.77  6553.39 2.51 2.44 -50.3 -0.424    19.74 21.51 02a58402o0597c 0x000000  -8.875000
58403.574191 20.207197      NaN  -77    10 c    0   1.09 52.39267 10.97319  7087.63  5959.79 2.57 2.46 -66.1 -0.415    19.65 21.35 02a58403o0780c 0x000000  -7.700000
58403.589634 19.696897      NaN  -73    16 c    0   1.10 52.39267 10.97319  7066.17  5920.04 2.57 2.44 -64.6 -0.423    19.04 20.68 02a58403o0813c 0x000000  -4.562500
58403.594775 20.009244      NaN  -61    12 c    0   1.05 52.39267 10.97319  7124.98  5999.40 2.54 2.42 -66.8 -0.422    19.38 21.06 02a58403o0822c 0x000000  -5.083333
58403.609114 20.103715      NaN  -66    11 c    0   0.99 52.39267 10.97319  7141.08  5881.94 2.68 2.55 -73.0 -0.418    19.59 21.31 02a58403o0852c 0x000000  -6.000000
58427.514939 20.594452      NaN  -86     7 c    0   1.20 52.39267 10.97319  6423.15  5507.01 2.61 2.47 -62.7 -0.410    19.67 21.45 02a58427o0484c 0x000000 -12.285714
58427.531616 20.207197      NaN  -88    10 c    0   0.75 52.39267 10.97319  6403.51  5467.57 2.56 2.42 -61.7 -0.411    19.66 21.45 02a58427o0520c 0x000000  -8.800000
58427.536721 20.449472      NaN  -84     8 c    0   1.23 52.39267 10.97319  6462.08  5545.69 2.78 2.57 -80.0 -0.402    19.60 21.47 02a58427o0529c 0x000000 -10.500000
58427.550006 20.321591      NaN  -88     9 c    0   1.00 52.39267 10.97319  6480.13  5428.62 2.49 2.40 -58.8 -0.423    19.67 21.48 02a58427o0557c 0x000000  -9.777778
58430.519901 20.321591      NaN  -75     9 c    0   1.00 52.39267 10.97319  7692.88  8508.70 2.50 2.47 -31.4 -0.434    19.68 21.37 02a58430o0681c 0x000000  -8.333333
58430.530017 20.321591      NaN  -71     9 c    0   1.22 52.39267 10.97319  7673.49  8469.37 2.62 2.61 -60.0 -0.410    19.63 21.34 02a58430o0702c 0x000000  -7.888889
58430.540134 20.207197      NaN  -83    10 c    0   0.91 52.39267 10.97319  7731.43  8547.11 2.53 2.46  -2.2 -0.445    19.65 21.32 02a58430o0723c 0x000000  -8.300000
58430.550080 20.321591      NaN  -62     9 c    0   1.21 52.39267 10.97319  7750.09  8430.20 2.55 2.48  -7.2 -0.442    19.62 21.29 02a58430o0744c 0x000000  -6.888889
58431.517687 20.207197      NaN  -56    10 c    0   2.18 52.39267 10.97319  6013.72  9014.84 2.50 2.41 -19.1 -0.448    19.72 21.45 02a58431o0697c 0x000000  -5.600000
58431.520598 20.207197      NaN  -91    10 c    0   1.07 52.39267 10.97319  5996.03  8976.30 2.47 2.37 -10.8 -0.459    19.71 21.44 02a58431o0702c 0x000000  -9.100000
58431.535430 20.207197      NaN  -84    10 c    0   1.29 52.39267 10.97319  6052.31  9053.57 2.51 2.41  -6.1 -0.450    19.70 21.43 02a58431o0734c 0x000000  -8.400000
58431.540984 20.449472      NaN  -88     8 c    0   1.56 52.39267 10.97319  6073.18  8937.53 2.54 2.41  -7.1 -0.445    19.65 21.40 02a58431o0744c 0x000000 -11.000000
58434.502146 20.207197      NaN  -94    10 c    0   0.96 52.39267 10.97319  7827.03  8311.48 2.70 2.61 -47.6 -0.414    19.66 21.55 02a58434o0678c 0x000000  -9.400000
58434.512240 20.594452      NaN  -93     7 c    0   1.41 52.39267 10.97319  7807.07  8272.49 2.53 2.50  -3.0 -0.436    19.69 21.51 02a58434o0699c 0x000000 -13.285714
58434.522267 20.103715      NaN  -66    11 c    0   0.59 52.39267 10.97319  7864.68  8350.24 2.65 2.59  -9.6 -0.425    19.63 21.46 02a58434o0720c 0x000000  -6.000000
58434.532235 20.207197      NaN  -59    10 c    0   0.77 52.39267 10.97319  7883.96  8233.36 2.59 2.52 -15.4 -0.431    19.66 21.43 02a58434o0741c 0x000000  -5.900000
58435.500834 20.009244      NaN  -56    12 c    0   0.97 52.39267 10.97319  5526.77  7337.50 2.63 2.45 -52.3 -0.421    19.50 21.26 02a58435o0660c 0x000000  -4.666667
58435.517468 20.321591      NaN  -87     9 c    0   1.17 52.39267 10.97319  5506.75  7297.84 2.60 2.44 -46.7 -0.414    19.63 21.38 02a58435o0696c 0x000000  -9.666667
58435.522236 20.321591      NaN  -60     9 c    0   0.98 52.39267 10.97319  5564.97  7375.98 2.56 2.44 -43.0 -0.429    19.68 21.40 02a58435o0705c 0x000000  -6.666667
58435.535283 20.103715      NaN  -74    11 c    0   0.76 52.39267 10.97319  5582.91  7258.55 2.60 2.48 -54.8 -0.424    19.62 21.38 02a58435o0733c 0x000000  -6.727273
58454.445992 20.594452      NaN  -79     7 c    0   1.51 52.39267 10.97319  5679.86  5598.34 2.53 2.48  45.4 -0.422    19.70 21.63 02a58454o0554c 0x000000 -11.285714
58454.455032 20.449472      NaN  -58     8 c    0   1.55 52.39267 10.97319  5659.19  5559.16 2.49 2.46  81.4 -0.423    19.73 21.63 02a58454o0573c 0x000000  -7.250000
58454.464159 20.449472      NaN  -84     8 c    0   1.11 52.39267 10.97319  5715.17  5636.67 2.46 2.42 -58.9 -0.426    19.74 21.64 02a58454o0592c 0x000000 -10.500000
58454.473292 20.594452      NaN  -79     7 c    0   1.47 52.39267 10.97319  5734.99  5520.63 2.50 2.45  50.6 -0.434    19.70 21.63 02a58454o0611c 0x000000 -11.285714
58455.411307 20.449472      NaN  -72     8 c    0   0.93 52.39267 10.97319  3072.75  5915.47 2.39 2.36  64.8 -0.438    19.75 21.55 02a58455o0406c 0x000000  -9.000000
58455.416939 20.761819      NaN  -73     6 c    0   1.75 52.39267 10.97319  3054.28  5880.19 2.40 2.34  31.9 -0.434    19.71 21.56 02a58455o0416c 0x000000 -12.166667
58455.430893 20.594452      NaN  -69     7 c    0   1.32 52.39267 10.97319  3108.17  5955.00 2.33 2.28   8.8 -0.442    19.76 21.57 02a58455o0444c 0x000000  -9.857143
58455.438752 20.594452      NaN  -67     7 c    0   1.78 52.39267 10.97319  3127.83  5841.42 2.46 2.38  28.4 -0.445    19.68 21.57 02a58455o0459c 0x000000  -9.571429
58459.421442 20.321591      NaN  -79     9 c    0   1.28 52.39267 10.97319  7939.59  1374.76 3.16 3.04  46.4 -0.395    19.51 21.56 02a58459o0496c 0x000000  -8.777778
58459.427648 20.207197      NaN -101    10 c    0   0.94 52.39267 10.97319  7921.53  1336.88 3.17 3.01  43.0 -0.404    19.52 21.55 02a58459o0506c 0x000000 -10.100000
58459.440850 20.449472      NaN  -72     8 c    0   1.33 52.39267 10.97319  7996.06  1297.40 2.88 2.72  38.7 -0.412    19.63 21.53 02a58459o0533c 0x000000  -9.000000
58459.441307 20.207197      NaN  -91    10 c    0   0.96 52.39267 10.97319  7975.65  1414.53 2.81 2.64  39.9 -0.418    19.64 21.53 02a58459o0534c 0x000000  -9.100000
58486.359758 20.009244      NaN  -67    12 c    0   1.17 52.39267 10.97319   687.05  9138.11 2.62 2.45  -4.9 -0.428    19.60 21.53 02a58486o0360c 0x000000  -5.583333
58486.368420 20.207197      NaN  -62    10 c    0   1.28 52.39267 10.97319   668.73  9098.40 2.62 2.45 -13.8 -0.428    19.61 21.53 02a58486o0378c 0x000000  -6.200000
58486.369346 20.321591      NaN -113     9 c    0   1.36 52.39267 10.97319 10256.43  9182.12 2.82 2.63  42.0 -0.418    19.60 21.56 02a58486o0380c 0x000000 -12.555556
58486.376606 20.009244      NaN  -84    12 c    0   1.21 52.39267 10.97319   726.41  9175.83 2.60 2.41 -11.1 -0.434    19.60 21.50 02a58486o0395c 0x000000  -7.000000
58486.378045 20.449472      NaN  -80     8 c    0   1.19 52.39267 10.97319 10237.10  9142.52 2.78 2.62  43.2 -0.424    19.58 21.54 02a58486o0398c 0x000000 -10.000000
58486.385257 20.009244      NaN  -88    12 c    0   1.11 52.39267 10.97319   747.99  9057.83 2.55 2.38  -8.9 -0.456    19.58 21.47 02a58486o0413c 0x000000  -7.333333
58486.386235 20.207197      NaN  -91    10 c    0   0.76 52.39267 10.97319 10296.74  9222.24 2.76 2.57  42.0 -0.429    19.59 21.50 02a58486o0415c 0x000000  -9.100000
58486.394924 20.449472      NaN  -51     8 c    0   1.43 52.39267 10.97319 10316.31  9105.30 2.73 2.54  46.2 -0.435    19.61 21.48 02a58486o0433c 0x000000  -6.375000
58491.354814 20.594452      NaN  -88     7 c    0   0.90 52.39267 10.97319  2061.18  5236.23 2.37 2.30 -66.5 -0.428    19.63 21.56 02a58491o0339c 0x000000 -12.571429
58491.363724 20.449472      NaN  -74     8 c    0   1.15 52.39267 10.97319  2043.18  5197.54 2.37 2.29 -55.5 -0.424    19.68 21.55 02a58491o0357c 0x000000  -9.250000
58491.371217 20.449472      NaN  -66     8 c    0   0.94 52.39267 10.97319  2100.62  5274.68 2.37 2.29 -60.3 -0.424    19.64 21.53 02a58491o0373c 0x000000  -8.250000
58491.378142 20.594452      NaN  -80     7 c    0   1.23 52.39267 10.97319  2123.43  5158.02 2.34 2.29 -69.6 -0.426    19.66 21.53 02a58491o0387c 0x000000 -11.428571
58519.304048 20.449472      NaN  -80     8 c    0   1.23 52.39267 10.97319   206.38  1356.13 2.57 2.24  33.3 -0.516    19.67 21.42 02a58519o0213c 0x000000 -10.000000
58519.312903 20.449472      NaN  -61     8 c    0   1.34 52.39267 10.97319   187.79  1315.51 2.58 2.22  39.4 -0.531    19.66 21.39 02a58519o0231c 0x000000  -7.625000
58519.313970 20.207197      NaN  -75    10 c    0   0.82 52.39267 10.97319  9910.37  1384.30 2.63 2.48  27.6 -0.454    19.70 21.47 02a58519o0233c 0x000000  -7.500000
58519.321450 20.321591      NaN  -86     9 c    0   1.31 52.39267 10.97319   247.93  1393.36 2.71 2.34  35.8 -0.503    19.59 21.36 02a58519o0248c 0x000000  -9.555556
58519.323014 20.321591      NaN  -73     9 c    0   1.29 52.39267 10.97319  9892.04  1344.79 2.64 2.47  23.0 -0.460    19.70 21.44 02a58519o0251c 0x000000  -8.111111
58519.330403 20.321591      NaN  -64     9 c    0   0.86 52.39267 10.97319   267.84  1274.68 2.68 2.32  38.1 -0.526    19.59 21.34 02a58519o0266c 0x000000  -7.111111
58519.331528 20.207197      NaN  -91    10 c    0   1.49 52.39267 10.97319  9950.66  1422.59 2.76 2.57  32.9 -0.450    19.63 21.43 02a58519o0268c 0x000000  -9.100000
58519.340352 20.207197      NaN  -72    10 c    0   1.22 52.39267 10.97319  9971.95  1305.07 2.69 2.51  18.3 -0.455    19.64 21.41 02a58519o0286c 0x000000  -7.200000
58523.302832 20.207197      NaN  -69    10 c    0   0.96 52.39267 10.97319  5980.42  1370.81 2.87 2.52  33.3 -0.416    19.57 21.23 02a58523o0210c 0x000000  -6.900000
58523.311653 20.207197      NaN  -98    10 c    0   0.90 52.39267 10.97319  5962.46  1330.88 2.93 2.60  32.3 -0.419    19.55 21.25 02a58523o0228c 0x000000  -9.800000
58523.320119 20.207197      NaN  -76    10 c    0   1.33 52.39267 10.97319  6020.31  1408.12 2.97 2.63  28.9 -0.410    19.50 21.26 02a58523o0245c 0x000000  -7.600000
58523.329155 20.207197      NaN  -88    10 c    0   1.09 52.39267 10.97319  6040.98  1291.54 2.95 2.55  28.7 -0.428    19.54 21.25 02a58523o0263c 0x000000  -8.800000
58703.509048 20.103715      NaN  -88    11 c    0   1.07 52.39267 10.97319  4340.87  6084.58 2.60 2.26  36.0 -0.387    19.49 21.19 02a58703o0551c 0x000000  -8.000000
58703.520010 20.207197      NaN  -73    10 c    0   0.90 52.39267 10.97319  4359.96  6121.56 2.38 2.25 -47.8 -0.409    19.50 21.26 02a58703o0572c 0x000000  -7.300000
58703.522790 20.321591      NaN  -58     9 c    0   1.59 52.39267 10.97319  4303.96  6045.06 2.47 2.36  24.5 -0.394    19.52 21.28 02a58703o0578c 0x000000  -6.444444
58703.537188 20.449472      NaN  -67     8 c    0   1.63 52.39267 10.97319  4284.68  6159.06 2.33 2.33  -5.8 -0.400    19.59 21.33 02a58703o0607c 0x000000  -8.375000
58707.577672 20.594452      NaN  -84     7 c    0   1.49 52.39267 10.97319  3026.85  9967.07 2.45 2.30 -45.4 -0.417    19.63 21.36 02a58707o0708c 0x000000 -12.000000
58707.587032 18.933071      NaN   37    20 c    0   4.39 52.39267 10.97319  3047.66 10005.83 2.45 2.29 -42.1 -0.423    19.66 21.41 02a58707o0726c 0x000000   1.850000
58707.590473 20.103715      NaN  -69    11 c    0   0.83 52.39267 10.97319  2989.40  9926.46 2.45 2.27 -44.8 -0.425    19.64 21.43 02a58707o0733c 0x000000  -6.272727
58707.602021 20.321591      NaN  -81     9 c    0   1.05 52.39267 10.97319  2973.59 10040.98 2.46 2.25 -44.9 -0.427    19.71 21.45 02a58707o0754c 0x000000  -9.000000
58723.545802 20.449472      NaN  -77     8 c    0   1.12 52.39267 10.97319  8673.42  8321.01 2.62 2.47  44.4 -0.404    19.78 21.57 02a58723o0555c 0x000000  -9.625000
58723.549178 20.321591      NaN  -69     9 c    0   1.18 52.39267 10.97319  8693.53  8360.30 2.59 2.52  66.0 -0.406    19.77 21.58 02a58723o0562c 0x000000  -7.666667
58723.562683 20.594452      NaN  -74     7 c    0   1.62 52.39267 10.97319  8639.16  8281.42 2.59 2.49  53.1 -0.408    19.83 21.60 02a58723o0589c 0x000000 -10.571429
58723.576309 20.321591      NaN  -74     9 c    0   1.28 52.39267 10.97319  8616.37  8401.25 2.89 2.47  42.5 -0.392    19.74 21.61 02a58723o0615c 0x000000  -8.222222
58727.464939 20.009244      NaN  -69    12 c    0   1.26 52.39267 10.97319  8673.96  8315.85 2.71 2.46  37.1 -0.394    19.48 21.13 02a58727o0444c 0x000000  -5.750000
58727.471995 20.103715      NaN  -85    11 c    0   1.26 52.39267 10.97319  8696.77  8351.67 2.74 2.60  39.1 -0.389    19.56 21.31 02a58727o0457c 0x000000  -7.727273
58727.485010 20.321591      NaN  -64     9 c    0   1.34 52.39267 10.97319  8639.65  8275.21 2.75 2.51  34.6 -0.390    19.61 21.37 02a58727o0483c 0x000000  -7.111111
58727.490542 20.207197      NaN  -72    10 c    0   1.11 52.39267 10.97319  8611.03  8395.07 2.82 2.56 -62.9 -0.387    19.65 21.41 02a58727o0494c 0x000000  -7.200000
58750.462169 20.594452      NaN  -68     7 c    0   1.60 52.39267 10.97319   770.50  1877.14 2.48 2.27  45.5 -0.406    19.64 21.53 02a58750o0513c 0x000000  -9.714286
58750.465667 20.761819      NaN  -59     6 c    0   2.07 52.39267 10.97319   791.08  1917.69 2.43 2.23  47.5 -0.411    19.63 21.53 02a58750o0520c 0x000000  -9.833333
58750.471913 20.594452      NaN  -62     7 c    0   1.20 52.39267 10.97319   732.50  1838.40 2.39 2.25 -69.5 -0.413    19.70 21.57 02a58750o0533c 0x000000  -8.857143
58750.482622 20.449472      NaN  -46     8 c    0   1.31 52.39267 10.97319   713.35  1955.33 2.47 2.24  45.6 -0.405    19.67 21.61 02a58750o0555c 0x000000  -5.750000
58755.528344 20.207197      NaN  -83    10 c    0   0.90 52.39267 10.97319  4664.93  1727.83 2.37 2.27 -64.2 -0.397    19.66 21.39 02a58755o0672c 0x000000  -8.300000
58755.531167 20.761819      NaN  -81     6 c    0   1.61 52.39267 10.97319  4685.96  1764.91 2.35 2.26 -69.6 -0.399    19.65 21.38 02a58755o0678c 0x000000 -13.500000
58755.538338 20.449472      NaN  -72     8 c    0   1.26 52.39267 10.97319  4630.73  1687.38 2.42 2.35 -59.2 -0.403    19.61 21.41 02a58755o0693c 0x000000  -9.000000
58755.550817 20.449472      NaN  -80     8 c    0   1.08 52.39267 10.97319  4610.84  1805.10 2.38 2.31 -75.0 -0.396    19.69 21.43 02a58755o0717c 0x000000 -10.000000
58762.562016 20.321591      NaN  -78     9 c    0   1.27 52.39267 10.97319 10131.35  4319.26 2.70 2.32 -62.0 -0.422    19.65 21.47 02a58762o0754c 0x000000  -8.666667
58762.565567 20.594452      NaN -100     7 c    0   1.87 52.39267 10.97319 10110.27  4280.79 2.71 2.27 -60.1 -0.427    19.68 21.47 02a58762o0761c 0x000000 -14.285714
58762.572006 20.321591      NaN  -52     9 c    0   2.35 52.39267 10.97319    60.33  4326.39 2.47 2.19 -56.7 -0.403    19.66 21.45 02a58762o0773c 0x000000  -5.777778
58762.572943 20.449472      NaN  -65     8 c    0   1.12 52.39267 10.97319 10165.70  4359.30 2.66 2.33 -60.2 -0.422    19.70 21.47 02a58762o0775c 0x000000  -8.125000
58762.582988 20.959772      NaN -123     5 c    0   1.93 52.39267 10.97319    77.50  4209.59 2.45 2.24 -59.9 -0.376    19.62 21.44 02a58762o0796c 0x000000 -24.600000
58762.583445 20.449472      NaN  -83     8 c    0   1.38 52.39267 10.97319 10182.87  4243.07 2.61 2.35 -61.9 -0.425    19.66 21.46 02a58762o0797c 0x000000 -10.375000
58763.650536 14.125442      NaN  391  2578 c    0   0.27 52.39267 10.97319    31.06  4270.07 2.41 2.32  60.5 -0.328    17.31 18.08 02a58763o0806c 0x100002   0.151668
58763.650992 17.990970      NaN  -76    77 c    0   1.07 52.39267 10.97319 10131.79  4308.12 2.54 2.49 -17.4 -0.403    17.26 18.03 02a58763o0807c 0x100002  -0.987013
58783.439404 20.449472      NaN  -76     8 c    0   0.89 52.39267 10.97319  6657.74  6482.66 2.46 2.27  39.4 -0.402    19.71 21.39 02a58783o0472c 0x000000  -9.500000
58783.442561 20.449472      NaN  -74     8 c    0   1.53 52.39267 10.97319  6683.26  6520.18 2.38 2.33  40.8 -0.407    19.72 21.42 02a58783o0478c 0x000000  -9.250000
58783.449168 20.449472      NaN  -71     8 c    0   1.37 52.39267 10.97319  6625.33  6441.94 2.36 2.31  39.1 -0.406    19.70 21.44 02a58783o0491c 0x000000  -8.875000
58783.459476 20.449472      NaN  -71     8 c    0   1.27 52.39267 10.97319  6603.15  6558.80 2.40 2.35  44.4 -0.410    19.70 21.41 02a58783o0511c 0x000000  -8.875000
58787.500645 20.009244      NaN  -67    12 c    0   1.22 52.39267 10.97319  9536.71   509.98 2.58 2.02 -53.1 -0.431    19.49 21.14 02a58787o0618c 0x000000  -5.583333
58787.517093 20.009244      NaN  -63    12 c    0   1.23 52.39267 10.97319  9509.60   469.25 2.63 2.06 -54.7 -0.442    19.40 21.12 02a58787o0651c 0x000000  -5.250000
58787.520512 20.207197      NaN  -45    10 c    0   1.26 52.39267 10.97319  9570.80   549.32 2.38 2.02 -54.8 -0.431    19.62 21.42 02a58787o0657c 0x000000  -4.500000
58787.526553 19.631075      NaN  -86    17 c    0   1.11 52.39267 10.97319  9594.33   434.12 2.27 2.05 -60.9 -0.439    19.53 21.21 02a58787o0669c 0x000000  -5.058824
58787.649500 18.417189      NaN   -8    52 c    0   1.01 52.39267 10.97319  9547.71   491.99 2.84 2.09 -49.8 -0.457    18.20 19.27 02a58787o0866c 0x100002  -0.153846
58790.393277 18.729535 0.185596  117    20 c    0   3.73 52.39267 10.97319  1055.33 10061.48 2.44 1.89 -48.7 -0.421    19.70 21.32 02a58790o0440c 0x000000   5.850000
58790.397089 20.449472      NaN -106     8 c    0   1.40 52.39267 10.97319  1073.80 10100.54 2.49 1.88 -49.1 -0.430    19.72 21.33 02a58790o0448c 0x000000 -13.250000
58790.403689 20.207197      NaN  -30    10 c    0   1.01 52.39267 10.97319  1014.61 10021.97 2.50 1.93 -50.5 -0.439    19.69 21.35 02a58790o0462c 0x000000  -3.000000
58790.413787 20.321591      NaN  -76     9 c    0   1.11 52.39267 10.97319   992.87 10140.60 2.61 1.89 -49.1 -0.424    19.73 21.36 02a58790o0484c 0x000000  -8.444444
58791.431855 18.203116      NaN   79    37 c    0   1.73 52.39267 10.97319  1061.37 10065.97 2.50 2.05 -43.4 -0.440    19.67 21.39 02a58791o0499c 0x100002   2.135135
58791.436245 20.449472      NaN  -64     8 c    0   1.35 52.39267 10.97319  1080.64 10105.06 2.54 2.09 -44.2 -0.426    19.62 21.34 02a58791o0508c 0x000000  -8.000000
58791.452390 20.103715      NaN  -55    11 c    0   1.07 52.39267 10.97319  1020.18 10031.08 2.57 2.05 -46.0 -0.427    19.67 21.38 02a58791o0539c 0x000000  -5.000000
58791.459782 20.103715      NaN  -78    11 c    0   0.98 52.39267 10.97319   996.34 10146.77 2.57 2.07 -44.9 -0.428    19.69 21.39 02a58791o0554c 0x000000  -7.090909
58815.357919 20.449472      NaN  -85     8 c    0   1.24 52.39267 10.97319  8622.36  6387.28 2.53 2.47 -79.2 -0.396    19.76 21.67 02a58815o0354c 0x000000 -10.625000
58815.368231 20.449472      NaN  -69     8 c    0   1.13 52.39267 10.97319  8637.79  6431.12 2.60 2.49 -74.4 -0.395    19.72 21.67 02a58815o0374c 0x000000  -8.625000
58815.371535 20.449472      NaN  -79     8 c    0   1.25 52.39267 10.97319  8584.26  6353.73 2.56 2.49  76.7 -0.395    19.73 21.67 02a58815o0381c 0x000000  -9.875000
58815.382271 20.594452      NaN  -86     7 c    0   1.24 52.39267 10.97319  8562.47  6468.73 2.55 2.49  86.0 -0.398    19.74 21.68 02a58815o0402c 0x000000 -12.285714
58818.413896 18.261819      NaN  -54    60 c    0   0.88 52.39267 10.97319  1637.89  8552.46 2.72 2.45 -47.2 -0.437    17.64 19.45 02a58818o0491c 0x100002  -0.900000
58818.417149 17.210554      NaN  -57   158 c    0   1.05 52.39267 10.97319  1619.62  8513.89 2.56 2.35 -44.7 -0.415    16.56 18.27 02a58818o0498c 0x100002  -0.360759
58818.422803 17.105824      NaN  -80   174 c    0   0.95 52.39267 10.97319  1674.46  8590.58 2.61 2.40 -48.1 -0.404    16.33 17.99 02a58818o0510c 0x100002  -0.459770
58818.437701 19.051202      NaN  -28    29 c    0   0.76 52.39267 10.97319  1690.24  8475.42 2.65 2.41 -47.6 -0.415    18.52 20.35 02a58818o0541c 0x100002  -0.965517
58846.328759 17.190132      NaN  108   125 c    0   0.28 52.39267 10.97319  1678.52 10518.81 2.73 2.27 -47.8 -0.409    19.72 21.68 02a58846o0307c 0x100002   0.864000
58846.332010 20.207197      NaN  -82    10 c    0   1.21 52.39267 10.97319  1660.83 10479.48 2.67 2.25 -47.6 -0.405    19.73 21.68 02a58846o0314c 0x000000  -8.200000
58846.348372 20.449472      NaN  -93     8 c    0   1.39 52.39267 10.97319  1735.31 10438.85 2.69 2.30 -48.0 -0.425    19.72 21.70 02a58846o0349c 0x000000 -11.625000
58867.336238 20.594452      NaN  -84     7 c    0   1.16 52.39267 10.97319  3844.44  2156.60 2.35 2.24 -65.9 -0.407    19.76 21.58 02a58867o0305c 0x000000 -12.000000
58867.339037 20.959772      NaN  -64     5 c    0   1.92 52.39267 10.97319  3826.07  2117.09 2.32 2.21 -66.0 -0.413    19.78 21.58 02a58867o0311c 0x000000 -12.800000
58867.345025 20.594452      NaN  -81     7 c    0   1.15 52.39267 10.97319  3884.03  2195.29 2.30 2.21 -70.9 -0.411    19.78 21.58 02a58867o0324c 0x000000 -11.571429
58867.355141 20.761819      NaN  -69     6 c    0   1.10 52.39267 10.97319  3905.36  2077.29 2.31 2.21 -63.1 -0.409    19.77 21.55 02a58867o0346c 0x000000 -11.500000
58871.285645 20.449472      NaN  -74     8 c    0   1.61 52.39267 10.97319  3848.36  2159.51 2.49 2.22 -71.8 -0.413    19.51 21.62 02a58871o0189c 0x000000  -9.250000
58871.293595 20.594452      NaN  -74     7 c    0   1.77 52.39267 10.97319  3830.32  2118.07 2.41 2.17 -59.0 -0.412    19.74 21.50 02a58871o0206c 0x000000 -10.571429
58871.305249 20.594452      NaN  -63     7 c    0   1.25 52.39267 10.97319  3889.50  2196.00 2.46 2.21 -51.8 -0.407    19.74 21.50 02a58871o0230c 0x000000  -9.000000
58871.314970 20.594452      NaN  -68     7 c    0   1.27 52.39267 10.97319  3910.21  2079.49 2.42 2.20 -55.6 -0.407    19.72 21.49 02a58871o0249c 0x000000  -9.714286
58874.326114 20.321591      NaN  -60     9 c    0   0.86 52.39267 10.97319  3544.18  8457.65 2.35 2.28 -52.6 -0.409    19.73 21.52 02a58874o0278c 0x000000  -6.666667
58874.329422 20.449472      NaN  -60     8 c    0   1.33 52.39267 10.97319  3526.80  8417.48 2.34 2.25 -51.9 -0.418    19.74 21.51 02a58874o0285c 0x000000  -7.500000
58874.335492 20.321591      NaN  -88     9 c    0   0.85 52.39267 10.97319  3583.80  8495.10 2.33 2.28 -59.2 -0.409    19.73 21.52 02a58874o0298c 0x000000  -9.777778
58874.345693 20.449472      NaN  -61     8 c    0   1.59 52.39267 10.97319  3605.69  8377.73 2.35 2.28 -48.2 -0.408    19.73 21.51 02a58874o0320c 0x000000  -7.625000
58875.298142 20.594452      NaN  -83     7 c    0   1.69 52.39267 10.97319  3548.29  8451.73 2.39 2.17 -46.4 -0.431    19.74 21.50 02a58875o0217c 0x000000 -11.857143
58875.301041 20.321591      NaN  -69     9 c    0   1.12 52.39267 10.97319  3529.51  8412.94 2.42 2.20 -50.2 -0.425    19.72 21.49 02a58875o0223c 0x000000  -7.666667
58875.306591 20.321591      NaN  -59     9 c    0   0.99 52.39267 10.97319  3587.57  8491.17 2.39 2.15 -45.1 -0.434    19.76 21.49 02a58875o0235c 0x000000  -6.555556
58875.317388 20.449472      NaN  -94     8 c    0   1.78 52.39267 10.97319  3607.16  8372.53 2.36 2.26 -55.7 -0.414    19.74 21.46 02a58875o0258c 0x000000 -11.750000
58899.304824 19.419021      NaN   17    15 c    0   1.04 52.39267 10.97319  6209.06  4488.37 3.66 3.61  46.2 -0.368    19.07 21.06 02a58899o0173c 0x000000   1.133333
58899.307810 19.631075      NaN   -4    17 c    0   0.96 52.39267 10.97319  6189.82  4449.67 4.09 4.03  72.9 -0.372    18.93 21.06 02a58899o0179c 0x000000  -0.235294
58899.313043 19.419021      NaN   14    16 c    0   1.28 52.39267 10.97319  6248.53  4526.60 3.96 3.94 -10.6 -0.343    18.99 21.06 02a58899o0190c 0x000000   0.875000
58899.322966 19.510313      NaN   -1    19 c    0   0.88 52.39267 10.97319  6268.74  4409.46 4.46 4.37 -37.8 -0.336    18.79 21.03 02a58899o0211c 0x000000  -0.052632
58903.238091 20.103715      NaN   -3    11 c    0   0.81 52.39267 10.97319  6219.06  4492.92 2.67 2.48  49.3 -0.405    19.52 21.23 02a58903o0067c 0x000000  -0.272727
58903.241518 20.207197      NaN   -8    10 c    0   1.05 52.39267 10.97319  6200.89  4455.04 2.54 2.45  80.3 -0.413    19.54 21.24 02a58903o0074c 0x000000  -0.800000
58903.246764 20.282105      NaN    4     8 c    0   1.60 52.39267 10.97319  6260.23  4532.61 2.48 2.41 -76.4 -0.415    19.56 21.25 02a58903o0085c 0x000000   0.500000
58903.261856 20.321591      NaN   -3     9 c    0   1.02 52.39267 10.97319  6276.89  4412.27 2.60 2.40 -61.7 -0.420    19.50 21.23 02a58903o0116c 0x000000  -0.333333
58931.228793 18.910912      NaN   -8    33 c    0   0.73 52.39267 10.97319  2050.93  6125.10 2.39 2.32 -58.1 -0.395    18.32 19.30 02a58931o0025c 0x100002  -0.242424
58931.232053 19.454622      NaN  -26    20 c    0   1.13 52.39267 10.97319  2032.07  6085.50 2.35 2.28 -52.9 -0.402    18.76 19.88 02a58931o0032c 0x000000  -1.300000
58931.239416 19.696897      NaN  -20    16 c    0   1.18 52.39267 10.97319  2089.39  6160.84 2.49 2.43 -51.1 -0.409    19.09 20.47 02a58931o0048c 0x000000  -1.250000
58931.249719 19.589310      NaN   11    14 c    0   1.13 52.39267 10.97319  2109.07  6042.53 2.45 2.40 -52.2 -0.397    19.10 20.51 02a58931o0070c 0x000000   0.785714
59058.599516 19.868040      NaN   11    10 c    0   1.40 52.39267 10.97319  2707.18  1804.38 2.68 2.41  45.1 -0.401    19.48 21.20 02a59058o0767c 0x000000   1.100000
59058.618531 20.009244      NaN  -10    12 c    0   1.05 52.39267 10.97319  2728.30  1843.17 2.60 2.39  50.8 -0.405    19.32 20.89 02a59058o0806c 0x000000  -0.833333
59058.622675 19.841877      NaN  -18    14 c    0   1.05 52.39267 10.97319  2670.21  1764.51 2.55 2.36  47.8 -0.409    19.12 20.42 02a59058o0815c 0x000000  -1.285714
59058.627381 19.256669      NaN  -35    24 c    0   1.22 52.39267 10.97319  2652.22  1881.91 2.58 2.29  43.3 -0.406    18.44 19.51 02a59058o0825c 0x000000  -1.458333
59078.577751 20.321591      NaN  -10     9 c    0   1.08 52.39267 10.97319  7005.88  2108.61 2.41 2.36  72.4 -0.393    19.65 21.48 02a59078o0748c 0x000000  -1.111111
59078.581886 19.868040      NaN   14     9 c    0   1.11 52.39267 10.97319  7025.27  2147.71 2.35 2.30  69.9 -0.399    19.68 21.49 02a59078o0757c 0x000000   1.555556
59078.587382 20.449472      NaN  -10     8 c    0   1.39 52.39267 10.97319  6967.97  2070.24 2.31 2.28  82.3 -0.404    19.67 21.49 02a59078o0769c 0x000000  -1.250000
59078.605585 20.207197      NaN    0    10 c    0   1.05 52.39267 10.97319  6946.56  2192.00 2.70 2.35  40.7 -0.380    19.50 21.49 02a59078o0806c 0x000000   0.000000
59083.546559 20.071303      NaN    7     9 c    0   1.04 52.39267 10.97319  6584.95  4535.64 2.66 2.42  39.8 -0.395    19.55 21.44 02a59083o0637c 0x000000   0.777778
59083.549773 20.039830      NaN    5    10 c    0   1.05 52.39267 10.97319  6603.70  4574.32 2.71 2.52  42.1 -0.392    19.53 21.45 02a59083o0644c 0x000000   0.500000
59083.557209 20.171596      NaN    4     9 c    0   1.32 52.39267 10.97319  6545.73  4496.16 2.63 2.46  43.4 -0.393    19.57 21.47 02a59083o0660c 0x000000   0.444444
59083.567586 20.039830      NaN    5    10 c    0   0.83 52.39267 10.97319  6520.98  4613.27 2.57 2.38  45.5 -0.399    19.61 21.49 02a59083o0681c 0x000000   0.500000
59087.562113 20.207197      NaN  -22    10 c    0   0.92 52.39267 10.97319  6588.25  4536.04 2.66 2.55  70.1 -0.390    19.53 21.42 02a59087o0693c 0x000000  -2.200000
59087.563965 20.009244      NaN    6    10 c    0   1.01 52.39267 10.97319  6607.20  4574.94 2.57 2.47  42.7 -0.403    19.53 21.42 02a59087o0697c 0x000000   0.600000
59087.571870 19.922338      NaN    9    10 c    0   1.28 52.39267 10.97319  6547.51  4497.63 2.55 2.41  41.2 -0.399    19.59 21.41 02a59087o0714c 0x000000   0.900000
59087.582547 20.321591      NaN   -5     9 c    0   1.31 52.39267 10.97319  6530.70  4612.06 2.48 2.34  41.1 -0.413    19.64 21.43 02a59087o0732c 0x000000  -0.555556
59111.561086 18.944322 0.294054   96    26 c    0   5.55 52.39267 10.97319  3050.91 10007.65 2.52 2.35 -54.0 -0.414    18.57 20.23 02a59111o0720c 0x100002   3.692308
59111.562914 19.155932      NaN   25    18 c    0   1.66 52.39267 10.97319  2991.58  9930.56 2.52 2.30 -53.7 -0.412    19.07 20.73 02a59111o0724c 0x000000   1.388889
59111.565684 20.009244      NaN  -24    12 c    0   1.25 52.39267 10.97319  2971.46 10048.57 2.59 2.30 -49.1 -0.415    19.37 21.09 02a59111o0730c 0x000000  -2.000000
59115.582967 20.207197      NaN  -14    10 c    0   1.16 52.39267 10.97319  6309.94  6415.63 2.60 2.41  44.9 -0.401    19.59 21.44 02a59115o0775c 0x000000  -1.400000
59115.586192 20.449472      NaN  -15     8 c    0   1.33 52.39267 10.97319  6291.18  6375.89 2.57 2.34  43.8 -0.401    19.66 21.45 02a59115o0782c 0x000000  -1.875000
59115.618206 20.321591      NaN  -11     9 c    0   0.99 52.39267 10.97319  6344.86  6455.45 2.54 2.33  50.6 -0.405    19.68 21.48 02a59115o0843c 0x000000  -1.222222
59115.623375 20.244005      NaN    2     9 c    0   0.91 52.39267 10.97319  6367.17  6340.10 2.58 2.34  49.4 -0.407    19.67 21.48 02a59115o0853c 0x000000   0.222222
59115.636520 19.652575      NaN   17    11 c    0   1.34 52.39267 10.97319  6330.64  6399.30 2.58 2.31  44.3 -0.411    19.44 20.91 02a59115o0879c 0x000000   1.545455
59139.564059 20.009244      NaN  -22    12 c    0   1.21 52.39267 10.97319  8078.47  2466.60 2.39 2.30 -67.9 -0.397    19.30 21.00 02a59139o0776c 0x000000  -1.833333
59139.572534 19.674510      NaN    7    14 c    0   0.92 52.39267 10.97319  8065.17  2433.58 2.37 2.32 -78.7 -0.386    19.29 20.99 02a59139o0792c 0x000000   0.500000
59139.607564 18.757738      NaN  -46    38 c    0   0.97 52.39267 10.97319  8120.56  2506.95 2.38 2.33 -59.1 -0.392    18.04 19.54 02a59139o0863c 0x100002  -1.210526
59139.610649 19.401649      NaN  -36    21 c    0   0.93 52.39267 10.97319  8141.34  2388.97 2.41 2.33 -48.7 -0.394    18.69 20.26 02a59139o0869c 0x000000  -1.714286
59143.433686 19.454622      NaN  -10    20 c    0   1.29 52.39267 10.97319  2508.55  8102.53 2.47 2.33  25.0 -0.379    18.88 20.58 02a59143o0508c 0x000000  -0.500000
59143.436888 17.935984      NaN  -93    81 c    0   0.96 52.39267 10.97319  2528.10  8141.25 2.47 2.31  33.2 -0.389    17.28 18.89 02a59143o0515c 0x100002  -1.148148
59143.460293 18.867907      NaN   31    24 c    0   1.24 52.39267 10.97319  2470.11  8064.85 2.55 2.35  37.9 -0.390    18.42 20.09 02a59143o0557c 0x000000   1.291667
59143.463040 18.878500      NaN  -38    34 c    0   1.15 52.39267 10.97319  2450.21  8182.26 2.61 2.41  39.1 -0.383    18.17 19.88 02a59143o0563c 0x100002  -1.117647
59146.523617 19.510313      NaN   24    11 c    0   1.08 52.39267 10.97319  9787.73  8701.58 2.79 2.51  43.9 -0.379    19.70 21.53 02a59146o0674c 0x000000   2.181818
59146.526820 20.171596      NaN    1    10 c    0   1.09 52.39267 10.97319  9770.76  8662.98 2.76 2.52  44.4 -0.378    19.72 21.51 02a59146o0681c 0x000000   0.100000
59146.532780 20.207197      NaN   -9    10 c    0   1.35 52.39267 10.97319  9830.39  8742.58 2.73 2.55  45.4 -0.380    19.72 21.48 02a59146o0694c 0x000000  -0.900000
59146.543960 20.103715      NaN  -13    11 c    0   0.93 52.39267 10.97319  9851.16  8624.59 2.81 2.61  48.4 -0.385    19.67 21.46 02a59146o0718c 0x000000  -1.181818
59147.515050 20.321591      NaN   -5     9 c    0   1.34 52.39267 10.97319  9792.55  8696.98 2.61 2.50  43.2 -0.382    19.73 21.54 02a59147o0635c 0x000000  -0.555556
59147.522330 20.207197      NaN   -6    10 c    0   0.91 52.39267 10.97319  9773.06  8659.94 2.61 2.51  47.1 -0.384    19.78 21.53 02a59147o0649c 0x000000  -0.600000
59147.526868 19.436675      NaN   28    11 c    0   0.78 52.39267 10.97319  9832.26  8738.47 2.65 2.50  39.1 -0.381    19.76 21.54 02a59147o0658c 0x000000   2.545455
59147.538013 20.137125      NaN    2    10 c    0   1.12 52.39267 10.97319  9852.02  8623.86 2.62 2.56  55.3 -0.385    19.74 21.53 02a59147o0680c 0x000000   0.200000
59163.473081 19.766969      NaN  -16    15 c    0   0.73 52.39267 10.97319    47.06  4324.93 2.70 2.31 -58.8 -0.392    19.58 21.49 02a59163o0454c 0x000000  -1.066667
59163.491945 20.761819      NaN  -54     6 c    0   1.38 52.39267 10.97319    66.58  4209.03 2.54 2.22 -58.2 -0.403    19.65 21.42 02a59163o0493c 0x000000  -9.000000
59170.359990 20.321591      NaN   -6     9 c    0   1.49 52.39267 10.97319  6961.85   160.59 2.39 2.12 -60.0 -0.426    19.73 21.39 02a59170o0313c 0x000000  -0.666667
59170.366586 20.207197      NaN   -7    10 c    0   1.38 52.39267 10.97319  6986.26   197.08 2.33 2.05 -65.1 -0.415    19.74 21.40 02a59170o0327c 0x000000  -0.700000
59170.369358 20.207197      NaN   -2    10 c    0   1.01 52.39267 10.97319  6929.58   119.92 2.36 2.04 -65.0 -0.429    19.71 21.41 02a59170o0333c 0x000000  -0.200000
59170.412961 20.321591      NaN  -18     9 c    0   1.28 52.39267 10.97319  6911.54   243.84 2.33 2.15 -53.2 -0.423    19.68 21.42 02a59170o0402c 0x000000  -2.000000
59191.372906 20.071303      NaN    7     9 c    0   1.66 52.39267 10.97319  9526.08   513.57 2.60 2.08 -53.8 -0.430    19.76 21.61 02a59191o0385c 0x000000   0.777778
59191.380625 20.321591      NaN  -14     9 c    0   1.32 52.39267 10.97319  9507.00   475.27 2.60 2.05 -53.8 -0.427    19.75 21.62 02a59191o0401c 0x000000  -1.555556
59191.385657 20.207197      NaN   -6    10 c    0   0.90 52.39267 10.97319  9565.80   554.57 2.65 2.10 -56.6 -0.419    19.74 21.61 02a59191o0411c 0x000000  -0.600000
59191.396450 20.103715      NaN   -4    11 c    0   0.97 52.39267 10.97319  9588.44   439.31 2.61 2.06 -53.3 -0.426    19.75 21.56 02a59191o0432c 0x000000  -0.363636
59194.389170 20.321591      NaN   -2     9 c    0   1.20 52.39267 10.97319  8241.07  6343.23 2.70 2.56  55.0 -0.390    19.73 21.75 02a59194o0446c 0x000000  -0.222222
59194.392385 20.449472      NaN   -4     8 c    0   1.40 52.39267 10.97319  8222.59  6305.27 2.67 2.49  52.0 -0.393    19.74 21.75 02a59194o0453c 0x000000  -0.500000
59194.397872 20.321591      NaN   -3     9 c    0   1.13 52.39267 10.97319  8276.41  6382.11 2.66 2.52  52.9 -0.398    19.78 21.74 02a59194o0465c 0x000000  -0.333333
59194.407957 20.449472      NaN   -6     8 c    0   1.19 52.39267 10.97319  8295.13  6266.25 2.76 2.57  48.0 -0.389    19.70 21.75 02a59194o0487c 0x000000  -0.750000
59195.458525 20.321591      NaN   -8     9 c    0   1.21 52.39267 10.97319  8242.75  6348.61 2.66 2.61  56.6 -0.391    19.65 21.61 02a59195o0594c 0x000000  -0.888889
59195.481341 20.207197      NaN   -4    10 c    0   1.18 52.39267 10.97319  8222.60  6311.59 2.78 2.65  35.3 -0.380    19.59 21.54 02a59195o0640c 0x000000  -0.400000
59195.494071 20.207197      NaN  -10    10 c    0   0.94 52.39267 10.97319  8276.75  6388.29 2.80 2.70  39.6 -0.377    19.53 21.46 02a59195o0665c 0x000000  -1.000000
59195.504787 20.207197      NaN   -2    10 c    0   1.09 52.39267 10.97319  8295.91  6271.71 2.85 2.69  37.4 -0.376    19.56 21.40 02a59195o0686c 0x000000  -0.200000
59197.370941 20.594452      NaN    0     7 c    0   1.17 52.39267 10.97319  4338.45  6081.29 2.52 2.38 -81.9 -0.371    19.72 21.69 01a59197o0231c 0x000000   0.000000
59197.376500 20.543943      NaN    1     7 c    0   1.33 52.39267 10.97319  4360.17  6119.74 2.56 2.45  -9.8 -0.367    19.72 21.71 01a59197o0243c 0x000000   0.142857
59197.381740 20.449472      NaN   -3     8 c    0   1.14 52.39267 10.97319  4302.55  6042.66 2.61 2.49  71.5 -0.361    19.73 21.70 01a59197o0254c 0x000000  -0.375000
59197.393167 19.922338      NaN   15     8 c    0   0.85 52.39267 10.97319  4284.55  6157.37 2.55 2.41 -62.4 -0.364    19.74 21.69 01a59197o0277c 0x000000   1.875000
59198.399928 20.103715      NaN   -7    11 c    0   0.93 52.39267 10.97319  8241.03  6346.75 2.58 2.47  60.1 -0.392    19.54 21.31 02a59198o0464c 0x000000  -0.636364
59198.403135 19.766969      NaN   12    11 c    0   1.48 52.39267 10.97319  8220.33  6307.17 2.61 2.45  50.2 -0.393    19.52 21.31 02a59198o0471c 0x000000   1.090909
59198.410523 19.841877      NaN  -16    14 c    0   1.08 52.39267 10.97319  8277.18  6385.44 2.62 2.47  46.8 -0.390    19.21 20.92 02a59198o0487c 0x000000  -1.142857
59198.420621 19.454622      NaN   -1    20 c    0   0.99 52.39267 10.97319  8292.96  6270.31 2.59 2.53  50.5 -0.388    18.86 20.57 02a59198o0508c 0x000000  -0.050000
59221.276783 20.103715      NaN   12     7 c    0   1.36 52.39267 10.97319  8668.73  8286.16 2.62 2.56  77.8 -0.345    19.78 21.78 01a59221o0177c 0x000000   1.714286
59221.286684 20.244005      NaN    5     8 c    0   1.28 52.39267 10.97319  8690.83  8322.32 2.57 2.52  -1.9 -0.352    19.80 21.78 01a59221o0197c 0x000000   0.625000
59221.300524 20.449472      NaN  -13     8 c    0   1.31 52.39267 10.97319  8633.46  8243.03 2.81 2.49  17.7 -0.344    19.75 21.78 01a59221o0225c 0x000000  -1.625000
59221.312962 19.922338      NaN   15     8 c    0   1.25 52.39267 10.97319  8618.92  8361.31 3.25 2.51   3.3 -0.362    19.66 21.77 01a59221o0251c 0x000000   1.875000
59222.341942 19.816329      NaN   10    11 c    0   0.98 52.39267 10.97319  1607.23  8557.01 2.52 2.32 -52.2 -0.425    19.69 21.60 02a59222o0324c 0x000000   0.909091
59222.345159 20.449472      NaN   -5     8 c    0   1.43 52.39267 10.97319  1588.00  8517.96 2.44 2.27 -54.5 -0.427    19.71 21.58 02a59222o0331c 0x000000  -0.625000
59222.350651 20.321591      NaN   -2     9 c    0   1.21 52.39267 10.97319  1645.86  8595.63 2.51 2.30 -51.3 -0.426    19.69 21.58 02a59222o0343c 0x000000  -0.222222
59222.363113 20.207197      NaN   -2    10 c    0   0.95 52.39267 10.97319  1669.76  8476.45 2.45 2.27 -51.5 -0.424    19.68 21.56 02a59222o0370c 0x000000  -0.200000
59224.332521 20.321591      NaN  -14     9 c    0   1.15 52.39267 10.97319  8507.69  4406.58 2.73 2.60 -71.6 -0.397    19.68 21.65 01a59224o0238c 0x000000  -1.555556
59224.335816 20.207197      NaN   -2    10 c    0   0.76 52.39267 10.97319  8527.20  4445.19 2.60 2.10 -85.0 -0.426    19.78 21.65 01a59224o0245c 0x000000  -0.200000
59224.344112 20.103715      NaN   -7    11 c    0   1.10 52.39267 10.97319  8467.97  4368.99 2.67 2.34 -78.1 -0.425    19.56 21.52 01a59224o0263c 0x000000  -0.636364
59224.364511 20.321591      NaN   -7     9 c    0   0.93 52.39267 10.97319  8451.66  4486.71 2.67 2.38 -72.9 -0.394    19.67 21.55 01a59224o0307c 0x000000  -0.777778
59227.406923 20.321591      NaN   -7     9 c    0   0.84 52.39267 10.97319 10043.48  2374.54 2.48 2.11 -48.6 -0.430    19.77 21.66 02a59227o0417c 0x000000  -0.777778
59227.410592 19.674510      NaN   19    10 c    0   0.65 52.39267 10.97319 10023.52  2336.51 2.54 2.12 -47.8 -0.433    19.76 21.65 02a59227o0425c 0x000000   1.900000
59227.426897 20.321591      NaN   -2     9 c    0   1.13 52.39267 10.97319 10083.27  2413.45 2.77 2.23 -48.9 -0.420    19.63 21.57 02a59227o0460c 0x000000  -0.222222
59231.291317 20.321591      NaN  -14     9 c    0   1.56 52.39267 10.97319 10050.61  2376.13 2.65 2.37 -46.9 -0.416    19.47 21.54 02a59231o0203c 0x000000  -1.555556
59231.294817 20.207197      NaN   -9    10 c    0   1.03 52.39267 10.97319 10031.11  2334.80 2.71 2.25 -56.3 -0.413    19.67 21.44 02a59231o0210c 0x000000  -0.900000
59231.300595 20.103715      NaN   -3    11 c    0   1.47 52.39267 10.97319 10091.42  2415.87 2.70 2.48 -49.0 -0.399    19.55 21.56 02a59231o0222c 0x000000  -0.272727
59231.312979 20.321591      NaN  -13     9 c    0   1.10 52.39267 10.97319 10111.85  2300.73 2.64 2.28 -56.6 -0.412    19.64 21.42 02a59231o0248c 0x000000  -1.444444
59248.302554 20.449472      NaN  -14     8 c    0   1.51 52.39267 10.97319  4612.80  1714.78 3.01 2.74  82.7 -0.358    19.53 21.65 01a59248o0158c 0x000000  -1.750000
59248.306250 20.321591      NaN  -14     9 c    0   1.00 52.39267 10.97319  4633.49  1754.08 2.98 2.88  84.3 -0.333    19.51 21.63 01a59248o0166c 0x000000  -1.555556
59248.313160 20.405150      NaN    1     8 c    0   1.18 52.39267 10.97319  4575.06  1675.53 2.74 2.60 -80.8 -0.367    19.58 21.60 01a59248o0181c 0x000000   0.125000
59248.323762 20.103715      NaN    3    10 c    0   0.74 52.39267 10.97319  4556.60  1792.75 2.54 2.40  84.3 -0.380    19.64 21.56 01a59248o0204c 0x000000   0.300000
59251.307935 20.321591      NaN   -2     9 c    0   0.95 52.39267 10.97319  8159.53  4403.94 2.57 2.23 -59.6 -0.409    19.63 21.35 02a59251o0141c 0x000000  -0.222222
59251.312061 20.321591      NaN  -18     9 c    0   1.53 52.39267 10.97319  8141.17  4364.75 2.56 2.19 -57.5 -0.407    19.63 21.33 02a59251o0150c 0x000000  -2.000000
59251.317549 20.009244      NaN    6    10 c    0   1.04 52.39267 10.97319  8198.23  4442.59 2.54 2.22 -59.3 -0.403    19.60 21.31 02a59251o0162c 0x000000   0.600000
59251.329514 20.207197      NaN  -19    10 c    0   0.97 52.39267 10.97319  8218.19  4325.90 2.54 2.25 -58.8 -0.398    19.60 21.25 02a59251o0188c 0x000000  -1.900000
59252.300732 20.449472      NaN   -5     8 c    0   1.05 52.39267 10.97319  4613.66  1715.52 2.20 2.10 -87.9 -0.412    19.76 21.55 01a59252o0210c 0x000000  -0.625000
59252.303963 20.594452      NaN    0     7 c    0   1.57 52.39267 10.97319  4632.93  1755.11 2.28 2.17 -75.9 -0.403    19.75 21.54 01a59252o0217c 0x000000   0.000000
59252.310454 20.171596      NaN    4     9 c    0   0.91 52.39267 10.97319  4575.26  1677.60 2.28 2.21 -76.4 -0.409    19.70 21.53 01a59252o0231c 0x000000   0.444444
59252.323409 20.321591      NaN   -2     9 c    0   0.89 52.39267 10.97319  4554.44  1795.84 2.25 2.14  71.7 -0.399    19.70 21.46 01a59252o0259c 0x000000  -0.222222
59255.246986 19.894850      NaN   10    10 c    0   0.99 52.39267 10.97319  8167.68  4406.43 2.44 2.39  88.0 -0.390    19.59 21.23 02a59255o0089c 0x000000   1.000000
59255.250189 20.321591      NaN  -23     9 c    0   1.03 52.39267 10.97319  8149.72  4368.84 2.44 2.39  75.0 -0.387    19.58 21.21 02a59255o0096c 0x000000  -2.555556
59255.266882 20.103715      NaN   -5    11 c    0   1.07 52.39267 10.97319  8206.55  4444.51 2.51 2.47 -73.0 -0.390    19.52 21.18 02a59255o0132c 0x000000  -0.454545
59255.286276 20.103715      NaN  -13    11 c    0   0.89 52.39267 10.97319  8230.81  4330.50 2.42 2.37 -72.8 -0.387    19.57 21.17 02a59255o0173c 0x000000  -1.181818
59257.290337 20.321591      NaN    0     9 c    0   1.35 52.39267 10.97319   456.95  6284.90 2.42 2.24 -74.6 -0.404    19.71 21.50 01a59257o0184c 0x000000   0.000000
59257.295430 20.449472      NaN   -6     8 c    0   1.35 52.39267 10.97319   476.67  6323.76 2.31 2.10 -78.0 -0.416    19.72 21.48 01a59257o0195c 0x000000  -0.750000
59257.295890 20.009244      NaN  -10    12 c    0   1.46 52.39267 10.97319 10512.22  6198.55 2.69 2.32  85.8 -0.386    19.67 21.37 01a59257o0196c 0x000000  -0.833333
59257.306029 19.950541      NaN    8    10 c    0   1.20 52.39267 10.97319   418.52  6245.80 2.48 2.28 -82.3 -0.404    19.65 21.46 01a59257o0218c 0x000000   0.800000
59257.306488 19.922338 0.306233   39    11 c    0   1.18 52.39267 10.97319 10492.08  6317.37 2.63 2.27  87.0 -0.375    19.64 21.36 01a59257o0219c 0x000000   3.545455
59257.308794 20.137125      NaN    2    10 c    0   1.13 52.39267 10.97319   398.27  6361.35 2.49 2.32 -69.8 -0.403    19.67 21.47 01a59257o0224c 0x000000   0.200000
59258.236021 19.894850      NaN    4    12 c    0   1.00 52.39267 10.97319  7854.81  8769.22 2.69 2.57  49.7 -0.398    19.64 21.42 02a59258o0045c 0x000000   0.333333
59258.238837 20.405150      NaN    1     8 c    0   1.82 52.39267 10.97319  7835.31  8731.64 2.68 2.56 -62.2 -0.403    19.65 21.37 02a59258o0051c 0x000000   0.125000
59258.244812 20.207197      NaN  -13    10 c    0   1.44 52.39267 10.97319  7892.39  8809.42 2.66 2.60  61.1 -0.396    19.67 21.39 02a59258o0064c 0x000000  -1.300000
59258.256284 19.841877      NaN    9    11 c    0   0.82 52.39267 10.97319  7910.71  8693.08 2.64 2.59  55.6 -0.401    19.67 21.38 02a59258o0089c 0x000000   0.818182
59261.247448 19.979496      NaN    7    10 c    0   1.28 52.39267 10.97319   449.43  6291.46 2.54 2.23 -79.6 -0.396    19.65 21.25 01a59261o0088c 0x000000   0.700000
59261.258993 20.171596      NaN    1    10 c    0   1.14 52.39267 10.97319   470.68  6328.89 2.44 2.20 -83.6 -0.400    19.62 21.24 01a59261o0112c 0x000000   0.100000
59261.262220 19.894850      NaN   10    10 c    0   1.21 52.39267 10.97319   410.80  6251.39 2.40 2.24 -83.2 -0.398    19.61 21.24 01a59261o0119c 0x000000   1.000000
59261.262681 19.212347      NaN   36    13 c    0   1.35 52.39267 10.97319 10505.16  6199.23 2.73 2.39  87.0 -0.388    19.56 21.12 01a59261o0120c 0x000000   2.769231
59261.273078 19.841877      NaN   12    10 c    0   1.13 52.39267 10.97319   392.89  6365.54 2.70 2.47 -86.8 -0.395    19.49 21.21 01a59261o0141c 0x000000   1.200000
59261.274006 19.791368      NaN    8    12 c    0   1.09 52.39267 10.97319 10486.45  6316.00 2.83 2.56  87.4 -0.344    19.50 21.09 01a59261o0143c 0x000000   0.666667
59277.224798 20.321591      NaN  -13     9 c    0   2.29 52.39267 10.97319  6642.56  6463.07 2.43 2.13  90.0 -0.391    19.34 20.33 01a59277o0030c 0x000000  -1.444444
59277.228498 19.979496      NaN    7    10 c    0   1.12 52.39267 10.97319  6661.86  6501.10 2.51 2.16 -88.0 -0.400    19.49 20.82 01a59277o0038c 0x000000   0.700000
59277.233575 20.321591      NaN  -20     9 c    0   1.31 52.39267 10.97319  6603.42  6423.60 2.68 2.34  89.8 -0.388    19.58 21.09 01a59277o0049c 0x000000  -2.222222
59277.249174 20.171596      NaN    1    10 c    0   1.03 52.39267 10.97319  6585.38  6540.59 2.57 2.22 -89.7 -0.399    19.64 21.11 01a59277o0082c 0x000000   0.100000
59407.596077 15.183924      NaN  323   914 c    0   1.13 52.39267 10.97319 10470.36  4333.08 2.97 2.75 -15.1 -0.415    15.94 17.61 02a59407o0735c 0x100002   0.353392
59407.600216 16.620775      NaN -314   272 c    0   1.07 52.39267 10.97319 10487.63  4372.09 3.20 3.07 -35.1 -0.411    16.98 18.61 02a59407o0744c 0x100002  -1.154412
59407.601587 17.105824      NaN -100   174 c    0   1.09 52.39267 10.97319   389.24  4351.55 2.75 2.51 -39.1 -0.388    16.23 17.88 02a59407o0747c 0x100002  -0.574713
59407.613055       NaN      NaN    0     0 c    0  -0.00 52.39267 10.97319 10430.44  4294.25 2.71 2.46 -51.1 -0.439    16.14 17.62 02a59407o0771c 0x100002        NaN
59407.622892 14.478220      NaN -820  1957 c    0   0.92 52.39267 10.97319 10409.96  4409.97 3.12 2.86 -43.9 -0.424    14.18 15.42 02a59407o0792c 0x100002  -0.419009
59433.600030 20.009244      NaN    9     9 c    0   1.21 52.39267 10.97319  8075.30  2453.16 2.60 2.45 -63.2 -0.395    19.70 21.43 01a59433o0767c 0x000000   1.000000
59433.603712 20.009244      NaN   12     8 c    0   1.34 52.39267 10.97319  8056.77  2414.45 2.89 2.73 -66.1 -0.366    19.56 21.44 01a59433o0775c 0x000000   1.500000
59433.626863 19.652575      NaN   14    12 c    0   1.35 52.39267 10.97319  8116.25  2489.81 2.60 2.46 -61.0 -0.380    19.32 20.44 01a59433o0820c 0x000000   1.166667
59433.629808 19.696897      NaN  -26    16 c    0   1.54 52.39267 10.97319  8136.20  2372.19 2.70 2.55 -47.3 -0.353    18.97 19.80 01a59433o0826c 0x000000  -1.625000
59440.606568 20.594452      NaN   -8     7 c    0   1.19 52.39267 10.97319  9800.00  8681.23 2.51 2.37  50.4 -0.371    19.84 21.51 01a59440o0807c 0x000000  -1.142857
59440.609794 20.449472      NaN   -1     8 c    0   1.20 52.39267 10.97319  9781.87  8641.90 2.58 2.43  45.8 -0.368    19.79 21.53 01a59440o0814c 0x000000  -0.125000
59440.617632 20.009244      NaN    6    10 c    0   1.02 52.39267 10.97319  9840.76  8719.78 2.78 2.63  42.8 -0.351    19.62 21.47 01a59440o0831c 0x000000   0.600000
59440.633533 19.169763      NaN  -25    26 c    0   1.26 52.39267 10.97319  9861.14  8600.88 3.35 2.56   5.0 -0.331    18.46 19.17 01a59440o0865c 0x100002  -0.961538
59462.512123 20.207197      NaN    3     9 c    0   0.85 52.39267 10.97319  2716.58  1805.70 2.35 2.27  81.8 -0.412    19.64 21.33 02a59462o0546c 0x000000   0.333333
59462.523659 19.979496      NaN   10     9 c    0   1.17 52.39267 10.97319  2732.45  1851.14 2.29 2.22 -80.3 -0.421    19.66 21.38 02a59462o0570c 0x000000   1.111111
59462.531523 20.321591      NaN  -10     9 c    0   1.12 52.39267 10.97319  2683.09  1770.95 2.37 2.24 -72.0 -0.420    19.68 21.41 02a59462o0587c 0x000000  -1.111111
59462.535219 20.137125      NaN    5     9 c    0   1.35 52.39267 10.97319  2659.19  1887.47 2.33 2.24 -79.7 -0.415    19.67 21.41 02a59462o0595c 0x000000   0.555556
59467.517813 20.071303      NaN    4    10 c    0   1.21 52.39267 10.97319  6720.24  8417.52 2.65 2.47  42.2 -0.396    19.60 21.36 02a59467o0630c 0x000000   0.400000
59467.531063 19.791368      NaN   14    10 c    0   1.10 52.39267 10.97319  6747.22  8456.58 2.68 2.50  39.0 -0.401    19.60 21.38 02a59467o0655c 0x000000   1.400000
59467.538398 20.137125      NaN    2    10 c    0   0.99 52.39267 10.97319  6686.61  8379.18 2.64 2.45  39.6 -0.397    19.66 21.38 02a59467o0671c 0x000000   0.200000
59467.551803 19.816329      NaN   13    10 c    0   0.86 52.39267 10.97319  6666.12  8497.22 2.71 2.37  40.2 -0.395    19.67 21.40 02a59467o0700c 0x000000   1.300000
59518.446244 20.449472      NaN  -11     8 c    0   1.60 52.39267 10.97319  4284.21  4142.07 2.43 2.21  30.8 -0.404    19.75 21.54 02a59518o0567c 0x000000  -1.375000
59518.449507 20.039830      NaN    8     9 c    0   1.21 52.39267 10.97319  4304.56  4180.69 2.44 2.22  30.7 -0.395    19.72 21.54 02a59518o0574c 0x000000   0.888889
59518.456887 20.244005      NaN    2     9 c    0   0.89 52.39267 10.97319  4247.28  4103.38 2.43 2.19  34.1 -0.401    19.73 21.55 02a59518o0590c 0x000000   0.222222
59518.479815 20.137125      NaN    5     9 c    0   1.08 52.39267 10.97319  6358.39  6346.29 2.77 2.36  42.8 -0.387    19.68 21.54 02a59518o0639c 0x000000   0.555556
59519.468241 20.449472      NaN  -12     8 c    0   1.47 52.39267 10.97319  6299.75  6419.15 2.53 2.29  45.3 -0.399    19.72 21.59 02a59519o0611c 0x000000  -1.500000
59519.471457 20.449472      NaN   -1     8 c    0   1.72 52.39267 10.97319  6280.42  6382.06 2.56 2.30  45.7 -0.394    19.71 21.59 02a59519o0618c 0x000000  -0.125000
59519.479048 20.207197      NaN   -7    10 c    0   0.92 52.39267 10.97319  6337.40  6461.99 2.58 2.32  45.9 -0.395    19.70 21.57 02a59519o0634c 0x000000  -0.700000
59519.509647 20.449472      NaN  -11     8 c    0   1.69 52.39267 10.97319  6356.54  6346.64 2.48 2.30  50.0 -0.404    19.70 21.46 02a59519o0695c 0x000000  -1.375000
59523.459092 20.207197      NaN   -7    10 c    0   1.13 52.39267 10.97319  1889.35  2243.36 2.52 2.46 -70.5 -0.395    19.56 21.37 02a59523o0603c 0x000000  -0.700000
59523.461932 19.384550      NaN   31    11 c    0   1.24 52.39267 10.97319  1868.73  2206.08 4.09 2.97 -25.5 -0.324    19.25 21.36 02a59523o0609c 0x000000   2.818182
59523.475613 20.009244      NaN    9     9 c    0   1.01 52.39267 10.97319  1928.00  2283.77 2.46 2.42 -85.6 -0.406    19.56 21.33 02a59523o0637c 0x000000   1.000000
59523.481057 20.103715      NaN   -2    11 c    0   0.94 52.39267 10.97319  1947.91  2169.46 3.32 2.66   4.7 -0.368    19.38 21.39 02a59523o0648c 0x000000  -0.181818
59527.359938 19.922338      NaN   -8    13 c    0   0.96 52.39267 10.97319  8688.83  8319.49 2.59 2.51  45.5 -0.395    19.42 21.03 02a59527o0381c 0x000000  -0.615385
59527.361773 19.491430      NaN   16    14 c    0   1.52 52.39267 10.97319  8709.28  8358.51 2.58 2.51  61.9 -0.401    19.29 20.86 02a59527o0385c 0x000000   1.142857
59527.387107 20.009244      NaN   -6    12 c    0   0.87 52.39267 10.97319  8653.69  8283.50 2.72 2.62  44.2 -0.390    19.60 21.31 02a59527o0437c 0x000000  -0.500000
59527.390306 19.922338      NaN  -19    13 c    0   0.78 52.39267 10.97319  8634.89  8401.37 2.67 2.62  45.5 -0.393    19.52 21.22 02a59527o0444c 0x000000  -1.461538
59587.425633 19.841877      NaN   -6    14 c    0   1.10 52.39267 10.97319  9528.61   523.95 2.76 2.25 -50.7 -0.401    19.41 21.36 02a59587o0508c 0x000000  -0.428571
59587.429895 19.841877      NaN  -14    14 c    0   1.10 52.39267 10.97319  9507.26   485.90 2.67 2.11 -53.7 -0.419    19.51 21.34 02a59587o0517c 0x000000  -1.000000
59587.436009 19.922338      NaN    3    12 c    0   1.24 52.39267 10.97319  9566.61   561.43 2.54 2.14 -53.0 -0.431    19.43 21.32 02a59587o0530c 0x000000   0.250000
59587.456788 19.510313      NaN   15    14 c    0   0.93 52.39267 10.97319  9581.02   449.67 2.54 2.17 -53.7 -0.420    19.34 21.20 02a59587o0574c 0x000000   1.071429