         MJD         m       dm   uJy  duJy F  err  chi/N        RA       Dec        x        y  maj  min   phi  apfit  mag5sig   Sky            Obs     Mask   __tmp_SN
57747.602876 19.510313      NaN  -115    19 c    0   1.82 154.07854 -33.56366  7771.81  2985.13 4.12 4.06  49.7 -0.364    19.53 21.58 02a57747o0833c 0x000000  -6.052632
57747.611413 19.569016      NaN  -136    18 c    0   1.92 154.07854 -33.56366  7757.18  2949.59 4.00 3.97  32.0 -0.382    19.54 21.55 02a57747o0850c 0x000000  -7.555556
57747.630628 19.510313      NaN  -132    19 c    0   1.72 154.07854 -33.56366  7822.48  3027.40 3.94 3.90  41.1 -0.389    19.54 21.51 02a57747o0888c 0x000000  -6.947368
57747.642595 19.569016      NaN  -204    18 c    0   2.34 154.07854 -33.56366  7840.85  2906.95 4.02 3.94  78.0 -0.376    19.52 21.48 02a57747o0912c 0x000000 -11.333333
57751.579387 19.569016      NaN  -130    18 c    0   1.94 154.07854 -33.56366  1563.68  1927.51 4.15 4.03 -37.8 -0.385    19.69 21.78 02a57751o0305c 0x000000  -7.222222
57751.593434 19.569016      NaN   -17    18 c    0   2.01 154.07854 -33.56366  1549.71  1890.43 3.94 3.83 -38.5 -0.402    19.72 21.74 02a57751o0333c 0x000000  -0.944444
57751.607548 19.454622      NaN   -49    20 c    0   1.87 154.07854 -33.56366  1600.08  1970.71 3.95 3.86 -36.0 -0.399    19.72 21.73 02a57751o0361c 0x000000  -2.450000
57751.621664 19.631075      NaN   -43    17 c    0   2.34 154.07854 -33.56366  1617.60  1852.68 4.11 3.96 -28.8 -0.392    19.66 21.67 02a57751o0389c 0x000000  -2.529412
57751.635177 19.631075      NaN  -150    17 c    0   2.51 154.07854 -33.56366  1585.99  1909.48 4.08 3.94 -33.4 -0.393    19.62 21.61 02a57751o0416c 0x000000  -8.823529
57755.569528 19.696897      NaN   -39    16 c    0   2.43 154.07854 -33.56366   376.03  4238.27 3.95 3.75  65.0 -0.384    19.76 21.79 02a57755o0721c 0x000000  -2.437500
57755.583470 19.569016      NaN   -60    18 c    0   1.82 154.07854 -33.56366   361.11  4201.20 3.93 3.73  65.0 -0.386    19.73 21.74 02a57755o0748c 0x000000  -3.333333
57755.583976 19.569016      NaN  -175    18 c    0   2.70 154.07854 -33.56366  9940.35  4237.63 3.92 3.40  83.8 -0.431    19.73 21.74 02a57755o0749c 0x000000  -9.722222
57755.597334 19.631075      NaN  -124    17 c    0   2.23 154.07854 -33.56366   427.32  4281.56 3.93 3.69  65.4 -0.389    19.71 21.69 02a57755o0775c 0x000000  -7.294118
57755.597833 19.569016      NaN   -84    18 c    0   2.10 154.07854 -33.56366  9925.43  4201.53 3.90 3.40  83.6 -0.440    19.71 21.69 02a57755o0776c 0x000000  -4.666667
57755.611290 19.569016      NaN  -125    18 c    0   1.78 154.07854 -33.56366   446.08  4164.84 3.95 3.67  66.9 -0.389    19.71 21.67 02a57755o0802c 0x000000  -6.944444
57755.611792 19.696897      NaN  -134    16 c    0   2.98 154.07854 -33.56366  9992.53  4278.34 3.88 3.33  84.4 -0.432    19.72 21.68 02a57755o0803c 0x000000  -8.375000
57755.624902 19.631075      NaN   -58    17 c    0   2.49 154.07854 -33.56366   414.42  4220.89 3.93 3.62  68.7 -0.391    19.68 21.61 02a57755o0828c 0x000000  -3.411765
57755.625998 19.569016      NaN   -76    18 c    0   1.72 154.07854 -33.56366 10010.75  4162.36 3.90 3.40  85.3 -0.436    19.68 21.62 02a57755o0830c 0x000000  -4.222222
57755.641452 19.569016      NaN   -60    18 c    0   2.49 154.07854 -33.56366  9978.75  4220.05 3.92 3.43  84.8 -0.434    19.64 21.59 02a57755o0860c 0x000000  -3.333333
57779.522711 19.696897      NaN   -62    16 c    0   2.22 154.07854 -33.56366  9416.59  4590.36 4.08 3.69  89.1 -0.403    19.66 21.73 02a57779o0593c 0x000000  -3.875000
57779.538248 19.401649      NaN   -49    21 c    0   1.62 154.07854 -33.56366  9402.71  4553.86 4.02 3.61  88.4 -0.405    19.67 21.73 02a57779o0623c 0x000000  -2.333333
57779.553750 19.696897      NaN  -118    16 c    0   2.53 154.07854 -33.56366  9470.06  4631.09 3.99 3.59  87.5 -0.407    19.66 21.69 02a57779o0653c 0x000000  -7.375000
57779.569258 19.510313      NaN   -30    19 c    0   1.77 154.07854 -33.56366  9487.93  4513.85 4.07 3.74 -88.6 -0.399    19.62 21.68 02a57779o0683c 0x000000  -1.578947
57779.584712 19.696897      NaN   -51    16 c    0   2.69 154.07854 -33.56366  9439.80  4577.72 4.07 3.76  88.4 -0.400    19.61 21.68 02a57779o0713c 0x000000  -3.187500
57783.518458 19.569016      NaN  -218    18 c    0   2.76 154.07854 -33.56366  8498.72  2783.47 4.05 3.79  68.0 -0.410    19.67 21.78 02a57783o0577c 0x000000 -12.111111
57783.534047 19.510313      NaN  -173    19 c    0   2.54 154.07854 -33.56366  8484.63  2746.43 4.03 3.80  68.3 -0.412    19.67 21.77 02a57783o0607c 0x000000  -9.105263
57783.549117 19.569016      NaN  -146    18 c    0   2.38 154.07854 -33.56366  8552.03  2824.06 4.24 4.01  73.9 -0.396    19.62 21.77 02a57783o0636c 0x000000  -8.111111
57783.565187 19.510313      NaN  -175    19 c    0   2.37 154.07854 -33.56366  8571.20  2706.20 4.13 3.92  71.6 -0.406    19.64 21.78 02a57783o0667c 0x000000  -9.210526
57783.581309 19.631075      NaN  -238    17 c    0   2.40 154.07854 -33.56366  8540.02  2769.06 4.04 3.84  71.4 -0.409    19.67 21.81 02a57783o0698c 0x000000 -14.000000
57787.484817 19.569016      NaN  -126    18 c    0   2.56 154.07854 -33.56366  2780.06  8868.14 4.09 3.97  67.1 -0.398    19.72 21.90 02a57787o0518c 0x000000  -7.000000
57787.495013 19.569016      NaN  -257    18 c    0   2.53 154.07854 -33.56366  7685.82  1555.11 4.00 3.88  70.4 -0.408    19.70 21.84 02a57787o0539c 0x000000 -14.277778
57787.516634 19.454622      NaN  -145    20 c    0   2.11 154.07854 -33.56366  7751.30  1632.53 4.01 3.85  74.4 -0.410    19.72 21.85 02a57787o0583c 0x000000  -7.250000
57787.531478 19.696897      NaN  -175    16 c    0   3.22 154.07854 -33.56366  7770.19  1515.93 4.14 4.01  76.2 -0.401    19.67 21.83 02a57787o0611c 0x000000 -10.937500
57787.545081 19.510313      NaN  -106    19 c    0   2.37 154.07854 -33.56366  7723.07  1574.66 3.80 3.70  78.9 -0.422    19.71 21.78 02a57787o0639c 0x000000  -5.578947
57803.490902 19.401649      NaN   -73    21 c    0   2.04 154.07854 -33.56366   942.51  2987.17 3.95 3.83  80.4 -0.389    19.41 21.18 02a57803o0528c 0x000000  -3.476190
57803.502570 19.454622      NaN  -188    20 c    0   2.69 154.07854 -33.56366   912.79  2946.36 4.05 3.88  75.9 -0.388    19.30 21.00 02a57803o0551c 0x000000  -9.400000
57803.504600 16.365801      NaN  -309   344 c    0   0.07 154.07854 -33.56366 10516.50  2951.30 4.06 3.54  82.3 -0.455    19.31 21.00 02a57803o0555c 0x100002  -0.898256
57803.514271 19.351140      NaN   -59    22 c    0   2.58 154.07854 -33.56366   979.90  3026.25 3.97 3.78  76.6 -0.386    19.25 20.86 02a57803o0574c 0x000000  -2.681818
57803.516284 18.053859 0.184276   218    37 c    0   2.23 154.07854 -33.56366 10486.81  2914.98 3.92 3.44  83.0 -0.462    19.26 20.87 02a57803o0578c 0x000000   5.891892
57803.526453 19.212347      NaN  -155    25 c    0   1.89 154.07854 -33.56366   997.91  2906.82 3.91 3.73  79.0 -0.394    19.20 20.75 02a57803o0598c 0x000000  -6.200000
57803.538100 19.256669      NaN  -170    24 c    0   2.32 154.07854 -33.56366   967.10  2962.15 3.93 3.72  83.1 -0.401    19.14 20.68 02a57803o0621c 0x000000  -7.083333
57807.488884 19.631075      NaN  -140    17 c    0   2.60 154.07854 -33.56366  7787.75  4718.67 3.88 3.60  85.5 -0.393    19.64 21.68 02a57807o0505c 0x000000  -8.235294
57807.503616 19.631075      NaN   -36    17 c    0   3.00 154.07854 -33.56366  7775.09  4680.51 3.99 3.73  86.2 -0.388    19.58 21.65 02a57807o0533c 0x000000  -2.117647
57807.519193 19.631075      NaN   -22    17 c    0   3.03 154.07854 -33.56366  7826.81  4755.71 3.90 3.64  88.8 -0.394    19.60 21.63 02a57807o0563c 0x000000  -1.294118
57807.534366 19.569016      NaN  -114    18 c    0   2.02 154.07854 -33.56366  7843.63  4637.30 3.87 3.64  87.6 -0.400    19.58 21.61 02a57807o0592c 0x000000  -6.333333
57807.549396 19.454622      NaN   -27    20 c    0   2.23 154.07854 -33.56366  7812.06  4696.33 3.98 3.73  89.9 -0.394    19.50 21.53 02a57807o0621c 0x000000  -1.350000
57835.424089 19.401649      NaN  -101    21 c    0   2.67 154.07854 -33.56366  8828.60  4004.00 3.90 3.55  87.1 -0.406    18.96 20.85 02a57835o0312c 0x000000  -4.809524
57835.439523 19.454622      NaN  -163    20 c    0   2.79 154.07854 -33.56366  8815.89  3965.12 3.89 3.56  87.1 -0.405    18.93 20.83 02a57835o0342c 0x000000  -8.150000
57835.455218 19.351140      NaN  -148    22 c    0   2.45 154.07854 -33.56366  8881.16  4040.98 4.03 3.69  88.1 -0.394    18.86 20.74 02a57835o0372c 0x000000  -6.727273
57835.471091 19.212347      NaN   -95    25 c    0   2.11 154.07854 -33.56366  8898.78  3922.46 3.91 3.61  89.4 -0.407    18.82 20.63 02a57835o0402c 0x000000  -3.800000
57835.486342 19.302877      NaN  -267    23 c    0   2.38 154.07854 -33.56366  8867.38  3978.55 3.96 3.71  89.5 -0.399    18.72 20.50 02a57835o0431c 0x000000 -11.608696
57839.424833 19.401649      NaN  -142    21 c    0   2.54 154.07854 -33.56366  8951.03  3494.56 3.94 3.62  88.8 -0.401    18.77 20.43 02a57839o0392c 0x000000  -6.761905
57839.440743 19.401649      NaN  -135    21 c    0   2.82 154.07854 -33.56366  9001.36  3570.98 4.00 3.70  89.9 -0.396    18.77 20.52 02a57839o0422c 0x000000  -6.428571
57839.456174 19.351140      NaN  -256    22 c    0   3.81 154.07854 -33.56366  9020.35  3450.81 3.91 3.61  89.2 -0.406    18.79 20.49 02a57839o0451c 0x000000 -11.636364
57839.471569 19.128787      NaN    -7    27 c    0   1.75 154.07854 -33.56366  8988.55  3509.25 3.92 3.63 -88.6 -0.405    18.73 20.43 02a57839o0480c 0x000000  -0.259259
57843.400662 19.351140      NaN  -172    22 c    0   2.22 154.07854 -33.56366  9885.88  5004.51 4.15 3.89  88.3 -0.406    18.80 20.69 02a57843o0323c 0x000000  -7.818182
57843.402230 19.454622      NaN   -74    20 c    0   2.92 154.07854 -33.56366   310.64  4957.26 4.07 3.81  59.7 -0.379    18.83 20.66 02a57843o0326c 0x000000  -3.700000
57843.416386 19.401649      NaN   -10    21 c    0   2.47 154.07854 -33.56366  9873.23  4964.04 4.03 3.64  88.9 -0.423    18.83 20.65 02a57843o0353c 0x000000  -0.476190
57843.417930 19.401649      NaN   -38    21 c    0   2.56 154.07854 -33.56366   362.39  5034.25 4.04 3.72  65.6 -0.388    18.81 20.61 02a57843o0356c 0x000000  -1.809524
57843.432010 19.351140      NaN  -114    22 c    0   2.20 154.07854 -33.56366  9922.29  5039.12 3.98 3.55  89.8 -0.428    18.82 20.62 02a57843o0383c 0x000000  -5.181818
57843.433576 19.351140      NaN   -75    22 c    0   2.55 154.07854 -33.56366   396.74  4916.38 4.12 3.84  66.7 -0.382    18.75 20.54 02a57843o0386c 0x000000  -3.409091
57843.447688 19.256669      NaN  -126    24 c    0   1.89 154.07854 -33.56366  9955.79  4920.46 4.16 3.80 -89.4 -0.418    18.71 20.50 02a57843o0413c 0x000000  -5.250000
57843.449235 19.212347      NaN   -77    25 c    0   2.67 154.07854 -33.56366   351.32  4969.57 4.15 3.89  67.7 -0.372    18.64 20.41 02a57843o0416c 0x000000  -3.080000
57843.462805 19.128787      NaN  -197    27 c    0   1.97 154.07854 -33.56366  9908.34  4979.80 4.25 3.93  89.8 -0.404    18.61 20.36 02a57843o0442c 0x000000  -7.296296
57847.375716 18.944322      NaN   -68    32 c    0   2.97 154.07854 -33.56366   130.66  3592.16 4.09 3.70  69.3 -0.370    18.28 19.37 02a57847o0287c 0x000000  -2.125000
57847.389400 18.623526      NaN  -132    43 c    0   1.47 154.07854 -33.56366  9697.86  3609.48 4.00 3.60  86.9 -0.414    18.27 19.40 02a57847o0313c 0x100002  -3.069767
57847.390975 18.847027      NaN   -30    35 c    0   2.10 154.07854 -33.56366   117.66  3549.17 4.18 3.71  66.8 -0.369    18.24 19.34 02a57847o0316c 0x000000  -0.857143
57847.405039 18.657725      NaN     5    40 c    0   1.88 154.07854 -33.56366  9685.88  3569.20 4.00 3.61  87.5 -0.415    18.24 19.37 02a57847o0343c 0x100002   0.125000
57847.406596 18.757738      NaN  -139    38 c    0   2.37 154.07854 -33.56366   170.46  3626.67 4.14 3.70  71.6 -0.369    18.18 19.28 02a57847o0346c 0x100002  -3.657895
57847.420728 18.675237      NaN  -265    41 c    0   2.10 154.07854 -33.56366  9734.48  3645.33 3.98 3.57  87.4 -0.417    18.21 19.31 02a57847o0373c 0x100002  -6.463415
57847.422282 18.649074      NaN   -43    42 c    0   1.85 154.07854 -33.56366   187.08  3507.48 4.14 3.68  69.8 -0.377    18.14 19.21 02a57847o0376c 0x100002  -1.023810
57847.436429 18.550302      NaN  -107    46 c    0   1.61 154.07854 -33.56366  9751.99  3525.60 4.21 3.90 -88.5 -0.397    18.11 19.29 02a57847o0403c 0x100002  -2.326087
57847.437976 18.574166      NaN  -112    45 c    0   1.70 154.07854 -33.56366   157.08  3562.16 4.27 3.91  71.8 -0.362    18.02 19.14 02a57847o0406c 0x100002  -2.488889
57847.451524 18.376212      NaN     9    51 c    0   1.34 154.07854 -33.56366  9720.05  3585.03 3.99 3.63  89.5 -0.418    18.13 19.25 02a57847o0432c 0x100002   0.176471
57863.369680 19.454622      NaN   -35    20 c    0   2.53 154.07854 -33.56366  8052.95  4796.84 3.90 3.54  84.2 -0.401    18.65 20.19 02a57863o0258c 0x000000  -1.750000
57863.381699 19.038793      NaN    25    21 c    0   2.02 154.07854 -33.56366  8039.52  4756.58 3.86 3.54  84.0 -0.402    18.62 20.16 02a57863o0281c 0x000000   1.190476
57863.393794 19.351140      NaN   -64    22 c    0   2.27 154.07854 -33.56366  8105.97  4831.20 3.82 3.51  85.3 -0.408    18.58 20.07 02a57863o0304c 0x000000  -2.909091
57863.405836 19.155932      NaN    10    23 c    0   2.09 154.07854 -33.56366  8123.02  4714.08 3.87 3.59  82.5 -0.401    18.53 20.06 02a57863o0327c 0x000000   0.434783
57867.343603 15.892418      NaN -3514   532 c    0   1.47 154.07854 -33.56366  1603.34  3417.27 3.21 2.86  12.5 -0.442    15.04 16.14 02a57867o0238c 0x100002  -6.605263
57867.368793 17.685696      NaN  -292   102 c    0   1.13 154.07854 -33.56366  1641.57  3453.84 3.03 2.62   7.7 -0.458    16.93 17.99 02a57867o0286c 0x100002  -2.862745
57867.381937 17.118376      NaN -1303   172 c    0   1.46 154.07854 -33.56366  1675.66  3335.77 3.18 2.78   0.8 -0.433    16.13 17.36 02a57867o0311c 0x100002  -7.575581
57871.350410 20.103715      NaN    -4    11 c    0   4.95 154.07854 -33.56366  1516.09  3741.63 2.78 2.60  78.0 -0.414    19.34 20.57 02a57871o0089c 0x000000  -0.363636
57871.381426 20.103715      NaN  -176    11 c    0   6.58 154.07854 -33.56366  1504.60  3679.35 2.88 2.71  86.1 -0.418    19.18 20.43 02a57871o0148c 0x000000 -16.000000
57895.272748 18.702047      NaN    42    26 c    0   2.26 154.07854 -33.56366  8383.32  4698.81 3.89 3.26  61.1 -0.432    18.74 20.72 02a57895o0073c 0x000000   1.615385
57895.287608 19.510313      NaN    -2    19 c    0   2.00 154.07854 -33.56366  8352.26  4658.97 3.75 3.06  60.0 -0.443    19.30 21.26 02a57895o0101c 0x000000  -0.105263
57895.302865 19.089302 0.284359    84    22 c    0   1.84 154.07854 -33.56366  8420.13  4733.70 3.54 3.01  59.0 -0.446    19.14 21.04 02a57895o0130c 0x000000   3.818182
57895.319216 18.489118 0.133858   146    18 c    0   2.33 154.07854 -33.56366  8438.62  4614.85 3.76 3.22  60.7 -0.429    19.25 21.15 02a57895o0161c 0x000000   8.111111
57899.263594 19.014394      NaN    36    18 c    0   2.63 154.07854 -33.56366  8246.39  3502.23 3.25 2.82  50.7 -0.420    19.39 20.86 02a57899o0067c 0x000000   2.000000
57899.276161 19.510313 0.285720    57    15 c    0   3.26 154.07854 -33.56366  8213.92  3462.11 3.25 2.74  51.3 -0.418    19.41 20.89 02a57899o0091c 0x000000   3.800000
57899.291563 19.256669 0.226195    72    15 c    0   2.29 154.07854 -33.56366  8277.86  3537.00 3.16 2.73  52.7 -0.429    19.47 21.04 02a57899o0120c 0x000000   4.800000
57903.253544 19.271854      NaN     5    22 c    0   1.38 154.07854 -33.56366  9957.30  2370.73 2.98 2.69 -52.1 -0.433    19.15 20.22 02a57903o0035c 0x000000   0.227273
57903.258115 19.115465      NaN    34    16 c    0   2.60 154.07854 -33.56366  9940.83  2330.95 2.88 2.60 -48.5 -0.438    19.33 20.53 02a57903o0044c 0x000000   2.125000
57903.259635 19.351140 0.246758    66    15 c    0   5.49 154.07854 -33.56366   362.60  2360.96 2.50 2.34  39.7 -0.475    19.32 20.49 02a57903o0047c 0x000000   4.400000
57903.266743 19.491430      NaN    10    16 c    0   2.68 154.07854 -33.56366  9989.54  2406.95 2.82 2.63 -50.2 -0.446    19.36 20.65 02a57903o0061c 0x000000   0.625000
57903.268778 19.491430 0.336953    58    18 c    0   3.04 154.07854 -33.56366   346.77  2320.15 2.49 2.34  43.3 -0.484    19.33 20.56 02a57903o0065c 0x000000   3.222222
57903.279047 19.241693      NaN    22    17 c    0   2.37 154.07854 -33.56366 10008.61  2287.81 2.86 2.68 -54.8 -0.442    19.28 20.60 02a57903o0085c 0x000000   1.294118
57903.281587 19.569016      NaN   -28    18 c    0   3.21 154.07854 -33.56366   397.52  2398.26 2.58 2.46  34.3 -0.485    19.23 20.46 02a57903o0090c 0x000000  -1.555556
57903.297532 19.631075      NaN   -26    17 c    0   2.79 154.07854 -33.56366   413.10  2279.11 2.67 2.50  16.6 -0.483    19.15 20.34 02a57903o0121c 0x000000  -1.529412
58081.576837 20.009244      NaN   -60    12 c    0   3.48 154.07854 -33.56366  4532.54  2819.98 3.10 2.59  44.0 -0.394    19.30 21.08 02a58081o0667c 0x000000  -5.000000
58081.581899 19.841877      NaN   -83    14 c    0   3.69 154.07854 -33.56366  4500.18  2781.99 3.11 2.64  47.0 -0.394    19.31 21.08 02a58081o0678c 0x000000  -5.928571
58081.592091 19.766969      NaN   -32    15 c    0   2.12 154.07854 -33.56366  4466.71  2745.17 3.24 2.92  53.6 -0.393    19.24 21.13 02a58081o0700c 0x000000  -2.133333
58081.600004 19.841877      NaN   -11    14 c    0   3.56 154.07854 -33.56366  4449.13  2861.48 3.45 3.08  47.7 -0.388    19.18 21.15 02a58081o0717c 0x000000  -0.785714
58109.531456 18.978793      NaN    30    21 c    0   3.08 154.07854 -33.56366  1595.00  2037.28 5.11 4.59  51.4 -0.387    19.11 21.83 02a58109o0365c 0x000000   1.428571
58109.538365 18.796518 0.197407   110    20 c    0   4.05 154.07854 -33.56366  1610.13  2076.17 5.45 4.95  42.1 -0.298    19.10 21.88 02a58109o0380c 0x000000   5.500000
58109.545286 20.009244      NaN    15     7 c    0   2.84 154.07854 -33.56366  1543.57  2000.03 5.27 4.74  48.8 -0.333    19.03 21.90 02a58109o0395c 0x000000   2.142857
58109.552215 20.362567 0.250555    26     6 c    0   4.15 154.07854 -33.56366  1524.91  2117.08 5.34 4.82  51.2 -0.331    19.18 21.94 02a58109o0410c 0x000000   4.333333
58161.487753 19.589310 0.307284    53    15 c    0   6.50 154.07854 -33.56366  6052.62  8750.01 2.68 2.51  27.6 -0.482    19.72 21.77 02a58161o0606c 0x000000   3.533333
58161.500076 19.922338      NaN  -128    13 c    0   4.50 154.07854 -33.56366  6038.38  8709.24 2.67 2.53  31.1 -0.476    19.69 21.76 02a58161o0633c 0x000000  -9.846154
58161.507406 20.009244      NaN  -108    12 c    0   5.01 154.07854 -33.56366  6104.48  8785.43 2.95 2.81  30.4 -0.449    19.58 21.75 02a58161o0649c 0x000000  -9.000000
58161.514279 19.841877      NaN  -135    14 c    0   5.17 154.07854 -33.56366  6122.02  8668.37 2.80 2.68  29.2 -0.461    19.65 21.75 02a58161o0664c 0x000000  -9.642857
58193.392732 19.766969      NaN   -57    15 c    0   3.49 154.07854 -33.56366  9329.89  9447.26 2.50 2.36   0.9 -0.449    19.71 21.49 02a58193o0351c 0x000000  -3.800000
58193.404209 20.009244      NaN   -12    12 c    0   6.03 154.07854 -33.56366  9380.87  9481.94 2.53 2.42  -0.2 -0.449    19.66 21.45 02a58193o0376c 0x000000  -1.000000
58193.406034 20.009244      NaN   -68    12 c    0   5.16 154.07854 -33.56366  9315.18  9406.25 2.52 2.39  -4.8 -0.447    19.66 21.45 02a58193o0380c 0x000000  -5.666667
58193.414249 20.009244      NaN   -24    12 c    0   5.93 154.07854 -33.56366  9398.37  9365.53 2.48 2.38   0.5 -0.446    19.69 21.44 02a58193o0398c 0x000000  -2.000000
58221.348180 19.922338      NaN   -53    13 c    0   3.25 154.07854 -33.56366  8877.50  6198.72 2.67 2.58  88.0 -0.401    19.64 21.48 02a58221o0264c 0x000000  -4.076923
58221.357185 20.103715      NaN   -16    11 c    0   3.95 154.07854 -33.56366  8862.07  6159.66 2.69 2.56  86.8 -0.401    19.61 21.46 02a58221o0283c 0x000000  -1.454545
58221.365932 19.549093 0.236888    55    12 c    0   3.85 154.07854 -33.56366  8929.32  6235.58 2.78 2.62 -81.3 -0.394    19.58 21.48 02a58221o0302c 0x000000   4.583333
58221.374703 20.103715      NaN   -99    11 c    0   6.01 154.07854 -33.56366  8948.83  6118.70 2.57 2.44 -77.6 -0.454    19.64 21.46 02a58221o0321c 0x000000  -9.000000
58225.333965 19.051202      NaN    30    19 c    0   2.21 154.07854 -33.56366  6764.88  9408.63 2.90 2.77  56.2 -0.395    18.96 20.70 02a58225o0238c 0x000000   1.578947
58225.341770 19.089302      NaN  -139    28 c    0   1.97 154.07854 -33.56366  6749.35  9369.85 2.99 2.84  64.3 -0.381    18.54 20.26 02a58225o0255c 0x000000  -4.964286
58225.349573 18.910912      NaN   -77    33 c    0   1.65 154.07854 -33.56366  6815.67  9447.06 2.97 2.85  65.2 -0.391    18.51 20.24 02a58225o0272c 0x000000  -2.333333
58225.357361 19.089302      NaN  -117    28 c    0   1.88 154.07854 -33.56366  6834.11  9329.48 3.04 2.94  75.0 -0.370    18.52 20.29 02a58225o0289c 0x000000  -4.178571
58250.292787 19.569016      NaN     0    18 c    0   2.78 154.07854 -33.56366  5815.15  8238.49 2.89 2.82  83.9 -0.373    19.11 20.72 02a58250o0110c 0x000000   0.000000
58250.300258 19.922338      NaN  -134    13 c    0   6.76 154.07854 -33.56366  5784.69  8200.21 2.87 2.75  72.4 -0.401    19.32 20.93 02a58250o0126c 0x000000 -10.307692
58250.308098 19.169763      NaN  -183    26 c    0   1.68 154.07854 -33.56366  5851.27  8276.91 2.95 2.83  79.3 -0.404    18.53 20.15 02a58250o0143c 0x000000  -7.038462
58250.316050 19.454622      NaN   -42    20 c    0   2.16 154.07854 -33.56366  5869.52  8158.93 2.80 2.67  77.4 -0.409    18.96 20.58 02a58250o0160c 0x000000  -2.100000
58257.281077 18.878500      NaN    45    19 c    0   2.65 154.07854 -33.56366  6447.57  8586.37 3.61 3.49  58.1 -0.373    19.11 21.00 02a58257o0103c 0x000000   2.368421
58257.288519 19.696897      NaN   -95    16 c    0   4.38 154.07854 -33.56366  6416.93  8547.95 3.18 3.06  64.1 -0.406    19.20 20.98 02a58257o0119c 0x000000  -5.937500
58257.296529 19.436675      NaN     7    18 c    0   3.21 154.07854 -33.56366  6483.30  8624.37 3.42 3.30  85.7 -0.395    19.11 20.96 02a58257o0136c 0x000000   0.388889
58257.303899 19.454622      NaN  -108    20 c    0   2.81 154.07854 -33.56366  6501.23  8506.36 3.50 3.38  71.4 -0.398    19.07 20.95 02a58257o0152c 0x000000  -5.400000
58485.599909 18.933071 0.134318    97    12 c    0   7.46 154.07854 -33.56366  2590.96  8035.90 2.67 2.61   5.6 -0.422    19.57 21.69 02a58485o0877c 0x000000   8.083333
58485.609569 19.841877      NaN    -3    14 c    0   5.24 154.07854 -33.56366  2575.67  7998.28 3.05 3.03  23.8 -0.418    19.39 21.63 02a58485o0898c 0x000000  -0.214286
58485.619253 19.894850 0.352864    40    13 c    0   7.04 154.07854 -33.56366  2639.59  8077.36 3.15 3.09   3.5 -0.418    19.33 21.56 02a58485o0919c 0x000000   3.076923
58485.630687 20.009244      NaN  -165    12 c    0   4.15 154.07854 -33.56366  2656.64  7961.42 3.23 3.06 -59.2 -0.396    19.32 21.49 02a58485o0944c 0x000000 -13.750000
58489.599418 19.922338      NaN  -159    13 c    0   3.15 154.07854 -33.56366  5620.65   302.67 2.93 2.73  69.9 -0.409    19.53 21.85 02a58489o0488c 0x000000 -12.230769
58489.603133 20.009244      NaN   -32    12 c    0   3.95 154.07854 -33.56366  8384.45  9998.99 2.95 2.76  50.0 -0.389    19.56 21.75 02a58489o0496c 0x000000  -2.666667
58489.609124 19.922338      NaN  -102    13 c    0   3.84 154.07854 -33.56366  5607.02   264.56 2.96 2.70  56.9 -0.419    19.60 21.83 02a58489o0509c 0x000000  -7.846154
58489.612813 20.103715      NaN   -43    11 c    0   3.57 154.07854 -33.56366  8370.49  9962.48 2.92 2.78  38.5 -0.410    19.57 21.76 02a58489o0517c 0x000000  -3.909091
58489.618350 19.841877      NaN  -159    14 c    0   4.29 154.07854 -33.56366  5672.12   344.41 2.84 2.63  59.8 -0.421    19.62 21.81 02a58489o0529c 0x000000 -11.357143
58489.622034 19.922338      NaN   -47    13 c    0   3.04 154.07854 -33.56366  8419.78 10041.72 2.93 2.77  42.1 -0.407    19.54 21.72 02a58489o0537c 0x000000  -3.615385
58489.628039 19.652575      NaN     2    16 c    0   2.82 154.07854 -33.56366  5689.06   227.57 2.87 2.66  65.7 -0.414    19.56 21.77 02a58489o0550c 0x000000   0.125000
58489.631773 19.696897 0.361912    48    16 c    0   3.01 154.07854 -33.56366  8436.32  9924.88 2.97 2.84  47.7 -0.409    19.50 21.68 02a58489o0558c 0x000000   3.000000
58493.540011 19.271854      NaN    29    14 c    0   3.59 154.07854 -33.56366  6321.50  4431.96 2.75 2.58 -64.6 -0.405    19.53 21.56 02a58493o0743c 0x000000   2.071429
58493.548416 20.103715      NaN  -127    11 c    0   5.15 154.07854 -33.56366  4227.53  6076.56 2.90 2.75 -62.8 -0.383    19.48 21.62 02a58493o0761c 0x000000 -11.545455
58493.554533 20.207197      NaN   -57    10 c    0   6.24 154.07854 -33.56366  6291.19  4389.52 2.63 2.55 -78.0 -0.411    19.60 21.65 02a58493o0774c 0x000000  -5.700000
58493.563599 20.207197      NaN   -70    10 c    0   6.19 154.07854 -33.56366  6250.24  4506.47 2.84 2.72 -73.4 -0.394    19.52 21.66 02a58493o0793c 0x000000  -7.000000
58573.362282 19.696897      NaN  -192    16 c    0   3.43 154.07854 -33.56366  3928.17   298.68 2.70 2.36 -61.9 -0.409    19.32 21.26 02a58573o0308c 0x000000 -12.000000
58573.365512 19.491430      NaN    13    15 c    0   4.67 154.07854 -33.56366  6655.56 10016.62 2.93 2.59  47.1 -0.397    19.41 21.28 02a58573o0315c 0x000000   0.866667
58573.370121 19.696897      NaN  -212    16 c    0   3.47 154.07854 -33.56366  3896.48   259.54 2.83 2.43 -54.6 -0.401    19.50 21.45 02a58573o0325c 0x000000 -13.250000
58573.372880 19.696897      NaN   -29    16 c    0   2.28 154.07854 -33.56366  6639.33  9980.46 2.78 2.73  75.5 -0.409    19.43 21.35 02a58573o0331c 0x000000  -1.812500
58573.377930 19.766969      NaN  -143    15 c    0   3.31 154.07854 -33.56366  3961.76   340.60 2.83 2.42 -54.1 -0.404    19.48 21.40 02a58573o0342c 0x000000  -9.533333
58573.380724 19.212347      NaN    36    13 c    0   4.02 154.07854 -33.56366  6704.66 10059.07 2.77 2.69  54.6 -0.403    19.46 21.35 02a58573o0348c 0x000000   2.769231
58573.385789 19.696897      NaN   -74    16 c    0   1.93 154.07854 -33.56366  3978.40   222.92 2.89 2.32 -51.8 -0.400    19.30 21.15 02a58573o0359c 0x000000  -4.625000
58573.388572 19.841877      NaN   -60    14 c    0   4.65 154.07854 -33.56366  6720.70  9941.75 2.72 2.69  88.4 -0.414    19.44 21.27 02a58573o0365c 0x000000  -4.285714
58577.374283 20.009244      NaN   -53    12 c    0   4.08 154.07854 -33.56366  7950.18  4183.76 2.66 2.54  74.9 -0.378    19.48 21.33 02a58577o0331c 0x000000  -4.416667
58577.382620 20.009244      NaN   -44    12 c    0   3.00 154.07854 -33.56366  7918.32  4145.76 2.66 2.54  85.4 -0.384    19.48 21.39 02a58577o0349c 0x000000  -3.666667
58577.390956 19.743105      NaN    10    12 c    0   4.06 154.07854 -33.56366  7983.67  4222.37 2.62 2.50  81.1 -0.386    19.48 21.34 02a58577o0367c 0x000000   0.833333
58577.399709 20.009244      NaN   -35    12 c    0   5.17 154.07854 -33.56366  8001.77  4106.81 2.66 2.51  84.2 -0.380    19.45 21.35 02a58577o0386c 0x000000  -2.916667
58581.375935 19.302877      NaN    33    12 c    0   3.59 154.07854 -33.56366  7507.44  2250.12 2.55 2.40  82.8 -0.387    19.52 21.35 02a58581o0326c 0x000000   2.750000
58581.384261 20.009244      NaN   -53    12 c    0   2.77 154.07854 -33.56366  7492.51  2212.62 2.58 2.44 -77.6 -0.388    19.47 21.30 02a58581o0344c 0x000000  -4.416667
58581.393054 19.791368      NaN     2    14 c    0   2.37 154.07854 -33.56366  7557.87  2288.73 2.67 2.44 -65.2 -0.386    19.47 21.28 02a58581o0363c 0x000000   0.142857
58581.403760 20.103715      NaN   -98    11 c    0   5.00 154.07854 -33.56366  7580.52  2173.47 2.68 2.35 -57.2 -0.395    19.47 21.30 02a58581o0385c 0x000000  -8.909091
58605.329260 19.766969      NaN   -10    15 c    0   3.45 154.07854 -33.56366  4231.47  8060.97 3.08 2.65  45.9 -0.369    19.27 21.27 02a58605o0194c 0x000000  -0.666667
58605.337719 19.766969      NaN   -22    15 c    0   3.68 154.07854 -33.56366  4216.37  8022.86 3.07 2.53  51.2 -0.364    19.26 21.27 02a58605o0212c 0x000000  -1.466667
58605.346637 19.841877      NaN   -32    14 c    0   3.13 154.07854 -33.56366  4265.34  8100.64 2.98 2.56  51.9 -0.370    19.23 21.21 02a58605o0231c 0x000000  -2.285714
58605.355571 19.766969      NaN   -30    15 c    0   4.52 154.07854 -33.56366  4300.98  7984.35 2.74 2.56  70.9 -0.384    19.19 21.14 02a58605o0250c 0x000000  -2.000000
58609.306904 19.922338      NaN   -59    13 c    0   2.29 154.07854 -33.56366  6027.13  4204.01 2.97 2.78  81.7 -0.366    19.45 21.46 02a58609o0059c 0x000000  -4.538462
58609.313869 20.009244      NaN  -221    12 c    0   3.96 154.07854 -33.56366  6012.10  4165.43 2.86 2.68  89.5 -0.374    19.49 21.45 02a58609o0074c 0x000000 -18.416667
58609.320379 20.009244      NaN   -33    12 c    0   2.48 154.07854 -33.56366  6077.24  4242.68 2.75 2.57  89.4 -0.377    19.47 21.42 02a58609o0088c 0x000000  -2.750000
58609.326857 19.922338      NaN   -52    13 c    0   3.39 154.07854 -33.56366  6094.33  4126.43 2.65 2.48 -88.9 -0.378    19.51 21.38 02a58609o0102c 0x000000  -4.000000
58633.240522 16.903373      NaN   221   136 c    0   1.50 154.07854 -33.56366   734.45  7522.61 2.81 2.38  46.2 -0.407    16.73 17.54 02a58633o0025c 0x100002   1.625000
58633.243319 18.142010      NaN  -167    67 c    0   2.08 154.07854 -33.56366   715.03  7482.20 2.72 2.40  44.4 -0.400    17.47 18.24 02a58633o0031c 0x100002  -2.492537
58633.251139 19.454622      NaN   -67    20 c    0   3.25 154.07854 -33.56366   775.86  7559.53 2.52 2.44  74.8 -0.409    18.87 19.95 02a58633o0048c 0x000000  -3.350000
58633.260876 19.766969      NaN   -63    15 c    0   2.83 154.07854 -33.56366   796.80  7445.73 2.61 2.32  43.2 -0.394    19.33 20.87 02a58633o0069c 0x000000  -4.200000
58637.254032 19.631075      NaN   -88    17 c    0   3.50 154.07854 -33.56366  6389.37  5653.62 3.07 2.50  46.8 -0.361    19.05 20.28 02a58637o0047c 0x000000  -5.176471
58637.257298 19.696897      NaN   -25    16 c    0   2.64 154.07854 -33.56366  6368.69  5616.06 3.02 2.44  46.1 -0.374    19.23 20.67 02a58637o0054c 0x000000  -1.562500
58637.262492 19.841877      NaN   -60    14 c    0   3.66 154.07854 -33.56366  6425.37  5692.71 2.99 2.45  49.5 -0.374    19.39 20.99 02a58637o0065c 0x000000  -4.285714
58637.277731 19.766969      NaN   -29    15 c    0   2.96 154.07854 -33.56366  6442.53  5575.76 2.91 2.46  51.1 -0.374    19.42 21.13 02a58637o0097c 0x000000  -1.933333
58789.621996 19.766969      NaN   -28    15 c    0   3.11 154.07854 -33.56366  6125.00  4814.06 2.92 2.42  35.1 -0.375    19.26 20.91 02a58789o0840c 0x000000  -1.866667
58789.625331 19.401649 0.241275    63    14 c    0   4.80 154.07854 -33.56366  6144.69  4852.14 2.90 2.48  34.2 -0.373    19.26 20.95 02a58789o0847c 0x000000   4.500000
58789.630455 19.841877      NaN   -74    14 c    0   2.65 154.07854 -33.56366  6087.29  4774.65 2.55 2.40  42.4 -0.383    19.35 20.97 02a58789o0858c 0x000000  -5.285714
58789.638873 19.197966      NaN    34    14 c    0   3.77 154.07854 -33.56366  6066.90  4890.04 2.50 2.36  35.3 -0.393    19.33 20.84 02a58789o0876c 0x000000   2.428571
58789.647214 18.933071      NaN    10    29 c    0   1.76 154.07854 -33.56366  6103.91  4832.51 2.73 2.42  37.3 -0.378    18.49 19.56 02a58789o0894c 0x000000   0.344828
58841.525154 20.207197      NaN   -85    10 c    0   6.78 154.07854 -33.56366  4186.13  4901.27 2.68 2.32  34.3 -0.381    19.60 21.59 02a58841o0727c 0x000000  -8.500000
58841.528568 19.922338      NaN   -80    13 c    0   4.92 154.07854 -33.56366  4210.44  4938.88 2.68 2.31  34.6 -0.382    19.63 21.62 02a58841o0734c 0x000000  -6.153846
58841.534497 20.103715      NaN   -17    11 c    0   3.87 154.07854 -33.56366  4148.03  4861.81 2.68 2.31  33.8 -0.379    19.67 21.66 02a58841o0746c 0x000000  -1.545455
58841.544304 16.983968 0.052056   584    28 c    0   5.59 154.07854 -33.56366  4132.98  4975.77 2.69 2.34  33.2 -0.376    18.14 20.02 02a58841o0767c 0x000000  20.857143
58845.605504 20.009244      NaN   -75    12 c    0   2.93 154.07854 -33.56366  8286.78  5535.33 2.97 2.68  41.9 -0.363    19.56 21.74 02a58845o0795c 0x000000  -6.250000
58845.609174 20.103715      NaN   -73    11 c    0   4.17 154.07854 -33.56366  8267.54  5502.29 2.88 2.65  43.0 -0.364    19.66 21.83 02a58845o0803c 0x000000  -6.636364
58845.615173 20.103715      NaN   -71    11 c    0   3.92 154.07854 -33.56366  8328.81  5579.77 2.86 2.72  50.6 -0.371    19.62 21.83 02a58845o0816c 0x000000  -6.454545
58845.625316 19.841877      NaN  -113    14 c    0   3.65 154.07854 -33.56366  8350.77  5468.24 2.97 2.55  43.9 -0.361    19.26 21.33 02a58845o0838c 0x000000  -8.071429
58869.427662 20.207197      NaN  -102    10 c    0   4.28 154.07854 -33.56366  5896.34  3157.86 2.57 2.45  36.6 -0.399    19.63 21.76 02a58869o0480c 0x000000 -10.200000
58869.431258 19.472870 0.220828    59    12 c    0   4.12 154.07854 -33.56366  5912.57  3196.88 2.54 2.33  36.1 -0.399    19.64 21.78 02a58869o0487c 0x000000   4.916667
58869.439106 20.103715      NaN    -8    11 c    0   4.66 154.07854 -33.56366  5853.14  3119.42 2.49 2.45 -70.9 -0.399    19.66 21.80 02a58869o0503c 0x000000  -0.727273
58869.449764 19.401649 0.172339    63    10 c    0   5.15 154.07854 -33.56366  5835.84  3233.37 2.42 2.38  49.7 -0.402    19.72 21.84 02a58869o0525c 0x000000   6.300000
58869.602553 20.009244      NaN   -95    12 c    0   5.53 154.07854 -33.56366  4679.89  7383.63 2.78 2.45  44.0 -0.381    19.59 21.49 02a58869o0835c 0x000000  -7.916667
58873.421050 20.103715      NaN   -75    11 c    0   6.26 154.07854 -33.56366  5897.62  3158.67 2.55 2.30  40.3 -0.398    19.57 21.40 02a58873o0465c 0x000000  -6.818182
58873.425520 20.009244      NaN   -21    12 c    0   3.97 154.07854 -33.56366  5916.90  3196.11 2.54 2.30  36.4 -0.400    19.60 21.43 02a58873o0474c 0x000000  -1.750000
58873.435851 20.207197      NaN   -82    10 c    0   6.15 154.07854 -33.56366  5855.58  3121.63 2.40 2.31  24.1 -0.403    19.62 21.49 02a58873o0495c 0x000000  -8.200000
58873.443929 19.569016      NaN    12    14 c    0   2.48 154.07854 -33.56366  5840.98  3234.17 2.61 2.31  38.9 -0.400    19.62 21.52 02a58873o0512c 0x000000   0.857143
58877.448373 19.841877      NaN   -46    14 c    0   3.37 154.07854 -33.56366 10349.86  7119.60 2.92 2.78  43.4 -0.385    19.62 21.76 02a58877o0518c 0x000000  -3.285714
58877.450678 19.841877      NaN   -19    14 c    0   3.17 154.07854 -33.56366   469.05  7087.44 2.73 2.41 -50.7 -0.382    19.59 21.75 02a58877o0523c 0x000000  -1.357143
58877.451135 19.549093      NaN    16    13 c    0   3.72 154.07854 -33.56366 10371.77  7158.03 2.88 2.70  45.9 -0.388    19.65 21.77 02a58877o0524c 0x000000   1.230769
58877.454367 19.287255 0.201637    70    13 c    0   3.58 154.07854 -33.56366   487.32  7125.96 2.75 2.60 -26.6 -0.369    19.54 21.76 02a58877o0531c 0x000000   5.384615
58877.456222 20.103715      NaN   -66    11 c    0   5.21 154.07854 -33.56366 10315.81  7076.77 2.94 2.82 -78.5 -0.386    19.68 21.79 02a58877o0535c 0x000000  -6.000000
58877.475220 19.115465 0.158888    82    12 c    0   5.30 154.07854 -33.56366   428.65  7048.96 2.69 2.43 -48.9 -0.375    19.64 21.83 02a58877o0574c 0x000000   6.833333
58877.475676 19.287255 0.201637    70    13 c    0   5.08 154.07854 -33.56366 10293.59  7196.37 2.84 2.68  41.5 -0.384    19.68 21.83 02a58877o0575c 0x000000   5.384615
58877.488821 19.922338      NaN   -61    13 c    0   2.52 154.07854 -33.56366   409.24  7164.41 2.68 2.32 -51.6 -0.382    19.67 21.85 02a58877o0602c 0x000000  -4.692308
58929.331699 14.158960 0.004272  7878    31 c    0  71.47 154.07854 -33.56366  7859.27  3085.25 2.40 2.18 -60.5 -0.395    19.64 21.41 02a58929o0240c 0x100001 254.129032
58929.336153 14.153598 0.004388  7917    32 c    0  26.86 154.07854 -33.56366  7878.44  3123.96 2.48 2.22 -56.3 -0.392    19.61 21.43 02a58929o0249c 0x100001 247.406250
58929.341089 14.160615 0.004279  7866    31 c    0  60.96 154.07854 -33.56366  7820.07  3045.04 2.37 2.25 -57.2 -0.388    19.65 21.46 02a58929o0259c 0x100001 253.741935
58929.354017 14.163656 0.004291  7844    31 c    0  49.59 154.07854 -33.56366  7800.95  3165.72 2.38 2.31 -47.8 -0.390    19.66 21.49 02a58929o0285c 0x100001 253.032258
58937.434918 14.319846 0.004635  6793    29 c    0  37.45 154.07854 -33.56366  4358.01  1197.50 2.51 2.32 -85.0 -0.404    19.55 21.46 02a58937o0033c 0x100001 234.241379
58937.438159 14.305240 0.004731  6885    30 c    0  19.41 154.07854 -33.56366  4339.10  1158.67 2.57 2.35 -82.5 -0.401    19.54 21.45 02a58937o0040c 0x100001 229.500000
58937.445226 14.302563 0.004877  6902    31 c    0  22.23 154.07854 -33.56366  4393.37  1237.24 2.62 2.37 -74.4 -0.402    19.49 21.37 02a58937o0055c 0x100001 222.645161
58937.454982 14.233986 0.019494  7352   132 c    0   2.51 154.07854 -33.56366  4411.49  1119.94 2.75 2.45 -69.5 -0.401    16.63 18.34 02a58937o0076c 0x100002  55.696970
58957.272275 15.558350 0.011503  2171    23 c    0   5.52 154.07854 -33.56366  8149.43  6675.51 2.95 2.58  38.7 -0.364    19.24 20.90 02a58957o0084c 0x000000  94.391304
58957.275382 15.522443 0.011612  2244    24 c    0   5.29 154.07854 -33.56366  2372.91  3830.52 2.76 2.57  40.9 -0.379    19.25 20.93 02a58957o0090c 0x000000  93.500000
58957.280732 15.524380 0.011633  2240    24 c    0   5.53 154.07854 -33.56366  8115.00  6633.59 2.73 2.47  41.2 -0.376    19.39 20.96 02a58957o0101c 0x000000  93.333333
58957.290593 15.583137 0.010745  2122    21 c    0  16.77 154.07854 -33.56366  2450.91  3800.33 2.59 2.35  43.0 -0.394    19.36 21.00 02a58957o0120c 0x100001 101.047619
58961.330889 15.712874 0.016721  1883    29 c    0  11.78 154.07854 -33.56366  2392.23  3886.13 2.81 2.32  42.7 -0.378    19.48 21.30 02a58961o0228c 0x100001  64.931034
58961.334100 15.866206 0.012617  1635    19 c    0   8.93 154.07854 -33.56366  2373.36  3846.87 2.84 2.32  42.0 -0.380    19.51 21.29 02a58961o0235c 0x000000  86.052632
58961.339647 15.884960 0.012161  1607    18 c    0  16.86 154.07854 -33.56366  2431.85  3925.48 2.72 2.29  43.6 -0.388    19.50 21.28 02a58961o0247c 0x100001  89.277778
58961.350676 15.871531 0.012012  1627    18 c    0   8.93 154.07854 -33.56366  2452.90  3806.95 2.65 2.35  47.0 -0.392    19.49 21.24 02a58961o0271c 0x000000  90.388889
58965.308191 16.134523 0.019555  1277    23 c    0   4.11 154.07854 -33.56366  5086.92  9532.67 2.97 2.76  51.4 -0.362    19.23 20.91 02a58965o0175c 0x000000  55.521739
58965.312354 16.066153 0.015967  1360    20 c    0   3.39 154.07854 -33.56366  5065.72  9494.01 2.95 2.78  59.4 -0.365    19.31 21.02 02a58965o0184c 0x000000  68.000000
58965.318806 15.967034 0.016031  1490    22 c    0   3.02 154.07854 -33.56366  5125.67  9574.03 2.83 2.66  53.6 -0.371    19.38 21.04 02a58965o0198c 0x000000  67.727273
58965.329429 16.089555 0.016315  1331    20 c    0   3.75 154.07854 -33.56366  5146.97  9456.97 2.68 2.62 -75.0 -0.388    19.37 21.04 02a58965o0221c 0x000000  66.550000
58981.289738 16.439807 0.022526   964    20 c    0   3.56 154.07854 -33.56366  9080.30  9320.60 3.04 2.75  53.9 -0.368    19.35 21.17 02a58981o0127c 0x000000  48.200000
58981.292972 16.692267 0.025580   764    18 c    0   4.05 154.07854 -33.56366  9059.94  9280.61 3.08 2.77  53.7 -0.364    19.45 21.33 02a58981o0134c 0x000000  42.444444
58981.298486 16.485820 0.021151   924    18 c    0   3.12 154.07854 -33.56366  9120.96  9356.99 3.08 2.92  71.5 -0.363    19.42 21.32 02a58981o0146c 0x000000  51.333333
58981.309971 16.492893 0.020106   918    17 c    0   5.73 154.07854 -33.56366  9144.46  9242.34 3.01 2.74 -61.9 -0.371    19.49 21.34 02a58981o0171c 0x000000  54.000000
58985.249634 16.610182 0.026353   824    20 c    0   4.30 154.07854 -33.56366  9088.59  9315.94 3.22 2.54  40.2 -0.364    19.31 20.69 02a58985o0038c 0x000000  41.200000
58985.256091 16.647717 0.023188   796    17 c    0   3.40 154.07854 -33.56366  9068.97  9280.12 3.08 2.59  41.2 -0.365    19.45 21.11 02a58985o0052c 0x000000  46.823529
58985.259322 16.573901 0.024212   852    19 c    0   2.97 154.07854 -33.56366  9130.26  9357.41 3.17 2.74  42.2 -0.370    19.41 21.17 02a58985o0059c 0x000000  44.842105
58985.274023 16.567548 0.021537   857    17 c    0   4.68 154.07854 -33.56366  9149.35  9241.69 3.00 2.58  44.2 -0.373    19.44 21.14 02a58985o0091c 0x000000  50.411765
58989.249292 16.746164 0.023895   727    16 c    0   3.92 154.07854 -33.56366  4436.35  5744.40 2.84 2.41  47.4 -0.364    19.18 20.43 02a58989o0034c 0x000000  45.437500
58989.254442 16.700827 0.025783   758    18 c    0   2.77 154.07854 -33.56366  4417.54  5705.18 2.79 2.40  45.7 -0.374    19.43 21.00 02a58989o0045c 0x000000  42.111111
58989.258590 16.788807 0.026406   699    17 c    0   4.00 154.07854 -33.56366  4475.99  5783.44 2.79 2.43  45.7 -0.373    19.47 21.16 02a58989o0054c 0x000000  41.117647
58989.270576 16.647717 0.025916   796    19 c    0   2.03 154.07854 -33.56366  4496.34  5667.53 2.98 2.67  51.4 -0.364    19.41 21.22 02a58989o0080c 0x000000  41.894737
59169.616730 18.396507 0.088771   159    13 c    0   4.43 154.07854 -33.56366  5456.21  1020.58 2.70 2.58 -84.5 -0.393    19.30 20.98 02a59169o0948c 0x000000  12.230769
59169.622127 19.089302 0.180956    84    14 c    0   4.48 154.07854 -33.56366  5474.68  1058.21 2.56 2.41  56.7 -0.387    19.36 21.00 02a59169o0959c 0x000000   6.000000
59169.641480 16.917271      NaN -1504   207 c    0   1.40 154.07854 -33.56366  5417.19   979.72 2.63 2.45  52.0 -0.382    16.30 17.85 02a59169o1001c 0x100002  -7.265700
59195.585141 19.674510 0.332368    49    15 c    0   2.20 154.07854 -33.56366  1135.95  9703.94 3.00 2.63 -29.0 -0.353    19.53 21.71 01a59195o0869c 0x000000   3.266667
59195.588267 19.142275      NaN    32    16 c    0   2.94 154.07854 -33.56366  1117.13  9664.07 2.79 2.60   0.2 -0.369    19.51 21.70 01a59195o0875c 0x000000   2.000000
59195.593348 20.009244      NaN   -32    12 c    0   4.07 154.07854 -33.56366  1177.91  9745.46 3.13 2.41 -61.7 -0.350    19.50 21.65 01a59195o0886c 0x000000  -2.666667
59195.598447 20.321591      NaN   -40     9 c    0   5.95 154.07854 -33.56366  1200.25  9629.66 2.76 2.54 -57.5 -0.363    19.55 21.66 01a59195o0897c 0x000000  -4.444444
59197.540939 19.115465 0.198610    82    15 c    0   3.33 154.07854 -33.56366 10001.25  9254.01 2.93 2.67 -73.1 -0.375    19.68 21.57 02a59197o0751c 0x000000   5.466667
59197.548161 19.401649 0.241275    63    14 c    0   4.26 154.07854 -33.56366 10018.64  9292.34 3.06 2.80 -76.3 -0.372    19.60 21.60 02a59197o0766c 0x000000   4.500000
59197.558724 19.766969      NaN   -15    15 c    0   3.50 154.07854 -33.56366  9963.65  9209.90 2.96 2.76 -83.1 -0.366    19.62 21.64 02a59197o0789c 0x000000  -1.000000
59197.561938 19.766969 0.313657    45    13 c    0   4.79 154.07854 -33.56366  9944.78  9328.60 2.96 2.76 -81.9 -0.372    19.65 21.65 02a59197o0796c 0x000000   3.461538
59197.595333 20.103715      NaN   -52    11 c    0   7.62 154.07854 -33.56366   254.24  9236.31 2.65 2.10 -55.5 -0.448    19.67 21.70 02a59197o0868c 0x000000  -4.727273
59197.597628 19.384550 0.237505    64    14 c    0   3.55 154.07854 -33.56366   273.66  9276.70 2.67 2.10 -55.7 -0.452    19.71 21.69 02a59197o0873c 0x000000   4.571429
59197.600374 19.302877      NaN    30    13 c    0   3.97 154.07854 -33.56366   216.80  9197.57 2.65 2.08 -55.1 -0.449    19.71 21.70 02a59197o0879c 0x000000   2.307692
59197.605863 18.767304 0.153733   113    16 c    0   5.14 154.07854 -33.56366   194.71  9315.96 2.49 2.14 -52.4 -0.458    19.68 21.70 02a59197o0891c 0x000000   7.062500
59205.558312 19.014394 0.168892    90    14 c    0   3.01 154.07854 -33.56366  8087.87  9294.23 2.75 2.60  58.5 -0.395    19.60 21.41 02a59205o0787c 0x000000   6.428571
59205.561515 19.142275 0.190004    80    14 c    0   3.26 154.07854 -33.56366  8108.96  9332.43 2.95 2.78  83.1 -0.392    19.55 21.44 02a59205o0794c 0x000000   5.714286
59205.564257 19.491430      NaN    19    13 c    0   5.07 154.07854 -33.56366  8051.08  9253.33 2.76 2.63  57.9 -0.393    19.59 21.42 02a59205o0800c 0x000000   1.461538
59205.571117 19.841877 0.310210    42    12 c    0   3.81 154.07854 -33.56366  8034.18  9370.27 2.77 2.62  81.6 -0.396    19.60 21.45 02a59205o0815c 0x000000   3.500000
59207.567344 19.719755 0.277209    47    12 c    0   5.31 154.07854 -33.56366  2528.89  5839.91 2.53 2.44  20.7 -0.375    19.64 21.57 01a59207o0795c 0x000000   3.916667
59207.570571 20.103715      NaN  -122    11 c    0   4.93 154.07854 -33.56366  2512.98  5802.29 2.73 2.37  -8.3 -0.359    19.61 21.60 01a59207o0802c 0x000000 -11.090909
59207.573335 20.009244      NaN   -36    12 c    0   5.81 154.07854 -33.56366  2570.19  5880.54 2.37 2.31  84.3 -0.388    19.70 21.63 01a59207o0808c 0x000000  -3.000000
59207.579802 20.207197      NaN  -109    10 c    0   9.60 154.07854 -33.56366  2590.36  5766.26 2.52 2.34 -69.1 -0.381    19.69 21.65 01a59207o0822c 0x000000 -10.900000
59223.526399 19.868040      NaN     8    11 c    0   5.55 154.07854 -33.56366  2734.01  7483.68 2.97 2.62  84.3 -0.352    19.55 21.84 01a59223o0717c 0x000000   0.727273
59223.528246 20.009244      NaN     0    12 c    0   3.88 154.07854 -33.56366  2716.23  7445.51 2.83 2.68 -86.2 -0.353    19.45 21.75 01a59223o0721c 0x000000   0.000000
59223.531022 19.589310      NaN    20    11 c    0   5.30 154.07854 -33.56366  2776.39  7524.32 3.19 2.89  24.0 -0.332    19.30 21.69 01a59223o0727c 0x000000   1.818182
59223.537473 19.569016      NaN   -70    18 c    0   3.08 154.07854 -33.56366  2797.37  7410.06 3.08 3.00  70.4 -0.346    18.57 20.80 01a59223o0741c 0x000000  -3.888889
59227.505496 20.321591      NaN  -104     9 c    0   7.30 154.07854 -33.56366  4377.01  1203.63 2.74 2.50  70.8 -0.360    19.74 22.11 01a59227o0616c 0x000000 -11.555556
59227.508262 20.207197      NaN  -214    10 c    0  15.29 154.07854 -33.56366  4357.39  1164.63 2.80 2.55  71.5 -0.366    19.72 22.10 01a59227o0622c 0x100001 -21.400000
59227.511941 19.169763 0.167036    78    12 c    0   7.26 154.07854 -33.56366  4416.38  1243.97 2.46 2.41  89.0 -0.384    19.78 22.11 01a59227o0630c 0x000000   6.500000
59227.524328 20.207197      NaN   -29    10 c    0   4.80 154.07854 -33.56366  4436.97  1127.34 2.35 2.25  62.1 -0.396    19.86 22.12 01a59227o0656c 0x000000  -2.900000
59229.506179 19.287255      NaN    34    12 c    0   4.24 154.07854 -33.56366  9839.58  3028.03 2.51 2.35 -68.2 -0.397    19.69 21.65 02a59229o0672c 0x000000   2.833333
59229.508009 19.589310      NaN    17    12 c    0   6.50 154.07854 -33.56366  9860.43  3067.82 2.51 2.33 -70.2 -0.399    19.74 21.65 02a59229o0676c 0x000000   1.416667
59229.510750 19.696897 0.271434    48    12 c    0   5.48 154.07854 -33.56366  9800.39  2987.89 2.45 2.38 -56.1 -0.398    19.69 21.64 02a59229o0682c 0x000000   4.000000
59229.520829 19.014394 0.156829    90    13 c    0   3.29 154.07854 -33.56366  9779.43  3104.65 2.65 2.52 -59.9 -0.388    19.65 21.65 02a59229o0704c 0x000000   6.923077
59231.503447 19.743105 0.283236    46    12 c    0   3.01 154.07854 -33.56366  4378.51  1202.61 3.11 2.86  71.7 -0.386    19.57 22.00 01a59231o0534c 0x000000   3.833333
59231.506210 19.351140      NaN    30    12 c    0   3.47 154.07854 -33.56366  4362.01  1165.07 2.83 2.66  44.8 -0.380    19.70 22.02 01a59231o0540c 0x000000   2.500000
59231.508972 18.590371 0.106125   133    13 c    0   3.94 154.07854 -33.56366  4418.17  1243.76 2.78 2.60  77.7 -0.391    19.69 22.02 01a59231o0546c 0x000000  10.230769
59231.515446 19.696897 0.271434    48    12 c    0   4.58 154.07854 -33.56366  4438.39  1127.68 2.86 2.69  69.0 -0.389    19.64 22.03 01a59231o0560c 0x000000   4.000000
59235.611083 18.125925 0.101122   204    19 c    0   2.61 154.07854 -33.56366  1744.30  2914.86 2.69 2.46  89.7 -0.389    19.09 21.14 01a59235o0068c 0x000000  10.736842
59235.614306 19.766969      NaN     3    14 c    0   4.00 154.07854 -33.56366  1764.46  2953.04 2.57 2.37  80.1 -0.400    19.41 21.46 01a59235o0075c 0x000000   0.214286
59235.619840 19.922338      NaN   -68    13 c    0   2.55 154.07854 -33.56366  1704.13  2877.38 2.78 2.45 -88.1 -0.399    19.60 21.67 01a59235o0087c 0x000000  -5.230769
59235.630458 19.529530 0.271434    56    14 c    0   2.89 154.07854 -33.56366  1683.62  2994.08 3.04 2.93  88.7 -0.364    19.45 21.67 01a59235o0110c 0x000000   4.000000
59251.478716 20.103715      NaN   -36    11 c    0   3.19 154.07854 -33.56366  8167.41  6644.80 3.05 2.39 -84.3 -0.414    19.63 21.79 01a59251o0590c 0x000000  -3.272727
59251.481947 20.207197      NaN   -53    10 c    0   7.01 154.07854 -33.56366  8187.22  6683.61 3.00 2.39 -85.2 -0.412    19.63 21.80 01a59251o0597c 0x000000  -5.300000
59251.487485 19.922338      NaN   -15    13 c    0   3.40 154.07854 -33.56366  8129.17  6604.68 3.05 2.43 -85.1 -0.408    19.64 21.80 01a59251o0609c 0x000000  -1.153846
59251.505788 19.841877 0.310210    42    12 c    0   4.13 154.07854 -33.56366  8112.30  6717.86 2.92 2.59 -89.1 -0.379    19.64 21.78 01a59251o0648c 0x000000   3.500000
59253.501500 19.841877      NaN   -32    14 c    0   3.98 154.07854 -33.56366  3084.17  9620.23 2.78 2.52 -44.3 -0.394    19.57 21.69 02a59253o0353c 0x000000  -2.285714
59253.504701 20.009244      NaN   -39    12 c    0   4.58 154.07854 -33.56366  3064.94  9582.20 3.27 2.84 -36.7 -0.377    19.44 21.69 02a59253o0360c 0x000000  -3.250000
59253.511563 19.351140 0.263209    66    16 c    0   2.87 154.07854 -33.56366  3125.03  9660.69 2.85 2.66 -35.8 -0.386    19.55 21.70 02a59253o0375c 0x000000   4.125000
59253.521626 19.766969      NaN   -36    15 c    0   2.95 154.07854 -33.56366  3146.61  9546.60 2.89 2.59 -46.7 -0.390    19.54 21.66 02a59253o0397c 0x000000  -2.400000
59255.429153 18.826541 0.121765   107    12 c    0   3.94 154.07854 -33.56366  2407.67  3900.46 2.67 2.45  71.5 -0.380    19.64 21.87 01a59255o0465c 0x000000   8.916667
59255.430998 19.609992 0.229675    52    11 c    0   5.21 154.07854 -33.56366  2388.59  3861.47 2.68 2.51  74.1 -0.379    19.57 21.87 01a59255o0469c 0x000000   4.727273
59255.458250 20.009244      NaN   -83    12 c    0   2.90 154.07854 -33.56366  2455.93  3936.05 2.83 2.64  69.4 -0.366    19.61 22.02 01a59255o0527c 0x000000  -6.916667
59255.463775 19.894850 0.325721    40    12 c    0   2.61 154.07854 -33.56366  2472.56  3821.47 2.99 2.76  74.4 -0.367    19.54 22.06 01a59255o0539c 0x000000   3.333333
59257.482518 20.009244      NaN   -82    12 c    0   4.82 154.07854 -33.56366  3085.57  9614.65 2.70 2.67  36.1 -0.389    19.64 21.76 02a59257o0599c 0x000000  -6.833333
59257.485736 19.384550      NaN    25    13 c    0   4.62 154.07854 -33.56366  3066.32  9578.90 2.69 2.64  31.1 -0.395    19.61 21.75 02a59257o0606c 0x000000   1.923077
59257.521004 19.922338      NaN    -8    13 c    0   3.47 154.07854 -33.56366  3129.15  9657.82 2.79 2.67  50.7 -0.391    19.53 21.67 02a59257o0682c 0x000000  -0.615385
59257.527881 19.841877      NaN  -146    14 c    0   3.45 154.07854 -33.56366  3149.95  9542.38 2.87 2.68  55.4 -0.380    19.53 21.66 02a59257o0697c 0x000000 -10.428571
59259.464773 19.743105      NaN    16    10 c    0   5.62 154.07854 -33.56366  5410.88  1039.80 2.41 2.28  -8.2 -0.378    19.76 21.88 01a59259o0375c 0x000000   1.600000
59259.467996 20.009244      NaN  -112    12 c    0   3.63 154.07854 -33.56366  5431.38  1078.42 2.45 2.31 -16.8 -0.368    19.77 21.88 01a59259o0382c 0x000000  -9.333333
59259.474450 20.103715      NaN   -30    11 c    0   3.24 154.07854 -33.56366  5371.08   998.83 2.37 2.35 -16.1 -0.380    19.72 21.89 01a59259o0396c 0x000000  -2.727273
59259.484585 20.103715      NaN   -46    11 c    0   4.25 154.07854 -33.56366  5353.45  1114.66 2.41 2.31  -6.3 -0.370    19.77 21.88 01a59259o0418c 0x000000  -4.181818
59261.480545 19.841877      NaN   -62    14 c    0   3.75 154.07854 -33.56366  4321.62  3814.66 2.56 2.41  55.3 -0.397    19.60 21.56 02a59261o0588c 0x000000  -4.428571
59261.483746 20.009244      NaN   -34    12 c    0   5.40 154.07854 -33.56366  4301.85  3775.87 2.54 2.36  54.4 -0.397    19.60 21.57 02a59261o0595c 0x000000  -2.833333
59261.491577 19.922338      NaN   -62    13 c    0   3.75 154.07854 -33.56366  4360.97  3858.53 2.54 2.35  56.4 -0.395    19.64 21.58 02a59261o0612c 0x000000  -4.769231
59261.523032 20.009244      NaN   -28    12 c    0   5.49 154.07854 -33.56366  4382.10  3741.40 2.72 2.38  47.0 -0.387    19.53 21.50 02a59261o0680c 0x000000  -2.333333
59263.416376 18.034118      NaN  -670    74 c    0   3.16 154.07854 -33.56366  5116.55  9534.10 2.31 2.17 -27.1 -0.359    16.79 18.72 01a59263o0358c 0x100002  -9.054054
59263.418218 17.664614      NaN -1222   104 c    0   3.70 154.07854 -33.56366  5095.73  9494.50 2.28 2.16 -36.5 -0.361    16.62 18.53 01a59263o0362c 0x100002 -11.750000
59263.421899 17.935984      NaN   -31    81 c    0   1.35 154.07854 -33.56366  5157.26  9573.87 2.29 2.19 -43.9 -0.364    17.50 19.40 01a59263o0370c 0x100002  -0.382716
59263.429772 18.403357      NaN    56    34 c    0   2.20 154.07854 -33.56366  5177.63  9456.84 2.36 2.17 -70.5 -0.373    17.82 19.74 01a59263o0387c 0x000000   1.647059
59265.517752 16.876101      NaN -1670   215 c    0   1.81 154.07854 -33.56366  4303.39  3774.89 3.08 2.67  43.0 -0.383    16.31 18.17 02a59265o0363c 0x100002  -7.767442
59265.523283 19.696897      NaN   -60    16 c    0   2.83 154.07854 -33.56366  4362.15  3854.92 3.24 2.92  45.9 -0.358    19.20 21.33 02a59265o0375c 0x000000  -3.750000
59265.536171 19.302877      NaN  -266    23 c    0   2.10 154.07854 -33.56366  4383.20  3741.78 4.15 3.84  47.9 -0.368    18.64 20.95 02a59265o0403c 0x000000 -11.565217
59307.332532 20.207197      NaN  -144    10 c    0   5.11 154.07854 -33.56366  3421.42  1165.66 2.39 2.25   1.1 -0.388    19.70 21.36 01a59307o0228c 0x000000 -14.400000
59307.338063 20.009244      NaN   -91    12 c    0   4.57 154.07854 -33.56366  3442.17  1203.20 2.63 2.53  24.4 -0.365    19.59 21.34 01a59307o0240c 0x000000  -7.583333
59307.345437 20.103715      NaN   -33    11 c    0   7.69 154.07854 -33.56366  3382.76  1124.93 2.37 2.23  12.3 -0.392    19.70 21.37 01a59307o0256c 0x000000  -3.000000
59307.349149 20.103715      NaN   -52    11 c    0   6.24 154.07854 -33.56366  3364.02  1241.35 2.42 2.30  35.9 -0.391    19.67 21.34 01a59307o0264c 0x000000  -4.727273
59311.326852 20.321591      NaN  -149     9 c    0   6.36 154.07854 -33.56366  3423.67  1163.77 2.45 2.30  12.5 -0.387    19.61 21.44 01a59311o0237c 0x000000 -16.555556
59311.330073 20.009244      NaN   -64    12 c    0   6.46 154.07854 -33.56366  3444.10  1201.88 2.38 2.23   6.1 -0.389    19.60 21.38 01a59311o0244c 0x000000  -5.333333
59311.336072 20.321591      NaN  -251     9 c    0  13.34 154.07854 -33.56366  3384.03  1123.59 2.30 2.11   3.5 -0.396    19.64 21.39 01a59311o0257c 0x100001 -27.888889
59315.343594 19.950541      NaN     5    11 c    0   6.44 154.07854 -33.56366  2412.29  6997.29 2.23 2.03 -76.3 -0.402    19.89 21.57 01a59315o0271c 0x000000   0.454545
59315.346823 19.950541      NaN     5    11 c    0   9.79 154.07854 -33.56366  2432.00  7034.90 2.25 2.06 -78.0 -0.400    19.87 21.57 01a59315o0278c 0x000000   0.454545
59315.353738 20.103715      NaN   -73    11 c    0   5.90 154.07854 -33.56366  2375.03  6957.66 2.25 2.04 -74.7 -0.403    19.90 21.55 01a59315o0293c 0x000000  -6.636364
59315.365293 20.321591      NaN  -135     9 c    0  15.77 154.07854 -33.56366  2357.06  7072.59 2.25 2.04 -68.8 -0.406    19.89 21.52 01a59315o0318c 0x100001 -15.000000
59319.332540 20.321591      NaN   -76     9 c    0  10.64 154.07854 -33.56366  2411.45  6996.43 2.37 2.20 -85.2 -0.391    19.87 21.64 01a59319o0246c 0x100001  -8.444444
59319.335765 19.922338      NaN     9    10 c    0   7.45 154.07854 -33.56366  2431.64  7034.80 2.41 2.12 -78.9 -0.403    19.87 21.62 01a59319o0253c 0x000000   0.900000
59319.341765 20.207197      NaN  -147    10 c    0  13.57 154.07854 -33.56366  2374.12  6957.59 2.39 2.08 -79.7 -0.407    19.88 21.62 01a59319o0266c 0x100001 -14.700000
59319.353308 19.950541      NaN     5    11 c    0   5.76 154.07854 -33.56366  2356.35  7071.79 2.44 2.22 -80.7 -0.403    19.82 21.57 01a59319o0291c 0x000000   0.454545
59337.292239 19.169763      NaN   -91    26 c    0   3.93 154.07854 -33.56366  4365.96  1195.33 2.49 2.25 -73.6 -0.419    18.80 20.55 02a59337o0142c 0x000000  -3.500000
59337.295443 19.766969      NaN  -114    15 c    0   4.75 154.07854 -33.56366  4347.53  1156.35 2.46 2.22 -73.9 -0.421    19.19 20.98 02a59337o0149c 0x000000  -7.600000
59337.300943 18.910912      NaN   -73    33 c    0   1.85 154.07854 -33.56366  4404.75  1235.92 2.54 2.32 -73.0 -0.409    18.69 20.44 02a59337o0161c 0x000000  -2.212121
59337.311060 18.459772      NaN   -55    50 c    0   1.35 154.07854 -33.56366  4424.09  1119.55 2.54 2.30 -74.2 -0.415    18.06 19.75 02a59337o0183c 0x100002  -1.100000
59349.263407 19.631075      NaN   -46    17 c    0   2.02 154.07854 -33.56366  6239.40  3728.91 2.65 2.47  54.7 -0.387    19.42 21.10 02a59349o0048c 0x000000  -2.705882
59349.266762 19.922338      NaN    -1    13 c    0   6.83 154.07854 -33.56366  6219.90  3690.93 2.72 2.57  67.1 -0.381    19.39 21.12 02a59349o0055c 0x000000  -0.076923
59349.272291 19.766969      NaN   -54    15 c    0   3.95 154.07854 -33.56366  6277.09  3765.88 2.71 2.55  65.0 -0.381    19.39 21.14 02a59349o0067c 0x000000  -3.600000
59349.282094 19.922338      NaN  -112    13 c    0   2.77 154.07854 -33.56366  6297.56  3651.32 2.84 2.71  76.0 -0.362    19.32 21.17 02a59349o0086c 0x000000  -8.615385
59367.250393 19.241693      NaN    34    13 c    0   6.25 154.07854 -33.56366  5865.34  3167.83 2.25 2.22   1.2 -0.367    19.28 20.30 01a59367o0035c 0x000000   2.615385
59367.254079 19.791368 0.345462    44    14 c    0   4.01 154.07854 -33.56366  5884.74  3206.29 2.28 2.22  -4.8 -0.368    19.47 20.72 01a59367o0043c 0x000000   3.142857
59367.259628 20.009244      NaN   -77    12 c    0   5.45 154.07854 -33.56366  5825.48  3129.23 2.25 2.18  84.7 -0.381    19.57 20.94 01a59367o0055c 0x000000  -6.416667
59367.269788 19.401649 0.241275    63    14 c    0   2.63 154.07854 -33.56366  5807.06  3246.16 2.27 2.22  82.9 -0.375    19.52 20.96 01a59367o0077c 0x000000   4.500000
59371.246457 18.796518      NaN    38    24 c    0   2.21 154.07854 -33.56366   478.21  7146.25 2.35 2.11 -64.4 -0.395    18.77 19.48 01a59371o0022c 0x000000   1.583333
59371.249691 19.510313      NaN   -63    19 c    0   2.13 154.07854 -33.56366   497.58  7183.03 2.48 2.21 -67.6 -0.387    19.09 20.10 01a59371o0029c 0x000000  -3.315789
59371.257534 19.696897      NaN   -22    16 c    0   3.40 154.07854 -33.56366   438.42  7105.46 2.69 2.39 -70.4 -0.382    19.39 20.87 01a59371o0046c 0x000000  -1.375000
59371.271375 19.841877      NaN  -118    14 c    0   4.52 154.07854 -33.56366   419.18  7220.46 2.66 2.37 -69.4 -0.380    19.52 21.09 01a59371o0076c 0x000000  -8.428571
59525.622677 19.302877 0.236030    69    15 c    0   2.65 154.07854 -33.56366  7852.06  3083.15 2.69 2.66  52.5 -0.373    19.21 20.79 02a59525o0395c 0x000000   4.600000
59525.635513 19.696897      NaN  -110    16 c    0   2.85 154.07854 -33.56366  7873.98  3120.57 2.55 2.50  76.4 -0.377    19.31 20.84 02a59525o0423c 0x000000  -6.875000
59525.641008 19.401649      NaN    15    16 c    0   2.99 154.07854 -33.56366  7815.29  3041.56 2.56 2.50  77.5 -0.373    19.25 20.70 02a59525o0435c 0x000000   0.937500
59525.650058 18.967180      NaN     4    30 c    0   1.26 154.07854 -33.56366  7790.95  3156.83 2.48 2.40  41.9 -0.372    18.50 19.32 02a59525o0454c 0x000000   0.133333
59529.593898 19.226921      NaN    20    18 c    0   2.72 154.07854 -33.56366  7847.97  3084.80 2.71 2.57  33.8 -0.383    19.27 20.79 02a59529o0889c 0x000000   1.111111
59529.597564 19.766969      NaN   -82    15 c    0   3.11 154.07854 -33.56366  7867.29  3124.56 2.73 2.61  37.0 -0.378    19.25 20.78 02a59529o0897c 0x000000  -5.466667
59529.603066 19.674510 0.354526    49    16 c    0   4.88 154.07854 -33.56366  7809.32  3045.42 2.52 2.42  38.7 -0.387    19.33 20.80 02a59529o0909c 0x000000   3.062500
59529.616355 19.384550      NaN    22    14 c    0   4.07 154.07854 -33.56366  7789.61  3160.77 2.57 2.48  51.2 -0.384    19.31 20.85 02a59529o0938c 0x000000   1.571429
59585.584751 19.766969      NaN   -68    15 c    0   2.89 154.07854 -33.56366  9080.79  9330.30 2.84 2.73  40.4 -0.377    19.44 21.40 02a59585o0705c 0x000000  -4.533333
59585.608997 19.766969      NaN   -84    15 c    0   3.34 154.07854 -33.56366  9064.09  9293.82 3.15 2.88  40.2 -0.372    19.32 21.46 02a59585o0718c 0x000000  -5.600000
59585.612199 19.696897      NaN  -144    16 c    0   3.49 154.07854 -33.56366  9125.42  9372.61 3.37 3.07  44.7 -0.346    19.29 21.46 02a59585o0725c 0x000000  -9.000000
59585.618601 19.766969      NaN   -34    15 c    0   3.56 154.07854 -33.56366  9145.49  9257.77 3.08 2.96  54.2 -0.365    19.37 21.47 02a59585o0739c 0x000000  -2.266667