         MJD         m       dm   uJy  duJy F  err  chi/N       RA     Dec        x        y  maj  min   phi  apfit  mag5sig   Sky            Obs     Mask    __tmp_SN
57716.487559 18.336727      NaN  -336    56 c    0   0.84 69.96139 7.06534   183.54  4457.57 4.36 4.15  60.9 -0.340    18.06 19.95 02a57716o0589c 0x100002   -6.000000
57716.502449 18.336727      NaN  -428    56 c    0   0.92 69.96139 7.06534   163.58  4420.02 4.34 4.08  64.1 -0.344    18.09 19.96 02a57716o0618c 0x100002   -7.642857
57716.505005 18.438271      NaN  -336    51 c    0   1.12 69.96139 7.06534  9979.19  4498.18 4.38 4.08  80.0 -0.381    18.22 20.12 02a57716o0623c 0x100002   -6.588235
57716.508086 18.847027      NaN  -374    35 c    0   0.89 69.96139 7.06534  9960.83  4459.14 4.30 3.97  82.4 -0.398    18.70 20.64 02a57716o0629c 0x100002  -10.685714
57716.518873 19.454622      NaN  -358    20 c    0   1.06 69.96139 7.06534   222.94  4496.99 4.15 3.87  65.9 -0.364    19.21 21.11 02a57716o0650c 0x000000  -17.900000
57716.529170 18.786693      NaN  -402    37 c    0   1.01 69.96139 7.06534 10019.37  4537.63 4.14 3.77  88.1 -0.411    18.63 20.47 02a57716o0670c 0x100002  -10.864865
57716.531236 18.336727      NaN  -437    56 c    0   0.87 69.96139 7.06534   245.67  4379.51 4.17 3.91  66.7 -0.367    18.06 19.83 02a57716o0674c 0x100002   -7.803571
57716.535850 17.797727      NaN  -422    92 c    0   1.12 69.96139 7.06534 10039.15  4420.55 4.06 3.62  89.7 -0.420    17.62 19.33 02a57716o0683c 0x100002   -4.586957
57716.545139 19.128787      NaN  -422    27 c    0   1.17 69.96139 7.06534   209.49  4436.33 4.46 4.25  40.4 -0.344    18.62 20.49 02a57716o0701c 0x100002  -15.629630
57716.558374 18.336727      NaN  -419    56 c    0   1.09 69.96139 7.06534 10004.49  4478.33 4.25 4.17  47.0 -0.385    17.98 19.70 02a57716o0725c 0x100002   -7.482143
57752.396359 16.558716      NaN  -188   288 c    0   0.96 69.96139 7.06534   681.43  4194.20 4.19 3.58  68.2 -0.396    16.31 17.98 02a57752o0363c 0x100002   -0.652778
57752.409426 16.725454      NaN  -165   247 c    0   0.93 69.96139 7.06534 10478.78  4235.68 4.11 3.51  81.8 -0.481    16.89 18.61 02a57752o0388c 0x100002   -0.668016
57752.416039 17.349660      NaN  -557   139 c    0   1.21 69.96139 7.06534   665.50  4156.06 3.95 3.80  85.1 -0.394    17.08 18.74 02a57752o0401c 0x100002   -4.007194
57752.425482 18.142010      NaN  -402    67 c    0   1.39 69.96139 7.06534   724.30  4231.89 3.94 3.79  87.7 -0.389    17.85 19.57 02a57752o0420c 0x100002   -6.000000
57752.426472 18.094452      NaN  -390    70 c    0   0.92 69.96139 7.06534 10461.40  4198.47 4.05 3.46  81.6 -0.439    18.02 19.76 02a57752o0422c 0x100002   -5.571429
57752.435933 17.051069      NaN  -131   183 c    0   7.66 69.96139 7.06534 10522.77  4276.88 4.06 3.51  81.0 -0.474    17.72 19.51 02a57752o0441c 0x100002   -0.715847
57752.441011 16.381698      NaN   -96   339 c    0   0.97 69.96139 7.06534   747.46  4114.37 3.91 3.78  84.2 -0.397    16.20 17.84 02a57752o0451c 0x100002   -0.283186
57752.458468 17.870951      NaN  -466    86 c    0   0.80 69.96139 7.06534   710.26  4170.29 3.89 3.66  85.5 -0.387    17.16 18.90 02a57752o0485c 0x100002   -5.418605
57752.460452 17.422338      NaN  -316   130 c    0   0.98 69.96139 7.06534 10505.44  4215.89 4.01 3.45  81.9 -0.465    18.09 19.81 02a57752o0489c 0x100002   -2.430769
57756.378639 20.009244      NaN  -345    12 c    0   1.05 69.96139 7.06534  2974.11  2842.39 3.83 3.65  77.3 -0.386    19.77 21.74 02a57756o0349c 0x000000  -28.750000
57756.394593 20.009244      NaN  -404    12 c    0   1.15 69.96139 7.06534  2954.67  2802.99 3.82 3.65  76.3 -0.389    19.78 21.74 02a57756o0379c 0x000000  -33.666667
57756.405944 20.009244      NaN  -401    12 c    0   0.99 69.96139 7.06534  3013.76  2879.40 3.82 3.64  79.8 -0.390    19.76 21.72 02a57756o0399c 0x000000  -33.416667
57756.427345 19.841877      NaN  -390    14 c    0   1.01 69.96139 7.06534  3037.91  2760.83 3.84 3.67  81.5 -0.388    19.74 21.69 02a57756o0437c 0x000000  -27.857143
57756.436174 19.841877      NaN  -390    14 c    0   1.05 69.96139 7.06534  3000.14  2819.87 3.82 3.63  79.6 -0.389    19.74 21.68 02a57756o0451c 0x000000  -27.857143
57776.356512 19.766969      NaN  -362    15 c    0   1.00 69.96139 7.06534  1545.62  3608.08 3.92 3.65  75.8 -0.391    19.70 21.69 02a57776o0284c 0x000000  -24.133333
57776.373212 18.786693      NaN  -442    37 c    0   0.99 69.96139 7.06534  1527.51  3568.62 4.08 3.84  78.9 -0.382    19.00 20.94 02a57776o0316c 0x100002  -11.945946
57776.389863 19.841877      NaN  -388    14 c    0   1.07 69.96139 7.06534  1587.84  3644.45 3.98 3.77  77.5 -0.383    19.70 21.70 02a57776o0348c 0x000000  -27.714286
57776.406915 16.451129      NaN -1520   318 c    0   1.25 69.96139 7.06534  1609.27  3526.84 4.01 3.83  74.5 -0.378    15.82 17.54 02a57776o0381c 0x100002   -4.779874
57780.345831 20.009244      NaN  -420    12 c    0   1.10 69.96139 7.06534  1388.33  5141.36 3.92 3.62  66.0 -0.409    19.73 21.69 02a57780o0260c 0x000000  -35.000000
57780.362279 19.922338      NaN  -395    13 c    0   1.13 69.96139 7.06534  1372.53  5101.57 3.90 3.60  64.6 -0.411    19.71 21.66 02a57780o0291c 0x000000  -30.384615
57780.379622 19.696897      NaN  -383    16 c    0   0.94 69.96139 7.06534  1433.53  5176.97 3.92 3.63  66.8 -0.413    19.68 21.62 02a57780o0324c 0x000000  -23.937500
57780.397143 19.922338      NaN  -400    13 c    0   1.25 69.96139 7.06534  1454.68  5060.57 3.86 3.64  63.8 -0.415    19.63 21.53 02a57780o0357c 0x000000  -30.769231
57780.414487 19.766969      NaN  -419    15 c    0   1.03 69.96139 7.06534  1416.99  5117.77 3.93 3.65  62.7 -0.415    19.59 21.47 02a57780o0390c 0x000000  -27.933333
57784.337287 19.766969      NaN  -380    15 c    0   0.80 69.96139 7.06534  3094.76  3321.16 3.96 3.79  77.7 -0.370    19.64 21.61 02a57784o0064c 0x000000  -25.333333
57784.353241 19.922338      NaN  -394    13 c    0   1.19 69.96139 7.06534  3076.12  3282.04 3.95 3.80  81.7 -0.369    19.61 21.59 02a57784o0094c 0x000000  -30.307692
57784.369007 19.841877      NaN  -400    14 c    0   1.23 69.96139 7.06534  3138.13  3357.24 3.97 3.85  82.4 -0.369    19.57 21.55 02a57784o0124c 0x000000  -28.571429
57784.384166 19.631075      NaN  -411    17 c    0   0.81 69.96139 7.06534  3178.72  3240.24 3.99 3.97  74.2 -0.373    19.50 21.48 02a57784o0153c 0x000000  -24.176471
57784.399461 19.766969      NaN  -359    15 c    0   1.02 69.96139 7.06534  3121.78  3297.75 3.95 3.89  85.2 -0.368    19.50 21.44 02a57784o0182c 0x000000  -23.933333
57804.313603 19.169763      NaN  -359    26 c    0   0.99 69.96139 7.06534  9955.02  5689.59 4.02 3.55  88.0 -0.422    19.17 21.06 02a57804o0207c 0x100002  -13.807692
57804.342994 19.696897      NaN  -400    16 c    0   1.06 69.96139 7.06534  9997.34  5727.97 4.06 3.71  83.5 -0.413    19.43 21.33 02a57804o0264c 0x000000  -25.000000
57804.356860 19.631075      NaN  -388    17 c    0   1.18 69.96139 7.06534 10016.96  5610.68 4.12 3.85  77.2 -0.409    19.32 21.20 02a57804o0291c 0x000000  -22.823529
57804.360564 19.569016      NaN  -435    18 c    0   1.02 69.96139 7.06534   186.55  5624.52 4.15 3.96  26.2 -0.358    19.13 20.97 02a57804o0298c 0x000000  -24.166667
57804.371990 18.019544      NaN  -468    75 c    0   0.87 69.96139 7.06534  9978.43  5667.90 4.09 3.74  81.0 -0.430    18.26 19.96 02a57804o0320c 0x100002   -6.240000
57808.290506 18.675237      NaN  -435    41 c    0   1.13 69.96139 7.06534   263.20  4388.66 4.05 3.72  74.9 -0.365    18.02 19.70 02a57808o0135c 0x100002  -10.609756
57808.302259 19.510313      NaN  -399    19 c    0   1.53 69.96139 7.06534 10058.73  4430.44 4.01 3.51  85.3 -0.432    19.10 20.94 02a57808o0158c 0x000000  -21.000000
57808.306283 19.351140      NaN  -377    22 c    0   1.06 69.96139 7.06534   245.73  4347.81 4.03 3.74  76.0 -0.363    19.17 20.94 02a57808o0166c 0x000000  -17.136364
57808.321681 18.757738      NaN  -408    38 c    0   0.85 69.96139 7.06534   305.17  4424.09 4.04 3.76  76.4 -0.370    18.77 20.49 02a57808o0196c 0x100002  -10.736842
57808.337604 14.375596      NaN -2701  2151 c    0   0.98 69.96139 7.06534   324.89  4305.74 3.99 3.72  78.2 -0.405    15.79 17.15 02a57808o0227c 0x100002   -1.255695
57808.348886 16.391349      NaN  -732   336 c    0   0.97 69.96139 7.06534 10122.77  4348.46 3.96 3.54  84.4 -0.453    16.21 17.81 02a57808o0249c 0x100002   -2.178571
57808.364798 17.785989      NaN  -595    93 c    0   1.07 69.96139 7.06534 10083.52  4404.95 3.92 3.46  82.2 -0.468    17.23 18.72 02a57808o0280c 0x100002   -6.397849
57836.240475 19.302877      NaN  -417    23 c    0   0.76 69.96139 7.06534   656.18  4716.38 4.34 3.72  72.1 -0.415    18.61 20.17 02a57836o0024c 0x000000  -18.130435
57836.248867 19.510313      NaN  -392    19 c    0   1.30 69.96139 7.06534 10448.25  4762.41 4.35 3.67  84.9 -0.442    18.70 20.35 02a57836o0040c 0x000000  -20.631579
57836.262053 19.401649      NaN  -415    21 c    0   1.03 69.96139 7.06534 10425.41  4723.52 4.32 3.64  84.1 -0.454    18.69 20.35 02a57836o0065c 0x000000  -19.761905
57836.264673 19.454622      NaN  -386    20 c    0   1.12 69.96139 7.06534   693.10  4752.62 4.36 3.85  78.5 -0.395    18.63 20.24 02a57836o0070c 0x000000  -19.300000
57836.278396 19.169763      NaN  -410    26 c    0   1.01 69.96139 7.06534 10485.76  4800.90 4.37 3.64  83.8 -0.458    18.65 20.29 02a57836o0096c 0x100002  -15.769231
57836.281045 19.351140      NaN  -383    22 c    0   1.10 69.96139 7.06534   715.41  4635.13 4.26 3.83  84.3 -0.397    18.57 20.13 02a57836o0101c 0x000000  -17.409091
57836.293716 18.847027      NaN  -395    35 c    0   0.97 69.96139 7.06534 10509.13  4682.52 4.61 4.10  78.3 -0.428    18.42 20.21 02a57836o0125c 0x100002  -11.285714
57836.296313 19.256669      NaN  -400    24 c    0   1.21 69.96139 7.06534   679.29  4691.95 4.58 4.23  85.5 -0.344    18.43 20.04 02a57836o0130c 0x000000  -16.666667
57836.308988 19.128787      NaN  -399    27 c    0   1.15 69.96139 7.06534 10466.62  4740.77 4.33 3.74  80.4 -0.443    18.54 20.14 02a57836o0154c 0x100002  -14.777778
57840.233497 19.089302      NaN  -467    28 c    0   1.20 69.96139 7.06534   877.97  4291.99 4.12 3.59  65.4 -0.452    18.33 19.46 02a57840o0010c 0x100002  -16.678571
57840.240304 19.256669      NaN  -330    24 c    0   0.83 69.96139 7.06534   856.94  4253.30 4.23 3.69  66.1 -0.408    18.58 20.04 02a57840o0023c 0x000000  -13.750000
57840.250891 19.401649      NaN  -382    21 c    0   1.12 69.96139 7.06534   913.87  4330.02 4.15 3.63  66.1 -0.404    18.61 20.11 02a57840o0043c 0x000000  -18.190476
57840.264528 19.510313      NaN  -409    19 c    0   1.23 69.96139 7.06534   934.15  4211.72 4.20 3.74  69.3 -0.387    18.56 20.09 02a57840o0069c 0x000000  -21.526316
57840.281243 19.256669      NaN  -386    24 c    0   0.93 69.96139 7.06534   897.72  4267.82 4.27 3.89  72.3 -0.387    18.47 20.06 02a57840o0101c 0x000000  -16.083333
58018.536967 20.761819      NaN  -360     6 c    0   1.23 69.96139 7.06534  2436.97  2839.47 2.61 2.44 -50.5 -0.382    19.65 21.37 02a58018o0373c 0x000000  -60.000000
58018.543676 20.321591      NaN  -351     9 c    0   0.84 69.96139 7.06534  2455.84  2879.88 2.67 2.48 -53.8 -0.375    19.68 21.42 02a58018o0387c 0x000000  -39.000000
58018.550901 21.954622      NaN  -418     2 c    0   2.09 69.96139 7.06534  2397.42  2804.42 2.63 2.48 -54.0 -0.379    19.66 21.42 02a58018o0402c 0x000000 -209.000000
58018.557603 21.202047      NaN  -391     4 c    0   1.36 69.96139 7.06534  2377.97  2922.35 2.66 2.49 -57.0 -0.379    19.64 21.45 02a58018o0416c 0x000000  -97.750000
58019.584880 21.954622      NaN  -413     2 c    0   2.73 69.96139 7.06534  7989.78  9470.10 2.57 2.44  34.4 -0.431    19.77 21.46 02a58019o0732c 0x000000 -206.500000
58019.594451 20.594452      NaN  -353     7 c    0   1.07 69.96139 7.06534  8007.81  9511.80 2.56 2.43  43.3 -0.427    19.75 21.48 02a58019o0749c 0x000000  -50.428571
58019.603416 20.761819      NaN  -362     6 c    0   2.10 69.96139 7.06534  7929.76  9434.35 2.59 2.49  33.8 -0.417    19.77 21.51 02a58019o0766c 0x000000  -60.333333
58019.612796 20.959772      NaN  -372     5 c    0   1.42 69.96139 7.06534  7909.84  9553.24 2.54 2.45  41.9 -0.432    19.80 21.52 02a58019o0783c 0x000000  -74.400000
58071.492647 15.592386 0.009805  2104    19 c    0   6.66 69.96139 7.06534  1085.47  1285.56 2.97 2.47  44.8 -0.501    19.74 21.53 02a58071o0535c 0x000000  110.736842
58071.497004 15.572445 0.008613  2143    17 c    0  10.67 69.96139 7.06534  1068.05  1250.93 2.94 2.47  41.1 -0.500    19.78 21.53 02a58071o0543c 0x100001  126.058824
58071.512832 15.612700 0.009464  2065    18 c    0   6.22 69.96139 7.06534  1121.88  1323.61 2.97 2.45  38.4 -0.496    19.73 21.52 02a58071o0572c 0x000000  114.722222
58071.519895 15.543943 0.008883  2200    18 c    0   8.02 69.96139 7.06534  1145.51  1211.33 2.91 2.40  38.3 -0.497    19.79 21.51 02a58071o0586c 0x000000  122.222222
58074.454735 15.749225 0.009540  1821    16 c    0   5.10 69.96139 7.06534  1458.03  2022.23 2.72 2.40  47.6 -0.457    19.72 21.53 02a58074o0444c 0x000000  113.812500
58074.463812 15.755204 0.010192  1811    17 c    0   3.92 69.96139 7.06534  1475.87  2064.01 2.72 2.39  47.9 -0.457    19.76 21.53 02a58074o0461c 0x000000  106.529412
58074.472602 15.738546 0.010037  1839    17 c    0   4.90 69.96139 7.06534  1416.80  1985.73 2.84 2.43  52.8 -0.460    19.70 21.53 02a58074o0478c 0x000000  108.176471
58074.481741 15.770296 0.009727  1786    16 c    0   6.33 69.96139 7.06534  1398.56  2103.58 2.75 2.43  51.3 -0.454    19.73 21.51 02a58074o0495c 0x000000  111.625000
58075.477151 15.813707 0.010123  1716    16 c    0   5.78 69.96139 7.06534  1080.82   226.97 2.92 2.40  44.6 -0.482    19.78 21.65 02a58075o0515c 0x000000  107.250000
58075.494624 15.816875 0.010153  1711    16 c    0   4.84 69.96139 7.06534  1060.47   184.08 2.80 2.31  45.1 -0.482    19.80 21.61 02a58075o0547c 0x000000  106.937500
58075.499601 15.809917 0.010088  1722    16 c    0   4.66 69.96139 7.06534  1142.46   268.26 2.78 2.30  45.3 -0.495    19.81 21.61 02a58075o0557c 0x000000  107.625000
58075.513808 15.820689 0.008915  1705    14 c    0   6.84 69.96139 7.06534  1153.92   142.33 2.83 2.35  41.6 -0.467    19.80 21.60 02a58075o0584c 0x000000  121.785714
58078.436237 16.230464 0.012074  1169    13 c    0   4.54 69.96139 7.06534 10386.81  1806.30 2.81 2.54  52.0 -0.266    19.76 21.60 02a58078o0526c 0x000000   89.923077
58078.445600 16.067751 0.011993  1358    15 c    0   4.29 69.96139 7.06534 10403.80  1847.52 2.81 2.52  50.4 -0.446    19.85 21.66 02a58078o0543c 0x000000   90.533333
58078.454221 16.088739 0.012227  1332    15 c    0   3.86 69.96139 7.06534   738.35  1819.78 2.59 2.28  46.5 -0.457    19.85 21.70 02a58078o0559c 0x000000   88.800000
58078.454677 16.180546 0.012419  1224    14 c    0   4.74 69.96139 7.06534 10344.38  1771.58 2.72 2.46  62.0 -0.437    19.84 21.67 02a58078o0560c 0x000000   87.428571
58078.463036 16.058991 0.011103  1369    14 c    0   4.81 69.96139 7.06534   678.04  1740.84 2.70 2.41  49.5 -0.475    19.80 21.72 02a58078o0576c 0x000000   97.785714
58078.463493 16.125210 0.012644  1288    15 c    0   3.11 69.96139 7.06534 10322.17  1890.45 2.89 2.58  57.1 -0.335    19.82 21.69 02a58078o0577c 0x000000   85.866667
58110.368981 20.207197      NaN   -23    10 c    0   1.42 69.96139 7.06534   228.23  9723.81 2.53 2.28   5.9 -0.429    19.83 21.72 02a58110o0371c 0x000000   -2.300000
58110.376701 20.321591      NaN   -18     9 c    0   1.06 69.96139 7.06534  9914.17  9750.85 2.84 2.52  49.7 -0.416    19.84 21.75 02a58110o0387c 0x000000   -2.000000
58110.377156 20.321591      NaN    -3     9 c    0   1.80 69.96139 7.06534   209.71  9684.40 2.53 2.27   3.7 -0.422    19.83 21.73 02a58110o0388c 0x000000   -0.333333
58110.385388 20.207197      NaN    -7    10 c    0   1.23 69.96139 7.06534  9895.11  9713.79 2.90 2.57  45.1 -0.414    19.80 21.74 02a58110o0404c 0x000000   -0.700000
58110.394217 20.207197      NaN    -9    10 c    0   1.27 69.96139 7.06534  9954.34  9790.22 2.98 2.62  35.3 -0.413    19.78 21.73 02a58110o0421c 0x000000   -0.900000
58110.394687 20.321591      NaN   -30     9 c    0   1.88 69.96139 7.06534   289.88  9641.57 2.64 2.36   7.4 -0.426    19.83 21.70 02a58110o0422c 0x000000   -3.333333
58134.395522 19.922338      NaN  -163    13 c    0   1.06 69.96139 7.06534    87.56 10369.21 2.95 2.57  11.9 -0.400    19.69 21.75 02a58134o0426c 0x000000  -12.538462
58134.401307 20.449472      NaN  -156     8 c    0   1.62 69.96139 7.06534  2179.91   619.30 2.91 2.48  41.0 -0.431    19.75 21.68 02a58134o0438c 0x000000  -19.500000
58134.405604 19.631075      NaN  -201    17 c    0   1.16 69.96139 7.06534    69.44 10329.14 3.20 2.87  15.0 -0.371    19.60 21.72 02a58134o0447c 0x000000  -11.823529
58134.406973 20.321591      NaN  -171     9 c    0   1.35 69.96139 7.06534  9788.36 10399.05 2.82 2.66  24.7 -0.421    19.78 21.76 02a58134o0450c 0x000000  -19.000000
58134.411356 20.321591      NaN  -156     9 c    0   1.28 69.96139 7.06534  2161.25   579.15 2.89 2.48  46.3 -0.435    19.73 21.68 02a58134o0459c 0x000000  -17.333333
58134.415614 19.922338      NaN  -218    13 c    0   0.93 69.96139 7.06534   127.46 10407.06 2.88 2.44  11.6 -0.415    19.63 21.70 02a58134o0468c 0x000000  -16.769231
58134.417054 20.449472      NaN  -174     8 c    0   1.34 69.96139 7.06534  9768.84 10359.17 2.96 2.84  25.1 -0.394    19.68 21.74 02a58134o0471c 0x000000  -21.750000
58134.421332 20.449472      NaN  -172     8 c    0   1.72 69.96139 7.06534  2220.35   657.10 2.93 2.62  45.5 -0.426    19.68 21.64 02a58134o0480c 0x000000  -21.500000
58134.425605 20.009244      NaN  -215    12 c    0   1.01 69.96139 7.06534   150.48 10287.02 2.86 2.48  12.5 -0.414    19.64 21.66 02a58134o0489c 0x000000  -17.916667
58134.427055 20.103715      NaN  -157    11 c    0   1.10 69.96139 7.06534  9828.08 10439.16 2.95 2.75  17.8 -0.411    19.69 21.72 02a58134o0492c 0x000000  -14.272727
58134.431288 20.207197      NaN  -189    10 c    0   0.97 69.96139 7.06534  2240.67   538.71 2.86 2.48  43.4 -0.434    19.71 21.61 02a58134o0501c 0x000000  -18.900000
58134.437052 20.207197      NaN  -150    10 c    0   1.04 69.96139 7.06534  9847.96 10320.97 2.75 2.58   9.3 -0.432    19.69 21.68 02a58134o0513c 0x000000  -15.000000
58398.611338 20.449472      NaN  -363     8 c    0   1.12 69.96139 7.06534   233.82  9287.64 2.47 2.33 -23.9 -0.427    19.79 21.66 02a58398o0359c 0x000000  -45.375000
58402.611264 21.954622      NaN  -380     2 c    0   2.02 69.96139 7.06534  8350.39  8771.35 2.53 2.51 -14.5 -0.428    19.81 21.61 02a58402o0616c 0x000000 -190.000000
58402.621958 21.954622      NaN  -384     2 c    0   2.07 69.96139 7.06534  8330.51  8733.60 2.49 2.47 -10.8 -0.438    19.77 21.61 02a58402o0638c 0x000000 -192.000000
58402.632133 20.761819      NaN  -365     6 c    0   1.55 69.96139 7.06534  8388.76  8813.39 2.57 2.56 -27.9 -0.420    19.75 21.50 02a58402o0659c 0x000000  -60.833333
58402.642876 19.631075      NaN  -372    17 c    0   0.95 69.96139 7.06534  8407.17  8697.11 2.58 2.54 -23.9 -0.424    19.20 20.27 02a58402o0681c 0x000000  -21.882353
58430.554438 20.761819      NaN  -369     6 c    0   1.42 69.96139 7.06534  3189.29   903.13 2.62 2.39  49.9 -0.427    19.68 21.38 02a58430o0753c 0x000000  -61.500000
58430.564547 20.449472      NaN  -412     8 c    0   1.36 69.96139 7.06534  3169.60   863.73 2.71 2.42  45.3 -0.426    19.51 21.18 02a58430o0774c 0x000000  -51.500000
58430.574584 20.449472      NaN  -417     8 c    0   1.51 69.96139 7.06534  3228.63   941.61 2.75 2.44  45.7 -0.426    19.60 21.27 02a58430o0795c 0x000000  -52.125000
58430.584577 21.954622      NaN  -410     2 c    0   1.91 69.96139 7.06534  3248.83   823.58 2.79 2.45  42.6 -0.423    19.67 21.36 02a58430o0816c 0x000000 -205.000000
58431.539072 21.954622      NaN  -411     2 c    0   2.28 69.96139 7.06534  1487.57  1417.72 2.51 2.25  45.0 -0.474    19.76 21.52 02a58431o0740c 0x000000 -205.500000
58431.555798 20.449472      NaN  -366     8 c    0   1.18 69.96139 7.06534  1465.85  1377.91 2.58 2.28  44.6 -0.475    19.72 21.50 02a58431o0776c 0x000000  -45.750000
58431.574476 21.954622      NaN  -414     2 c    0   1.93 69.96139 7.06534  1526.14  1455.44 2.58 2.29  47.1 -0.465    19.69 21.45 02a58431o0814c 0x000000 -207.000000
58431.580060 20.321591      NaN  -394     9 c    0   0.96 69.96139 7.06534  1546.30  1339.68 2.63 2.30  42.9 -0.469    19.69 21.44 02a58431o0824c 0x000000  -43.777778
58434.530808 20.321591      NaN  -373     9 c    0   0.85 69.96139 7.06534  1225.35 10436.88 2.79 2.45  11.2 -0.411    19.68 21.57 02a58434o0738c 0x000000  -41.444444
58434.536541 21.202047      NaN  -380     4 c    0   1.49 69.96139 7.06534  3324.94   704.21 2.72 2.47  45.7 -0.426    19.70 21.52 02a58434o0750c 0x000000  -95.000000
58434.540846 21.954622      NaN  -382     2 c    0   2.22 69.96139 7.06534  1205.43 10397.62 2.79 2.43   6.2 -0.409    19.66 21.55 02a58434o0759c 0x000000 -191.000000
58434.546582 20.594452      NaN  -403     7 c    0   1.22 69.96139 7.06534  3304.82   664.61 2.72 2.42  42.6 -0.430    19.70 21.51 02a58434o0771c 0x000000  -57.571429
58434.550846 20.207197      NaN  -377    10 c    0   0.96 69.96139 7.06534  1262.27 10475.95 2.73 2.41   5.4 -0.407    19.71 21.53 02a58434o0780c 0x000000  -37.700000
58434.556608 20.594452      NaN  -362     7 c    0   1.18 69.96139 7.06534  3363.15   742.84 2.82 2.44  40.0 -0.431    19.71 21.47 02a58434o0792c 0x000000  -51.714286
58434.560837 20.761819      NaN  -379     6 c    0   1.54 69.96139 7.06534  1284.17 10356.42 2.79 2.39   6.4 -0.416    19.67 21.49 02a58434o0801c 0x000000  -63.166667
58434.566554 21.954622      NaN  -420     2 c    0   2.16 69.96139 7.06534  3383.52   624.35 2.78 2.50  37.8 -0.431    19.66 21.43 02a58434o0813c 0x000000 -210.000000
58454.486262 20.761819      NaN  -353     6 c    0   1.82 69.96139 7.06534  8746.86  7736.21 2.47 2.43 -32.3 -0.428    19.77 21.76 02a58454o0638c 0x000000  -58.833333
58454.495271 20.594452      NaN  -362     7 c    0   1.36 69.96139 7.06534  8727.20  7698.28 2.52 2.49 -39.0 -0.426    19.75 21.75 02a58454o0657c 0x000000  -51.714286
58454.504417 20.594452      NaN  -374     7 c    0   1.00 69.96139 7.06534  8784.57  7775.82 2.60 2.59 -39.1 -0.435    19.71 21.72 02a58454o0676c 0x000000  -53.428571
58454.513631 20.761819      NaN  -404     6 c    0   1.38 69.96139 7.06534  8803.47  7660.69 2.52 2.48 -43.8 -0.434    19.76 21.72 02a58454o0695c 0x000000  -67.333333
58458.437427 21.514394      NaN  -370     3 c    0   1.43 69.96139 7.06534  1576.76  3481.32 2.53 2.38  40.6 -0.433    19.75 21.63 02a58458o0209c 0x000000 -123.333333
58458.446404 21.954622      NaN  -400     2 c    0   2.70 69.96139 7.06534  1556.64  3442.49 2.48 2.36  45.9 -0.428    19.73 21.61 02a58458o0227c 0x000000 -200.000000
58458.454799 21.514394      NaN  -362     3 c    0   1.31 69.96139 7.06534  1614.98  3517.96 2.52 2.39  41.4 -0.427    19.70 21.61 02a58458o0244c 0x000000 -120.666667
58458.463782 20.959772      NaN  -341     5 c    0   1.10 69.96139 7.06534  1634.05  3404.27 2.61 2.46  35.7 -0.429    19.68 21.60 02a58458o0262c 0x000000  -68.200000
58462.445061 20.207197      NaN  -392    10 c    0   0.80 69.96139 7.06534  9227.53  5448.78 2.92 2.82  83.3 -0.416    19.61 21.68 02a58462o0550c 0x000000  -39.200000
58462.454043 20.449472      NaN  -392     8 c    0   1.31 69.96139 7.06534  9207.37  5409.77 3.15 3.05  74.4 -0.406    19.53 21.68 02a58462o0568c 0x000000  -49.000000
58462.462459 20.207197      NaN  -369    10 c    0   0.83 69.96139 7.06534  9284.30  5488.77 3.04 2.95  78.0 -0.423    19.57 21.70 02a58462o0585c 0x000000  -36.900000
58462.471314 20.594452      NaN  -369     7 c    0   1.16 69.96139 7.06534  9304.21  5373.26 2.88 2.81  84.7 -0.433    19.60 21.69 02a58462o0603c 0x000000  -52.714286
58486.398285 21.202047      NaN  -374     4 c    0   1.58 69.96139 7.06534  5371.14  1544.93 2.64 2.55  84.8 -0.406    19.61 21.54 02a58486o0440c 0x000000  -93.500000
58486.407058 20.761819      NaN  -393     6 c    0   1.80 69.96139 7.06534  5351.80  1505.74 2.65 2.53  87.9 -0.404    19.59 21.55 02a58486o0458c 0x000000  -65.500000
58486.415354 20.449472      NaN  -367     8 c    0   1.13 69.96139 7.06534  5410.29  1584.05 2.64 2.53 -87.8 -0.403    19.59 21.53 02a58486o0475c 0x000000  -45.875000
58486.424245 21.954622      NaN  -405     2 c    0   2.01 69.96139 7.06534  5431.40  1467.31 2.59 2.51  87.4 -0.408    19.63 21.51 02a58486o0493c 0x000000 -202.500000
58490.387068 20.594452      NaN  -385     7 c    0   1.30 69.96139 7.06534  5347.72  7354.42 2.66 2.52 -51.8 -0.418    19.63 21.65 02a58490o0413c 0x000000  -55.000000
58490.395785 20.207197      NaN  -393    10 c    0   0.80 69.96139 7.06534  5327.53  7315.70 2.67 2.52 -54.6 -0.415    19.63 21.64 02a58490o0431c 0x000000  -39.300000
58490.404069 20.321591      NaN  -362     9 c    0   1.03 69.96139 7.06534  5385.04  7393.26 2.66 2.54 -52.8 -0.415    19.64 21.64 02a58490o0448c 0x000000  -40.222222
58490.412760 20.321591      NaN  -372     9 c    0   1.13 69.96139 7.06534  5406.57  7276.95 2.62 2.51 -57.8 -0.418    19.65 21.64 02a58490o0466c 0x000000  -41.333333
58494.347386 20.761819      NaN  -386     6 c    0   1.31 69.96139 7.06534  5365.63  5418.28 2.61 2.54 -82.9 -0.407    19.62 21.66 02a58494o0325c 0x000000  -64.333333
58494.355465 21.202047      NaN  -394     4 c    0   1.29 69.96139 7.06534  5346.36  5381.78 2.75 2.60 -77.9 -0.402    19.61 21.66 02a58494o0342c 0x000000  -98.500000
58494.363620 20.449472      NaN  -363     8 c    0   1.35 69.96139 7.06534  5403.00  5459.28 2.76 2.62 -68.7 -0.396    19.55 21.66 02a58494o0359c 0x000000  -45.375000
58494.371789 20.207197      NaN  -376    10 c    0   0.75 69.96139 7.06534  5421.27  5342.74 2.88 2.77 -73.2 -0.400    19.52 21.67 02a58494o0376c 0x000000  -37.600000
58518.340335 20.761819      NaN  -368     6 c    0   1.18 69.96139 7.06534  3504.14  3490.47 2.59 2.52  52.5 -0.401    19.67 21.58 02a58518o0267c 0x000000  -61.333333
58518.348933 21.202047      NaN  -369     4 c    0   1.21 69.96139 7.06534  3485.99  3451.43 2.51 2.46  83.1 -0.401    19.71 21.56 02a58518o0285c 0x000000  -92.250000
58518.357032 20.959772      NaN  -373     5 c    0   1.65 69.96139 7.06534  3545.26  3528.19 2.54 2.46  44.2 -0.410    19.69 21.53 02a58518o0302c 0x000000  -74.600000
58518.365611 20.761819      NaN  -379     6 c    0   1.27 69.96139 7.06534  3565.75  3411.31 2.55 2.46  36.2 -0.409    19.66 21.51 02a58518o0320c 0x000000  -63.166667
58578.244521 20.449472      NaN  -384     8 c    0   1.64 69.96139 7.06534  7308.28  3512.56 2.86 2.37  46.5 -0.372    19.28 20.76 02a58578o0056c 0x000000  -48.000000
58578.253459 20.009244      NaN  -360    12 c    0   1.19 69.96139 7.06534  7288.96  3473.43 2.81 2.36  45.2 -0.377    19.32 20.81 02a58578o0075c 0x000000  -30.000000
58578.262347 19.922338      NaN  -362    13 c    0   0.83 69.96139 7.06534  7347.16  3550.37 2.79 2.42  45.5 -0.377    19.25 20.79 02a58578o0094c 0x000000  -27.846154
58578.271371 20.207197      NaN  -386    10 c    0   1.35 69.96139 7.06534  7369.21  3432.79 2.58 2.43  46.5 -0.386    19.31 20.77 02a58578o0113c 0x000000  -38.600000
58582.232776 18.550302      NaN  -336    46 c    0   1.06 69.96139 7.06534  3458.79  9309.34 3.15 2.68  52.8 -0.364    18.18 19.09 02a58582o0029c 0x100002   -7.304348
58582.238366 19.212347      NaN  -399    25 c    0   1.12 69.96139 7.06534  3439.07  9270.71 3.04 2.65  55.7 -0.356    18.72 19.90 02a58582o0041c 0x100002  -15.960000
58582.246444 19.454622      NaN  -363    20 c    0   1.25 69.96139 7.06534  3495.73  9348.02 3.00 2.76  59.4 -0.359    18.86 20.14 02a58582o0058c 0x000000  -18.150000
58582.255445 19.454622      NaN  -330    20 c    0   1.09 69.96139 7.06534  3518.41  9228.24 2.64 2.59  85.1 -0.392    18.90 20.05 02a58582o0077c 0x000000  -16.500000
58702.628671 19.454622      NaN  -377    20 c    0   0.85 69.96139 7.06534  7575.82  3489.50 2.43 2.36  53.1 -0.388    18.89 19.86 02a58702o0810c 0x000000  -18.850000
58702.631964 19.128787      NaN  -382    27 c    0   1.58 69.96139 7.06534  7595.16  3527.81 2.58 2.39  41.9 -0.378    18.29 19.10 02a58702o0817c 0x100002  -14.148148
58702.635239 18.034118      NaN  -474    74 c    0   0.68 69.96139 7.06534  7537.73  3450.38 2.63 2.36  43.3 -0.414    17.52 18.27 02a58702o0824c 0x100002   -6.405405
58702.638613 17.069016      NaN  -257   180 c    0   0.99 69.96139 7.06534  7519.23  3566.37 6.38 5.64   0.0 -0.325    16.55 18.00 02a58702o0831c 0x100002   -1.427778
58726.612390 21.954622      NaN  -418     2 c    0   2.14 69.96139 7.06534  1858.45  5693.03 2.27 2.25 -24.4 -0.413    19.75 21.61 02a58726o0822c 0x000000 -209.000000
58726.616058 21.514394      NaN  -386     3 c    0   1.24 69.96139 7.06534  1877.58  5732.78 2.28 2.24  29.6 -0.412    19.77 21.59 02a58726o0830c 0x000000 -128.666667
58726.623003 21.954622      NaN  -421     2 c    0   2.77 69.96139 7.06534  1819.21  5654.45 2.27 2.26  90.0 -0.414    19.72 21.56 02a58726o0845c 0x000000 -210.500000
58726.628099 21.202047      NaN  -359     4 c    0   1.45 69.96139 7.06534  1799.66  5770.86 2.30 2.24 -29.4 -0.412    19.68 21.43 02a58726o0856c 0x000000  -89.750000
58730.596687 21.202047      NaN  -365     4 c    0   1.13 69.96139 7.06534  1696.55  1809.68 2.46 2.34 -74.2 -0.404    19.74 21.48 02a58730o0789c 0x000000  -91.250000
58730.599654 20.959772      NaN  -358     5 c    0   1.58 69.96139 7.06534  1719.91  1849.06 2.54 2.32 -59.0 -0.404    19.72 21.50 02a58730o0795c 0x000000  -71.600000
58730.605321 21.202047      NaN  -371     4 c    0   1.90 69.96139 7.06534  1658.10  1769.18 2.38 2.28 -73.3 -0.410    19.78 21.51 02a58730o0807c 0x000000  -92.750000
58730.615499 21.514394      NaN  -360     3 c    0   1.68 69.96139 7.06534  1633.86  1888.34 2.44 2.33 -70.3 -0.403    19.74 21.54 02a58730o0828c 0x000000 -120.000000
58750.425639 19.922338      NaN  -370    13 c    0   1.39 69.96139 7.06534  3953.92  9493.61 2.63 2.44 -45.1 -0.398    19.34 21.05 02a58750o0439c 0x000000  -28.461538
58750.430404 19.922338      NaN  -397    13 c    0   1.38 69.96139 7.06534  3973.81  9532.35 2.54 2.33 -48.3 -0.395    19.42 21.09 02a58750o0448c 0x000000  -30.538462
58750.435582 20.103715      NaN  -333    11 c    0   1.23 69.96139 7.06534  3915.22  9454.75 2.65 2.48  38.3 -0.376    19.36 21.14 02a58750o0459c 0x000000  -30.272727
58750.445591 20.207197      NaN  -434    10 c    0   1.74 69.96139 7.06534  3893.59  9570.43 2.61 2.43  41.1 -0.378    19.44 21.24 02a58750o0479c 0x000000  -43.400000
58762.547689 21.202047      NaN  -376     4 c    0   1.46 69.96139 7.06534  3726.31  3675.70 2.30 2.14 -54.8 -0.410    19.68 21.44 02a58762o0725c 0x000000  -94.000000
58762.551192 21.954622      NaN  -360     2 c    0   1.79 69.96139 7.06534  3744.65  3714.69 2.30 2.16 -54.5 -0.407    19.71 21.45 02a58762o0732c 0x000000 -180.000000
58762.557039 21.954622      NaN  -369     2 c    0   2.54 69.96139 7.06534  3688.17  3637.48 2.32 2.23 -55.0 -0.403    19.71 21.50 02a58762o0744c 0x000000 -184.500000
58762.558052 20.761819      NaN  -383     6 c    0   1.09 69.96139 7.06534  3690.13  3638.27 2.43 2.32 -54.5 -0.396    19.69 21.50 02a58762o0746c 0x000000  -63.833333
58762.568612 21.514394      NaN  -355     3 c    0   1.60 69.96139 7.06534  3669.72  3753.79 2.35 2.22 -54.0 -0.404    19.70 21.51 02a58762o0767c 0x000000 -118.333333
58782.543295 20.009244      NaN  -360    12 c    0   1.33 69.96139 7.06534   538.01  6691.66 2.43 2.34 -33.5 -0.395    19.13 20.78 02a58782o0638c 0x000000  -30.000000
58782.546336 20.103715      NaN  -365    11 c    0   0.78 69.96139 7.06534   518.35  6652.09 2.74 2.42  31.1 -0.361    19.21 20.99 02a58782o0644c 0x000000  -33.181818
58782.552631 19.631075      NaN  -384    17 c    0   1.34 69.96139 7.06534   575.51  6729.96 2.34 2.28 -56.7 -0.408    18.83 20.39 02a58782o0657c 0x000000  -22.588235
58782.563835 19.401649      NaN  -370    21 c    0   0.91 69.96139 7.06534   591.51  6612.27 2.76 2.40  32.3 -0.357    18.51 20.20 02a58782o0680c 0x000000  -17.619048
58790.437327 21.514394      NaN  -399     3 c    0   2.39 69.96139 7.06534  5832.68  7457.46 2.41 2.33  38.0 -0.407    19.71 21.39 02a58790o0535c 0x000000 -133.000000
58790.440577 21.954622      NaN  -427     2 c    0   2.48 69.96139 7.06534  5852.52  7496.63 2.36 2.32 -69.4 -0.411    19.67 21.40 02a58790o0542c 0x000000 -213.500000
58790.446093 20.761819      NaN  -414     6 c    0   1.36 69.96139 7.06534  5793.66  7420.45 2.38 2.30  42.2 -0.403    19.74 21.44 02a58790o0554c 0x000000  -69.000000
58790.457630 20.761819      NaN  -377     6 c    0   1.43 69.96139 7.06534  5773.43  7536.60 2.43 2.30  33.7 -0.403    19.70 21.48 02a58790o0579c 0x000000  -62.833333
58814.441342 18.623526      NaN  -438    43 c    0   1.01 69.96139 7.06534  1806.35  3768.59 2.39 2.34 -43.9 -0.406    17.79 19.42 02a58814o0464c 0x100002  -10.186047
58814.446358 19.128787      NaN  -395    27 c    0   0.96 69.96139 7.06534  1823.52  3806.82 2.39 2.38  12.4 -0.404    18.51 20.21 02a58814o0474c 0x100002  -14.629630
58814.449397 19.169763      NaN  -343    26 c    0   1.16 69.96139 7.06534  1765.85  3728.08 2.39 2.36 -58.1 -0.404    18.17 19.85 02a58814o0480c 0x100002  -13.192308
58814.467416 18.910912      NaN  -405    33 c    0   0.67 69.96139 7.06534  8873.25  6732.58 2.76 2.59  51.9 -0.390    18.44 20.13 02a58814o0517c 0x100002  -12.272727
58815.429785 21.514394      NaN  -389     3 c    0   1.44 69.96139 7.06534  1811.80  3768.49 2.46 2.32 -55.8 -0.408    19.76 21.82 02a58815o0495c 0x000000 -129.666667
58815.433168 20.959772      NaN  -373     5 c    0   1.11 69.96139 7.06534  1830.85  3807.20 2.42 2.30 -50.2 -0.405    19.78 21.83 02a58815o0502c 0x000000  -74.600000
58815.440336 21.954622      NaN  -351     2 c    0   2.04 69.96139 7.06534  1769.99  3728.05 2.44 2.32 -53.5 -0.407    19.78 21.82 02a58815o0516c 0x000000 -175.500000
58815.450586 20.761819      NaN  -386     6 c    0   0.80 69.96139 7.06534  1750.66  3845.79 2.47 2.30 -51.7 -0.408    19.76 21.80 02a58815o0536c 0x000000  -64.333333
58818.445260 18.878500      NaN  -376    34 c    0   1.01 69.96139 7.06534  2021.72  9600.17 3.00 2.35 -50.4 -0.430    18.25 20.10 02a58818o0557c 0x100002  -11.058824
58846.367433 20.761819      NaN  -377     6 c    0   0.98 69.96139 7.06534  8627.61  2928.11 2.62 2.53 -75.7 -0.382    19.73 21.80 02a58846o0390c 0x000000  -62.833333
58846.370483 20.594452      NaN  -376     7 c    0   1.05 69.96139 7.06534  1980.54  7677.85 2.77 2.53 -48.0 -0.397    19.66 21.81 02a58846o0396c 0x000000  -53.714286
58846.376978 22.707197      NaN  -346     1 c    0   1.64 69.96139 7.06534  8672.02  2970.17 2.63 2.45 -65.5 -0.387    19.77 21.81 02a58846o0409c 0x000000 -346.000000
58846.387157 20.959772      NaN  -368     5 c    0   1.74 69.96139 7.06534  8693.03  2854.31 2.60 2.45 -61.9 -0.388    19.78 21.81 02a58846o0430c 0x000000  -73.600000
58867.461977 20.207197      NaN  -345    10 c    0   0.73 69.96139 7.06534   453.05  4746.30 2.46 2.16 -54.1 -0.413    19.61 21.42 02a58867o0570c 0x000000  -34.500000
58867.465972 21.954622      NaN  -368     2 c    0   1.69 69.96139 7.06534   433.58  4707.27 2.55 2.11 -57.0 -0.422    19.56 21.38 02a58867o0578c 0x000000 -184.000000
58867.472317 21.954622      NaN  -362     2 c    0   1.33 69.96139 7.06534   492.41  4784.76 2.51 2.20 -54.1 -0.414    19.55 21.31 02a58867o0591c 0x000000 -181.000000
58867.482206 20.449472      NaN  -350     8 c    0   1.11 69.96139 7.06534   512.13  4667.09 2.72 2.31 -53.3 -0.410    19.38 21.19 02a58867o0611c 0x000000  -43.750000
58870.315009 21.954622      NaN  -352     2 c    0   1.99 69.96139 7.06534   450.57  4759.14 2.31 2.24 -49.6 -0.409    19.80 21.75 02a58870o0259c 0x000000 -176.000000
58870.317953 22.707197      NaN  -367     1 c    0   2.16 69.96139 7.06534   431.41  4719.80 2.27 2.21 -71.3 -0.409    19.83 21.74 02a58870o0265c 0x000000 -367.000000
58870.324998 21.954622      NaN  -372     2 c    0   2.12 69.96139 7.06534   491.67  4797.14 2.29 2.26 -84.5 -0.411    19.78 21.73 02a58870o0280c 0x000000 -186.000000
58870.335750 21.202047      NaN  -366     4 c    0   1.42 69.96139 7.06534   511.60  4680.03 2.31 2.24 -73.0 -0.409    19.82 21.73 02a58870o0303c 0x000000  -91.500000
58874.344304 20.594452      NaN  -417     7 c    0   1.71 69.96139 7.06534   277.70   854.61 2.77 2.22 -54.9 -0.428    19.81 21.69 02a58874o0317c 0x000000  -59.571429
58874.347523 20.594452      NaN  -383     7 c    0   1.00 69.96139 7.06534   258.27   813.72 2.75 2.25 -56.4 -0.420    19.83 21.69 02a58874o0324c 0x000000  -54.714286
58874.353512 21.954622      NaN  -392     2 c    0   4.17 69.96139 7.06534   318.73   893.60 2.53 2.24 -59.9 -0.429    19.75 21.70 02a58874o0337c 0x000000 -196.000000
58874.364165 20.959772      NaN  -385     5 c    0   1.41 69.96139 7.06534   337.95   774.70 2.91 2.33 -55.7 -0.417    19.75 21.70 02a58874o0360c 0x000000  -77.000000
58874.371057 19.212347      NaN  -353    25 c    0   0.43 69.96139 7.06534 10518.79   853.23 2.86 2.18 -53.0 -0.415    19.75 21.77 02a58874o0375c 0x100002  -14.120000
58875.336902 21.954622      NaN  -392     2 c    0   1.85 69.96139 7.06534   278.48   849.31 2.96 2.28 -53.3 -0.419    19.75 21.60 02a58875o0299c 0x000000 -196.000000
58875.339878 20.321591      NaN  -386     9 c    0   0.84 69.96139 7.06534   259.28   810.07 3.08 2.42 -55.5 -0.417    19.72 21.56 02a58875o0305c 0x000000  -42.888889
58875.343462 17.447688      NaN  -357   127 c    0   0.01 69.96139 7.06534 10517.92   847.20 2.84 2.13 -52.5 -0.422    19.74 21.63 02a58875o0312c 0x100002   -2.811024
58875.347405 21.202047      NaN  -384     4 c    0   1.63 69.96139 7.06534   320.22   887.90 2.91 2.26 -53.4 -0.421    19.71 21.60 02a58875o0320c 0x000000  -96.000000
58875.359789 21.202047      NaN  -374     4 c    0   0.97 69.96139 7.06534   340.89   769.14 2.86 2.24 -54.7 -0.432    19.77 21.54 02a58875o0346c 0x000000  -93.500000
58902.258659 20.449472      NaN   -18     8 c    0   1.72 69.96139 7.06534  2975.40  7083.22 2.44 2.35 -55.1 -0.407    19.67 21.42 02a58902o0112c 0x000000   -2.250000
58902.261411 20.207197      NaN    -4    10 c    0   0.96 69.96139 7.06534  2956.46  7044.00 2.46 2.35 -71.8 -0.406    19.66 21.42 02a58902o0118c 0x000000   -0.400000
58902.267394 19.719755      NaN    14    11 c    0   0.78 69.96139 7.06534  3015.82  7120.75 2.52 2.43 -60.8 -0.402    19.65 21.44 02a58902o0131c 0x000000    1.272727
58902.279991 20.137125      NaN     2    10 c    0   1.28 69.96139 7.06534  3036.46  7003.27 2.45 2.34 -63.6 -0.402    19.64 21.42 02a58902o0158c 0x000000    0.200000
58906.305437 19.226921      NaN    29    15 c    0   0.91 69.96139 7.06534  2794.09  3202.20 3.75 3.49 -63.8 -0.368    19.15 21.28 02a58906o0192c 0x000000    1.933333
58906.308180 19.696897      NaN    -5    16 c    0   0.78 69.96139 7.06534  2775.43  3162.75 4.04 3.83 -56.6 -0.341    19.01 21.27 02a58906o0198c 0x000000   -0.312500
58906.314594 19.696897      NaN     3    15 c    0   0.88 69.96139 7.06534  2834.74  3239.57 3.77 3.52 -56.6 -0.386    19.09 21.25 02a58906o0212c 0x000000    0.200000
58906.324825 19.351140      NaN    18    16 c    0   0.88 69.96139 7.06534  2854.16  3122.40 4.03 3.78 -67.2 -0.358    19.03 21.22 02a58906o0234c 0x000000    1.125000
58930.255773 20.207197      NaN   -18    10 c    0   1.36 69.96139 7.06534  8866.14  8770.27 2.87 2.56  48.9 -0.378    19.56 21.32 02a58930o0065c 0x000000   -1.800000
58930.258552 20.039830      NaN     5    10 c    0   1.13 69.96139 7.06534  8847.21  8730.80 2.65 2.63  66.0 -0.384    19.59 21.31 02a58930o0071c 0x000000    0.500000
58930.264048 20.103715      NaN    -4    11 c    0   1.21 69.96139 7.06534  8907.10  8809.18 2.67 2.60 -58.6 -0.385    19.59 21.30 02a58930o0083c 0x000000   -0.363636
58930.274247 19.979496      NaN     1    12 c    0   1.02 69.96139 7.06534  8927.99  8690.86 2.67 2.60 -54.4 -0.387    19.58 21.26 02a58930o0105c 0x000000    0.083333
59082.582782 20.103715      NaN    -8    11 c    0   1.10 69.96139 7.06534  9968.02  1913.77 2.51 2.26 -49.1 -0.417    19.49 21.26 02a59082o0765c 0x000000   -0.727273
59082.586018 19.950541      NaN     8    10 c    0   1.10 69.96139 7.06534  9987.29  1952.37 2.51 2.27 -50.3 -0.417    19.56 21.27 02a59082o0772c 0x000000    0.800000
59082.599591 20.103715      NaN    -2    11 c    0   0.94 69.96139 7.06534  9928.61  1874.06 2.54 2.26 -53.3 -0.418    19.59 21.29 02a59082o0801c 0x000000   -0.181818
59082.611057 20.321591      NaN   -10     9 c    0   1.34 69.96139 7.06534  9902.01  1993.21 2.53 2.32 -47.2 -0.410    19.60 21.31 02a59082o0826c 0x000000   -1.111111
59086.598539 20.103715      NaN    -8    11 c    0   0.64 69.96139 7.06534  9963.06  1917.13 2.58 2.29 -40.5 -0.401    19.61 21.47 02a59086o0260c 0x000000   -0.727273
59086.604059 19.894850      NaN    10    10 c    0   1.01 69.96139 7.06534  9982.00  1955.97 2.75 2.31 -50.9 -0.400    19.62 21.47 02a59086o0272c 0x000000    1.000000
59086.623087 20.321591      NaN    -4     9 c    0   1.19 69.96139 7.06534  9926.10  1879.69 2.73 2.33 -51.8 -0.402    19.58 21.40 02a59086o0313c 0x000000   -0.444444
59086.634984 19.169763      NaN   -47    26 c    0   0.84 69.96139 7.06534  9908.11  1998.00 2.89 2.48 -50.8 -0.394    18.68 20.00 02a59086o0337c 0x100002   -1.807692
59106.572506 20.207197      NaN     3     9 c    0   1.44 69.96139 7.06534  7764.77  7362.65 2.70 2.45  41.3 -0.397    19.68 21.58 02a59106o0779c 0x000000    0.333333
59106.576718 20.207197      NaN    -1    10 c    0   1.09 69.96139 7.06534  7785.92  7399.20 2.67 2.40  42.9 -0.391    19.68 21.58 02a59106o0788c 0x000000   -0.100000
59106.582234 20.009244      NaN    -5    12 c    0   0.67 69.96139 7.06534  7728.36  7320.97 2.70 2.45  36.7 -0.391    19.68 21.57 02a59106o0800c 0x000000   -0.416667
59106.599619 20.137125      NaN     2    10 c    0   1.11 69.96139 7.06534  7708.44  7441.50 2.83 2.49  42.6 -0.388    19.62 21.55 02a59106o0837c 0x000000    0.200000
59110.543002 20.207197      NaN    -6    10 c    0   0.80 69.96139 7.06534  7765.91  7357.94 2.78 2.41  43.5 -0.383    19.61 21.47 02a59110o0718c 0x000000   -0.600000
59110.548806 20.103715      NaN     0    11 c    0   0.89 69.96139 7.06534  7782.08  7398.50 2.79 2.39  40.9 -0.384    19.65 21.48 02a59110o0730c 0x000000    0.000000
59110.550653 20.171596      NaN     4     9 c    0   1.17 69.96139 7.06534  7724.01  7320.65 2.83 2.41  39.8 -0.379    19.62 21.48 02a59110o0734c 0x000000    0.444444
59110.556214 19.472870      NaN    26    11 c    0   0.83 69.96139 7.06534  7705.16  7437.60 2.74 2.39  41.4 -0.387    19.67 21.47 02a59110o0746c 0x000000    2.363636
59114.539603 19.922338      NaN     9    10 c    0   1.09 69.96139 7.06534  7493.38  1545.06 2.49 2.40 -80.4 -0.398    19.61 21.42 02a59114o0714c 0x000000    0.900000
59114.544755 20.207197      NaN    -7    10 c    0   0.95 69.96139 7.06534  7518.99  1581.06 2.41 2.31 -64.6 -0.401    19.62 21.44 02a59114o0725c 0x000000   -0.700000
59114.547970 20.321591      NaN    -2     9 c    0   1.31 69.96139 7.06534  7457.77  1505.61 2.46 2.33 -70.7 -0.401    19.59 21.42 02a59114o0732c 0x000000   -0.222222
59114.558663 20.009244      NaN     0    12 c    0   1.28 69.96139 7.06534  7440.99  1622.96 2.47 2.41 -70.5 -0.391    19.31 21.09 02a59114o0755c 0x000000    0.000000
59138.521135 20.009244      NaN     0    12 c    0   1.38 69.96139 7.06534  5756.07  5514.09 2.50 2.21  33.2 -0.394    19.33 21.12 02a59138o0716c 0x000000    0.000000
59138.522991 19.791368      NaN     5    13 c    0   1.13 69.96139 7.06534  5775.33  5555.72 2.52 2.22  33.2 -0.398    19.39 21.16 02a59138o0720c 0x000000    0.384615
59138.526650 19.102305      NaN    17    22 c    0   0.90 69.96139 7.06534  5717.61  5477.88 2.48 2.20  34.0 -0.399    18.88 20.58 02a59138o0728c 0x000000    0.772727
59138.531713 18.910912      NaN    -1    33 c    0   1.33 69.96139 7.06534  5698.07  5594.02 2.49 2.20  35.6 -0.400    18.34 19.99 02a59138o0739c 0x100002   -0.030303
59142.456796 20.103715      NaN    -4    11 c    0   0.91 69.96139 7.06534  5741.42  5515.81 3.07 2.36  40.3 -0.370    19.61 21.48 02a59142o0577c 0x000000   -0.363636
59142.462330 20.009244      NaN    -9    12 c    0   0.61 69.96139 7.06534  5767.54  5553.92 2.61 2.28  39.1 -0.391    19.68 21.48 02a59142o0589c 0x000000   -0.750000
59142.464174 20.244005      NaN     2     9 c    0   1.13 69.96139 7.06534  5706.74  5475.25 2.70 2.30  40.5 -0.390    19.72 21.49 02a59142o0593c 0x000000    0.222222
59142.476623 20.207197      NaN     0    10 c    0   1.13 69.96139 7.06534  5687.64  5592.73 2.67 2.29  38.4 -0.388    19.71 21.55 02a59142o0620c 0x000000    0.000000
59146.550860 20.321591      NaN    -2     9 c    0   0.84 69.96139 7.06534  6611.60  1080.41 2.39 2.25 -78.1 -0.405    19.69 21.51 02a59146o0733c 0x000000   -0.222222
59146.554568 20.207197      NaN     6     8 c    0   1.45 69.96139 7.06534  6593.61  1042.12 2.42 2.28 -81.1 -0.400    19.69 21.52 02a59146o0741c 0x000000    0.750000
59146.560578 20.761819 0.361912    18     6 c    0   1.99 69.96139 7.06534  6650.49  1118.69 2.38 2.28 -84.0 -0.404    19.67 21.51 02a59146o0754c 0x000000    3.000000
59146.595973 20.244005      NaN     5     8 c    0   1.15 69.96139 7.06534  6667.88  1004.79 2.36 2.16 -68.2 -0.415    19.71 21.45 02a59146o0830c 0x000000    0.625000
59147.536992 20.071303      NaN    10     8 c    0   1.10 69.96139 7.06534  6613.45  1074.11 2.34 2.18 -65.5 -0.411    19.76 21.57 02a59147o0678c 0x000000    1.250000
59147.541228 20.594452      NaN   -14     7 c    0   1.38 69.96139 7.06534  6593.28  1035.24 2.36 2.18 -66.8 -0.408    19.77 21.56 02a59147o0686c 0x000000   -2.000000
59147.547627 19.979496      NaN    13     8 c    0   1.05 69.96139 7.06534  6650.66  1114.03 2.33 2.19 -69.3 -0.410    19.76 21.56 02a59147o0699c 0x000000    1.625000
59147.578929 20.405150      NaN     4     7 c    0   1.56 69.96139 7.06534  6667.52  1000.24 2.32 2.17 -67.9 -0.409    19.71 21.51 02a59147o0765c 0x000000    0.571429
59170.358618 20.039830      NaN     5    10 c    0   0.85 69.96139 7.06534 10201.68  7755.22 2.83 2.41  30.7 -0.387    19.63 21.33 02a59170o0310c 0x000000    0.500000
59170.361850 19.950541      NaN     2    12 c    0   0.78 69.96139 7.06534 10229.86  7793.55 2.66 2.62 -41.7 -0.390    19.64 21.33 02a59170o0317c 0x000000    0.166667
59170.371655 19.816329      NaN    13    10 c    0   0.92 69.96139 7.06534 10173.05  7716.31 2.60 2.57 -41.4 -0.398    19.70 21.37 02a59170o0338c 0x000000    1.300000
59170.410041 20.207197      NaN    -6    10 c    0   1.00 69.96139 7.06534 10149.69  7837.39 2.78 2.65  24.0 -0.385    19.66 21.42 02a59170o0396c 0x000000   -0.600000
59191.412942 19.922338      NaN    12     9 c    0   0.89 69.96139 7.06534  4745.09  3114.96 2.41 2.33  73.3 -0.404    19.74 21.60 02a59191o0465c 0x000000    1.333333
59191.416537 20.449472      NaN     3     7 c    0   1.54 69.96139 7.06534  4724.54  3075.10 2.44 2.38  63.3 -0.397    19.72 21.59 02a59191o0472c 0x000000    0.428571
59191.421499 20.103715      NaN     9     8 c    0   0.99 69.96139 7.06534  4782.76  3152.45 2.41 2.33  75.0 -0.406    19.75 21.57 02a59191o0482c 0x000000    1.125000
59191.431480 20.009244      NaN    12     8 c    0   1.05 69.96139 7.06534  4801.56  3036.12 2.39 2.32  64.2 -0.398    19.70 21.52 02a59191o0499c 0x000000    1.500000
59194.421408 20.321591      NaN   -22     9 c    0   1.19 69.96139 7.06534  4994.72  8926.23 2.63 2.45  46.5 -0.396    19.79 21.79 02a59194o0516c 0x000000   -2.444444
59194.425985 20.039830      NaN     8     9 c    0   1.20 69.96139 7.06534  4975.21  8885.75 2.65 2.50  54.8 -0.394    19.75 21.78 02a59194o0526c 0x000000    0.888889
59194.431975 20.321591      NaN    -6     9 c    0   1.46 69.96139 7.06534  5033.20  8966.09 2.62 2.50  55.8 -0.392    19.81 21.79 02a59194o0539c 0x000000   -0.666667
59194.442148 19.950541      NaN    11     9 c    0   0.75 69.96139 7.06534  5053.51  8850.08 2.63 2.52  51.3 -0.397    19.76 21.80 02a59194o0561c 0x000000    1.222222
59196.447291 19.674510      NaN    16    11 c    0   1.07 69.96139 7.06534  7562.57  3462.99 3.86 3.47 -81.4 -0.296    19.32 21.70 01a59196o0116c 0x000000    1.454545
59196.450540 20.321591      NaN   -14     9 c    0   0.74 69.96139 7.06534  7581.83  3501.38 2.89 2.75 -58.7 -0.352    19.65 21.74 01a59196o0123c 0x000000   -1.555556
59196.455649 20.071303      NaN     1    11 c    0   0.98 69.96139 7.06534  7524.54  3425.09 3.56 3.30 -78.2 -0.364    19.45 21.72 01a59196o0134c 0x000000    0.090909
59196.467163 20.321591      NaN   -10     9 c    0   0.95 69.96139 7.06534  7505.21  3541.59 3.08 2.96 -18.2 -0.327    19.57 21.71 01a59196o0159c 0x000000   -1.111111
59198.407736 19.719755      NaN    20     9 c    0   1.27 69.96139 7.06534  4997.75  8928.48 2.60 2.48  46.9 -0.401    19.61 21.48 02a59198o0481c 0x000000    2.222222
59198.412874 19.652575      NaN    14    12 c    0   0.83 69.96139 7.06534  4978.10  8888.74 2.58 2.44  54.2 -0.403    19.51 21.31 02a59198o0492c 0x000000    1.166667
59198.416075 19.334813      NaN    19    16 c    0   1.14 69.96139 7.06534  5034.93  8966.95 2.53 2.48  69.9 -0.406    19.16 20.90 02a59198o0499c 0x000000    1.187500
59198.449444 19.510313      NaN   -20    19 c    0   0.95 69.96139 7.06534  5050.66  8850.99 2.49 2.46 -58.1 -0.409    18.99 20.69 02a59198o0570c 0x000000   -1.052632
59200.398854 20.282105      NaN     1     9 c    0   0.83 69.96139 7.06534  7760.78  7335.20 2.56 2.41 -11.0 -0.372    19.35 21.28 01a59200o0352c 0x000000    0.111111
59200.406229 20.009244      NaN    -1    12 c    0   0.72 69.96139 7.06534  7782.47  7372.51 2.42 2.31  89.5 -0.387    19.60 21.47 01a59200o0368c 0x000000   -0.083333
59200.427089 20.449472      NaN     0     8 c    0   1.15 69.96139 7.06534  7727.39  7295.06 2.41 2.36  32.1 -0.379    19.84 21.77 01a59200o0410c 0x000000    0.000000
59200.429866 20.594452      NaN   -18     7 c    0   0.94 69.96139 7.06534  7709.57  7410.56 2.48 2.42 -81.4 -0.374    19.80 21.77 01a59200o0416c 0x000000   -2.571429
59220.369470 20.321591      NaN    -5     9 c    0   0.99 69.96139 7.06534  1850.75  5713.84 2.64 2.49   3.3 -0.382    19.73 21.86 01a59220o0385c 0x000000   -0.555556
59220.372694 20.449472      NaN   -12     8 c    0   1.07 69.96139 7.06534  1871.35  5752.46 2.72 2.49  -5.3 -0.373    19.72 21.86 01a59220o0392c 0x000000   -1.500000
59220.378720 20.449472      NaN    -7     8 c    0   1.25 69.96139 7.06534  1813.70  5674.44 2.64 2.43 -18.3 -0.379    19.71 21.87 01a59220o0405c 0x000000   -0.875000
59220.405176 20.171596      NaN     4     9 c    0   1.13 69.96139 7.06534  1800.39  5788.60 2.54 2.39 -50.6 -0.392    19.73 21.73 01a59220o0461c 0x000000    0.444444
59221.334747 20.594452      NaN    -6     7 c    0   1.27 69.96139 7.06534  1843.46  5722.80 2.53 2.41 -22.9 -0.387    19.81 21.93 01a59221o0298c 0x000000   -0.857143
59221.340309 20.244005      NaN     5     8 c    0   1.23 69.96139 7.06534  1864.94  5760.39 2.65 2.41  -8.8 -0.377    19.78 21.91 01a59221o0310c 0x000000    0.625000
59221.348694 20.449472      NaN    -6     8 c    0   0.99 69.96139 7.06534  1807.25  5681.81 2.59 2.45 -15.5 -0.386    19.78 21.90 01a59221o0328c 0x000000   -0.750000
59221.352433 20.137125      NaN     8     8 c    0   1.40 69.96139 7.06534  1789.38  5797.63 2.55 2.42 -19.8 -0.383    19.82 21.90 01a59221o0336c 0x000000    1.000000
59222.379643 20.207197      NaN    -5    10 c    0   0.95 69.96139 7.06534  8561.90   980.66 2.75 2.28 -55.3 -0.407    19.73 21.71 02a59222o0406c 0x000000   -0.500000
59222.382856 20.207197      NaN    -2    10 c    0   1.02 69.96139 7.06534  8542.45   942.61 2.74 2.27 -54.2 -0.407    19.71 21.70 02a59222o0413c 0x000000   -0.200000
59222.390174 20.321591      NaN   -15     9 c    0   1.27 69.96139 7.06534  8602.75  1022.03 2.71 2.34 -56.7 -0.401    19.73 21.69 02a59222o0429c 0x000000   -1.666667
59222.409491 20.207197      NaN    -2    10 c    0   1.13 69.96139 7.06534  8622.37   901.77 2.73 2.26 -55.5 -0.405    19.67 21.62 02a59222o0471c 0x000000   -0.200000
59223.411219 19.868040      NaN    11    10 c    0   1.08 69.96139 7.06534  8570.85   985.36 2.76 2.31 -55.4 -0.397    19.69 21.61 02a59223o0451c 0x000000    1.100000
59223.414830 19.743105      NaN    10    12 c    0   0.77 69.96139 7.06534  8551.57   945.60 2.83 2.38 -54.2 -0.398    19.54 21.49 02a59223o0458c 0x000000    0.833333
59223.426115 19.051202      NaN   -52    29 c    0   1.54 69.96139 7.06534  8613.33  1024.07 2.82 2.39 -52.2 -0.404    18.96 20.76 02a59223o0479c 0x100002   -1.793103
59223.432353 19.401649      NaN    27    12 c    0   1.22 69.96139 7.06534  8635.37   907.54 2.84 2.40 -51.9 -0.393    19.46 21.27 02a59223o0491c 0x000000    2.250000
59224.373754 20.282105      NaN     4     8 c    0   0.95 69.96139 7.06534  1658.37  1836.24 2.43 2.26  31.7 -0.398    19.75 21.74 01a59224o0327c 0x000000    0.500000
59224.376988 20.449472      NaN    -4     8 c    0   1.32 69.96139 7.06534  1678.90  1875.04 2.59 2.28   9.8 -0.389    19.71 21.72 01a59224o0334c 0x000000   -0.500000
59224.383977 20.171596      NaN    10     7 c    0   1.11 69.96139 7.06534  1620.67  1795.66 2.29 2.17  46.3 -0.402    19.81 21.72 01a59224o0349c 0x000000    1.428571
59224.394130 20.321591      NaN     0     9 c    0   0.98 69.96139 7.06534  1601.99  1911.96 2.59 2.35   9.6 -0.394    19.69 21.70 01a59224o0371c 0x000000    0.000000
59226.379208 20.321591      NaN    -6     9 c    0   1.02 69.96139 7.06534  6759.56  4959.32 2.55 2.40  51.6 -0.398    19.75 21.82 02a59226o0401c 0x000000   -0.666667
59226.387485 20.449472      NaN   -15     8 c    0   1.04 69.96139 7.06534  6741.51  4918.92 2.66 2.51  45.3 -0.393    19.75 21.81 02a59226o0419c 0x000000   -1.875000
59226.391177 19.950541      NaN     8    10 c    0   0.65 69.96139 7.06534  6796.82  4995.64 2.61 2.47  52.3 -0.396    19.74 21.81 02a59226o0427c 0x000000    0.800000
59226.407300 20.449472      NaN    -2     8 c    0   1.54 69.96139 7.06534  6818.28  4879.71 2.56 2.46  48.9 -0.398    19.72 21.76 02a59226o0462c 0x000000   -0.250000
59228.370259 20.321591      NaN    -5     9 c    0   1.06 69.96139 7.06534  1656.46  1827.69 2.75 2.61  51.0 -0.371    19.66 21.86 01a59228o0100c 0x000000   -0.555556
59228.374416 20.321591      NaN    -1     9 c    0   0.98 69.96139 7.06534  1675.63  1867.18 2.66 2.56   5.0 -0.382    19.67 21.87 01a59228o0109c 0x000000   -0.111111
59228.384622 19.841877      NaN     6    12 c    0   1.22 69.96139 7.06534  1618.91  1790.21 2.99 2.62  12.9 -0.430    19.52 21.77 01a59228o0131c 0x000000    0.500000
59228.396616 19.719755      NaN    11    12 c    0   0.98 69.96139 7.06534  1599.81  1907.32 3.39 2.80  14.0 -0.423    19.52 21.84 01a59228o0157c 0x000000    0.916667
59230.319869 20.171596      NaN     4     9 c    0   1.22 69.96139 7.06534  6762.45  4958.69 2.48 2.34  50.9 -0.400    19.76 21.64 02a59230o0268c 0x000000    0.444444
59230.324459 20.449472      NaN    -8     8 c    0   0.93 69.96139 7.06534  6742.95  4918.30 2.49 2.37  57.6 -0.399    19.77 21.65 02a59230o0278c 0x000000   -1.000000
59230.330860 20.321591      NaN     0     9 c    0   1.02 69.96139 7.06534  6798.83  4997.27 2.52 2.39  53.4 -0.399    19.78 21.65 02a59230o0292c 0x000000    0.000000
59230.341066 20.137125      NaN     5     9 c    0   0.89 69.96139 7.06534  6819.82  4882.25 2.48 2.37  57.3 -0.400    19.75 21.65 02a59230o0314c 0x000000    0.555556
59252.319723 20.321591      NaN    -4     9 c    0   1.07 69.96139 7.06534  7885.64  9272.03 2.44 2.16  81.9 -0.356    19.81 21.74 01a59252o0251c 0x000000   -0.444444
59252.325252 20.449472      NaN    -4     8 c    0   1.25 69.96139 7.06534  7906.36  9311.32 2.48 2.16 -86.7 -0.364    19.78 21.70 01a59252o0263c 0x000000   -0.500000
59252.328474 20.207197      NaN    -1    10 c    0   0.80 69.96139 7.06534  7847.60  9233.82 2.57 2.22 -87.5 -0.358    19.74 21.68 01a59252o0270c 0x000000   -0.100000
59252.339560 19.510313      NaN    24    11 c    0   0.81 69.96139 7.06534  7828.83  9351.95 3.02 2.68  87.5 -0.336    19.57 21.63 01a59252o0294c 0x000000    2.181818
59253.255821 20.103715      NaN    12     7 c    0   1.40 69.96139 7.06534  7875.20  9278.94 2.52 2.28 -87.5 -0.356    19.79 21.74 01a59253o0076c 0x000000    1.714286
59253.280773 20.321591      NaN    -9     9 c    0   0.93 69.96139 7.06534  7898.94  9314.63 2.68 2.61  88.4 -0.342    19.67 21.74 01a59253o0128c 0x000000   -1.000000
59253.283825 20.207197      NaN    -3    10 c    0   0.72 69.96139 7.06534  7839.01  9237.77 2.63 2.57  74.6 -0.343    19.69 21.74 01a59253o0134c 0x000000   -0.300000
59253.299336 19.652575      NaN    20    10 c    0   0.91 69.96139 7.06534  7822.04  9353.93 2.80 2.63 -79.8 -0.328    19.64 21.69 01a59253o0166c 0x000000    2.000000
59256.321318 20.321591      NaN     3     8 c    0   0.87 69.96139 7.06534  3701.55  3689.73 2.36 2.27 -82.2 -0.383    19.75 21.69 01a59256o0252c 0x000000    0.375000
59256.325464 20.207197      NaN     0    10 c    0   1.09 69.96139 7.06534  3721.51  3727.67 2.55 2.42 -73.5 -0.374    19.67 21.70 01a59256o0261c 0x000000    0.000000
59256.331001 20.449472      NaN    -1     8 c    0   1.18 69.96139 7.06534  3663.37  3650.14 2.53 2.38 -85.2 -0.371    19.68 21.71 01a59256o0273c 0x000000   -0.125000
59256.342519 20.321591      NaN    -4     9 c    0   0.94 69.96139 7.06534  3645.36  3765.73 2.62 2.48 -69.5 -0.363    19.61 21.66 01a59256o0298c 0x000000   -0.444444
59258.266850 20.207197      NaN     0    10 c    0   0.99 69.96139 7.06534  4662.66  1169.82 2.56 2.36 -64.6 -0.414    19.67 21.60 02a59258o0112c 0x000000    0.000000
59258.270103 20.594452      NaN    -2     7 c    0   1.63 69.96139 7.06534  4643.82  1130.83 2.56 2.33 -63.4 -0.410    19.67 21.55 02a59258o0119c 0x000000   -0.285714
59258.276573 20.543943      NaN     1     7 c    0   1.41 69.96139 7.06534  4701.72  1209.86 2.49 2.32 -70.1 -0.413    19.71 21.57 02a59258o0133c 0x000000    0.142857
59258.288936 20.594452      NaN    -6     7 c    0   1.49 69.96139 7.06534  4721.20  1092.33 2.49 2.34 -70.5 -0.414    19.71 21.56 02a59258o0160c 0x000000   -0.857143
59260.285200 20.594452      NaN    -9     7 c    0   0.91 69.96139 7.06534  3694.35  3691.02 2.21 1.99  89.2 -0.403    19.86 21.76 01a59260o0101c 0x000000   -1.285714
59260.288434 20.039830      NaN    11     8 c    0   1.13 69.96139 7.06534  3714.32  3729.99 2.26 2.04  89.9 -0.399    19.85 21.76 01a59260o0108c 0x000000    1.375000
59260.295917 20.449472      NaN   -11     8 c    0   1.16 69.96139 7.06534  3658.81  3654.64 2.32 2.05 -89.2 -0.401    19.82 21.77 01a59260o0124c 0x000000   -1.375000
59260.310678 20.449472      NaN     0     8 c    0   0.95 69.96139 7.06534  3640.43  3769.71 2.42 2.22 -88.8 -0.388    19.78 21.77 01a59260o0156c 0x000000    0.000000
59278.239635 19.894850      NaN     4    12 c    0   0.93 69.96139 7.06534   296.77   854.75 2.50 2.26 -66.5 -0.423    19.32 20.91 02a59278o0036c 0x000000    0.333333
59278.242847 19.743105      NaN     7    13 c    0   0.94 69.96139 7.06534   276.33   815.63 2.57 2.24 -60.6 -0.420    19.40 20.92 02a59278o0043c 0x000000    0.538462
59278.248814 19.674510      NaN    13    12 c    0   1.30 69.96139 7.06534   336.75   894.54 2.53 2.22 -61.3 -0.430    19.36 20.90 02a59278o0056c 0x000000    1.083333
59278.258878 19.351140      NaN     6    20 c    0   1.48 69.96139 7.06534   357.56   774.41 2.67 2.33 -58.4 -0.420    18.82 20.27 02a59278o0078c 0x000000    0.300000
59444.582563 20.207197      NaN    -3    10 c    0   0.93 69.96139 7.06534  6613.45  1084.39 2.40 2.29  36.2 -0.415    19.76 21.33 01a59444o0708c 0x000000   -0.300000
59444.585786 20.009244      NaN    12     8 c    0   1.53 69.96139 7.06534  6594.48  1045.26 2.32 2.21  44.5 -0.424    19.76 21.34 01a59444o0715c 0x000000    1.500000
59444.593276 20.321591      NaN   -10     9 c    0   1.03 69.96139 7.06534  6651.83  1122.65 2.36 2.33  50.5 -0.428    19.70 21.37 01a59444o0731c 0x000000   -1.111111
59444.611285 20.321591      NaN     3     8 c    0   1.16 69.96139 7.06534  6676.53  1005.04 2.51 2.41  35.7 -0.410    19.69 21.41 01a59444o0769c 0x000000    0.375000
59462.467731 19.696897      NaN     3    15 c    0   1.31 69.96139 7.06534  5904.24  9401.03 2.88 2.58 -47.7 -0.397    19.19 20.79 02a59462o0451c 0x000000    0.200000
59462.494461 19.922338      NaN   -27    13 c    0   1.18 69.96139 7.06534  5925.28  9441.47 2.60 2.43 -48.0 -0.410    19.46 21.08 02a59462o0508c 0x000000   -2.076923
59462.511666 19.922338      NaN    -4    13 c    0   0.87 69.96139 7.06534  5874.31  9359.50 2.55 2.42 -38.8 -0.412    19.46 21.14 02a59462o0545c 0x000000   -0.307692
59462.523201 20.071303      NaN     1    11 c    0   1.39 69.96139 7.06534  5850.48  9482.73 2.61 2.47  39.3 -0.394    19.54 21.20 02a59462o0569c 0x000000    0.090909
59466.558711 20.071303      NaN     1    11 c    0   0.91 69.96139 7.06534 10118.76  5814.62 2.52 2.47  36.9 -0.411    19.69 21.44 02a59466o0739c 0x000000    0.090909
59466.561928 19.743105      NaN    16    10 c    0   0.90 69.96139 7.06534 10137.70  5853.28 2.54 2.45  29.3 -0.411    19.71 21.45 02a59466o0746c 0x000000    1.600000
59466.567460 20.321591      NaN   -12     9 c    0   1.20 69.96139 7.06534 10078.97  5776.19 2.55 2.44  30.1 -0.408    19.70 21.47 02a59466o0758c 0x000000   -1.333333
59466.578028 20.103715      NaN    -5    11 c    0   0.79 69.96139 7.06534 10059.69  5893.29 2.52 2.47  35.4 -0.410    19.69 21.49 02a59466o0781c 0x000000   -0.454545
59470.568836 20.207197      NaN    -8    10 c    0   1.01 69.96139 7.06534 10122.40  5813.72 2.52 2.48 -15.1 -0.407    19.63 21.35 02a59470o0721c 0x000000   -0.800000
59470.572554 19.743105      NaN    16    10 c    0   1.08 69.96139 7.06534 10141.83  5852.39 2.53 2.47 -56.9 -0.412    19.65 21.36 02a59470o0729c 0x000000    1.600000
59470.578083 20.207197      NaN   -10    10 c    0   0.93 69.96139 7.06534 10081.96  5774.62 2.59 2.51  27.4 -0.400    19.66 21.38 02a59470o0741c 0x000000   -1.000000
59470.590449 19.743105      NaN    10    12 c    0   0.66 69.96139 7.06534 10062.31  5892.17 2.50 2.46  20.6 -0.408    19.68 21.38 02a59470o0768c 0x000000    0.833333
59518.454123 20.449472      NaN    -4     8 c    0   1.13 69.96139 7.06534  7518.55  1539.40 2.34 2.24 -55.4 -0.403    19.73 21.58 02a59518o0584c 0x000000   -0.500000
59518.458734 20.321591      NaN   -14     9 c    0   1.00 69.96139 7.06534  7540.60  1577.32 2.34 2.22 -59.1 -0.407    19.75 21.60 02a59518o0594c 0x000000   -1.555556
59518.493980 20.449472      NaN    -2     8 c    0   0.88 69.96139 7.06534  7484.24  1505.13 2.33 2.32 -81.0 -0.401    19.69 21.59 02a59518o0669c 0x000000   -0.250000
59518.499469 20.321591      NaN    -5     9 c    0   1.08 69.96139 7.06534  7466.21  1619.43 2.38 2.28 -50.0 -0.402    19.70 21.57 02a59518o0681c 0x000000   -0.555556
59522.482494 20.321591      NaN   -12     9 c    0   1.21 69.96139 7.06534  1882.15  5687.35 2.46 2.38  11.2 -0.407    19.68 21.50 02a59522o0658c 0x000000   -1.333333
59522.484786 20.321591      NaN   -16     9 c    0   1.10 69.96139 7.06534  1901.65  5727.03 2.42 2.31   8.5 -0.408    19.65 21.49 02a59522o0663c 0x000000   -1.777778
59522.488903 20.103715      NaN     3    10 c    0   1.12 69.96139 7.06534  1843.07  5648.98 2.38 2.33   4.1 -0.410    19.67 21.48 02a59522o0672c 0x000000    0.300000
59522.509066 20.207197      NaN    -3    10 c    0   0.96 69.96139 7.06534  1824.91  5768.84 2.39 2.28  20.7 -0.404    19.66 21.49 02a59522o0715c 0x000000   -0.300000
59526.449005 19.401649      NaN    30    11 c    0   0.79 69.96139 7.06534  1878.46  5694.02 2.37 2.34  27.9 -0.406    19.68 21.48 02a59526o0580c 0x000000    2.727273
59526.451291 20.321591      NaN    -1     9 c    0   1.00 69.96139 7.06534  1900.21  5729.79 2.33 2.26  -4.7 -0.414    19.70 21.48 02a59526o0585c 0x000000   -0.111111
59526.456815 20.207197      NaN    -5    10 c    0   0.59 69.96139 7.06534  1836.97  5653.69 2.40 2.31  26.2 -0.404    19.65 21.46 02a59526o0597c 0x000000   -0.500000
59526.466946 19.719755      NaN    20     9 c    0   1.13 69.96139 7.06534  1819.60  5768.98 2.39 2.30  10.7 -0.408    19.68 21.45 02a59526o0619c 0x000000    2.222222
59530.499786 19.631075      NaN     3    16 c    0   1.17 69.96139 7.06534  8868.75  8757.93 2.90 2.75 -68.3 -0.393    19.10 21.23 02a59530o0689c 0x000000    0.187500
59530.525723 20.009244      NaN    -1    12 c    0   0.70 69.96139 7.06534  8846.93  8717.25 2.71 2.59  67.6 -0.390    19.62 21.46 02a59530o0744c 0x000000   -0.083333
59530.529890 19.472870      NaN    20    13 c    0   0.92 69.96139 7.06534  8906.22  8798.34 2.70 2.64  61.7 -0.389    19.52 21.45 02a59530o0753c 0x000000    1.538462
59530.557937 19.569016      NaN   -14    18 c    0   1.04 69.96139 7.06534  8919.61  8684.33 2.81 2.59 -17.8 -0.404    19.17 21.32 02a59530o0813c 0x000000   -0.777778
59586.360186 20.171596      NaN     1    10 c    0   0.81 69.96139 7.06534  4742.55  3121.76 2.39 2.29  60.2 -0.416    19.66 21.64 02a59586o0324c 0x000000    0.100000
59586.363386 20.103715      NaN     9     8 c    0   1.28 69.96139 7.06534  4724.43  3083.59 2.36 2.27  68.4 -0.416    19.67 21.65 02a59586o0331c 0x000000    1.125000
59586.369825 20.321591      NaN     0     9 c    0   0.99 69.96139 7.06534  4783.86  3162.14 2.40 2.29  64.5 -0.412    19.66 21.66 02a59586o0345c 0x000000    0.000000
59586.380992 20.321591      NaN    -9     9 c    0   1.22 69.96139 7.06534  4803.55  3046.89 2.41 2.30  71.7 -0.413    19.66 21.67 02a59586o0369c 0x000000   -1.000000
59587.427036 20.449472      NaN    -2     8 c    0   1.39 69.96139 7.06534  4741.32  3120.57 2.44 2.34  78.9 -0.412    19.57 21.53 02a59587o0511c 0x000000   -0.250000
59587.431292 20.321591      NaN    -7     9 c    0   1.18 69.96139 7.06534  4722.15  3081.30 2.42 2.33  86.3 -0.411    19.61 21.53 02a59587o0520c 0x000000   -0.777778
59587.437393 20.207197      NaN     0    10 c    0   0.96 69.96139 7.06534  4779.23  3158.62 2.57 2.36  53.6 -0.406    19.55 21.52 02a59587o0533c 0x000000    0.000000
59587.457713 20.171596      NaN     1    10 c    0   1.42 69.96139 7.06534  4795.54  3045.27 2.61 2.41  51.6 -0.405    19.53 21.45 02a59587o0576c 0x000000    0.100000