         MJD         m       dm  uJy  duJy F  err  chi/N        RA       Dec        x        y  maj  min   phi  apfit  mag5sig   Sky            Obs     Mask   __tmp_SN
57715.214676 19.089302      NaN -328    28 c    0   5.16 327.08383 -34.95289  4417.45   119.74 4.51 4.34 -19.6 -0.376    19.03 20.87 02a57715o0073c 0x000000 -11.714286
57715.227080 19.051202      NaN -135    29 c    0   2.81 327.08383 -34.95289  4402.79    78.50 4.42 4.21 -20.3 -0.383    18.94 20.75 02a57715o0097c 0x000000  -4.655172
57715.242160 18.910912      NaN -233    33 c    0   3.34 327.08383 -34.95289  4453.14   157.55 4.46 4.20 -14.3 -0.383    18.95 20.73 02a57715o0126c 0x000000  -7.060606
57981.443913 20.103715      NaN  -20    11 c    0   7.27 327.08383 -34.95289  1293.02  9271.39 2.65 2.52  -4.7 -0.425    19.64 21.40 02a57981o0415c 0x000000  -1.818182
57981.453660 19.841877      NaN  -35    14 c    0   7.96 327.08383 -34.95289  1280.15  9233.55 2.60 2.49  -7.7 -0.426    19.61 21.33 02a57981o0435c 0x000000  -2.500000
57981.455600 19.549093      NaN   10    15 c    0   4.08 327.08383 -34.95289  1327.72  9311.00 2.59 2.48   2.8 -0.421    19.60 21.32 02a57981o0439c 0x000000   0.666667
57981.464353 20.009244      NaN  -34    12 c    0   9.71 327.08383 -34.95289  1362.19  9196.50 2.60 2.48   4.5 -0.423    19.56 21.19 02a57981o0457c 0x000000  -2.833333
57985.447334 19.197966      NaN   22    18 c    0   3.51 327.08383 -34.95289  5350.23  2179.36 3.09 2.75  56.5 -0.403    19.12 20.92 02a57985o0439c 0x000000   1.222222
57985.456609 19.696897      NaN  -77    16 c    0   4.08 327.08383 -34.95289  5337.28  2140.75 3.18 2.88  53.7 -0.390    19.06 20.92 02a57985o0458c 0x000000  -4.812500
57985.465792 18.978793      NaN  -43    31 c    0   1.89 327.08383 -34.95289  5418.43  2100.43 3.52 3.16  56.8 -0.383    18.42 20.36 02a57985o0477c 0x000000  -1.387097
57989.440452 20.321591      NaN   -1     9 c    0   7.84 327.08383 -34.95289  4927.20   870.27 2.74 2.50  66.9 -0.418    19.63 21.32 02a57989o0419c 0x000000  -0.111111
57989.444903 18.738855 0.308873  116    33 c    0  21.04 327.08383 -34.95289  1235.05 10505.38 2.67 2.22   8.2 -0.432    19.58 21.22 02a57989o0428c 0x100001   3.515152
57989.448908 19.142275 0.176432   80    13 c    0   5.95 327.08383 -34.95289  4913.36   830.59 2.69 2.45  66.8 -0.422    19.57 21.24 02a57989o0436c 0x000000   6.153846
57989.461286 19.841877      NaN    6    12 c    0   6.49 327.08383 -34.95289  4963.92   907.79 2.86 2.54  74.9 -0.429    19.42 21.04 02a57989o0461c 0x000000   0.500000
57989.463277 19.841877      NaN   -5    14 c    0   5.25 327.08383 -34.95289  4995.93   790.44 2.80 2.55  68.5 -0.419    19.42 21.04 02a57989o0465c 0x000000  -0.357143
57989.464269 19.401649      NaN   -8    21 c    0  12.26 327.08383 -34.95289  1321.84 10465.18 2.68 2.27  11.4 -0.425    19.36 20.97 02a57989o0467c 0x100001  -0.380952
58013.383042 19.454622      NaN   24    12 c    0   7.05 327.08383 -34.95289  2672.45  4414.53 2.65 2.56  61.5 -0.401    19.59 21.27 02a58013o0364c 0x000000   2.000000
58013.391385 20.103715      NaN   -3    11 c    0   8.36 327.08383 -34.95289  2659.12  4374.69 2.64 2.52  48.4 -0.399    19.57 21.24 02a58013o0382c 0x000000  -0.272727
58013.399264 19.791368      NaN    8    12 c    0   5.24 327.08383 -34.95289  2726.17  4452.80 2.70 2.64  51.7 -0.400    19.55 21.25 02a58013o0399c 0x000000   0.666667
58013.407568 20.103715      NaN   -9    11 c    0   5.35 327.08383 -34.95289  2744.70  4337.72 2.75 2.61  86.0 -0.399    19.53 21.22 02a58013o0417c 0x000000  -0.818182
58017.378234 19.419021      NaN   20    14 c    0  10.14 327.08383 -34.95289  3053.27  5618.41 2.54 2.32  39.2 -0.456    19.57 21.26 02a58017o0216c 0x100001   1.428571
58017.386540 19.549093      NaN   19    12 c    0   9.84 327.08383 -34.95289  3039.34  5580.03 2.55 2.36  36.9 -0.441    19.50 21.22 02a58017o0234c 0x000000   1.583333
58017.395280 19.841877      NaN   -7    14 c    0   4.92 327.08383 -34.95289  3089.63  5657.76 2.53 2.36  43.8 -0.445    19.54 21.22 02a58017o0253c 0x000000  -0.500000
58017.403569 19.841877      NaN  -11    14 c    0   8.00 327.08383 -34.95289  3124.71  5540.58 2.52 2.35  45.6 -0.446    19.49 21.23 02a58017o0271c 0x000000  -0.785714
58021.381360 20.009244      NaN  -10    12 c    0   8.22 327.08383 -34.95289  5729.74  6872.67 2.45 2.36  47.2 -0.461    19.64 21.32 02a58021o0358c 0x000000  -0.833333
58021.390135 19.816329      NaN    7    12 c    0   8.65 327.08383 -34.95289  5717.60  6834.63 2.47 2.42  47.1 -0.460    19.61 21.27 02a58021o0377c 0x000000   0.583333
58021.399332 20.103715      NaN  -40    11 c    0   9.25 327.08383 -34.95289  5783.96  6911.14 2.39 2.37  57.9 -0.460    19.58 21.21 02a58021o0397c 0x000000  -3.636364
58021.409034 19.950541      NaN    2    12 c    0   8.32 327.08383 -34.95289  5803.35  6793.14 2.43 2.40 -74.7 -0.458    19.55 21.19 02a58021o0418c 0x000000   0.166667
58049.311715 15.279781 0.015864 2806    41 c    0   8.48 327.08383 -34.95289  2948.88  6155.36 2.43 2.24  33.3 -0.452    19.17 20.57 02a58049o0075c 0x100002  68.439024
58049.319505 15.231720 0.009995 2933    27 c    0   7.00 327.08383 -34.95289  2934.21  6116.12 2.44 2.27  39.9 -0.444    19.05 20.46 02a58049o0092c 0x000000 108.629630
58049.327310 15.211185 0.009444 2989    26 c    0   7.17 327.08383 -34.95289  3000.00  6193.98 2.37 2.22  30.8 -0.452    19.47 20.81 02a58049o0109c 0x000000 114.961538
58049.335103 15.201782 0.009003 3015    25 c    0  13.54 327.08383 -34.95289  3018.41  6077.20 2.38 2.25  36.3 -0.446    19.18 20.61 02a58049o0126c 0x100001 120.600000
58073.271014 16.801305 0.026711  691    17 c    0   5.54 327.08383 -34.95289  3269.26  7242.29 2.77 2.67  52.6 -0.457    19.37 21.07 02a58073o0053c 0x000000  40.647059
58073.278833 16.938457 0.032091  609    18 c    0   4.99 327.08383 -34.95289  3285.89  7124.98 2.74 2.63  37.7 -0.453    19.34 21.00 02a58073o0070c 0x000000  33.833333
58250.613903 19.766969      NaN  -46    15 c    0   4.02 327.08383 -34.95289  7730.01  4802.74 2.79 2.70  77.0 -0.403    19.23 20.69 02a58250o0807c 0x000000  -3.066667
58250.622177 18.786693      NaN  -32    37 c    0   1.38 327.08383 -34.95289  7744.82  4843.34 2.79 2.74  59.8 -0.392    18.24 19.11 02a58250o0825c 0x100002  -0.864865
58257.601549 19.401649      NaN   21    14 c    0   5.86 327.08383 -34.95289  7112.65  4446.32 2.79 2.67 -58.7 -0.402    19.49 21.30 02a58257o0798c 0x000000   1.500000
58257.603376 19.922338 0.334073   39    12 c    0   4.06 327.08383 -34.95289  7128.52  4485.66 2.72 2.66 -76.7 -0.405    19.49 21.28 02a58257o0802c 0x000000   3.250000
58257.613055 19.569016      NaN    0    18 c    0   3.93 327.08383 -34.95289  7062.42  4408.32 3.02 2.74 -50.9 -0.386    19.12 20.60 02a58257o0823c 0x000000   0.000000
58257.625992 17.143924      NaN  108   132 c    0   1.41 327.08383 -34.95289  7045.03  4526.29 2.70 2.59 -61.9 -0.435    16.81 17.68 02a58257o0851c 0x100002   0.818182
58281.557035 20.009244      NaN   -2    12 c    0   4.63 327.08383 -34.95289  5592.51  5295.19 2.84 2.68 -48.3 -0.399    19.54 21.52 02a58281o0638c 0x000000  -0.166667
58281.564850 19.922338 0.361912   39    13 c    0   3.35 327.08383 -34.95289  5621.88  5335.55 2.67 2.51 -48.8 -0.394    19.62 21.51 02a58281o0655c 0x000000   3.000000
58281.572684 20.009244      NaN   -7    12 c    0   4.88 327.08383 -34.95289  5556.41  5258.89 2.71 2.52 -46.2 -0.401    19.65 21.51 02a58281o0672c 0x000000  -0.583333
58281.580484 19.287255      NaN   28    14 c    0   7.68 327.08383 -34.95289  5538.48  5375.70 2.59 2.49 -52.7 -0.405    19.65 21.50 02a58281o0689c 0x000000   2.000000
58285.552435 19.766969 0.337785   45    14 c    0   4.14 327.08383 -34.95289  4466.19  5703.82 2.67 2.49 -50.0 -0.399    19.57 21.36 02a58285o0671c 0x000000   3.214286
58285.560272 19.816329      NaN    1    14 c    0   4.30 327.08383 -34.95289  4480.67  5743.23 2.46 2.42 -43.9 -0.421    19.62 21.40 02a58285o0688c 0x000000   0.071429
58285.568098 19.922338      NaN    6    11 c    0   7.57 327.08383 -34.95289  4414.77  5668.31 2.43 2.42 -76.5 -0.424    19.63 21.42 02a58285o0705c 0x000000   0.545455
58285.575953 19.302877      NaN   30    13 c    0   5.12 327.08383 -34.95289  4396.54  5784.60 2.43 2.41 -46.8 -0.423    19.62 21.44 02a58285o0722c 0x000000   2.307692
58309.514880 19.549093      NaN   16    13 c    0   5.50 327.08383 -34.95289  6239.29  6888.79 2.48 2.41 -50.0 -0.413    19.68 21.44 02a58309o0588c 0x000000   1.230769
58309.517168 19.652575 0.260577   50    12 c    0   4.88 327.08383 -34.95289  6272.64  6926.01 2.46 2.37 -47.2 -0.420    19.65 21.44 02a58309o0593c 0x000000   4.166667
58309.520825 19.419021      NaN   29    11 c    0   6.75 327.08383 -34.95289  6209.90  6846.46 2.36 2.35 -85.8 -0.433    19.67 21.43 02a58309o0601c 0x000000   2.636364
58309.529971 19.674510      NaN   13    12 c    0   3.86 327.08383 -34.95289  6191.23  6961.86 2.43 2.37 -50.1 -0.422    19.69 21.49 02a58309o0621c 0x000000   1.083333
58313.496125 18.944322      NaN  -19    32 c    0   1.59 327.08383 -34.95289  5515.42  6686.78 2.71 2.64  75.4 -0.417    19.07 20.85 02a58313o0194c 0x000000  -0.593750
58313.498410 19.401649 0.327444   63    19 c    0   5.58 327.08383 -34.95289  5497.91  6648.37 2.63 2.55  61.9 -0.413    19.26 21.00 02a58313o0199c 0x000000   3.315789
58313.511228 19.318728      NaN   26    14 c    0  16.75 327.08383 -34.95289  5461.59  6610.17 2.73 2.65  55.7 -0.407    19.15 20.95 02a58313o0227c 0x100001   1.857143
58313.519927 17.231368      NaN -214   155 c    0   1.26 327.08383 -34.95289  5440.86  6727.52 2.71 2.57 -53.2 -0.413    17.75 19.52 02a58313o0246c 0x100002  -1.380645
58333.543043 19.510313      NaN  -15    19 c    0   5.03 327.08383 -34.95289  5677.74  3807.85 2.74 2.61  81.7 -0.404    18.90 20.15 02a58333o0654c 0x000000  -0.789474
58333.551409 18.978793      NaN   21    24 c    0   2.92 327.08383 -34.95289  5647.20  3769.79 2.74 2.58  72.5 -0.412    18.85 20.11 02a58333o0672c 0x000000   0.875000
58333.559751 19.401649      NaN    0    21 c    0   4.07 327.08383 -34.95289  5711.77  3847.45 2.76 2.63  86.0 -0.400    18.88 20.07 02a58333o0690c 0x000000   0.000000
58333.568069 19.226921      NaN    2    24 c    0   3.28 327.08383 -34.95289  5728.82  3731.83 2.62 2.50  88.0 -0.413    18.84 20.04 02a58333o0708c 0x000000   0.083333
58337.454389 19.510313      NaN   21    12 c    0   7.00 327.08383 -34.95289  5098.99  5189.35 2.89 2.56 -46.2 -0.395    19.61 21.40 02a58337o0475c 0x000000   1.750000
58337.457133 20.103715      NaN  -23    11 c    0   8.24 327.08383 -34.95289  5135.20  5224.97 2.66 2.46 -46.4 -0.405    19.62 21.42 02a58337o0481c 0x000000  -2.090909
58337.467379 20.103715      NaN  -25    11 c    0   6.43 327.08383 -34.95289  5490.86  5406.44 2.72 2.61 -57.4 -0.400    19.57 21.37 02a58337o0503c 0x000000  -2.272727
58337.480139 19.766969      NaN    9    12 c    0   6.46 327.08383 -34.95289  5510.08  5287.33 2.92 2.67 -53.7 -0.385    19.49 21.32 02a58337o0530c 0x000000   0.750000
58341.443695 19.226921      NaN   29    15 c    0   5.04 327.08383 -34.95289  2776.13  5949.26 2.59 2.49  -6.0 -0.411    19.65 21.49 02a58341o0459c 0x000000   1.933333
58341.455024 20.103715      NaN   -1    11 c    0   7.08 327.08383 -34.95289  2807.08  5982.59 2.60 2.48   3.6 -0.416    19.61 21.50 02a58341o0483c 0x000000  -0.090909
58341.457309 20.009244      NaN  -26    12 c    0   5.43 327.08383 -34.95289  2758.34  5904.08 2.73 2.66 -24.3 -0.388    19.61 21.50 02a58341o0488c 0x000000  -2.166667
58341.466353 20.103715      NaN  -46    11 c    0  12.19 327.08383 -34.95289  2840.13  5867.24 2.56 2.46  28.1 -0.417    19.63 21.48 02a58341o0507c 0x100001  -4.181818
58345.434179 18.280067      NaN  -13    59 c    0   1.51 327.08383 -34.95289  2716.54  4514.04 2.66 2.62  47.7 -0.392    17.58 19.28 02a58345o0440c 0x100002  -0.220339
58345.444238 16.891357      NaN -338   212 c    0   1.21 327.08383 -34.95289  2699.78  4476.73 2.59 2.54  47.3 -0.399    16.64 18.32 02a58345o0462c 0x100002  -1.594340
58345.456520 17.785989      NaN   -4    93 c    0   4.13 327.08383 -34.95289  2778.48  4434.68 2.55 2.49 -33.2 -0.386    17.13 18.78 02a58345o0488c 0x100002  -0.043011
58345.458350 18.048890      NaN  -84    73 c    0   1.30 327.08383 -34.95289  2746.48  4550.83 2.53 2.48 -66.6 -0.390    17.50 19.17 02a58345o0492c 0x100002  -1.150685
58401.323507 19.922338      NaN  -10    13 c    0   3.31 327.08383 -34.95289  5044.78  5082.15 2.82 2.73 -69.6 -0.388    19.49 21.22 02a58401o0276c 0x000000  -0.769231
58401.331334 19.841877 0.361912   42    14 c    0   4.10 327.08383 -34.95289  5031.33  5045.33 2.57 2.51  74.6 -0.425    19.49 21.15 02a58401o0293c 0x000000   3.000000
58401.339155 19.766969 0.265402   45    11 c    0   9.31 327.08383 -34.95289  5078.96  5123.34 2.56 2.45  76.4 -0.424    19.56 21.26 02a58401o0310c 0x000000   4.090909
58401.347057 19.922338      NaN  -38    13 c    0   6.04 327.08383 -34.95289  5111.83  5007.55 2.68 2.58  82.5 -0.414    19.54 21.27 02a58401o0327c 0x000000  -2.923077
58405.340099 20.009244      NaN  -10    12 c    0   4.85 327.08383 -34.95289  5858.84  4912.55 2.79 2.56 -70.0 -0.390    19.52 21.23 02a58405o0251c 0x000000  -0.833333
58405.350380 19.816329      NaN    4    13 c    0   4.70 327.08383 -34.95289  5842.54  4875.16 2.84 2.54 -69.5 -0.390    19.55 21.28 02a58405o0273c 0x000000   0.307692
58405.359658 19.766969      NaN   -3    15 c    0  11.87 327.08383 -34.95289  5907.49  4953.74 2.63 2.43 -77.3 -0.409    19.59 21.27 02a58405o0293c 0x100001  -0.200000
58405.369893 20.009244      NaN  -25    12 c    0   3.86 327.08383 -34.95289  5924.00  4838.27 2.59 2.46 -87.8 -0.424    19.56 21.25 02a58405o0315c 0x000000  -2.083333
58425.312540 20.009244      NaN  -30    12 c    0   7.36 327.08383 -34.95289  2750.04  3917.56 2.81 2.64 -84.8 -0.379    19.34 21.03 02a58425o0250c 0x000000  -2.500000
58425.321424 20.009244      NaN   -4    12 c    0   3.25 327.08383 -34.95289  2719.61  3878.82 2.73 2.55  86.3 -0.402    19.36 20.99 02a58425o0269c 0x000000  -0.333333
58425.330706 19.271854 0.198797   71    13 c    0   4.08 327.08383 -34.95289  2784.78  3957.91 2.68 2.49  89.7 -0.395    19.33 20.89 02a58425o0289c 0x000000   5.461538
58425.339510 19.609992      NaN   10    14 c    0   4.71 327.08383 -34.95289  2801.36  3841.68 2.81 2.62 -82.7 -0.384    19.25 20.84 02a58425o0308c 0x000000   0.714286
58429.300338 19.287255      NaN   28    14 c    0   5.03 327.08383 -34.95289  3243.19  6476.96 2.71 2.53 -71.2 -0.389    19.38 20.98 02a58429o0247c 0x000000   2.000000
58429.309207 19.766969      NaN  -27    15 c    0   3.57 327.08383 -34.95289  3228.96  6438.77 2.56 2.50 -81.5 -0.425    19.33 20.88 02a58429o0266c 0x000000  -1.800000
58429.318644 19.841877      NaN   -4    14 c    0   6.01 327.08383 -34.95289  3293.77  6517.34 2.62 2.48 -65.4 -0.420    19.32 20.82 02a58429o0286c 0x000000  -0.285714
58429.327429 19.302877      NaN   27    14 c    0   4.64 327.08383 -34.95289  3310.56  6400.91 2.71 2.51 -70.7 -0.404    19.24 20.78 02a58429o0305c 0x000000   1.928571
58461.208416 19.549093 0.355332   55    18 c    0   4.67 327.08383 -34.95289  5362.04  9259.69 3.40 3.33  78.0 -0.377    19.08 20.89 02a58461o0052c 0x000000   3.055556
58461.216606 19.401649      NaN  -84    21 c    0   3.46 327.08383 -34.95289  5346.45  9221.57 4.11 4.07  63.8 -0.371    18.92 20.93 02a58461o0069c 0x000000  -4.000000
58461.224626 19.454622      NaN -149    20 c    0   4.49 327.08383 -34.95289  5411.09  9300.02 3.77 3.67  69.3 -0.374    18.98 20.94 02a58461o0086c 0x000000  -7.450000
58461.232672 19.454622      NaN    0    20 c    0   4.92 327.08383 -34.95289  5428.41  9182.52 3.68 3.59  69.6 -0.380    18.98 20.97 02a58461o0103c 0x000000   0.000000
58609.631023 16.290612      NaN    5   367 c    0   1.23 327.08383 -34.95289  2663.49  9061.38 2.63 2.57 -55.1 -0.506    16.92 17.67 02a58609o0747c 0x100002   0.013624
58633.550483 18.280067 0.177889  177    29 c    0  35.66 327.08383 -34.95289  8498.80  5677.14 2.78 2.40  36.7 -0.382    19.50 21.29 02a58633o0692c 0x100001   6.103448
58633.553324 19.569016      NaN  -16    18 c    0   3.57 327.08383 -34.95289  8518.05  5715.85 2.84 2.42  38.5 -0.383    19.37 21.17 02a58633o0698c 0x000000  -0.888889
58633.562876 20.207197      NaN  -24    10 c    0   6.73 327.08383 -34.95289  8457.28  5636.15 2.83 2.51  42.0 -0.381    19.52 21.31 02a58633o0718c 0x000000  -2.400000
58633.576552 19.472870      NaN   23    12 c    0   6.85 327.08383 -34.95289  8435.28  5751.69 2.81 2.40  38.4 -0.382    19.57 21.31 02a58633o0747c 0x000000   1.916667
58637.541914 20.009244      NaN  -18    12 c    0   6.02 327.08383 -34.95289  7634.29  7597.81 3.01 2.77  48.5 -0.369    19.42 21.23 02a58637o0655c 0x000000  -1.500000
58637.548734 19.302877      NaN   27    14 c    0   7.39 327.08383 -34.95289  7653.62  7636.13 2.88 2.74 -81.1 -0.393    19.34 21.17 02a58637o0669c 0x000000   1.928571
58637.552424 19.766969      NaN  -12    15 c    0   3.20 327.08383 -34.95289  7595.90  7558.19 3.02 2.70  44.5 -0.384    19.33 21.18 02a58637o0677c 0x000000  -0.800000
58637.566176 19.766969      NaN    3    14 c    0   3.59 327.08383 -34.95289  7572.26  7674.89 2.80 2.53  46.6 -0.395    19.52 21.33 02a58637o0706c 0x000000   0.214286
58637.619161 18.574166      NaN   -6    45 c    0   1.77 327.08383 -34.95289  7604.60  7615.99 2.63 2.49  60.3 -0.434    17.99 18.81 02a58637o0817c 0x100002  -0.133333
58665.556380 19.510313      NaN   24    11 c    0   4.43 327.08383 -34.95289  9614.55  9585.95 2.82 2.44  48.5 -0.386    19.60 21.55 02a58665o0489c 0x000000   2.181818
58669.566562 20.009244      NaN  -52    12 c    0   6.57 327.08383 -34.95289  5910.84  4677.36 2.80 2.45  39.7 -0.390    19.55 21.50 02a58669o0655c 0x000000  -4.333333
58669.569765 20.103715      NaN    0    11 c    0   4.77 327.08383 -34.95289  5969.52  4755.92 2.80 2.43  43.0 -0.388    19.60 21.49 02a58669o0662c 0x000000   0.000000
58669.579785 20.103715      NaN  -69    11 c    0   6.42 327.08383 -34.95289  5988.20  4640.04 2.79 2.43  44.5 -0.388    19.57 21.47 02a58669o0683c 0x000000  -6.272727
58670.554250 19.609992      NaN   19    11 c    0   6.20 327.08383 -34.95289  5930.85  4715.40 2.74 2.39  41.6 -0.396    19.62 21.66 02a58670o0647c 0x000000   1.727273
58670.559992 20.103715      NaN  -39    11 c    0   2.41 327.08383 -34.95289  4641.66  5881.92 2.60 2.31  36.7 -0.390    19.73 21.66 02a58670o0659c 0x000000  -3.545455
58670.562919 19.529530      NaN   23    11 c    0   6.00 327.08383 -34.95289  5970.73  4756.35 2.78 2.38  41.0 -0.389    19.64 21.65 02a58670o0665c 0x000000   2.090909
58670.576123 19.436675      NaN   25    12 c    0   6.60 327.08383 -34.95289  5990.44  4640.73 2.66 2.41  47.0 -0.399    19.66 21.66 02a58670o0693c 0x000000   2.083333
58671.501972 19.454622      NaN   24    12 c    0   7.96 327.08383 -34.95289  4635.37  5846.27 3.06 2.52  36.4 -0.371    19.55 21.60 02a58671o0569c 0x000000   2.000000
58671.505645 20.009244      NaN   -8    12 c    0   5.07 327.08383 -34.95289  4654.37  5882.72 3.08 2.54  36.2 -0.369    19.55 21.59 02a58671o0577c 0x000000  -0.666667
58671.512582 19.791368      NaN    8    12 c    0   5.17 327.08383 -34.95289  4595.73  5805.34 2.88 2.37  35.5 -0.374    19.61 21.61 02a58671o0592c 0x000000   0.666667
58671.522630 20.009244      NaN  -31    12 c    0   2.92 327.08383 -34.95289  4574.18  5921.05 3.06 2.55  35.9 -0.371    19.53 21.61 02a58671o0613c 0x000000  -2.583333
58693.397103 19.351140      NaN   27    13 c    0   6.26 327.08383 -34.95289  2524.35  5488.23 2.39 2.34  17.4 -0.403    19.54 21.36 02a58693o0329c 0x000000   2.076923
58693.398046 19.950541 0.342864   38    12 c    0  14.63 327.08383 -34.95289  2543.44  5525.63 2.48 2.31  31.5 -0.387    19.53 21.37 02a58693o0331c 0x100001   3.166667
58693.398503 19.791368      NaN    2    14 c    0   3.04 327.08383 -34.95289  2485.11  5448.96 2.55 2.41  30.7 -0.394    19.52 21.37 02a58693o0332c 0x000000   0.142857
58693.407808 19.696897      NaN    9    13 c    0   3.56 327.08383 -34.95289  2468.57  5561.56 2.73 2.52 -57.5 -0.404    19.44 21.44 02a58693o0351c 0x000000   0.692308
58705.395268 17.751519      NaN  -16    96 c    0   0.94 327.08383 -34.95289  3291.94  3533.12 2.59 2.26  36.3 -0.394    17.07 17.79 02a58705o0355c 0x100002  -0.166667
58705.398479 17.797727      NaN  -10    92 c    0   2.33 327.08383 -34.95289  3310.63  3571.33 2.53 2.28  36.6 -0.394    16.87 17.61 02a58705o0362c 0x100002  -0.108696
58705.404435 18.261819      NaN  -94    60 c    0   1.17 327.08383 -34.95289  3251.83  3492.12 2.42 2.32  46.2 -0.394    17.35 18.09 02a58705o0375c 0x100002  -1.566667
58705.414992 18.152867      NaN   19    60 c    0   1.38 327.08383 -34.95289  3228.12  3608.87 2.46 2.27  39.3 -0.395    17.35 18.28 02a58705o0398c 0x100002   0.316667
58721.374894 20.103715      NaN  -25    11 c    0   6.35 327.08383 -34.95289  3192.00  1589.39 2.61 2.51  59.3 -0.403    19.51 21.41 02a58721o0323c 0x000000  -2.272727
58721.378106 19.569016 0.241275   54    12 c    0   3.97 327.08383 -34.95289  3213.76  1626.74 2.67 2.57  55.4 -0.395    19.45 21.42 02a58721o0330c 0x000000   4.500000
58721.388103 19.609992      NaN   16    12 c    0   5.27 327.08383 -34.95289  3147.61  1551.15 2.78 2.57  44.4 -0.399    19.45 21.43 02a58721o0350c 0x000000   1.333333
58721.399248 19.922338      NaN  -31    13 c    0   3.32 327.08383 -34.95289  3127.23  1665.94 2.70 2.66  44.0 -0.396    19.46 21.46 02a58721o0373c 0x000000  -2.384615
58725.443933 16.551202      NaN   81   263 c    0   1.13 327.08383 -34.95289  4027.31  4849.44 2.89 2.41  39.1 -0.375    15.81 17.50 02a58725o0385c 0x100002   0.307985
58725.454135 17.883650      NaN  -46    85 c    0   1.74 327.08383 -34.95289  4046.31  4735.90 2.89 2.37  38.4 -0.368    17.11 18.81 02a58725o0407c 0x100002  -0.541176
58729.395903 19.922338      NaN  -34    13 c    0   5.61 327.08383 -34.95289  3988.85  4813.14 2.49 2.39  47.5 -0.394    19.52 21.29 02a58729o0397c 0x000000  -2.615385
58729.399104 19.696897      NaN   12    12 c    0   6.53 327.08383 -34.95289  3970.44  4775.21 2.55 2.44  50.6 -0.394    19.51 21.29 02a58729o0404c 0x000000   1.000000
58729.405054 20.009244      NaN  -43    12 c    0   5.34 327.08383 -34.95289  4027.60  4851.24 2.67 2.36  40.2 -0.386    19.53 21.29 02a58729o0417c 0x000000  -3.583333
58729.423649 19.652575      NaN   11    13 c    0   8.36 327.08383 -34.95289  4048.14  4730.71 2.48 2.37  60.6 -0.394    19.52 21.27 02a58729o0456c 0x000000   0.846154
58749.330552 19.491430      NaN   10    16 c    0   3.88 327.08383 -34.95289  7775.78  9561.69 2.76 2.44  52.1 -0.389    19.53 21.31 02a58749o0252c 0x000000   0.625000
58749.336670 19.287255      NaN   34    12 c    0   8.00 327.08383 -34.95289  2758.71   957.77 2.50 2.34  80.5 -0.418    19.50 21.24 02a58749o0264c 0x000000   2.833333
58749.339887 19.256669      NaN   27    15 c    0   7.30 327.08383 -34.95289  2817.18  1034.49 2.45 2.28  76.4 -0.424    19.59 21.25 02a58749o0270c 0x000000   1.800000
58749.351078 19.401649      NaN   27    12 c    0   5.45 327.08383 -34.95289  2839.85   921.19 2.55 2.39 -86.5 -0.424    19.53 21.28 02a58749o0292c 0x000000   2.250000
58753.374158 20.103715      NaN   -2    11 c    0   7.29 327.08383 -34.95289  2779.95  1001.98 2.49 2.31 -85.8 -0.422    19.58 21.48 02a58753o0317c 0x000000  -0.181818
58753.377369 19.696897 0.226195   48    10 c    0  16.85 327.08383 -34.95289  2760.71   962.95 2.55 2.36 -84.4 -0.414    19.56 21.48 02a58753o0324c 0x100001   4.800000
58753.382898 19.631075      NaN   18    11 c    0   6.25 327.08383 -34.95289  2818.92  1043.07 2.52 2.33 -79.0 -0.420    19.60 21.48 02a58753o0336c 0x000000   1.636364
58777.250406 20.009244      NaN  -10    12 c    0   5.52 327.08383 -34.95289  3812.33  7796.18 2.65 2.61 -76.5 -0.368    19.42 21.08 02a58777o0124c 0x000000  -0.833333
58777.259248 19.766969      NaN  -18    15 c    0   6.07 327.08383 -34.95289  3829.05  7834.29 2.59 2.54  62.5 -0.369    19.47 21.08 02a58777o0142c 0x000000  -1.200000
58777.269301 19.155932      NaN   22    19 c    0   3.18 327.08383 -34.95289  3767.31  7757.23 2.63 2.60  36.0 -0.361    19.45 21.05 02a58777o0162c 0x000000   1.157895
58777.279188 19.841877      NaN  -74    14 c    0   9.07 327.08383 -34.95289  6801.75  2685.17 2.89 2.73 -72.0 -0.359    19.34 21.09 02a58777o0181c 0x000000  -5.285714
58781.297727 19.696897      NaN    6    14 c    0   7.97 327.08383 -34.95289  5071.10  6644.76 2.89 2.31  43.9 -0.371    19.43 20.90 02a58781o0250c 0x000000   0.428571
58781.300469 19.334813      NaN   19    16 c    0   4.66 327.08383 -34.95289  5051.64  6608.58 2.81 2.29  43.0 -0.371    19.39 20.89 02a58781o0256c 0x000000   1.187500
58781.306528 19.089302      NaN   39    15 c    0   3.13 327.08383 -34.95289  5110.92  6682.15 2.77 2.31  45.9 -0.374    19.41 20.87 02a58781o0269c 0x000000   2.600000
58781.316295 19.549093      NaN   10    15 c    0   5.31 327.08383 -34.95289  5133.56  6566.36 2.68 2.36  49.5 -0.375    19.35 20.84 02a58781o0290c 0x000000   0.666667
58785.292525 19.696897      NaN    3    15 c    0   6.18 327.08383 -34.95289  5075.56  6641.92 2.59 2.39  53.5 -0.389    19.41 20.98 02a58785o0213c 0x000000   0.200000
58785.295788 19.868040 0.317776   41    12 c    0   9.52 327.08383 -34.95289  5056.34  6603.56 2.50 2.32  52.0 -0.398    19.45 20.98 02a58785o0220c 0x000000   3.416667
58785.301330 19.491430      NaN   22    12 c    0   5.72 327.08383 -34.95289  5114.30  6681.39 2.50 2.31  55.7 -0.390    19.43 20.98 02a58785o0232c 0x000000   1.833333
58785.314680 19.922338 0.306233   39    11 c    0  11.76 327.08383 -34.95289  5135.22  6565.94 2.49 2.35  70.3 -0.395    19.43 20.94 02a58785o0261c 0x100001   3.545455
58817.192281 17.027593      NaN   12   183 c    0   1.13 327.08383 -34.95289  3141.97  6722.62 2.55 2.29  44.8 -0.369    16.76 17.75 02a58817o0020c 0x100002   0.065574
58817.195947 15.656693      NaN -558   661 c    0   1.11 327.08383 -34.95289  3122.09  6683.08 2.69 2.33  45.2 -0.365    16.10 17.18 02a58817o0028c 0x100002  -0.844175
58817.202023 19.302877      NaN  -68    23 c    0   3.10 327.08383 -34.95289  3181.79  6762.28 2.54 2.32  48.1 -0.376    18.83 20.09 02a58817o0041c 0x000000  -2.956522
58817.212228 19.454622      NaN  -48    20 c    0   4.01 327.08383 -34.95289  3202.90  6649.57 2.64 2.31  43.8 -0.372    18.94 20.26 02a58817o0063c 0x000000  -2.400000
58989.590139 19.419021      NaN   14    16 c    0   3.52 327.08383 -34.95289  9558.16  7546.37 2.87 2.65  47.9 -0.388    19.51 21.28 02a58989o0771c 0x000000   0.875000
58989.600289 20.009244      NaN   -9    12 c    0   5.28 327.08383 -34.95289  9576.14  7585.72 2.95 2.64  43.6 -0.382    19.53 21.32 02a58989o0793c 0x000000  -0.750000
58989.609945 19.766969      NaN  -27    15 c    0   6.35 327.08383 -34.95289  9519.47  7505.08 2.76 2.65  86.7 -0.392    19.44 20.96 02a58989o0814c 0x000000  -1.800000
58989.617290 19.212347      NaN  -36    25 c    0   2.67 327.08383 -34.95289  9499.43  7620.72 2.81 2.67  62.8 -0.393    18.81 19.75 02a58989o0830c 0x000000  -1.440000
58997.592659 19.841877      NaN   -9    14 c    0   4.17 327.08383 -34.95289  1188.02  1716.51 2.60 2.27 -61.7 -0.418    19.57 21.38 02a58997o0761c 0x000000  -0.642857
58997.596871 19.841877      NaN   -8    14 c    0   5.72 327.08383 -34.95289  1208.34  1754.16 2.62 2.30 -61.8 -0.419    19.56 21.38 02a58997o0770c 0x000000  -0.571429
58997.606104 20.103715      NaN  -32    11 c    0   4.46 327.08383 -34.95289  1146.66  1675.42 2.49 2.39 -77.1 -0.412    19.45 21.17 02a58997o0790c 0x000000  -2.909091
58997.613427 19.696897      NaN  -11    16 c    0   5.56 327.08383 -34.95289  1127.05  1792.26 2.45 2.38 -74.1 -0.416    19.08 20.24 02a58997o0806c 0x000000  -0.687500
59001.590061 20.009244      NaN  -12    12 c    0   6.32 327.08383 -34.95289  1183.41  1716.95 2.35 2.26 -72.0 -0.421    19.61 21.45 02a59001o0678c 0x000000  -1.000000
59001.594201 19.922338      NaN   -4    13 c    0   5.31 327.08383 -34.95289  1205.98  1755.05 2.41 2.26 -66.7 -0.418    19.65 21.46 02a59001o0687c 0x000000  -0.307692
59001.602124 20.103715      NaN  -32    11 c    0   3.64 327.08383 -34.95289  1144.25  1677.34 2.41 2.32  46.9 -0.413    19.57 21.39 02a59001o0704c 0x000000  -2.909091
59017.568940 19.922338      NaN  -66    13 c    0   4.06 327.08383 -34.95289  7429.99  3827.55 2.65 2.40  38.4 -0.389    19.57 21.34 02a59017o0703c 0x000000  -5.076923
59017.572174 19.549093      NaN   16    13 c    0   2.58 327.08383 -34.95289  7447.70  3869.13 2.69 2.39  37.2 -0.385    19.57 21.35 02a59017o0710c 0x000000   1.230769
59017.578230 19.922338      NaN  -13    13 c    0   2.97 327.08383 -34.95289  7389.67  3788.55 2.71 2.43  38.5 -0.384    19.56 21.35 02a59017o0723c 0x000000  -1.000000
59017.589514 20.009244      NaN   -2    12 c    0   5.20 327.08383 -34.95289  3156.29  6638.38 2.84 2.47  34.2 -0.374    19.45 21.36 02a59017o0747c 0x000000  -0.166667
59021.557658 19.766969      NaN  -20    15 c    0   3.67 327.08383 -34.95289  5884.16  9628.03 2.69 2.49 -62.3 -0.411    19.45 21.26 02a59021o0679c 0x000000  -1.333333
59021.561340 19.696897      NaN  -31    16 c    0   4.39 327.08383 -34.95289  5900.33  9669.53 2.74 2.53  52.7 -0.394    19.24 21.10 02a59021o0687c 0x000000  -1.937500
59021.565462 19.076453      NaN    4    27 c    0   2.17 327.08383 -34.95289  5843.35  9590.40 2.68 2.48  53.2 -0.396    18.87 20.66 02a59021o0696c 0x000000   0.148148
59021.577295 19.115465      NaN   40    14 c    0   6.70 327.08383 -34.95289  5823.71  9706.96 2.60 2.49 -88.6 -0.404    19.35 21.22 02a59021o0721c 0x000000   2.857143
59029.530211 20.009244      NaN  -24    12 c    0   5.43 327.08383 -34.95289  8496.79  5682.37 2.78 2.33  34.1 -0.370    19.58 21.35 02a59029o0616c 0x000000  -2.000000
59029.532955 19.816329      NaN    4    13 c    0   2.72 327.08383 -34.95289  8515.96  5720.70 2.80 2.35  31.8 -0.368    19.59 21.38 02a59029o0622c 0x000000   0.307692
59029.535699 19.529530 0.232658   56    12 c    0   3.71 327.08383 -34.95289  8457.92  5641.80 2.82 2.35  32.3 -0.373    19.55 21.39 02a59029o0628c 0x000000   4.666667
59029.542558 20.103715      NaN   -5    11 c    0   6.97 327.08383 -34.95289  8440.11  5758.23 2.51 2.35  47.3 -0.391    19.65 21.41 02a59029o0643c 0x000000  -0.454545
59049.487703 19.841877      NaN  -35    14 c    0   4.00 327.08383 -34.95289  5734.04  7676.15 2.71 2.66  72.6 -0.395    19.51 21.38 02a59049o0355c 0x000000  -2.500000
59049.507839 19.841877      NaN  -36    14 c    0   5.21 327.08383 -34.95289  5751.52  7714.50 2.54 2.50  81.2 -0.402    19.59 21.47 02a59049o0398c 0x000000  -2.571429
59049.511547 19.743105      NaN    4    14 c    0   4.65 327.08383 -34.95289  5695.09  7636.40 2.58 2.48  48.2 -0.401    19.60 21.49 02a59049o0406c 0x000000   0.285714
59049.538778 19.287255      NaN   31    13 c    0   5.41 327.08383 -34.95289  4878.35  2796.04 2.73 2.64  88.6 -0.380    19.50 21.51 02a59049o0465c 0x000000   2.384615
59053.475758 19.841877      NaN  -22    14 c    0   4.64 327.08383 -34.95289  1320.25  3662.55 2.37 2.29  23.6 -0.410    19.53 21.39 02a59053o0510c 0x000000  -1.571429
59053.477587 19.922338      NaN  -20    13 c    0   3.95 327.08383 -34.95289  1340.15  3700.57 2.45 2.22  28.8 -0.408    19.53 21.39 02a59053o0514c 0x000000  -1.538462
59053.480331 20.009244      NaN  -32    12 c    0   6.38 327.08383 -34.95289  1281.02  3624.08 2.32 2.24 -60.4 -0.415    19.58 21.39 02a59053o0520c 0x000000  -2.666667
59053.485819 19.922338      NaN   -9    13 c    0   5.33 327.08383 -34.95289  1260.02  3739.74 2.48 2.23  24.7 -0.401    19.51 21.39 02a59053o0532c 0x000000  -0.692308
59077.412416 19.302877      NaN   21    16 c    0   7.27 327.08383 -34.95289  3996.52  9723.81 2.46 2.35 -84.8 -0.389    19.60 21.52 02a59077o0396c 0x000000   1.312500
59077.414244 18.826541      NaN   47    20 c    0   3.40 327.08383 -34.95289  4011.90  9764.02 2.53 2.40 -71.0 -0.387    19.61 21.51 02a59077o0400c 0x000000   2.350000
59077.416985 19.766969      NaN  -23    15 c    0   6.78 327.08383 -34.95289  3955.92  9686.37 2.58 2.44 -77.1 -0.388    19.55 21.51 02a59077o0406c 0x000000  -1.533333
59077.425218 19.841877      NaN  -10    14 c    0  10.47 327.08383 -34.95289  3939.42  9803.00 2.65 2.32 -60.4 -0.395    19.62 21.54 02a59077o0424c 0x100001  -0.714286
59105.323005 20.207197      NaN  -13    10 c    0   6.31 327.08383 -34.95289  3289.20  3532.62 2.32 2.25 -54.8 -0.406    19.53 21.37 02a59105o0241c 0x000000  -1.300000
59105.326206 19.766969 0.289530   45    12 c    0   7.77 327.08383 -34.95289  3313.98  3569.97 2.40 2.38 -70.5 -0.399    19.55 21.42 02a59105o0248c 0x000000   3.750000
59105.331696 20.009244      NaN   -5    12 c    0   4.71 327.08383 -34.95289  3256.83  3491.99 2.45 2.31  34.4 -0.399    19.60 21.44 02a59105o0260c 0x000000  -0.416667
59105.341877 20.103715      NaN   -5    11 c    0   9.32 327.08383 -34.95289  3238.74  3607.04 2.45 2.35 -63.2 -0.401    19.49 21.40 02a59105o0282c 0x000000  -0.454545
59109.362757 19.589310      NaN    8    15 c    0   7.47 327.08383 -34.95289  8778.53  3121.18 2.64 2.47  46.7 -0.378    19.58 21.47 02a59109o0336c 0x000000   0.533333
59109.365610 19.922338      NaN  -24    13 c    0   8.20 327.08383 -34.95289  8761.70  3082.10 2.57 2.47 -87.9 -0.382    19.51 21.39 02a59109o0340c 0x000000  -1.846154
59109.378052 19.894850      NaN    7    11 c    0   8.45 327.08383 -34.95289  8823.04  3157.11 2.57 2.42 -71.9 -0.390    19.58 21.48 02a59109o0367c 0x000000   0.636364
59109.384946 19.841877      NaN  -20    14 c    0   4.28 327.08383 -34.95289  8844.04  3041.47 2.62 2.48 -74.6 -0.381    19.58 21.46 02a59109o0382c 0x000000  -1.428571
59113.351234 17.949472      NaN   57    61 c    0   1.87 327.08383 -34.95289  8789.08  3119.22 2.71 2.46 -65.7 -0.383    17.78 19.55 02a59113o0316c 0x100002   0.934426
59113.385627 18.226218      NaN  -19    62 c    0   2.59 327.08383 -34.95289  8771.29  3082.27 2.88 2.65 -68.4 -0.372    17.62 19.49 02a59113o0390c 0x100002  -0.306452
59113.388829 17.949472      NaN  -54    80 c    0   2.03 327.08383 -34.95289  8829.69  3161.44 2.81 2.68 -83.6 -0.383    17.39 19.23 02a59113o0397c 0x100002  -0.675000
59113.394315 16.817132      NaN -181   227 c    0   1.49 327.08383 -34.95289  8850.61  3044.06 2.93 2.65 -65.8 -0.392    16.73 18.58 02a59113o0409c 0x100002  -0.797357
59133.316422 19.026525      NaN   41    16 c    0  15.72 327.08383 -34.95289  3271.84  8669.29 2.70 2.61  53.0 -0.375    19.42 21.15 02a59133o0203c 0x100001   2.562500
59133.320543 19.384550      NaN   16    16 c    0   5.64 327.08383 -34.95289  3253.51  8629.49 2.77 2.67  50.6 -0.368    19.38 21.14 02a59133o0212c 0x000000   1.000000
59133.327882 19.743105 0.330441   46    14 c    0   8.42 327.08383 -34.95289  3314.20  8708.15 2.76 2.69  52.7 -0.369    19.38 21.14 02a59133o0228c 0x000000   3.285714
59133.338925 19.696897      NaN   -8    16 c    0   5.26 327.08383 -34.95289  3335.76  8591.83 2.68 2.54  46.5 -0.372    19.42 21.15 02a59133o0252c 0x000000  -0.500000
59137.289311 19.631075      NaN  -13    17 c    0  11.58 327.08383 -34.95289  3274.59  8668.98 2.39 2.35  -7.5 -0.411    19.51 21.13 02a59137o0212c 0x100001  -0.764706
59137.292514 19.155932      NaN   37    14 c    0  10.04 327.08383 -34.95289  3255.57  8630.20 2.40 2.33  16.4 -0.407    19.49 21.12 02a59137o0219c 0x100001   2.642857
59137.299376 19.766969      NaN   -9    15 c    0   8.03 327.08383 -34.95289  3316.47  8708.81 2.36 2.29  13.3 -0.412    19.50 21.13 02a59137o0234c 0x000000  -0.600000
59137.309442 19.318728      NaN   26    14 c    0   8.98 327.08383 -34.95289  3338.47  8594.41 2.57 2.28  42.4 -0.391    19.53 21.18 02a59137o0256c 0x000000   1.857143
59141.308280 15.688359      NaN -366   642 c    0   3.01 327.08383 -34.95289    99.40  4913.86 2.46 2.31  45.9 -0.402    16.28 17.91 02a59141o0126c 0x100002  -0.570093
59141.312410 17.163487      NaN  -71   165 c    0   3.56 327.08383 -34.95289    79.91  4872.41 2.52 2.31  39.5 -0.370    18.27 19.89 02a59141o0135c 0x100002  -0.430303
59141.314695 18.214605      NaN   74    38 c    0   2.64 327.08383 -34.95289  9980.95  4937.02 2.82 2.63  41.5 -0.388    18.35 20.05 02a59141o0140c 0x100002   1.947368
59141.317915 17.318857      NaN -146   143 c    0   1.95 327.08383 -34.95289  9962.06  4900.35 2.76 2.58  42.1 -0.394    17.03 18.66 02a59141o0147c 0x100002  -1.020979
59141.320201 15.275533      NaN -422   939 c    0   0.80 327.08383 -34.95289   139.90  4950.93 2.63 2.44  45.9 -0.398    15.21 16.81 02a59141o0152c 0x100002  -0.449414
59141.323430 18.944322      NaN  -20    32 c    0   2.31 327.08383 -34.95289 10021.04  4975.94 2.81 2.70  46.9 -0.375    18.25 19.95 02a59141o0159c 0x000000  -0.625000
59141.331699 18.757738      NaN  -24    38 c    0  14.22 327.08383 -34.95289   159.72  4841.14 2.56 2.36  43.4 -0.375    17.70 19.36 02a59141o0177c 0x100003  -0.631579
59141.334900 16.879473      NaN  166   159 c    0   1.62 327.08383 -34.95289 10041.61  4858.13 2.85 2.79  72.0 -0.393    17.51 19.19 02a59141o0184c 0x100002   1.044025
59161.273382 19.816329 0.353496   43    14 c    0   5.69 327.08383 -34.95289  8708.88  1172.49 2.58 2.22 -64.8 -0.403    19.43 20.99 02a59161o0196c 0x000000   3.071429
59161.276585 19.841877      NaN  -24    14 c    0   4.24 327.08383 -34.95289  8691.15  1134.93 2.71 2.19 -61.9 -0.413    19.44 21.00 02a59161o0203c 0x000000  -1.714286
59161.283448 19.743105      NaN    4    14 c    0   5.40 327.08383 -34.95289  8749.23  1212.67 2.66 2.19 -62.5 -0.411    19.44 21.00 02a59161o0218c 0x000000   0.285714
59161.293282 19.510313      NaN   21    12 c    0  12.71 327.08383 -34.95289  8770.73  1095.82 2.72 2.16 -58.8 -0.416    19.41 20.97 02a59161o0239c 0x100001   1.750000
59169.242345 19.791368 0.345462   44    14 c    0   7.26 327.08383 -34.95289  1150.65  6786.69 2.67 2.33  41.1 -0.400    19.41 21.02 02a59169o0137c 0x000000   3.142857
59169.246005 19.652575      NaN    8    14 c    0   7.16 327.08383 -34.95289  1132.47  6748.63 2.54 2.30  42.0 -0.405    19.41 21.01 02a59169o0145c 0x000000   0.571429
59169.252015 19.631075      NaN   -1    17 c    0   3.22 327.08383 -34.95289  1192.11  6828.10 2.63 2.47  55.3 -0.404    19.38 21.00 02a59169o0158c 0x000000  -0.058824
59169.263943 19.719755 0.346512   47    15 c    0   5.53 327.08383 -34.95289  1213.79  6712.41 2.61 2.40  48.4 -0.400    19.37 21.00 02a59169o0184c 0x000000   3.133333
59189.193111 18.649074      NaN  -40    42 c    0   1.68 327.08383 -34.95289  1004.32  3001.13 2.42 2.31  87.4 -0.437    18.04 18.87 02a59189o0024c 0x100002  -0.952381
59189.197238 19.401649      NaN   -1    21 c    0   3.88 327.08383 -34.95289   983.29  2961.49 2.39 2.29 -87.9 -0.425    18.79 19.77 02a59189o0033c 0x000000  -0.047619
59189.204121 19.212347      NaN   24    17 c    0   3.43 327.08383 -34.95289  1042.03  3042.62 2.45 2.34 -82.6 -0.426    19.29 20.58 02a59189o0048c 0x000000   1.411765
59189.215572 19.791368 0.345462   44    14 c    0   4.20 327.08383 -34.95289  1062.07  2926.64 2.45 2.34  89.4 -0.414    19.35 20.80 02a59189o0073c 0x000000   3.142857
59193.194801 18.675237      NaN  -38    41 c    0   2.17 327.08383 -34.95289  1001.27  3001.19 2.73 2.36 -63.1 -0.422    18.14 18.97 02a59193o0030c 0x100002  -0.926829
59193.198023 18.631975      NaN   44    28 c    0   2.00 327.08383 -34.95289   982.12  2961.08 2.72 2.38 -63.0 -0.415    18.68 19.66 02a59193o0037c 0x000000   1.571429
59193.205358 19.026525      NaN   35    18 c    0   5.65 327.08383 -34.95289  1036.89  3039.05 2.74 2.45 -66.1 -0.405    19.15 20.50 02a59193o0053c 0x000000   1.944444
59193.217756 19.287255      NaN   22    16 c    0   5.11 327.08383 -34.95289  1057.40  2922.56 2.64 2.37 -66.8 -0.413    19.26 20.67 02a59193o0080c 0x000000   1.375000
59195.199310 19.454622      NaN  -27    20 c    0   2.64 327.08383 -34.95289  3262.11  3554.07 2.33 2.26  -7.3 -0.361    19.03 19.98 01a59195o0036c 0x000000  -1.350000
59195.204836 19.696897      NaN  -38    16 c    0   4.33 327.08383 -34.95289  3281.61  3591.74 2.35 2.29 -28.7 -0.362    19.37 20.62 01a59195o0048c 0x000000  -2.375000
59195.208056 19.631075      NaN  -24    17 c    0   3.56 327.08383 -34.95289  3221.47  3514.06 2.51 2.44  -8.5 -0.344    19.33 20.77 01a59195o0055c 0x000000  -1.411765
59195.218205 19.631075      NaN    9    14 c    0   3.82 327.08383 -34.95289  3203.67  3630.49 2.37 2.32 -18.7 -0.361    19.41 20.85 01a59195o0077c 0x000000   0.642857
59197.198619 18.163834      NaN   89    36 c    0   3.81 327.08383 -34.95289  9368.07  8846.56 3.20 2.87  43.1 -0.350    18.50 19.63 02a59197o0008c 0x100002   2.472222
59197.201821 19.351140      NaN  -58    22 c    0   5.71 327.08383 -34.95289  9346.04  8808.77 3.13 2.90  46.5 -0.352    18.90 20.21 02a59197o0015c 0x000000  -2.636364
59197.209637 16.286693      NaN  -43   370 c    0   1.67 327.08383 -34.95289  9409.17  8886.21 2.96 2.79 -83.3 -0.355    17.62 19.22 02a59197o0032c 0x100002  -0.116216
59197.221133 19.454622      NaN  -28    20 c    0   5.75 327.08383 -34.95289  9428.94  8766.71 3.06 2.91 -68.2 -0.363    18.86 20.57 02a59197o0057c 0x000000  -1.400000
59349.590639 19.454622      NaN  -93    20 c    0   3.79 327.08383 -34.95289  7779.69  9548.20 3.38 3.25  73.5 -0.362    19.16 20.99 02a59349o0639c 0x000000  -4.650000
59349.594782 19.271854      NaN   17    18 c    0   3.70 327.08383 -34.95289  7799.15  9588.56 3.15 3.00 -89.1 -0.373    19.20 21.01 02a59349o0648c 0x000000   0.944444
59349.602621 19.696897      NaN  -18    16 c    0   3.72 327.08383 -34.95289  7742.74  9508.21 3.17 3.06  89.1 -0.376    19.26 21.03 02a59349o0665c 0x000000  -1.125000
59349.615375 19.212347      NaN  -28    25 c    0   2.24 327.08383 -34.95289  7721.97  9625.34 3.15 3.03  70.8 -0.375    18.93 20.35 02a59349o0692c 0x000000  -1.120000
59353.588208 19.102305 0.209299   83    16 c    0   3.41 327.08383 -34.95289  7783.69  9549.48 2.91 2.80 -85.5 -0.394    19.35 21.12 02a59353o0756c 0x000000   5.187500
59353.593717 19.454622      NaN   12    16 c    0   3.48 327.08383 -34.95289  7803.00  9588.34 2.81 2.69 -79.1 -0.400    19.44 21.16 02a59353o0768c 0x000000   0.750000
59353.610671 19.631075      NaN  -45    17 c    0   3.97 327.08383 -34.95289  7745.28  9506.56 2.79 2.65  66.9 -0.397    19.35 20.92 02a59353o0804c 0x000000  -2.647059
59353.619269 18.757738      NaN  -51    38 c    0   2.27 327.08383 -34.95289  7722.98  9622.70 2.91 2.73 -71.1 -0.390    18.52 19.62 02a59353o0822c 0x100002  -1.342105
59371.568375 19.743105      NaN   13    11 c    0   5.08 327.08383 -34.95289  6557.25   833.42 2.76 2.62 -37.1 -0.374    19.66 21.45 01a59371o0716c 0x000000   1.181818
59371.571488 20.009244      NaN  -40    12 c    0   5.14 327.08383 -34.95289  6537.33   792.63 2.67 2.57 -66.5 -0.379    19.66 21.45 01a59371o0722c 0x000000  -3.333333
59371.577929 20.009244      NaN  -17    12 c    0   3.60 327.08383 -34.95289  6596.43   871.51 2.66 2.56 -55.4 -0.382    19.67 21.46 01a59371o0736c 0x000000  -1.416667
59371.596717 19.334813      NaN   28    13 c    0   4.94 327.08383 -34.95289  6612.84   751.17 2.66 2.50 -64.0 -0.387    19.72 21.49 01a59371o0776c 0x000000   2.153846
59375.570239 20.009244      NaN  -23    12 c    0   7.08 327.08383 -34.95289  6555.61   829.49 3.10 2.66   4.8 -0.363    19.59 21.47 01a59375o0340c 0x000000  -1.916667
59375.573471 20.207197      NaN -127    10 c    0   7.08 327.08383 -34.95289  6537.00   790.30 3.26 2.81   6.0 -0.346    19.47 21.49 01a59375o0347c 0x000000 -12.700000
59375.580386 19.841877      NaN   -4    14 c    0   6.16 327.08383 -34.95289  6593.63   867.63 3.00 2.71  -1.0 -0.359    19.59 21.49 01a59375o0362c 0x000000  -0.285714
59375.598771 19.367717      NaN   26    13 c    0   3.05 327.08383 -34.95289  6615.42   749.60 2.98 2.91 -23.7 -0.338    19.60 21.46 01a59375o0401c 0x000000   2.000000
59379.554802 20.009244      NaN  -24    12 c    0   2.72 327.08383 -34.95289  5281.07  8588.74 2.44 2.25 -66.1 -0.375    19.66 21.34 01a59379o0683c 0x000000  -2.000000
59379.557106 19.922338      NaN    3    12 c    0   9.40 327.08383 -34.95289  5261.81  8549.82 2.40 2.23 -71.3 -0.382    19.66 21.35 01a59379o0688c 0x000000   0.250000
59379.559870 20.009244      NaN  -60    12 c    0   6.49 327.08383 -34.95289  5321.71  8627.03 2.69 2.54 -58.4 -0.383    19.54 21.36 01a59379o0694c 0x000000  -5.000000
59379.569899 19.674510      NaN   13    12 c    0   4.87 327.08383 -34.95289  5346.59  8510.95 2.33 2.22 -21.7 -0.373    19.75 21.45 01a59379o0715c 0x000000   1.083333
59383.573703 18.944322      NaN  -33    32 c    0   2.26 327.08383 -34.95289  5285.98  8589.59 2.30 2.22 -58.8 -0.379    18.25 20.07 01a59383o0505c 0x000000  -1.031250
59383.575548 19.302877      NaN   -4    23 c    0   2.70 327.08383 -34.95289  5265.56  8551.24 2.27 2.21 -18.7 -0.367    19.16 21.00 01a59383o0509c 0x000000  -0.173913
59383.580164 19.256669      NaN   18    18 c    0   3.19 327.08383 -34.95289  5326.20  8628.84 2.29 2.20 -72.5 -0.382    19.01 20.83 01a59383o0519c 0x000000   1.000000
59383.592144 18.729535      NaN  -15    39 c    0   1.88 327.08383 -34.95289  5347.49  8513.36 2.36 2.29 -29.0 -0.370    18.57 20.39 01a59383o0545c 0x100002  -0.384615
59405.543672 19.197966      NaN   13    21 c    0   6.22 327.08383 -34.95289  1280.97  8736.72 2.40 2.27  37.3 -0.418    19.18 20.92 02a59405o0551c 0x000000   0.619048
59405.547819 19.401649      NaN    9    18 c    0   5.04 327.08383 -34.95289  1263.23  8697.22 2.32 2.25 -44.4 -0.423    19.32 21.03 02a59405o0560c 0x000000   0.500000
59405.555146 19.569016      NaN  -10    18 c    0   5.81 327.08383 -34.95289  1324.32  8776.97 2.33 2.29 -45.9 -0.419    19.33 21.09 02a59405o0576c 0x000000  -0.555556
59405.565723 19.631075      NaN  -25    17 c    0   6.38 327.08383 -34.95289  1346.17  8663.81 2.29 2.25  22.8 -0.418    19.49 21.23 02a59405o0599c 0x000000  -1.470588
59413.457747 19.922338      NaN  -22    13 c    0   3.82 327.08383 -34.95289  7447.76  3830.82 2.64 2.54  37.7 -0.380    19.44 21.21 02a59413o0458c 0x000000  -1.692308
59413.461439 20.009244      NaN  -16    12 c    0   7.11 327.08383 -34.95289  7468.05  3869.06 2.45 2.40  89.9 -0.391    19.51 21.26 02a59413o0466c 0x000000  -1.333333
59413.466930 19.743105      NaN   16    10 c    0  10.16 327.08383 -34.95289  7410.55  3790.35 2.40 2.36  77.9 -0.391    19.57 21.28 02a59413o0478c 0x100001   1.600000
59413.477034 19.510313      NaN   18    13 c    0   4.09 327.08383 -34.95289  7390.94  3904.52 2.69 2.47  36.6 -0.378    19.45 21.26 02a59413o0500c 0x000000   1.384615
59431.439668 19.609992      NaN   16    12 c    0  10.26 327.08383 -34.95289  3299.40  8676.28 2.46 2.32 -75.1 -0.372    19.63 21.42 01a59431o0448c 0x100001   1.333333
59431.441513 19.115465      NaN   40    14 c    0   5.47 327.08383 -34.95289  3280.35  8638.42 2.42 2.22 -74.2 -0.379    19.66 21.44 01a59431o0452c 0x000000   2.857143
59431.444275 19.631075      NaN   21    10 c    0  13.25 327.08383 -34.95289  3339.82  8716.91 2.41 2.26 -71.5 -0.378    19.65 21.45 01a59431o0458c 0x100001   2.100000
59431.449341 19.652575 0.260577   50    12 c    0   4.93 327.08383 -34.95289  3361.08  8600.73 2.46 2.33 -71.9 -0.364    19.60 21.46 01a59431o0469c 0x000000   4.166667
59435.437324 19.241693 0.193350   73    13 c    0   4.96 327.08383 -34.95289  9986.14  4920.22 3.69 3.07 -89.3 -0.359    19.42 21.58 01a59435o0406c 0x000000   5.615385
59435.439169 20.009244      NaN  -59    12 c    0   4.98 327.08383 -34.95289  9965.66  4881.82 3.17 2.64 -83.4 -0.394    19.62 21.58 01a59435o0410c 0x000000  -4.916667
59435.443320 20.009244      NaN  -34    12 c    0   5.71 327.08383 -34.95289 10025.61  4958.34 3.07 2.55 -89.0 -0.396    19.63 21.55 01a59435o0419c 0x000000  -2.833333
59435.453483 19.841877      NaN    3    13 c    0   4.89 327.08383 -34.95289 10045.45  4841.76 3.10 2.62 -88.7 -0.374    19.60 21.50 01a59435o0441c 0x000000   0.230769
59435.465287 19.401649      NaN   24    13 c    0   4.96 327.08383 -34.95289 10452.76  5602.24 2.73 2.59 -87.0 -0.369    19.67 21.45 01a59435o0466c 0x000000   1.846154
59435.468514 19.491430      NaN   19    13 c    0   4.82 327.08383 -34.95289 10473.63  5640.16 3.01 2.85 -83.1 -0.349    19.50 21.43 01a59435o0473c 0x000000   1.461538
59435.475138 20.009244      NaN  -17    12 c    0   5.47 327.08383 -34.95289 10412.67  5559.73 3.03 2.63 -83.5 -0.380    19.55 21.40 01a59435o0487c 0x000000  -1.416667
59435.511147 19.631075      NaN  -58    17 c    0   2.76 327.08383 -34.95289 10398.12  5672.94 3.11 2.79  88.5 -0.363    19.48 21.17 01a59435o0564c 0x000000  -3.411765
59439.429074 20.009244      NaN  -22    12 c    0   3.48 327.08383 -34.95289  9992.21  4923.94 3.34 3.21 -53.6 -0.352    19.46 21.59 01a59439o0428c 0x000000  -1.833333
59439.430915 20.009244      NaN  -57    12 c    0   4.41 327.08383 -34.95289  9970.05  4885.93 3.55 3.21 -62.5 -0.360    19.43 21.60 01a59439o0432c 0x000000  -4.750000
59439.433678 19.529530      NaN   23    11 c    0   5.89 327.08383 -34.95289 10031.17  4962.19 3.15 2.89 -59.5 -0.380    19.61 21.60 01a59439o0438c 0x000000   2.090909
59439.442903 19.922338      NaN  -45    13 c    0   5.04 327.08383 -34.95289 10050.69  4844.01 2.98 2.79 -66.3 -0.386    19.62 21.62 01a59439o0458c 0x000000  -3.461538
59439.460119 20.009244      NaN  -21    12 c    0   8.00 327.08383 -34.95289 10445.72  5593.90 3.09 2.81 -59.6 -0.377    19.56 21.54 01a59439o0495c 0x000000  -1.750000
59439.463352 20.103715      NaN  -21    11 c    0   6.30 327.08383 -34.95289 10465.85  5632.20 3.54 3.17 -56.7 -0.347    19.41 21.53 01a59439o0502c 0x000000  -1.909091
59439.470316 20.009244      NaN  -69    12 c    0   6.08 327.08383 -34.95289 10406.36  5551.87 3.24 2.83 -59.1 -0.395    19.50 21.52 01a59439o0517c 0x000000  -5.750000
59439.505225 19.922338      NaN  -58    13 c    0   4.73 327.08383 -34.95289 10391.97  5665.45 3.52 3.19 -55.8 -0.364    19.33 21.45 01a59439o0592c 0x000000  -4.461538
59457.381552 19.766969      NaN  -11    15 c    0   3.93 327.08383 -34.95289  1324.06  3668.56 2.36 2.24  25.2 -0.408    19.56 21.28 02a59457o0350c 0x000000  -0.733333
59457.384764 19.841877      NaN   -8    14 c    0   3.60 327.08383 -34.95289  1350.48  3704.66 2.34 2.18 -58.5 -0.415    19.62 21.29 02a59457o0357c 0x000000  -0.571429
59457.387516 19.841877      NaN  -19    14 c    0   4.05 327.08383 -34.95289  1290.92  3627.84 2.34 2.24 -56.4 -0.413    19.57 21.28 02a59457o0363c 0x000000  -1.357143
59457.399938 19.302877      NaN   33    12 c    0   6.06 327.08383 -34.95289  1269.81  3743.49 2.35 2.17 -58.1 -0.425    19.58 21.28 02a59457o0390c 0x000000   2.750000
59461.412703 19.841877      NaN   -2    14 c    0   7.19 327.08383 -34.95289   869.50  1032.19 2.85 2.43 -58.0 -0.420    19.48 21.20 02a59461o0419c 0x000000  -0.142857
59461.415925 19.696897 0.316673   48    14 c    0   7.12 327.08383 -34.95289   850.49   992.26 3.10 2.62 -58.5 -0.410    19.37 21.20 02a59461o0426c 0x000000   3.428571
59461.421418 20.009244      NaN   -1    12 c    0   6.76 327.08383 -34.95289   910.13  1073.77 2.91 2.46 -58.9 -0.418    19.46 21.19 02a59461o0438c 0x000000  -0.083333
59461.454772 19.569016 0.301593   54    15 c    0   3.69 327.08383 -34.95289   931.42   959.92 3.03 2.51 -58.5 -0.420    19.45 21.19 02a59461o0510c 0x000000   3.600000
59465.375589 19.334813      NaN   25    14 c    0   4.68 327.08383 -34.95289   860.90  1037.89 2.71 2.31 -57.4 -0.439    19.55 21.28 02a59465o0348c 0x000000   1.785714
59465.409463 19.922338      NaN  -16    13 c    0   6.76 327.08383 -34.95289   845.86   995.60 2.67 2.25 -57.8 -0.448    19.53 21.24 02a59465o0421c 0x000000  -1.230769
59465.412663 18.104842 0.067859  208    13 c    0  30.03 327.08383 -34.95289   904.46  1076.53 2.60 2.27 -60.1 -0.446    19.53 21.24 02a59465o0428c 0x100001  16.000000
59465.419094 19.743105      NaN    4    14 c    0   8.80 327.08383 -34.95289   922.69   963.86 2.49 2.24 -66.2 -0.449    19.55 21.26 02a59465o0442c 0x000000   0.285714
59513.272578 19.491430 0.262074   58    14 c    0   4.23 327.08383 -34.95289  8788.99  3120.33 2.61 2.51 -74.2 -0.380    19.42 21.04 02a59513o0196c 0x000000   4.142857
59513.275779 19.841877      NaN   -5    14 c    0   6.63 327.08383 -34.95289  8770.76  3082.54 2.59 2.41 -70.5 -0.385    19.44 21.05 02a59513o0203c 0x000000  -0.357143
59513.281283 19.841877      NaN  -67    14 c    0   7.24 327.08383 -34.95289  8828.84  3159.22 2.65 2.46 -69.3 -0.385    19.42 21.08 02a59513o0215c 0x000000  -4.785714
59513.292279 19.841877      NaN  -30    14 c    0   2.90 327.08383 -34.95289  8850.34  3044.37 2.76 2.56 -66.6 -0.382    19.41 21.09 02a59513o0239c 0x000000  -2.142857
59517.300947 19.696897      NaN -103    16 c    0   4.64 327.08383 -34.95289  7363.66  8965.66 2.73 2.49  51.7 -0.395    19.46 21.05 02a59517o0076c 0x000000  -6.437500
59517.305077 19.454622      NaN   12    16 c    0   7.55 327.08383 -34.95289  7343.36  8928.14 2.79 2.48  50.2 -0.391    19.43 21.06 02a59517o0085c 0x000000   0.750000
59517.312854 19.766969      NaN   -7    15 c    0   8.63 327.08383 -34.95289  7403.21  9004.45 2.80 2.53  53.8 -0.391    19.43 21.06 02a59517o0102c 0x000000  -0.466667
59517.324801 19.569016      NaN  -14    18 c    0   7.26 327.08383 -34.95289  7425.06  8890.16 2.74 2.51  54.0 -0.391    19.40 21.06 02a59517o0128c 0x000000  -0.777778