         MJD         m       dm   uJy  duJy F  err  chi/N        RA    Dec        x        y  maj  min   phi  apfit  mag5sig   Sky            Obs     Mask  __tmp_SN
57981.396965 20.039830      NaN     8     9 c    0   1.15 303.12487 -44.11  3016.67  1088.72 2.64 2.39  74.2 -0.408    19.60 21.31 02a57981o0319c 0x000000  0.888889
57981.405265 20.321591      NaN   -23     9 c    0   1.26 303.12487 -44.11  3005.73  1048.09 2.67 2.40  78.0 -0.413    19.55 21.30 02a57981o0336c 0x000000 -2.555556
57981.413571 19.868040      NaN     8    11 c    0   0.84 303.12487 -44.11  3062.69  1126.36 2.70 2.41  80.3 -0.401    19.56 21.29 02a57981o0353c 0x000000  0.727273
57981.421885 20.449472      NaN    -1     8 c    0   1.54 303.12487 -44.11  3078.00  1008.29 2.71 2.42  80.4 -0.408    19.58 21.30 02a57981o0370c 0x000000 -0.125000
57985.395500 19.922338      NaN   -13    13 c    0   1.13 303.12487 -44.11  3422.87  3663.57 3.64 3.47  85.3 -0.368    19.27 21.25 02a57985o0335c 0x000000 -1.000000
57985.403787 20.207197      NaN     0    10 c    0   1.54 303.12487 -44.11  3411.20  3623.00 3.14 2.87  66.5 -0.392    19.40 21.24 02a57985o0352c 0x000000  0.000000
57985.412112 20.321591      NaN   -23     9 c    0   1.40 303.12487 -44.11  3468.96  3699.68 2.73 2.46  58.8 -0.418    19.50 21.19 02a57985o0369c 0x000000 -2.555556
57985.420443 18.978793      NaN   -37    31 c    0   1.08 303.12487 -44.11  3484.64  3582.24 3.29 2.96  60.2 -0.390    18.31 20.14 02a57985o0386c 0x100002 -1.193548
57989.388869 19.491430      NaN    28    10 c    0   1.13 303.12487 -44.11  2992.57  2353.27 2.75 2.51  62.2 -0.398    19.48 21.19 02a57989o0315c 0x000000  2.800000
57989.397303 20.103715      NaN    -6    11 c    0   1.13 303.12487 -44.11  2981.12  2312.43 2.72 2.46  62.7 -0.401    19.51 21.18 02a57989o0332c 0x000000 -0.545455
57989.405727 19.950541      NaN     5    11 c    0   1.07 303.12487 -44.11  3039.20  2390.11 2.75 2.50  66.4 -0.399    19.07 20.69 02a57989o0349c 0x000000  0.454545
57989.414137 18.878500      NaN   -54    34 c    0   0.70 303.12487 -44.11  3055.22  2272.22 2.76 2.49  68.3 -0.402    18.77 20.37 02a57989o0366c 0x100002 -1.588235
58017.337735 19.529530      NaN     8    16 c    0   0.68 303.12487 -44.11  9471.93  7139.92 3.14 2.95 -72.9 -0.419    19.23 21.11 02a58017o0128c 0x000000  0.500000
58017.345544 19.841877      NaN     0    14 c    0   1.21 303.12487 -44.11  9461.16  7100.66 3.02 2.85 -64.5 -0.424    19.30 21.08 02a58017o0145c 0x000000  0.000000
58017.353861 19.841877      NaN   -12    14 c    0   1.04 303.12487 -44.11  9519.58  7175.60 2.89 2.72 -55.7 -0.444    19.32 21.06 02a58017o0163c 0x000000 -0.857143
58021.306765 19.436675      NaN    19    14 c    0   0.94 303.12487 -44.11  1164.64  7197.19 2.57 2.26  27.5 -0.448    19.35 20.82 02a58021o0202c 0x000000  1.357143
58225.636782 13.923154      NaN  3732  2019 c    0   0.91 303.12487 -44.11 10235.74  2239.85 3.06 2.95  -7.9 -0.408    13.99 17.04 02a58225o0894c 0x100002  1.848440
58225.637238 14.119711      NaN  3410  1586 c    0   1.11 303.12487 -44.11 10250.65  2123.26 2.96 2.90 -11.2 -0.405    14.14 17.14 02a58225o0895c 0x100002  2.150063
58250.582310 20.009244      NaN    -9    12 c    0   0.90 303.12487 -44.11  1306.98  3281.16 3.01 2.76  65.6 -0.385    19.24 21.09 02a58250o0738c 0x000000 -0.750000
58250.591006 20.594452      NaN   -20     7 c    0   1.80 303.12487 -44.11  1334.59  3319.44 2.77 2.53  51.6 -0.406    19.38 21.10 02a58250o0757c 0x000000 -2.857143
58250.607936 20.009244      NaN    -2    12 c    0   1.53 303.12487 -44.11  1260.16  3245.15 3.06 2.78  52.1 -0.398    19.31 21.05 02a58250o0794c 0x000000 -0.166667
58250.608391 19.922338      NaN   -24    13 c    0   0.72 303.12487 -44.11  1246.35  3362.08 2.76 2.72  63.6 -0.395    19.31 21.04 02a58250o0795c 0x000000 -1.846154
58257.569463 19.841877      NaN   -28    14 c    0   1.41 303.12487 -44.11   677.26  2953.66 2.84 2.74  45.9 -0.411    18.73 21.35 02a58257o0728c 0x000000 -2.000000
58257.579981 19.510313      NaN    -2    19 c    0   0.91 303.12487 -44.11   688.58  2992.57 2.83 2.72  40.0 -0.407    18.77 21.30 02a58257o0751c 0x000000 -0.105263
58257.589650 19.401649      NaN    -1    21 c    0   0.96 303.12487 -44.11   629.76  2916.65 2.85 2.66  43.4 -0.410    18.73 21.26 02a58257o0772c 0x000000 -0.047619
58257.590106 19.631075      NaN    -8    17 c    0   1.57 303.12487 -44.11   616.18  3033.73 2.81 2.74  44.6 -0.401    18.74 21.26 02a58257o0773c 0x000000 -0.470588
58281.507829 19.569016      NaN   -17    18 c    0   0.95 303.12487 -44.11  9068.21  3804.99 2.73 2.68  12.8 -0.420    18.90 21.33 02a58281o0532c 0x000000 -0.944444
58281.517892 19.743105      NaN     4    14 c    0   1.65 303.12487 -44.11  9092.90  3845.84 2.58 2.49  29.7 -0.416    18.92 21.28 02a58281o0554c 0x000000  0.285714
58281.525210 19.510313      NaN   -17    19 c    0   0.97 303.12487 -44.11  9007.25  3881.93 2.57 2.53 -32.5 -0.417    18.86 21.23 02a58281o0570c 0x000000 -0.894737
58281.530712 19.256669      NaN   -22    24 c    0   0.68 303.12487 -44.11  9019.58  3767.03 2.70 2.60 -87.9 -0.417    18.73 21.20 02a58281o0582c 0x000000 -0.916667
58285.504772 20.207197      NaN   -20    10 c    0   1.25 303.12487 -44.11  7905.07  4202.13 2.62 2.47  77.6 -0.417    19.52 21.15 02a58285o0567c 0x000000 -2.000000
58285.514833 20.009244      NaN   -13    12 c    0   1.11 303.12487 -44.11  7929.68  4241.19 2.68 2.55  88.1 -0.412    19.49 21.15 02a58285o0589c 0x000000 -1.083333
58285.520778 20.103715      NaN   -11    11 c    0   1.17 303.12487 -44.11  7872.58  4162.84 2.73 2.60  81.1 -0.414    19.44 21.14 02a58285o0602c 0x000000 -1.000000
58285.526284 20.103715      NaN    -1    11 c    0   1.24 303.12487 -44.11  7842.71  4279.44 2.64 2.55 -81.0 -0.414    19.43 21.12 02a58285o0614c 0x000000 -0.090909
58309.461893 20.009244      NaN   -14    12 c    0   1.28 303.12487 -44.11   807.02  5128.29 2.53 2.36   8.2 -0.429    19.42 21.18 02a58309o0475c 0x000000 -1.166667
58309.470958 19.743105      NaN    10    12 c    0   1.11 303.12487 -44.11   780.94  5088.94 2.47 2.26  26.6 -0.450    19.41 21.12 02a58309o0494c 0x000000  0.833333
58309.476446 19.719755      NaN     5    14 c    0   0.63 303.12487 -44.11   839.41  5169.33 2.43 2.21  27.5 -0.455    19.43 21.12 02a58309o0506c 0x000000  0.357143
58309.487345 20.103715      NaN    -9    11 c    0   1.29 303.12487 -44.11   868.26  5051.02 2.47 2.34  29.1 -0.444    19.46 21.22 02a58309o0529c 0x000000 -0.818182
58313.439594 17.922662      NaN    -9    82 c    0   0.87 303.12487 -44.11  8952.96  5163.22 2.86 2.74   5.8 -0.396    16.49 19.02 02a58313o0073c 0x100002 -0.109756
58313.450503 17.870951      NaN    48    70 c    0   0.87 303.12487 -44.11  8965.49  5200.27 2.60 2.48 -83.2 -0.407    17.63 20.03 02a58313o0096c 0x100002  0.685714
58313.462503 17.671596      NaN    43    89 c    0   1.22 303.12487 -44.11  1604.01  5425.27 3.22 2.64  69.3 -0.420    17.75 20.76 02a58313o0121c 0x100002  0.483146
58313.470735 17.940462      NaN   107    45 c    0   1.24 303.12487 -44.11  1621.01  5315.16 3.01 2.49  72.8 -0.429    18.13 20.82 02a58313o0139c 0x100002  2.377778
58333.482604 19.212347      NaN     6    23 c    0   1.24 303.12487 -44.11  2217.12  5312.09 2.74 2.65  85.0 -0.416    18.63 19.87 02a58333o0524c 0x000000  0.260870
58337.404360 19.014394      NaN     3    29 c    0   1.20 303.12487 -44.11  1990.39  6871.03 3.23 2.57  84.4 -0.431    18.43 21.27 02a58337o0367c 0x000000  0.103448
58337.413096 19.002397      NaN    16    25 c    0   1.05 303.12487 -44.11  1978.44  6832.88 3.15 2.66  76.1 -0.433    18.54 21.30 02a58337o0386c 0x000000  0.640000
58337.421344 19.454622      NaN    -7    20 c    0   1.27 303.12487 -44.11  2049.20  6801.37 2.97 2.57  80.6 -0.435    18.65 21.32 02a58337o0404c 0x000000 -0.350000
58337.423173 19.212347      NaN   -26    25 c    0   0.96 303.12487 -44.11  2035.46  6913.37 2.99 2.61  73.8 -0.441    18.66 21.30 02a58337o0408c 0x000000 -1.040000
58341.407089 20.103715      NaN   -17    11 c    0   1.06 303.12487 -44.11  9190.20  7475.14 2.71 2.60  59.8 -0.430    19.49 21.27 02a58341o0379c 0x000000 -1.545455
58341.417149 19.868040      NaN     5    12 c    0   1.17 303.12487 -44.11  9233.10  7512.70 2.76 2.63  54.8 -0.426    19.47 21.27 02a58341o0401c 0x000000  0.416667
58341.418521 20.009244      NaN    -5    12 c    0   1.04 303.12487 -44.11  9177.20  7437.14 2.71 2.57  68.2 -0.435    19.51 21.27 02a58341o0404c 0x000000 -0.416667
58341.429953 19.950541      NaN     2    12 c    0   1.07 303.12487 -44.11  9249.09  7398.14 2.74 2.60  70.1 -0.401    19.50 21.28 02a58341o0429c 0x000000  0.166667
58345.400293 15.171946      NaN  -463  1033 c    0   0.73 303.12487 -44.11  9132.01  6041.74 2.84 2.73 -52.9 -0.409    16.63 18.53 02a58345o0366c 0x100002 -0.448209
58345.417258 17.303777      NaN   111   108 c    0   1.72 303.12487 -44.11  9191.05  5964.87 2.64 2.52 -78.0 -0.432    16.82 18.51 02a58345o0403c 0x100002  1.027778
58345.418631 17.296315      NaN  -272   146 c    0   1.02 303.12487 -44.11  9177.44  6081.12 2.74 2.63 -82.5 -0.429    16.45 18.13 02a58345o0406c 0x100002 -1.863014
58401.272335 16.983968 0.027887   584    15 c    0   1.44 303.12487 -44.11  1576.72  6576.05 2.67 2.53  45.2 -0.426    19.29 20.84 02a58401o0165c 0x000000 38.933333
58401.280187 17.014129 0.032496   568    17 c    0   1.46 303.12487 -44.11  1563.54  6536.76 2.98 2.91  57.9 -0.403    19.17 20.84 02a58401o0182c 0x000000 33.411765
58401.287559 17.010313 0.028572   570    15 c    0   1.97 303.12487 -44.11  1620.18  6616.05 2.93 2.83  60.3 -0.414    19.10 20.77 02a58401o0198c 0x000000 38.000000
58401.295391 17.075064 0.032350   537    16 c    0   1.08 303.12487 -44.11  1635.76  6499.64 2.89 2.80  76.9 -0.401    19.17 20.81 02a58401o0215c 0x000000 33.562500
58405.271895 17.190132 0.049454   483    22 c    0   1.57 303.12487 -44.11  2408.27  6425.32 2.67 2.41  77.1 -0.434    18.64 20.78 02a58405o0105c 0x000000 21.954545
58405.281655 17.187887 0.056081   484    25 c    0   1.40 303.12487 -44.11  2395.01  6386.70 2.73 2.57  72.9 -0.393    18.55 20.61 02a58405o0126c 0x000000 19.360000
58609.620286 18.921935      NaN    17    27 c    0   1.41 303.12487 -44.11  2366.24  7513.52 3.34 3.14  35.5 -0.397    18.47 20.89 02a58609o0724c 0x000000  0.629630
58633.521799 20.103715      NaN    -9    11 c    0   0.86 303.12487 -44.11  2556.23  3081.77 2.55 2.41  35.5 -0.395    19.41 21.23 02a58633o0631c 0x000000 -0.818182
58633.531338 20.207197      NaN    -9    10 c    0   1.20 303.12487 -44.11  2575.05  3117.80 2.45 2.39  75.5 -0.401    19.34 21.13 02a58633o0651c 0x000000 -0.900000
58633.534099 19.696897      NaN    -5    16 c    0   1.24 303.12487 -44.11  2513.77  3042.95 2.45 2.39  40.4 -0.398    18.64 20.44 02a58633o0657c 0x000000 -0.312500
58633.619850 17.986280      NaN    13    73 c    0   1.56 303.12487 -44.11  8011.01  7455.16 3.23 2.55  37.2 -0.388    17.59 18.45 02a58633o0837c 0x100002  0.178082
58637.509489 19.922338      NaN   -19    13 c    0   0.92 303.12487 -44.11  1145.96  5058.47 2.64 2.59 -82.0 -0.410    19.31 21.07 02a58637o0586c 0x000000 -1.461538
58637.512245 19.743105      NaN    10    12 c    0   1.22 303.12487 -44.11  1165.22  5095.81 2.58 2.55  76.7 -0.414    19.34 21.08 02a58637o0592c 0x000000  0.833333
58637.522260 20.103715      NaN    -6    11 c    0   1.10 303.12487 -44.11  1102.72  5019.56 2.50 2.37 -58.7 -0.416    19.42 21.12 02a58637o0613c 0x000000 -0.545455
58637.527307 19.816329      NaN     7    12 c    0   0.97 303.12487 -44.11  1082.31  5138.47 2.58 2.54  10.0 -0.414    19.34 21.13 02a58637o0624c 0x000000  0.583333
58661.465888 19.894850      NaN     7    11 c    0   1.50 303.12487 -44.11  1701.93  6883.94 2.54 2.48 -60.5 -0.400    19.50 21.32 02a58661o0442c 0x000000  0.636364
58661.469917 19.696897      NaN    12    12 c    0   0.81 303.12487 -44.11  1721.44  6920.62 2.45 2.40  88.0 -0.404    19.50 21.33 02a58661o0450c 0x000000  1.000000
58661.477128 19.950541      NaN     5    11 c    0   1.09 303.12487 -44.11  1663.25  6844.11 2.62 2.17 -55.9 -0.420    19.54 21.34 02a58661o0465c 0x000000  0.454545
58665.488677 19.868040      NaN     8    11 c    0   1.09 303.12487 -44.11  1638.87  6958.77 2.64 2.38 -52.3 -0.411    19.59 21.52 02a58665o0405c 0x000000  0.727273
58669.427977 20.009244      NaN    -3    12 c    0   1.00 303.12487 -44.11  8625.61  3293.68 2.73 2.48  44.9 -0.383    19.40 21.18 02a58669o0366c 0x000000 -0.250000
58669.433403 19.894850      NaN     7    11 c    0   1.08 303.12487 -44.11  8643.94  3332.51 2.74 2.62  82.7 -0.392    19.40 21.19 02a58669o0377c 0x000000  0.636364
58669.438378 19.652575      NaN    20    10 c    0   1.39 303.12487 -44.11  8583.00  3252.44 2.56 2.49  70.4 -0.395    19.45 21.20 02a58669o0387c 0x000000  2.000000
58669.451701 20.207197      NaN   -25    10 c    0   0.95 303.12487 -44.11  8563.80  3365.88 2.52 2.41 -81.4 -0.398    19.49 21.23 02a58669o0415c 0x000000 -2.500000
58670.439419 19.868040      NaN     8    11 c    0   1.21 303.12487 -44.11  8624.77  3292.76 2.46 2.36  65.6 -0.396    19.49 21.22 02a58670o0414c 0x000000  0.727273
58670.442620 19.510313      NaN    21    12 c    0   0.89 303.12487 -44.11  8643.52  3329.83 2.61 2.38  41.4 -0.387    19.47 21.23 02a58670o0421c 0x000000  1.750000
58670.453137 19.950541      NaN     5    11 c    0   0.96 303.12487 -44.11  8579.94  3252.10 2.54 2.42  36.3 -0.393    19.50 21.25 02a58670o0443c 0x000000  0.454545
58670.462279 19.696897      NaN    18    10 c    0   1.07 303.12487 -44.11  8558.61  3366.49 2.48 2.44  86.3 -0.397    19.50 21.29 02a58670o0462c 0x000000  1.800000
58671.443971 20.321591      NaN    -6     9 c    0   1.54 303.12487 -44.11  8622.41  3291.93 2.85 2.59  40.6 -0.377    19.43 21.39 02a58671o0447c 0x000000 -0.666667
58671.447170 20.321591      NaN   -12     9 c    0   1.59 303.12487 -44.11  8642.27  3328.97 2.88 2.66  40.0 -0.377    19.39 21.39 02a58671o0454c 0x000000 -1.333333
58671.458623 19.609992      NaN    19    11 c    0   1.00 303.12487 -44.11  8579.75  3251.41 2.91 2.73 -72.4 -0.373    19.38 21.39 02a58671o0478c 0x000000  1.727273
58671.467754 20.103715      NaN   -27    11 c    0   0.95 303.12487 -44.11  8555.67  3368.14 3.22 3.05  44.6 -0.361    19.31 21.38 02a58671o0497c 0x000000 -2.454545
58694.418237 19.401649      NaN    -8    21 c    0   1.13 303.12487 -44.11  4827.50 10472.03 3.16 2.48 -49.7 -0.414    19.52 21.47 02a58694o0385c 0x000000 -0.380952
58694.421587 16.958247      NaN   136   154 c    0   0.16 303.12487 -44.11  5708.34    43.21 2.98 2.38 -59.6 -0.405    19.55 21.47 02a58694o0392c 0x100002  0.883117
58694.425123 20.009244      NaN   -20    12 c    0   1.26 303.12487 -44.11  5764.72   120.87 3.12 2.47 -57.6 -0.395    19.51 21.47 02a58694o0399c 0x000000 -1.666667
58694.431777 18.738855      NaN    26    30 c    0   1.04 303.12487 -44.11  5748.62    62.81 3.15 2.48 -56.8 -0.411    18.70 20.61 02a58694o0412c 0x100002  0.866667
58705.328892 16.802877      NaN   -73   230 c    0   1.20 303.12487 -44.11  6421.30   923.53 2.41 2.26  64.1 -0.391    16.34 16.87 02a58705o0211c 0x100002 -0.317391
58705.332550 16.936675      NaN   100   170 c    0   0.96 303.12487 -44.11  6441.25   961.57 2.39 2.27  69.5 -0.416    16.17 16.79 02a58705o0219c 0x100002  0.588235
58705.338959 16.644993      NaN    42   252 c    0   1.29 303.12487 -44.11  6379.22   881.64 2.42 2.30  67.1 -0.385    15.95 16.82 02a58705o0233c 0x100002  0.166667
58705.349412 18.174913      NaN    42    51 c    0   0.80 303.12487 -44.11  6356.26   998.60 2.57 2.35  54.0 -0.379    17.60 18.45 02a58705o0255c 0x100002  0.823529
58721.312317 19.696897      NaN    -2    16 c    0   0.99 303.12487 -44.11  1770.67  9219.69 2.60 2.55   6.1 -0.399    19.16 21.34 02a58721o0195c 0x000000 -0.125000
58721.319637 19.287255      NaN    10    20 c    0   0.77 303.12487 -44.11  1788.09  9257.50 2.65 2.55 -51.5 -0.403    19.12 21.34 02a58721o0210c 0x000000  0.500000
58721.336653 19.002397      NaN    22    23 c    0   0.99 303.12487 -44.11  1726.43  9180.80 2.66 2.55 -46.3 -0.395    18.79 21.12 02a58721o0244c 0x000000  0.956522
58721.345710 19.169763      NaN   -12    26 c    0   1.45 303.12487 -44.11  8845.05  1254.76 3.39 2.77 -88.4 -0.384    18.36 21.11 02a58721o0263c 0x000000 -0.461538
58725.366750 16.457979      NaN   201   249 c    0   1.11 303.12487 -44.11  9983.05  7316.88 3.18 2.69  39.3 -0.373    15.99 17.75 02a58725o0220c 0x100002  0.807229
58725.369584 14.932407      NaN  -332  1288 c    0   1.05 303.12487 -44.11  9963.38  7279.74 3.12 2.57  41.9 -0.373    15.62 17.31 02a58725o0226c 0x100002 -0.257764
58729.330825 20.103715      NaN    -3    11 c    0   1.33 303.12487 -44.11  9980.95  7315.19 2.96 2.55  33.4 -0.393    19.42 21.27 02a58729o0255c 0x000000 -0.272727
58729.334027 20.103715      NaN    -6    11 c    0   1.21 303.12487 -44.11  9961.67  7278.86 2.83 2.68  49.5 -0.396    19.44 21.30 02a58729o0262c 0x000000 -0.545455
58729.339569 19.894850      NaN     4    12 c    0   1.02 303.12487 -44.11 10021.55  7355.85 2.81 2.70  70.8 -0.398    19.45 21.29 02a58729o0274c 0x000000  0.333333
58729.350113 19.922338      NaN   -10    13 c    0   1.22 303.12487 -44.11 10040.80  7239.17 3.11 2.81  44.8 -0.379    19.36 21.24 02a58729o0297c 0x000000 -0.769231
58749.248031 19.384550      NaN    10    18 c    0   1.23 303.12487 -44.11  9424.71  7007.99 2.88 2.33  58.0 -0.387    18.94 21.21 02a58749o0095c 0x000000  0.555556
58749.251023 19.351140      NaN   -15    22 c    0   0.89 303.12487 -44.11  9444.58  7047.23 2.90 2.33  58.1 -0.390    18.87 21.19 02a58749o0101c 0x000000 -0.681818
58749.261966 18.657725      NaN    44    27 c    0   0.77 303.12487 -44.11  1158.32  3586.24 2.82 2.21 -87.6 -0.415    18.63 21.26 02a58749o0121c 0x000000  1.629630
58749.267742 19.351140      NaN    -1    22 c    0   0.99 303.12487 -44.11  1177.45  3471.67 2.73 2.17 -88.9 -0.418    18.77 21.26 02a58749o0132c 0x000000 -0.045455
58753.259873 20.009244      NaN   -10    12 c    0   1.11 303.12487 -44.11  1120.87  3549.33 2.69 2.34  39.6 -0.398    19.34 21.00 02a58753o0137c 0x000000 -0.833333
58753.262649 20.207197      NaN   -10    10 c    0   1.84 303.12487 -44.11  1101.50  3510.16 2.63 2.36  39.6 -0.402    19.34 21.02 02a58753o0143c 0x000000 -1.000000
58753.269093 19.791368      NaN    11    11 c    0   1.20 303.12487 -44.11  1160.10  3592.04 2.70 2.33  39.7 -0.396    19.31 21.05 02a58753o0157c 0x000000  1.000000
58753.308627 19.816329      NaN     7    12 c    0   0.96 303.12487 -44.11  1183.48  3476.80 2.67 2.41  48.6 -0.398    19.37 21.12 02a58753o0176c 0x000000  0.583333
58757.261040 19.038793      NaN    13    25 c    0   0.68 303.12487 -44.11  6933.78  3804.50 3.06 2.69  87.6 -0.364    18.56 21.27 02a58757o0044c 0x000000  0.520000
58757.266017 19.076453      NaN    25    20 c    0   1.10 303.12487 -44.11  6916.54  3766.67 3.03 2.75 -85.5 -0.364    18.61 21.25 02a58757o0054c 0x000000  1.250000
58757.269017 19.419021      NaN     5    19 c    0   1.29 303.12487 -44.11  6974.53  3845.28 2.90 2.64 -82.5 -0.370    18.66 21.23 02a58757o0060c 0x000000  0.263158
58757.292789 20.009244      NaN    -3    12 c    0   1.21 303.12487 -44.11  6997.28  3733.21 2.85 2.72  75.7 -0.361    19.25 21.01 02a58757o0079c 0x000000 -0.250000
58773.202151 18.978793      NaN   -19    31 c    0   1.31 303.12487 -44.11  3472.00  5348.17 2.87 2.37  40.6 -0.365    18.31 19.37 02a58773o0016c 0x100002 -0.612903
58773.205826 18.955691      NaN    29    22 c    0   0.97 303.12487 -44.11  3452.27  5309.66 2.82 2.34  40.3 -0.365    18.82 20.03 02a58773o0024c 0x000000  1.318182
58773.211412 19.631075      NaN     6    15 c    0   0.95 303.12487 -44.11  3509.61  5390.23 2.80 2.35  40.6 -0.368    19.09 20.51 02a58773o0036c 0x000000  0.400000
58773.222926 19.401649      NaN    21    14 c    0   0.87 303.12487 -44.11  3528.09  5275.10 2.69 2.34  42.4 -0.376    19.25 20.70 02a58773o0061c 0x000000  1.500000
58781.197594 18.226218      NaN   -56    62 c    0   0.78 303.12487 -44.11  2160.37  9204.74 2.67 2.40  36.9 -0.395    18.01 18.96 02a58781o0036c 0x100002 -0.903226
58781.202735 19.212347      NaN     3    24 c    0   0.87 303.12487 -44.11  2139.59  9166.24 2.75 2.39  36.6 -0.381    18.82 20.00 02a58781o0047c 0x000000  0.125000
58781.206465 19.631075      NaN   -30    17 c    0   0.99 303.12487 -44.11  2200.44  9246.30 2.73 2.49  38.9 -0.378    19.05 20.37 02a58781o0055c 0x000000 -1.764706
58781.218565 19.631075      NaN   -10    17 c    0   0.88 303.12487 -44.11  2221.74  9131.10 2.68 2.38  38.5 -0.383    19.14 20.54 02a58781o0081c 0x000000 -0.588235
58785.201247 18.649074      NaN    60    22 c    0   1.14 303.12487 -44.11  2167.37  9205.97 2.87 2.43  38.0 -0.381    18.74 19.97 02a58785o0016c 0x000000  2.727273
58785.204495 19.419021      NaN    17    15 c    0   1.19 303.12487 -44.11  2146.18  9166.90 2.80 2.38  39.9 -0.374    19.03 20.41 02a58785o0023c 0x000000  1.133333
58785.209643 19.841877      NaN   -11    14 c    0   1.03 303.12487 -44.11  2206.66  9247.82 2.65 2.46  48.7 -0.392    19.25 20.66 02a58785o0034c 0x000000 -0.785714
58785.221315 19.631075      NaN   -10    17 c    0   1.01 303.12487 -44.11  2227.42  9130.49 2.71 2.35  46.4 -0.384    19.22 20.66 02a58785o0059c 0x000000 -0.588235
58993.594941 19.589310      NaN    17    12 c    0   0.99 303.12487 -44.11  3086.80  4909.54 2.66 2.64  41.2 -0.384    19.37 21.22 02a58993o0488c 0x000000  1.416667
58993.598167 20.009244      NaN   -18    12 c    0   1.04 303.12487 -44.11  3110.48  4944.08 2.57 2.35 -62.9 -0.396    19.43 21.20 02a58993o0495c 0x000000 -1.500000
58993.607056 19.841877      NaN   -27    14 c    0   1.07 303.12487 -44.11  7481.08  5676.15 2.87 2.56  43.1 -0.377    19.24 20.90 02a58993o0514c 0x000000 -1.928571
58993.612472 19.401649      NaN    18    15 c    0   1.32 303.12487 -44.11  7502.74  5560.14 2.85 2.56  44.4 -0.370    18.96 20.32 02a58993o0525c 0x000000  1.200000
59017.495742 19.922338      NaN     0    13 c    0   0.98 303.12487 -44.11 10427.85  1302.06 2.70 2.41 -55.2 -0.406    19.39 21.18 02a59017o0547c 0x000000  0.000000
59017.497570 19.841877      NaN    -6    14 c    0   0.91 303.12487 -44.11 10447.58  1341.75 2.77 2.45 -59.4 -0.397    19.39 21.19 02a59017o0551c 0x000000 -0.428571
59017.500314 19.766969      NaN     3    14 c    0   1.30 303.12487 -44.11 10386.17  1260.53 2.68 2.40 -56.1 -0.403    19.34 21.20 02a59017o0557c 0x000000  0.214286
59017.513102 20.009244      NaN    -9    12 c    0   1.10 303.12487 -44.11 10364.18  1376.98 2.76 2.33 -61.1 -0.406    19.41 21.25 02a59017o0584c 0x000000 -0.750000
59017.521985 20.103715      NaN   -11    11 c    0   1.02 303.12487 -44.11   346.91  1299.62 2.83 2.38 -62.1 -0.409    19.41 21.24 02a59017o0603c 0x000000 -1.000000
59017.523815 20.103715      NaN   -19    11 c    0   1.32 303.12487 -44.11   367.34  1335.87 2.45 2.36 -84.2 -0.419    19.43 21.25 02a59017o0607c 0x000000 -1.727273
59017.526558 19.979496      NaN     4    11 c    0   0.94 303.12487 -44.11   304.53  1260.34 2.43 2.34 -78.1 -0.417    19.46 21.25 02a59017o0613c 0x000000  0.363636
59017.537768 20.207197      NaN    -4    10 c    0   1.04 303.12487 -44.11   283.51  1377.40 2.52 2.29 -65.5 -0.410    19.44 21.23 02a59017o0636c 0x000000 -0.400000
59028.481146 19.894850      NaN     4    12 c    0   1.28 303.12487 -44.11  1329.68  5075.58 2.47 2.19 -63.3 -0.423    19.56 21.42 02a59028o0511c 0x000000  0.333333
59028.481603 20.171596      NaN     1    10 c    0   1.30 303.12487 -44.11  1348.89  5113.44 2.55 2.32  29.4 -0.405    19.51 21.42 02a59028o0512c 0x000000  0.100000
59028.482061 20.009244      NaN   -24    12 c    0   1.02 303.12487 -44.11  1290.10  5037.78 2.54 2.34  31.1 -0.401    19.52 21.42 02a59028o0513c 0x000000 -2.000000
59028.482518 20.207197      NaN   -14    10 c    0   1.53 303.12487 -44.11  1270.55  5154.46 2.60 2.33  28.3 -0.401    19.53 21.43 02a59028o0514c 0x000000 -1.400000
59028.482974 20.321591      NaN   -12     9 c    0   1.61 303.12487 -44.11  1309.54  5095.02 2.53 2.31  28.9 -0.405    19.52 21.43 02a59028o0515c 0x000000 -1.333333
59028.483431 19.791368      NaN    14    10 c    0   1.28 303.12487 -44.11  1184.45  5159.39 2.51 2.32  29.0 -0.404    19.52 21.43 02a59028o0516c 0x000000  1.400000
59028.483888 20.207197      NaN    -1    10 c    0   1.29 303.12487 -44.11  1422.82  5168.26 2.55 2.31  29.2 -0.400    19.52 21.43 02a59028o0517c 0x000000 -0.100000
59028.484345 19.841877      NaN     9    11 c    0   0.95 303.12487 -44.11  1319.29  4956.84 2.50 2.28  27.8 -0.403    19.56 21.43 02a59028o0518c 0x000000  0.818182
59029.480524 19.696897      NaN    15    11 c    0   1.09 303.12487 -44.11  2561.26  3084.49 2.37 2.20 -57.8 -0.404    19.44 21.10 02a59029o0509c 0x000000  1.363636
59029.483323 20.009244      NaN    -4    12 c    0   1.00 303.12487 -44.11  2580.36  3122.30 2.32 2.28 -51.4 -0.398    19.47 21.11 02a59029o0515c 0x000000 -0.333333
59029.489300 20.009244      NaN   -10    12 c    0   1.00 303.12487 -44.11  2520.08  3043.68 2.45 2.26  30.9 -0.393    19.44 21.08 02a59029o0528c 0x000000 -0.833333
59029.509735 20.009244      NaN    -8    12 c    0   1.16 303.12487 -44.11  8033.61  7385.38 2.72 2.51  44.2 -0.390    19.44 21.12 02a59029o0572c 0x000000 -0.666667
59053.412960 19.302877      NaN    30    13 c    0   0.88 303.12487 -44.11  4402.37  1021.44 2.53 2.34 -60.5 -0.409    19.40 21.28 02a59053o0374c 0x000000  2.307692
59053.414789 20.207197      NaN    -5    10 c    0   1.40 303.12487 -44.11  4422.60  1059.78 2.53 2.40  55.6 -0.404    19.38 21.29 02a59053o0378c 0x000000 -0.500000
59053.418964 19.719755      NaN    14    11 c    0   1.42 303.12487 -44.11  4362.66   980.96 2.48 2.29 -65.3 -0.415    19.41 21.28 02a59053o0387c 0x000000  1.272727
59053.425404 20.321591      NaN    -5     9 c    0   1.36 303.12487 -44.11  4342.92  1096.36 2.54 2.35 -65.1 -0.410    19.38 21.28 02a59053o0401c 0x000000 -0.555556
59077.373656 20.171596      NaN     1    10 c    0   1.26 303.12487 -44.11  4931.15  3441.12 2.69 2.45  52.7 -0.392    19.46 21.37 02a59077o0312c 0x000000  0.100000
59077.377331 19.743105      NaN    16    10 c    0   1.28 303.12487 -44.11  4912.15  3400.84 2.81 2.44  46.7 -0.387    19.41 21.35 02a59077o0320c 0x000000  1.600000
59077.382818 20.137125      NaN     2    10 c    0   1.45 303.12487 -44.11  4970.48  3480.71 2.65 2.40  54.0 -0.392    19.50 21.37 02a59077o0332c 0x000000  0.200000
59077.394746 19.631075      NaN    15    12 c    0   0.94 303.12487 -44.11  4991.60  3366.57 2.83 2.65  65.5 -0.379    19.38 21.32 02a59077o0358c 0x000000  1.250000
59109.295647 19.841877      NaN   -23    14 c    0   0.98 303.12487 -44.11  5502.66  5749.11 2.92 2.48  41.2 -0.375    19.33 21.19 02a59109o0190c 0x000000 -1.642857
59109.298425 20.009244      NaN    -2    12 c    0   1.10 303.12487 -44.11  5483.69  5711.07 2.98 2.49  40.9 -0.372    19.40 21.23 02a59109o0196c 0x000000 -0.166667
59109.305326 19.719755      NaN    14    11 c    0   1.39 303.12487 -44.11  5543.13  5788.77 2.94 2.55  42.6 -0.373    19.37 21.22 02a59109o0211c 0x000000  1.272727
59109.315906 19.922338      NaN    -4    13 c    0   0.87 303.12487 -44.11  5563.72  5674.61 2.93 2.51  43.4 -0.378    19.39 21.21 02a59109o0234c 0x000000 -0.307692
59137.222435 20.103715      NaN   -11    11 c    0   1.40 303.12487 -44.11  4930.10  1102.29 2.48 2.26 -89.8 -0.419    19.39 20.86 02a59137o0066c 0x000000 -1.000000
59137.226092 19.922338      NaN   -13    13 c    0   0.80 303.12487 -44.11  4911.42  1063.66 2.52 2.29 -79.4 -0.416    19.40 20.86 02a59137o0074c 0x000000 -1.000000
59137.231605 20.009244      NaN   -10    12 c    0   1.11 303.12487 -44.11  4968.70  1143.71 2.52 2.28 -84.8 -0.414    19.36 20.84 02a59137o0086c 0x000000 -0.833333
59137.244893 19.549093      NaN    19    12 c    0   1.44 303.12487 -44.11  4990.84  1026.88 2.56 2.25 -70.8 -0.420    19.38 20.84 02a59137o0115c 0x000000  1.583333
59161.198162 19.256669      NaN   -20    24 c    0   0.97 303.12487 -44.11  6935.92  3809.26 2.69 2.47  58.3 -0.370    18.76 19.88 02a59161o0032c 0x000000 -0.833333
59161.201370 19.491430      NaN     1    19 c    0   0.79 303.12487 -44.11  6914.96  3769.91 2.66 2.43  56.4 -0.377    18.99 20.24 02a59161o0039c 0x000000  0.052632
59161.206891 19.696897      NaN    -6    16 c    0   1.06 303.12487 -44.11  6972.89  3847.13 2.55 2.39  85.1 -0.380    19.10 20.44 02a59161o0051c 0x000000 -0.375000
59161.218800 19.696897      NaN   -11    16 c    0   1.20 303.12487 -44.11  6993.53  3730.94 2.71 2.48  56.0 -0.373    19.09 20.42 02a59161o0077c 0x000000 -0.687500
59319.610466 20.009244      NaN    -7    12 c    0   1.03 303.12487 -44.11  3046.43  3533.88 3.16 2.96  52.7 -0.363    19.21 20.98 01a59319o0844c 0x000000 -0.583333
59319.614618 19.816329      NaN     4    13 c    0   1.00 303.12487 -44.11  3026.76  3494.70 3.22 3.02  43.0 -0.358    19.27 21.00 01a59319o0853c 0x000000  0.307692
59319.622446 19.609992      NaN    16    12 c    0   1.17 303.12487 -44.11  3083.83  3573.26 2.74 2.56  48.9 -0.369    19.33 20.87 01a59319o0870c 0x000000  1.333333
59319.631203 19.038793      NaN     7    27 c    0   1.02 303.12487 -44.11  3102.73  3458.79 3.21 2.99  53.9 -0.354    18.59 19.68 01a59319o0889c 0x000000  0.259259
59371.492943 19.631075      NaN    18    11 c    0   0.98 303.12487 -44.11  4936.96  3448.22 2.77 2.48  85.9 -0.352    19.49 21.21 01a59371o0554c 0x000000  1.636364
59371.495727 19.766969      NaN    12    11 c    0   1.12 303.12487 -44.11  4918.80  3410.24 2.88 2.52 -87.2 -0.351    19.47 21.22 01a59371o0560c 0x000000  1.090909
59371.501721 20.321591      NaN    -8     9 c    0   1.45 303.12487 -44.11  4976.02  3487.31 2.77 2.49  88.3 -0.349    19.51 21.26 01a59371o0573c 0x000000 -0.888889
59371.517747 20.321591      NaN   -10     9 c    0   1.23 303.12487 -44.11  4994.54  3370.17 2.74 2.38  87.9 -0.354    19.57 21.32 01a59371o0607c 0x000000 -1.111111
59375.496467 19.922338      NaN   -14    13 c    0   0.76 303.12487 -44.11  4940.03  3445.02 3.07 2.80  79.4 -0.325    19.34 21.15 01a59375o0184c 0x000000 -1.076923
59375.499696 20.009244      NaN     0    12 c    0   1.03 303.12487 -44.11  4920.79  3406.49 3.06 2.88  76.0 -0.321    19.33 21.16 01a59375o0191c 0x000000  0.000000
59375.529210 20.207197      NaN   -22    10 c    0   1.03 303.12487 -44.11  4976.37  3480.85 3.13 2.71  82.6 -0.324    19.43 21.29 01a59375o0252c 0x000000 -2.200000
59375.533815 19.696897      NaN    15    11 c    0   1.02 303.12487 -44.11  4996.57  3366.71 2.72 2.56  77.7 -0.352    19.54 21.28 01a59375o0262c 0x000000  1.363636
59379.504733 19.816329      NaN     7    12 c    0   0.95 303.12487 -44.11  6797.25   999.73 2.57 2.33 -89.5 -0.411    19.61 21.25 01a59379o0576c 0x000000  0.583333
59379.511101 19.922338      NaN     9    10 c    0   1.11 303.12487 -44.11  6778.75   959.02 2.55 2.31 -88.5 -0.401    19.63 21.24 01a59379o0589c 0x000000  0.900000
59379.515247 19.743105      NaN    13    11 c    0   0.94 303.12487 -44.11  6834.89  1037.45 2.55 2.31 -84.2 -0.400    19.68 21.24 01a59379o0598c 0x000000  1.181818
59379.526329 20.103715      NaN    -9    11 c    0   1.43 303.12487 -44.11  6852.33   920.18 2.74 2.43 -87.1 -0.397    19.60 21.24 01a59379o0622c 0x000000 -0.818182
59383.500091 18.438271      NaN    27    42 c    0   1.08 303.12487 -44.11  6796.98  1000.48 2.52 2.40 -80.8 -0.389    19.30 21.00 01a59383o0347c 0x100002  0.642857
59383.503312 19.089302      NaN    12    24 c    0   0.95 303.12487 -44.11  6777.32   961.64 2.66 2.40  82.1 -0.392    18.68 20.43 01a59383o0354c 0x000000  0.500000
59383.506075 15.485344      NaN -1174   774 c    0   1.21 303.12487 -44.11  6833.13  1038.72 2.54 2.33 -88.0 -0.390    15.17 17.00 01a59383o0360c 0x100002 -1.516796
59383.514435 20.207197      NaN    -1    10 c    0   1.96 303.12487 -44.11  6851.27   921.39 2.56 2.36 -88.9 -0.401    19.31 21.05 01a59383o0378c 0x000000 -0.100000
59405.486985 19.841877      NaN     6    12 c    0   1.47 303.12487 -44.11  3051.12  1176.30 2.43 2.24  86.6 -0.429    19.39 20.96 02a59405o0428c 0x000000  0.500000
59405.490735 20.009244      NaN   -26    12 c    0   1.13 303.12487 -44.11  3032.54  1137.71 2.46 2.25 -79.5 -0.431    19.39 20.96 02a59405o0436c 0x000000 -2.166667
59405.496236 19.766969      NaN     0    15 c    0   0.61 303.12487 -44.11  3090.38  1219.31 2.48 2.26 -77.8 -0.431    19.41 20.95 02a59405o0448c 0x000000  0.000000
59405.509192 19.351140      NaN     3    21 c    0   0.95 303.12487 -44.11  3111.02  1104.61 2.46 2.22 -77.4 -0.430    19.03 20.56 02a59405o0476c 0x000000  0.142857
59431.416775 19.868040      NaN    11    10 c    0   1.21 303.12487 -44.11  5662.09  9454.91 2.83 2.43 -70.4 -0.353    19.55 21.28 01a59431o0399c 0x000000  1.100000
59431.420466 20.103715      NaN    -2    11 c    0   1.27 303.12487 -44.11  5682.15  9493.31 3.02 2.69 -69.1 -0.348    19.40 21.27 01a59431o0407c 0x000000 -0.181818
59431.426913 20.137125      NaN     2    10 c    0   1.05 303.12487 -44.11  5626.77  9414.93 2.90 2.64 -70.5 -0.340    19.49 21.27 01a59431o0421c 0x000000  0.200000
59431.462444 19.950541      NaN     2    12 c    0   1.01 303.12487 -44.11  5611.27  9527.43 3.02 2.58 -73.6 -0.350    19.46 21.26 01a59431o0497c 0x000000  0.166667
59457.335611 20.009244      NaN    -2    12 c    0   1.62 303.12487 -44.11  6135.05  9523.52 2.65 2.54 -49.1 -0.414    19.33 21.02 02a59457o0250c 0x000000 -0.166667
59457.338810 19.696897      NaN    -9    16 c    0   0.75 303.12487 -44.11  6115.73  9485.55 2.63 2.56  28.1 -0.398    19.38 21.02 02a59457o0257c 0x000000 -0.562500
59457.344759 19.766969      NaN    -8    15 c    0   0.85 303.12487 -44.11  6177.16  9560.15 2.64 2.49  35.9 -0.397    19.39 21.02 02a59457o0270c 0x000000 -0.533333
59457.355284 19.922338      NaN     0    13 c    0   1.12 303.12487 -44.11  6199.33  9448.24 2.59 2.51  58.6 -0.407    19.37 21.02 02a59457o0293c 0x000000  0.000000
59465.321143 20.039830      NaN     2    11 c    0   1.19 303.12487 -44.11  8838.91  3654.14 2.57 2.47  80.7 -0.377    19.43 21.06 02a59465o0229c 0x000000  0.181818
59465.324344 19.922338      NaN   -10    13 c    0   1.07 303.12487 -44.11  8820.32  3616.67 2.58 2.47  81.2 -0.375    19.40 21.05 02a59465o0236c 0x000000 -0.769231
59465.329842 19.979496      NaN     1    12 c    0   1.25 303.12487 -44.11  8877.98  3692.74 2.57 2.41 -76.9 -0.386    19.42 21.06 02a59465o0248c 0x000000  0.083333
59465.341743 19.841877      NaN     6    12 c    0   1.07 303.12487 -44.11  8899.69  3581.48 2.63 2.44 -73.3 -0.382    19.41 21.06 02a59465o0274c 0x000000  0.500000