         MJD         m       dm   uJy  duJy F  err  chi/N        RA      Dec        x        y  maj  min   phi  apfit  mag5sig   Sky            Obs     Mask   __tmp_SN
57862.312368 19.318728      NaN     2    22 c    0   1.16 123.37812 71.42898  5869.76   926.53 3.85 3.61   6.1 -0.498    18.76 20.35 02a57862o0185c 0x000000   0.090909
57862.330918 19.454622      NaN   -10    20 c    0   1.19 123.37812 71.42898  5850.37   884.75 3.93 3.69   6.6 -0.475    18.77 20.45 02a57862o0223c 0x000000  -0.500000
57862.340680 19.510313      NaN   -28    19 c    0   1.14 123.37812 71.42898  5911.66   964.22 4.06 3.82   8.1 -0.451    18.74 20.49 02a57862o0243c 0x000000  -1.473684
57862.359262 18.376212      NaN   -97    54 c    0   0.98 123.37812 71.42898  5939.33   865.98 4.63 4.25   7.2 -0.394    17.68 19.43 02a57862o0281c 0x100002  -1.796296
57862.361669 18.729535      NaN   -24    39 c    0   1.32 123.37812 71.42898  5895.28   901.66 4.15 3.84  10.4 -0.435    17.94 19.60 02a57862o0286c 0x100002  -0.615385
57870.313133 20.207197      NaN   -32    10 c    0   2.73 123.37812 71.42898  4024.54  2526.58 3.01 2.54  23.7 -0.426    19.30 20.45 02a57870o0100c 0x000000  -3.200000
57870.334725 20.103715      NaN   -16    11 c    0   3.08 123.37812 71.42898  4003.01  2479.72 2.92 2.42  23.9 -0.440    19.31 20.41 02a57870o0141c 0x000000  -1.454545
57870.345226 20.103715      NaN   -59    11 c    0   2.85 123.37812 71.42898  4063.60  2555.73 2.98 2.45  22.1 -0.438    19.30 20.39 02a57870o0161c 0x000000  -5.363636
57870.346793 20.071303      NaN     4    10 c    0   3.26 123.37812 71.42898  4082.50  2437.69 3.04 2.45  24.0 -0.441    19.29 20.39 02a57870o0164c 0x000000   0.400000
57870.364822 20.207197      NaN   -34    10 c    0   4.26 123.37812 71.42898  4039.60  2498.99 3.08 2.51  22.9 -0.437    19.23 20.31 02a57870o0198c 0x000000  -3.400000
58194.335578 20.449472      NaN   -17     8 c    0   1.72 123.37812 71.42898  4415.32  2832.88 2.56 2.44  53.5 -0.402    19.63 21.47 02a58194o0263c 0x000000  -2.125000
58194.352165 20.103715      NaN     3    10 c    0   1.92 123.37812 71.42898  4394.89  2791.37 2.53 2.46  71.4 -0.401    19.66 21.46 02a58194o0298c 0x000000   0.300000
58194.353532 20.594452      NaN   -40     7 c    0   5.01 123.37812 71.42898  4456.12  2868.13 2.53 2.41  61.0 -0.401    19.67 21.46 02a58194o0301c 0x000000  -5.714286
58194.371317 20.594452      NaN    -4     7 c    0   3.18 123.37812 71.42898  4473.92  2748.73 2.58 2.47  59.6 -0.398    19.63 21.46 02a58194o0339c 0x000000  -0.571429
58196.365992 20.321591 0.361912    27     9 c    0   3.02 123.37812 71.42898  5327.22  8034.35 2.53 2.32  30.1 -0.468    19.73 21.82 02a58196o0306c 0x000000   3.000000
58196.368730 20.207197      NaN   -37    10 c    0   1.66 123.37812 71.42898  5307.26  7990.86 2.47 2.30  27.8 -0.471    19.69 21.82 02a58196o0312c 0x000000  -3.700000
58196.390978 19.589310      NaN    23    10 c    0   4.81 123.37812 71.42898  5356.07  8066.34 2.47 2.30  35.9 -0.475    19.73 21.78 02a58196o0356c 0x000000   2.300000
58196.400262 20.207197      NaN   -13    10 c    0   3.00 123.37812 71.42898  5377.25  7951.14 2.42 2.27  28.2 -0.476    19.72 21.74 02a58196o0376c 0x000000  -1.300000
58224.339715 20.009244      NaN   -38    12 c    0   1.30 123.37812 71.42898  3672.50  8335.70 2.67 2.50 -33.7 -0.404    19.49 21.18 02a58224o0075c 0x000000  -3.166667
58224.340172 20.207197      NaN   -46    10 c    0   2.42 123.37812 71.42898  3654.33  8297.05 2.59 2.45 -31.2 -0.405    19.49 21.15 02a58224o0076c 0x000000  -4.600000
58224.349996 13.255504      NaN -9032  6035 c    0   0.94 123.37812 71.42898  3706.84  8372.70 2.55 2.49 -25.1 -0.436    15.05 16.65 02a58224o0097c 0x100002  -1.496603
58252.323288 19.922338      NaN   -49    13 c    0   1.46 123.37812 71.42898  4594.16  8101.95 2.74 2.55 -28.9 -0.414    19.37 21.01 02a58252o0192c 0x000000  -3.769231
58252.340690 20.009244      NaN   -19    12 c    0   1.65 123.37812 71.42898  4597.45  8094.61 2.57 2.43   2.8 -0.445    19.39 20.96 02a58252o0227c 0x000000  -1.583333
58252.344823 20.207197      NaN   -51    10 c    0   2.69 123.37812 71.42898  4590.28  8093.38 2.51 2.38   9.0 -0.453    19.40 20.94 02a58252o0236c 0x000000  -5.100000
58252.361611 20.009244      NaN   -37    12 c    0   1.41 123.37812 71.42898  4595.63  8104.71 2.57 2.49 -36.9 -0.442    19.33 20.89 02a58252o0272c 0x000000  -3.083333
58256.304123 14.732769      NaN  -393  1548 c    0   1.32 123.37812 71.42898  3720.58  9686.52 2.87 2.70 -37.2 -0.378    15.31 17.03 02a58256o0013c 0x100002  -0.253876
58256.314180 19.256669      NaN  -112    24 c    0   2.44 123.37812 71.42898  3770.46  9763.38 2.76 2.63 -37.6 -0.408    18.60 20.29 02a58256o0034c 0x000000  -4.666667
58256.327499 19.841877      NaN   -37    14 c    0   1.69 123.37812 71.42898  3779.75  9647.94 2.89 2.78 -53.0 -0.401    19.26 21.05 02a58256o0062c 0x000000  -2.642857
58280.259915 19.351140 0.296110    66    18 c    0   2.02 123.37812 71.42898  5693.47  9277.29 2.68 2.57 -18.3 -0.425    18.87 20.17 02a58280o0043c 0x000000   3.666667
58280.269471 18.574166 0.193020   135    24 c    0   1.16 123.37812 71.42898  5673.23  9235.30 2.76 2.61 -15.9 -0.429    19.09 20.63 02a58280o0062c 0x000000   5.625000
58280.279412 19.454622      NaN   -74    20 c    0   1.20 123.37812 71.42898  5720.32  9320.83 2.83 2.68 -34.3 -0.403    19.18 20.77 02a58280o0083c 0x000000  -3.700000
58280.289239 19.419021      NaN    14    16 c    0   1.64 123.37812 71.42898  5743.41  9210.27 2.86 2.72 -26.8 -0.401    19.08 20.67 02a58280o0104c 0x000000   0.875000
58284.254767 18.526952      NaN   -20    47 c    0   1.15 123.37812 71.42898  3407.21 10034.56 3.26 3.22 -89.1 -0.418    18.11 19.41 02a58284o0030c 0x100002  -0.425532
58284.261453 19.454622      NaN   -69    20 c    0   1.81 123.37812 71.42898  3388.42  9995.14 3.37 3.32  37.3 -0.418    18.84 20.39 02a58284o0044c 0x000000  -3.450000
58284.265856 19.766969      NaN   -68    15 c    0   2.53 123.37812 71.42898  3606.91   291.35 3.30 3.01  38.7 -0.396    19.05 20.70 02a58284o0053c 0x000000  -4.533333
58284.270547 19.510313      NaN  -157    19 c    0   1.17 123.37812 71.42898  3441.39 10074.74 3.32 3.21  22.3 -0.428    19.04 20.73 02a58284o0063c 0x000000  -8.263158
58284.275827 19.696897      NaN   -32    16 c    0   1.64 123.37812 71.42898  3579.70   253.12 3.31 2.93  37.5 -0.399    19.07 20.82 02a58284o0074c 0x000000  -2.000000
58284.280539 19.529530      NaN     8    16 c    0   1.65 123.37812 71.42898  3453.47  9960.24 3.04 2.91 -10.9 -0.420    19.08 20.70 02a58284o0084c 0x000000   0.500000
58284.285770 19.631075      NaN   -58    17 c    0   1.34 123.37812 71.42898  3644.87   314.15 3.67 3.33  33.2 -0.365    19.00 20.80 02a58284o0095c 0x000000  -3.411765
58396.637901 19.051202      NaN  -140    29 c    0   1.87 123.37812 71.42898  5914.84  1056.99 2.72 2.55  89.8 -0.411    18.22 19.41 02a58396o0930c 0x100002  -4.827586
58396.646791 17.439172      NaN    96    96 c    0   0.77 123.37812 71.42898  5940.11  1092.79 2.76 2.59  83.8 -0.404    17.13 17.92 02a58396o0949c 0x100002   1.000000
58400.642300 19.569016      NaN   -98    18 c    0   1.66 123.37812 71.42898  4753.24  3252.33 2.76 2.58 -83.0 -0.385    18.88 19.93 02a58400o0768c 0x000000  -5.444444
58400.650618 17.027593      NaN   165   132 c    0   0.71 123.37812 71.42898  4775.07  3292.93 2.74 2.57 -88.2 -0.462    16.91 17.50 02a58400o0786c 0x100002   1.250000
58424.629651 20.009244      NaN   -86    12 c    0   1.95 123.37812 71.42898  7711.86  2323.10 2.71 2.60  60.7 -0.430    19.41 20.87 02a58424o0859c 0x000000  -7.166667
58424.639072 19.841877      NaN   -95    14 c    0   1.93 123.37812 71.42898  7742.83  2361.78 2.67 2.57  81.9 -0.427    19.39 20.76 02a58424o0877c 0x000000  -6.785714
58428.588118 20.449472      NaN   -64     8 c    0   2.96 123.37812 71.42898  5370.06  4262.99 2.60 2.47  68.2 -0.424    19.68 21.64 02a58428o0747c 0x000000  -8.000000
58428.596427 20.207197      NaN   -68    10 c    0   1.39 123.37812 71.42898  5390.36  4302.91 2.56 2.45  60.8 -0.429    19.71 21.63 02a58428o0765c 0x000000  -6.800000
58428.605253 20.594452      NaN   -68     7 c    0   2.91 123.37812 71.42898  5335.63  4226.77 2.66 2.51  87.9 -0.402    19.68 21.67 02a58428o0784c 0x000000  -9.714286
58428.613538 20.321591      NaN   -71     9 c    0   1.86 123.37812 71.42898  5317.85  4345.24 2.67 2.59  77.3 -0.400    19.66 21.66 02a58428o0802c 0x000000  -7.888889
58432.584518 20.207197      NaN   -72    10 c    0   2.68 123.37812 71.42898  6479.55   967.74 2.83 2.63  49.0 -0.427    19.67 21.52 02a58432o0849c 0x000000  -7.200000
58432.592931 20.207197      NaN   -31    10 c    0   2.04 123.37812 71.42898  6500.29  1008.18 2.77 2.60  51.4 -0.431    19.67 21.53 02a58432o0867c 0x000000  -3.100000
58432.601777 20.321591      NaN   -79     9 c    0   2.40 123.37812 71.42898  6446.93   933.33 2.71 2.58  56.3 -0.436    19.66 21.54 02a58432o0886c 0x000000  -8.777778
58432.610155 20.321591      NaN   -42     9 c    0   2.04 123.37812 71.42898  6430.41  1052.41 2.72 2.57  58.6 -0.433    19.67 21.50 02a58432o0904c 0x000000  -4.666667
58436.575802 19.766969      NaN   -79    15 c    0   1.38 123.37812 71.42898  5687.54  3565.24 2.68 2.58  80.4 -0.411    19.08 20.81 02a58436o0829c 0x000000  -5.266667
58436.584222 20.207197      NaN   -65    10 c    0   2.02 123.37812 71.42898  5708.15  3605.87 2.63 2.54  66.9 -0.411    19.46 21.23 02a58436o0847c 0x000000  -6.500000
58436.593037 20.207197      NaN  -103    10 c    0   2.91 123.37812 71.42898  5654.85  3529.63 2.71 2.57  63.7 -0.409    19.52 21.32 02a58436o0866c 0x000000 -10.300000
58436.601378 18.526952      NaN  -160    47 c    0   1.41 123.37812 71.42898  5631.62  3646.44 2.72 2.63  65.4 -0.405    17.87 19.48 02a58436o0884c 0x100002  -3.404255
58456.653766 20.207197      NaN   -54    10 c    0   2.03 123.37812 71.42898  8094.18  4710.69 2.73 2.62  59.5 -0.410    19.50 21.17 02a58456o0865c 0x000000  -5.400000
58456.664635 18.786693      NaN   -81    37 c    0   1.15 123.37812 71.42898  8072.17  4669.25 2.60 2.55  78.1 -0.412    18.11 18.84 02a58456o0887c 0x100002  -2.189189
58460.570225 20.449472      NaN   -13     8 c    0   4.07 123.37812 71.42898   323.76  2521.11 2.99 2.65  48.2 -0.416    19.63 21.73 02a58460o0821c 0x000000  -1.625000
58460.581518 20.449472      NaN   -64     8 c    0   2.35 123.37812 71.42898   294.22  2481.63 3.24 2.99  46.6 -0.389    19.50 21.75 02a58460o0845c 0x000000  -8.000000
58460.591515 20.321591      NaN   -58     9 c    0   1.92 123.37812 71.42898   359.85  2548.76 2.99 2.78  50.2 -0.396    19.58 21.76 02a58460o0866c 0x000000  -6.444444
58460.601242 20.449472      NaN   -93     8 c    0   2.29 123.37812 71.42898   376.31  2426.81 2.78 2.53  44.9 -0.419    19.66 21.78 02a58460o0887c 0x000000 -11.625000
58460.601698 20.449472      NaN   -67     8 c    0   2.15 123.37812 71.42898  9593.14  2512.61 2.96 2.75  63.7 -0.414    19.69 21.82 02a58460o0888c 0x000000  -8.375000
58460.611485 20.321591      NaN   -81     9 c    0   1.73 123.37812 71.42898  9567.18  2472.07 3.07 2.75  58.9 -0.407    19.66 21.85 02a58460o0909c 0x000000  -9.000000
58460.621285 20.207197      NaN   -87    10 c    0   1.48 123.37812 71.42898  9630.71  2557.37 3.16 2.92  60.2 -0.404    19.61 21.86 02a58460o0930c 0x000000  -8.700000
58460.631076 20.321591      NaN   -58     9 c    0   2.38 123.37812 71.42898  9647.52  2440.99 3.12 2.75  55.7 -0.420    19.67 21.87 02a58460o0951c 0x000000  -6.444444
58488.521062 19.922338      NaN   -78    13 c    0   1.47 123.37812 71.42898  5735.89 10004.16 3.62 3.56  56.6 -0.400    19.31 21.70 02a58488o0701c 0x000000  -6.000000
58488.521519 20.207197      NaN  -146    10 c    0   2.05 123.37812 71.42898  6492.24   316.12 3.30 3.13  53.6 -0.387    19.38 21.64 02a58488o0702c 0x000000 -14.600000
58488.530480 20.009244      NaN  -101    12 c    0   2.12 123.37812 71.42898  5715.09  9963.12 3.20 3.08  42.4 -0.411    19.43 21.66 02a58488o0721c 0x000000  -8.416667
58488.539336 19.841877      NaN  -116    14 c    0   1.53 123.37812 71.42898  6462.43   274.01 3.53 3.38  48.5 -0.377    19.25 21.57 02a58488o0740c 0x000000  -8.285714
58488.539793 19.841877      NaN   -96    14 c    0   1.27 123.37812 71.42898  6529.19   354.57 3.52 3.36  48.3 -0.379    19.28 21.57 02a58488o0741c 0x000000  -6.857143
58488.548737 19.766969      NaN  -101    15 c    0   1.50 123.37812 71.42898  5763.60 10044.87 4.10 3.92  33.1 -0.392    19.23 21.62 02a58488o0760c 0x000000  -6.733333
58488.549194 19.841877      NaN   -97    14 c    0   1.54 123.37812 71.42898  6555.18   238.84 3.75 3.57  52.3 -0.363    19.27 21.57 02a58488o0761c 0x000000  -6.928571
58488.550108 19.922338      NaN  -137    13 c    0   1.81 123.37812 71.42898  5775.13  9926.17 3.51 3.35  35.1 -0.392    19.35 21.61 02a58488o0763c 0x000000 -10.538462
58492.571295 20.321591      NaN   -75     9 c    0   1.85 123.37812 71.42898  6034.34  6115.79 2.63 2.54 -45.5 -0.404    19.62 21.75 02a58492o0785c 0x000000  -8.333333
58492.580793 20.207197      NaN   -83    10 c    0   1.65 123.37812 71.42898  6010.64  6076.73 2.55 2.48 -28.5 -0.412    19.63 21.73 02a58492o0805c 0x000000  -8.300000
58492.582165 20.449472      NaN   -65     8 c    0   3.09 123.37812 71.42898  6070.69  6154.86 2.64 2.54 -38.2 -0.406    19.61 21.73 02a58492o0808c 0x000000  -8.125000
58492.598280 20.207197      NaN   -70    10 c    0   1.66 123.37812 71.42898  6089.74  6038.92 2.61 2.60 -84.3 -0.408    19.60 21.72 02a58492o0842c 0x000000  -7.000000
58576.379214 20.449472      NaN  -144     8 c    0   2.70 123.37812 71.42898  8220.98  4329.98 2.60 2.37  46.4 -0.392    19.59 21.38 02a58576o0337c 0x000000 -18.000000
58576.406254 20.449472      NaN   -80     8 c    0   3.40 123.37812 71.42898  8197.51  4286.04 2.49 2.34  50.6 -0.396    19.56 21.34 02a58576o0395c 0x000000 -10.000000
58576.406713 20.207197      NaN   -90    10 c    0   2.33 123.37812 71.42898  8258.01  4368.81 2.57 2.33  43.4 -0.393    19.56 21.35 02a58576o0396c 0x000000  -9.000000
58576.423942 20.207197      NaN  -106    10 c    0   1.71 123.37812 71.42898  8276.94  4253.84 2.50 2.42  66.3 -0.397    19.55 21.33 02a58576o0433c 0x000000 -10.600000
58580.377744 20.321591      NaN  -134     9 c    0   2.35 123.37812 71.42898  5335.12  2242.78 2.47 2.35  64.0 -0.395    19.51 21.20 02a58580o0333c 0x000000 -14.888889
58580.378201 20.449472      NaN   -89     8 c    0   4.70 123.37812 71.42898  5311.00  2203.64 2.43 2.33  64.5 -0.399    19.50 21.20 02a58580o0334c 0x000000 -11.125000
58580.387049 20.103715      NaN   -80    11 c    0   2.12 123.37812 71.42898  5373.23  2284.64 2.40 2.31  65.9 -0.403    19.49 21.17 02a58580o0353c 0x000000  -7.272727
58580.402431 20.207197      NaN   -67    10 c    0   1.71 123.37812 71.42898  5398.29  2164.67 2.45 2.39  85.6 -0.396    19.44 21.11 02a58580o0386c 0x000000  -6.700000
58604.317457 20.103715      NaN   -84    11 c    0   2.41 123.37812 71.42898   511.36  8320.74 2.56 2.22 -43.1 -0.421    19.31 21.01 02a58604o0171c 0x000000  -7.636364
58604.327999 20.009244      NaN   -79    12 c    0   1.77 123.37812 71.42898   491.92  8284.62 2.63 2.25 -44.4 -0.413    19.25 21.00 02a58604o0193c 0x000000  -6.583333
58604.338862 19.922338      NaN   -73    13 c    0   1.66 123.37812 71.42898   541.87  8365.61 2.55 2.44 -39.0 -0.411    19.25 20.98 02a58604o0216c 0x000000  -5.615385
58604.341191 20.009244      NaN   -55    12 c    0   2.01 123.37812 71.42898  8448.52  8229.29 2.81 2.64  39.3 -0.398    19.30 21.12 02a58604o0221c 0x000000  -4.583333
58604.342105 19.922338      NaN   -46    13 c    0   1.57 123.37812 71.42898  8429.69  8187.58 2.84 2.63  39.2 -0.397    19.36 21.12 02a58604o0223c 0x000000  -3.538462
58604.344413 19.922338      NaN   -70    13 c    0   1.87 123.37812 71.42898   561.72  8249.80 2.52 2.37 -46.4 -0.419    19.25 20.97 02a58604o0228c 0x000000  -5.384615
58604.357928 19.922338      NaN  -107    13 c    0   1.60 123.37812 71.42898  8481.53  8269.25 2.85 2.71  36.2 -0.397    19.30 21.09 02a58604o0257c 0x000000  -8.230769
58604.361602 19.841877      NaN   -50    14 c    0   1.26 123.37812 71.42898  8500.39  8154.70 2.94 2.60  37.3 -0.394    19.32 21.08 02a58604o0265c 0x000000  -3.571429
58612.243785 19.051202      NaN  -395    29 c    0   2.48 123.37812 71.42898    63.61  9773.93 2.40 2.09 -39.4 -0.491    18.97 20.01 02a58612o0028c 0x100002 -13.620690
58612.245650 19.401649      NaN  -279    21 c    0   7.48 123.37812 71.42898    41.54  9731.57 2.29 2.11 -30.6 -0.470    19.11 20.26 02a58612o0032c 0x000000 -13.285714
58612.251269 19.766969      NaN  -217    15 c    0   3.39 123.37812 71.42898    94.23  9803.87 2.54 1.97 -42.9 -0.455    19.35 20.63 02a58612o0044c 0x000000 -14.466667
58612.257830 19.841877      NaN   -48    14 c    0   1.31 123.37812 71.42898  8327.65  9601.17 2.68 2.51  60.4 -0.401    19.42 20.80 02a58612o0058c 0x000000  -3.428571
58612.260136 20.103715      NaN   -58    11 c    0   2.77 123.37812 71.42898  8309.19  9559.35 2.76 2.45  51.9 -0.399    19.42 20.80 02a58612o0063c 0x000000  -5.272727
58612.265791 20.009244      NaN   -65    12 c    0   1.69 123.37812 71.42898  8359.38  9642.80 2.73 2.48  51.7 -0.399    19.42 20.81 02a58612o0075c 0x000000  -5.416667
58612.267190 19.922338      NaN  -120    13 c    0   2.00 123.37812 71.42898   110.82  9677.07 2.44 2.07 -41.3 -0.461    19.36 20.70 02a58612o0078c 0x000000  -9.230769
58612.279791 19.696897      NaN   -73    16 c    0   1.02 123.37812 71.42898  8373.36  9522.77 2.69 2.48  48.6 -0.402    19.46 20.83 02a58612o0105c 0x000000  -4.562500
58792.634454 20.009244      NaN   -88    12 c    0   2.08 123.37812 71.42898  8722.81  4700.53 2.62 2.51  57.5 -0.378    19.43 21.13 02a58792o0959c 0x000000  -7.333333
58792.637464 20.103715      NaN   -78    11 c    0   1.83 123.37812 71.42898  8740.73  4740.51 2.62 2.51  61.1 -0.378    19.43 21.09 02a58792o0965c 0x000000  -7.090909
58792.641257 20.449472      NaN   -68     8 c    0   2.79 123.37812 71.42898  8685.13  4667.56 2.60 2.52  67.3 -0.379    19.43 21.05 02a58792o0973c 0x000000  -8.500000
58792.644284 19.510313      NaN    -7    19 c    0   1.66 123.37812 71.42898  8663.67  4788.57 2.64 2.50  51.1 -0.374    18.97 20.35 02a58792o0979c 0x000000  -0.368421
58816.466852 17.118376      NaN  -339   172 c    0   0.05 123.37812 71.42898 10521.31   784.21 3.10 2.31 -55.1 -0.399    19.54 21.37 02a58816o0604c 0x100002  -1.970930
58816.476107 19.922338      NaN  -271    13 c    0   4.57 123.37812 71.42898 10490.75   750.12 3.37 2.45 -55.9 -0.401    19.52 21.38 02a58816o0624c 0x000000 -20.846154
58816.485971 19.922338      NaN  -111    13 c    0   5.04 123.37812 71.42898 10474.27   872.71 3.22 2.36 -56.1 -0.409    19.55 21.41 02a58816o0645c 0x000000  -8.538462
58816.605033 20.321591      NaN   -67     9 c    0   3.39 123.37812 71.42898  2287.93  1004.45 2.90 2.61 -66.8 -0.404    19.50 21.45 02a58816o0898c 0x000000  -7.444444
58816.611590 20.207197      NaN   -47    10 c    0   2.38 123.37812 71.42898  8339.21  9542.34 3.06 2.81 -78.0 -0.380    19.56 21.40 02a58816o0911c 0x000000  -4.700000
58816.614671 20.207197      NaN   -45    10 c    0   2.20 123.37812 71.42898  8387.18  9625.51 2.95 2.72  60.9 -0.382    19.53 21.39 02a58816o0917c 0x000000  -4.500000
58816.625031 20.207197      NaN   -68    10 c    0   1.62 123.37812 71.42898  8399.32  9509.91 3.02 2.81  78.2 -0.377    19.55 21.45 02a58816o0938c 0x000000  -6.800000
58868.510421 20.207197      NaN   -69    10 c    0   1.46 123.37812 71.42898  4597.30  7400.79 2.39 2.37  20.4 -0.411    19.79 21.75 02a58868o0675c 0x000000  -6.900000
58868.514591 20.449472      NaN   -60     8 c    0   2.98 123.37812 71.42898  4578.48  7358.76 2.35 2.32 -39.2 -0.416    19.76 21.73 02a58868o0684c 0x000000  -7.500000
58868.520465 20.321591      NaN   -25     9 c    0   3.31 123.37812 71.42898  4630.77  7437.44 2.37 2.35  -7.8 -0.415    19.69 21.73 02a58868o0695c 0x000000  -2.777778
58868.533481 20.449472      NaN  -149     8 c    0   3.83 123.37812 71.42898  4645.03  7313.07 2.58 2.33  35.5 -0.394    19.70 21.70 02a58868o0723c 0x000000 -18.625000
58872.420297 20.594452      NaN   -66     7 c    0   3.12 123.37812 71.42898  5997.21  3160.06 2.56 2.43  59.8 -0.398    19.82 21.99 02a58872o0480c 0x000000  -9.428571
58872.423597 20.594452      NaN   -70     7 c    0   3.26 123.37812 71.42898  6017.64  3198.76 2.53 2.39  58.7 -0.401    19.79 22.01 02a58872o0487c 0x000000 -10.000000
58872.431120 20.449472      NaN   -61     8 c    0   3.89 123.37812 71.42898  5961.05  3121.78 2.52 2.41  61.9 -0.400    19.77 22.02 02a58872o0503c 0x000000  -7.625000
58872.443890 20.449472      NaN   -58     8 c    0   1.75 123.37812 71.42898  4655.44  7331.42 2.50 2.40  51.3 -0.406    19.80 22.01 02a58872o0528c 0x000000  -7.250000
58876.428264 20.449472      NaN  -128     8 c    0   2.49 123.37812 71.42898  1629.37  3681.61 2.80 2.41  31.7 -0.392    19.54 21.66 02a58876o0476c 0x000000 -16.000000
58876.430093 20.207197      NaN   -60    10 c    0   2.33 123.37812 71.42898  1614.86  3648.75 2.48 2.27 -60.0 -0.407    19.59 21.62 02a58876o0480c 0x000000  -6.000000
58876.434959 20.009244      NaN   -31    12 c    0   1.99 123.37812 71.42898  1676.24  3716.72 2.43 2.42   7.2 -0.403    19.25 21.17 02a58876o0490c 0x000000  -2.583333
58876.446381 20.761819      NaN   -65     6 c    0   3.48 123.37812 71.42898  1698.76  3598.87 2.44 2.35 -58.7 -0.404    19.66 21.67 02a58876o0513c 0x000000 -10.833333
58900.380424 19.979496      NaN     1    12 c    0   2.25 123.37812 71.42898  3053.85  9795.73 3.44 2.80 -59.0 -0.381    19.54 21.71 02a58900o0354c 0x000000   0.083333
58900.382288 19.038793      NaN    28    20 c    0   1.45 123.37812 71.42898  3036.07  9754.65 3.19 2.60 -57.3 -0.394    19.36 21.46 02a58900o0358c 0x000000   1.400000
58900.387322 20.071303      NaN     4    10 c    0   2.26 123.37812 71.42898  3087.67  9830.69 3.02 2.51 -56.6 -0.399    19.61 21.72 02a58900o0369c 0x000000   0.400000
58900.396504 19.894850      NaN    10    10 c    0   2.16 123.37812 71.42898  3104.83  9709.30 3.03 2.56 -57.4 -0.398    19.61 21.73 02a58900o0389c 0x000000   1.000000
58932.406436 20.207197      NaN   -44    10 c    0   2.79 123.37812 71.42898  6379.97  1218.96 2.90 2.67 -60.0 -0.391    19.44 21.44 02a58932o0401c 0x000000  -4.400000
58932.409693 20.449472      NaN   -26     8 c    0   3.85 123.37812 71.42898  6358.02  1175.68 2.70 2.51 -51.0 -0.398    19.48 21.44 02a58932o0408c 0x000000  -3.250000
58932.415300 19.922338 0.334073    39    12 c    0   1.53 123.37812 71.42898  6422.80  1256.41 2.57 2.37 -56.3 -0.406    19.50 21.38 02a58932o0420c 0x000000   3.250000
58932.425150 20.449472      NaN   -36     8 c    0   2.77 123.37812 71.42898  6447.89  1134.88 2.78 2.43 -52.3 -0.404    19.48 21.36 02a58932o0441c 0x000000  -4.500000
58956.310452 20.103715      NaN   -12    11 c    0   2.44 123.37812 71.42898  2802.07  3979.87 2.67 2.60  19.0 -0.382    19.43 21.32 02a58956o0179c 0x000000  -1.090909
58956.314226 20.009244      NaN   -87    12 c    0   1.51 123.37812 71.42898  2777.64  3941.94 2.53 2.47 -65.0 -0.399    19.47 21.31 02a58956o0186c 0x000000  -7.250000
58956.320017 19.652575      NaN    20    10 c    0   3.11 123.37812 71.42898  2836.86  4013.22 2.57 2.40  38.2 -0.386    19.51 21.31 02a58956o0198c 0x000000   2.000000
58956.329903 19.384550      NaN    31    11 c    0   2.26 123.37812 71.42898  2856.43  3891.41 2.67 2.47  36.4 -0.387    19.43 21.29 02a58956o0218c 0x000000   2.818182
58960.261791 19.950541      NaN     5    11 c    0   2.21 123.37812 71.42898  2800.07  3985.08 2.62 2.27  32.2 -0.392    19.56 21.23 02a58960o0081c 0x000000   0.454545
58960.265304 20.321591      NaN    -7     9 c    0   2.36 123.37812 71.42898  2780.36  3945.84 2.59 2.21  31.8 -0.394    19.56 21.22 02a58960o0088c 0x000000  -0.777778
58960.271401 19.401649      NaN    30    11 c    0   1.58 123.37812 71.42898  2840.51  4017.62 2.51 2.23  31.4 -0.399    19.58 21.23 02a58960o0101c 0x000000   2.727273
58960.282322 20.009244      NaN    -5    12 c    0   2.12 123.37812 71.42898  2857.66  3900.75 2.62 2.24  31.9 -0.394    19.55 21.19 02a58960o0123c 0x000000  -0.416667
58964.317871 14.947688      NaN -1176  1270 c    0   0.73 123.37812 71.42898  6592.89  9493.98 2.91 2.82  64.6 -0.384    14.61 16.04 02a58964o0181c 0x100002  -0.925984
58980.336278 20.009244      NaN   -10    12 c    0   1.64 123.37812 71.42898 10037.06  9704.47 2.81 2.71  27.7 -0.376    19.45 21.18 02a58980o0227c 0x000000  -0.833333
58980.339045 19.510313      NaN    21    12 c    0   1.93 123.37812 71.42898 10019.91  9661.28 2.80 2.75  14.0 -0.373    19.46 21.17 02a58980o0233c 0x000000   1.750000
58980.346015 19.318728      NaN    29    13 c    0   1.74 123.37812 71.42898 10073.40  9747.05 2.96 2.87 -17.1 -0.368    19.40 21.16 02a58980o0248c 0x000000   2.230769
58980.350649 19.696897      NaN     6    14 c    0   1.81 123.37812 71.42898 10087.91  9631.06 2.91 2.80 -45.4 -0.374    19.43 21.13 02a58980o0258c 0x000000   0.428571
58988.248955 19.510313      NaN   -14    19 c    0   1.72 123.37812 71.42898  1852.29  5869.32 3.00 2.84  17.6 -0.367    18.84 20.11 02a58988o0035c 0x000000  -0.736842
58988.253578 19.841877      NaN   -10    14 c    0   1.29 123.37812 71.42898  1835.56  5835.72 2.88 2.84 -34.5 -0.385    19.14 20.68 02a58988o0045c 0x000000  -0.714286
58988.260501 19.922338      NaN   -21    13 c    0   1.91 123.37812 71.42898  1890.83  5904.05 2.72 2.60 -41.1 -0.388    19.33 20.96 02a58988o0060c 0x000000  -1.615385
58988.273992 19.922338      NaN    -5    13 c    0   1.78 123.37812 71.42898  1909.95  5783.01 2.88 2.69 -51.6 -0.395    19.26 20.95 02a58988o0087c 0x000000  -0.384615
59144.601196 20.321591      NaN    -5     9 c    0   2.34 123.37812 71.42898  2902.69  2794.36 2.59 2.38  51.3 -0.395    19.64 21.62 02a59144o0838c 0x000000  -0.555556
59144.604867 20.321591      NaN    -8     9 c    0   3.47 123.37812 71.42898  2921.54  2832.03 2.44 2.31  62.4 -0.401    19.64 21.63 02a59144o0846c 0x000000  -0.888889
59144.610868 20.449472      NaN    -8     8 c    0   3.27 123.37812 71.42898  2866.55  2751.91 2.52 2.35  57.3 -0.396    19.62 21.64 02a59144o0859c 0x000000  -1.000000
59144.629277 20.071303 0.287401    34     9 c    0   2.16 123.37812 71.42898  2851.22  2866.73 2.70 2.32  46.8 -0.392    19.61 21.65 02a59144o0899c 0x000000   3.777778
59148.608556 16.196632      NaN  -319   402 c    0   1.45 123.37812 71.42898  3743.66  6809.57 3.02 2.46  48.4 -0.373    16.09 17.53 02a59148o0906c 0x100002  -0.793532
59148.627530 18.481707      NaN   -45    49 c    0   0.91 123.37812 71.42898  3767.09  6846.34 3.01 2.43  42.3 -0.357    17.68 19.23 02a59148o0946c 0x100002  -0.918367
59148.637647 17.725445      NaN   121    58 c    0   1.11 123.37812 71.42898  3707.63  6766.08 2.73 2.36  47.4 -0.385    17.55 18.96 02a59148o0968c 0x100002   2.086207
59148.645429 17.958558      NaN    43    65 c    0   1.23 123.37812 71.42898  3687.13  6881.58 2.82 2.39  43.1 -0.370    17.59 18.82 02a59148o0985c 0x100002   0.661538
59176.635345 19.169763      NaN     3    25 c    0   1.32 123.37812 71.42898  7609.02  5547.18 2.87 2.46  36.4 -0.368    18.58 20.23 02a59176o0321c 0x100002   0.120000
59176.639263 13.817346      NaN  3870  2307 c    0   0.85 123.37812 71.42898  7589.52  5505.71 2.98 2.56  37.0 -0.392    15.69 17.50 02a59176o0328c 0x100002   1.677503
59176.643848 18.967180      NaN    43    17 c    0   1.88 123.37812 71.42898  7649.74  5589.68 2.43 2.38 -74.9 -0.403    19.10 20.63 02a59176o0338c 0x000000   2.529412
59176.647049 19.183773      NaN    29    16 c    0   2.11 123.37812 71.42898  7669.67  5475.17 2.43 2.36 -83.3 -0.400    19.20 20.76 02a59176o0345c 0x000000   1.812500
59192.418538 19.894850      NaN    13     9 c    0   2.61 123.37812 71.42898  8715.21  4674.03 2.75 2.51 -60.6 -0.394    19.61 21.50 02a59192o0508c 0x000000   1.444444
59192.424961 20.103715      NaN    -6    11 c    0   2.06 123.37812 71.42898  8743.77  4709.66 2.78 2.70  42.1 -0.375    19.53 21.53 02a59192o0522c 0x000000  -0.545455
59192.428179 20.449472      NaN   -33     8 c    0   3.56 123.37812 71.42898  8687.23  4638.17 2.65 2.58 -68.8 -0.385    19.65 21.54 02a59192o0529c 0x000000  -4.125000
59192.442056 19.922338 0.222715    39     8 c    0   2.66 123.37812 71.42898  8668.43  4755.96 2.69 2.61  63.4 -0.382    19.64 21.61 02a59192o0558c 0x000000   4.875000
59194.512510 19.569016      NaN    24    10 c    0   2.85 123.37812 71.42898  3081.88  9793.11 2.60 2.34 -65.2 -0.390    19.69 23.03 01a59194o0713c 0x000000   2.400000
59194.515282 20.449472      NaN   -12     8 c    0   2.96 123.37812 71.42898  3061.97  9756.56 2.69 2.42 -71.2 -0.389    19.70 23.05 01a59194o0719c 0x000000  -1.500000
59194.518047 20.207197      NaN   -13    10 c    0   2.22 123.37812 71.42898  3115.91  9829.35 2.76 2.48 -66.1 -0.383    19.65 23.05 01a59194o0725c 0x000000  -1.300000
59194.523118 20.321591      NaN    -4     9 c    0   3.38 123.37812 71.42898  3133.06  9711.75 2.63 2.37 -65.5 -0.383    19.66 23.06 01a59194o0736c 0x000000  -0.444444
59200.489684 19.791368      NaN    14    10 c    0   2.04 123.37812 71.42898  8582.51  9062.70 2.87 2.71  63.0 -0.391    19.66 21.61 02a59200o0612c 0x000000   1.400000
59200.492426 20.103715      NaN   -24    11 c    0   2.26 123.37812 71.42898  8604.88  9100.97 2.97 2.71  48.3 -0.383    19.64 21.63 02a59200o0618c 0x000000  -2.181818
59200.495168 19.743105      NaN    16    10 c    0   2.15 123.37812 71.42898  8539.88  9028.46 2.95 2.64  49.1 -0.385    19.63 21.62 02a59200o0624c 0x000000   1.600000
59200.501116 20.207197      NaN   -31    10 c    0   1.82 123.37812 71.42898  8517.20  9148.18 2.96 2.76  55.3 -0.383    19.61 21.61 02a59200o0637c 0x000000  -3.100000
59202.632530 20.594452      NaN   -13     7 c    0   5.94 123.37812 71.42898  1723.22  4603.38 2.67 2.48  77.8 -0.375    19.73 21.97 01a59202o0203c 0x000000  -1.857143
59202.639474 19.743105 0.188824    46     8 c    0   3.29 123.37812 71.42898  1744.45  4643.46 2.44 2.35  69.9 -0.385    19.73 21.90 01a59202o0218c 0x000000   5.750000
59202.652481 20.449472      NaN    -5     8 c    0   2.76 123.37812 71.42898  1690.09  4559.63 2.54 2.35  77.5 -0.387    19.69 21.73 01a59202o0246c 0x000000  -0.625000
59202.655787 20.207197      NaN    -8    10 c    0   1.87 123.37812 71.42898  1672.81  4674.15 2.84 2.69 -87.4 -0.362    19.49 21.46 01a59202o0253c 0x000000  -0.800000
59204.646232 20.039830      NaN     8     9 c    0   1.99 123.37812 71.42898  4186.61  1279.50 2.47 2.40 -89.1 -0.407    19.57 21.40 02a59204o0137c 0x000000   0.888889
59204.651850 20.207197      NaN     0    10 c    0   1.99 123.37812 71.42898  4164.85  1238.57 2.50 2.41 -72.4 -0.410    19.55 21.34 02a59204o0149c 0x000000   0.000000
59204.657428 20.321591      NaN   -20     9 c    0   2.99 123.37812 71.42898  4229.11  1316.94 2.51 2.42  77.9 -0.405    19.48 21.18 02a59204o0161c 0x000000  -2.222222
59204.665314 19.766969      NaN     0    15 c    0   2.15 123.37812 71.42898  4253.57  1200.44 2.49 2.40 -74.5 -0.409    18.97 20.14 02a59204o0178c 0x000000   0.000000
59206.485114 20.039830      NaN     8     9 c    0   2.14 123.37812 71.42898  8791.80  6010.57 2.79 2.72  67.6 -0.379    19.61 21.67 01a59206o0612c 0x000000   0.888889
59206.487420 20.207197      NaN    -6    10 c    0   2.28 123.37812 71.42898  8772.02  5969.23 2.96 2.76  85.8 -0.375    19.61 21.71 01a59206o0617c 0x000000  -0.600000
59206.490644 20.207197      NaN   -43    10 c    0   1.51 123.37812 71.42898  8828.93  6051.49 2.90 2.63 -84.9 -0.385    19.64 21.75 01a59206o0624c 0x000000  -4.300000
59206.499002 19.766969      NaN    18     9 c    0   2.01 123.37812 71.42898  8847.61  5937.19 2.95 2.66 -88.3 -0.383    19.69 21.85 01a59206o0642c 0x000000   2.000000
59222.437372 20.405150      NaN     4     7 c    0   5.03 123.37812 71.42898  2770.77  7578.96 2.64 2.57 -58.6 -0.363    19.64 21.76 01a59222o0525c 0x000000   0.571429
59222.439215 20.405150 0.347436    25     8 c    0   4.00 123.37812 71.42898  2750.64  7541.56 2.69 2.48 -73.3 -0.384    19.66 21.75 01a59222o0529c 0x000000   3.125000
59222.441977 20.449472      NaN   -13     8 c    0   2.88 123.37812 71.42898  2804.67  7615.54 2.68 2.44 -70.3 -0.384    19.67 21.76 01a59222o0535c 0x000000  -1.625000
59222.448055 19.950541      NaN    11     9 c    0   2.13 123.37812 71.42898  2821.91  7500.19 2.73 2.45 -71.7 -0.386    19.64 21.74 01a59222o0548c 0x000000   1.222222
59226.503781 20.207197      NaN    -8    10 c    0   1.47 123.37812 71.42898  4282.13  9368.11 3.37 3.26 -55.8 -0.351    19.40 22.10 01a59226o0630c 0x000000  -0.800000
59226.537419 20.449472      NaN   -10     8 c    0   2.77 123.37812 71.42898  4311.24  9404.18 2.84 2.65 -63.0 -0.369    19.61 22.06 01a59226o0702c 0x000000  -1.250000
59226.541192 19.791368      NaN    20     8 c    0   3.37 123.37812 71.42898  4245.13  9325.53 2.97 2.86 -61.3 -0.371    19.59 22.05 01a59226o0710c 0x000000   2.500000
59226.546723 20.449472      NaN   -42     8 c    0   3.03 123.37812 71.42898  4226.05  9442.36 2.84 2.69 -35.4 -0.363    19.60 22.04 01a59226o0722c 0x000000  -5.250000
59228.527877 19.026525      NaN    44    15 c    0   2.13 123.37812 71.42898   926.98  7804.18 3.13 2.87 -51.5 -0.399    19.19 21.29 02a59228o0644c 0x000000   2.933333
59228.531110 19.696897      NaN    15    11 c    0   1.71 123.37812 71.42898   909.35  7763.60 2.91 2.62 -57.4 -0.399    19.40 21.48 02a59228o0651c 0x000000   1.363636
59228.536622 20.103715      NaN   -16    11 c    0   1.55 123.37812 71.42898   962.63  7833.60 2.99 2.72 -54.8 -0.402    19.45 21.62 02a59228o0663c 0x000000  -1.454545
59228.539382 20.321591      NaN   -40     9 c    0   1.66 123.37812 71.42898  9482.92  7870.18 3.00 2.92 -86.9 -0.370    19.56 21.71 02a59228o0669c 0x000000  -4.444444
59228.542606 19.791368 0.271434    44    11 c    0   1.51 123.37812 71.42898  9463.76  7828.19 3.32 3.23 -79.5 -0.357    19.49 21.69 02a59228o0676c 0x000000   4.000000
59228.548555 18.836735 0.143399   106    14 c    0   1.77 123.37812 71.42898  9517.43  7911.84 3.32 3.25 -80.6 -0.363    19.45 21.64 02a59228o0689c 0x000000   7.571429
59228.549013 20.207197      NaN   -21    10 c    0   1.94 123.37812 71.42898   981.56  7713.52 2.84 2.70 -55.0 -0.400    19.41 21.56 02a59228o0690c 0x000000  -2.100000
59228.561453 20.103715      NaN   -41    11 c    0   2.35 123.37812 71.42898  9533.81  7796.42 3.15 3.02  51.0 -0.373    19.40 21.47 02a59228o0717c 0x000000  -3.727273
59230.414451 20.449472      NaN   -29     8 c    0   2.68 123.37812 71.42898  6308.45  1210.72 2.54 2.44  26.5 -0.396    19.72 21.77 01a59230o0471c 0x000000  -3.625000
59230.416753 19.868040      NaN    11    10 c    0   2.98 123.37812 71.42898  6282.68  1172.28 2.40 2.37 -51.9 -0.399    19.74 21.78 01a59230o0476c 0x000000   1.100000
59230.419523 20.321591      NaN    -6     9 c    0   2.83 123.37812 71.42898  6347.55  1251.77 2.56 2.41 -81.8 -0.399    19.64 21.79 01a59230o0482c 0x000000  -0.666667
59230.436300 20.039830      NaN     8     9 c    0   2.55 123.37812 71.42898  6363.42  1137.43 2.47 2.40  88.4 -0.403    19.65 21.76 01a59230o0517c 0x000000   0.888889
59250.401114 20.449472      NaN   -17     8 c    0   2.73 123.37812 71.42898  7757.54  6514.60 2.76 2.42 -88.9 -0.391    19.72 21.91 01a59250o0418c 0x000000  -2.125000
59250.404817 20.449472      NaN   -54     8 c    0   3.34 123.37812 71.42898  7779.79  6550.97 2.73 2.42  90.0 -0.391    19.72 21.90 01a59250o0426c 0x000000  -6.750000
59250.412206 19.922338      NaN    18     7 c    0   3.89 123.37812 71.42898  7720.46  6477.79 2.59 2.55 -70.4 -0.374    19.69 21.93 01a59250o0442c 0x000000   2.571429
59250.423295 20.449472      NaN   -18     8 c    0   3.40 123.37812 71.42898  7705.39  6594.30 2.62 2.60 -55.0 -0.369    19.69 21.96 01a59250o0466c 0x000000  -2.250000
59252.474275 19.569016      NaN    24    10 c    0   2.76 123.37812 71.42898  4797.26  9634.47 2.60 2.46 -66.9 -0.399    19.69 21.66 02a59252o0585c 0x000000   2.400000
59252.477496 19.287255      NaN    34    12 c    0   2.68 123.37812 71.42898  4780.31  9600.21 2.50 2.39 -65.5 -0.406    19.71 21.67 02a59252o0592c 0x000000   2.833333
59252.483956 19.868040 0.317776    41    12 c    0   2.08 123.37812 71.42898  4830.62  9670.74 2.50 2.45 -56.7 -0.403    19.71 21.68 02a59252o0606c 0x000000   3.416667
59252.494591 19.609992      NaN    22    10 c    0   2.05 123.37812 71.42898  4848.22  9554.78 2.46 2.34 -59.1 -0.415    19.73 21.66 02a59252o0629c 0x000000   2.200000
59254.408844 20.321591      NaN   -31     9 c    0   2.52 123.37812 71.42898  7768.95  6513.14 2.85 2.50 -87.5 -0.390    19.68 21.88 01a59254o0438c 0x000000  -3.444444
59254.412543 20.449472      NaN    -3     8 c    0   3.60 123.37812 71.42898  7790.52  6549.94 2.65 2.42 -88.1 -0.389    19.71 21.88 01a59254o0446c 0x000000  -0.375000
59254.418077 20.207197      NaN   -10    10 c    0   1.42 123.37812 71.42898  7726.69  6475.36 3.30 2.62 -87.2 -0.386    19.53 21.85 01a59254o0458c 0x000000  -1.000000
59254.428226 19.652575 0.173718    50     8 c    0   2.65 123.37812 71.42898  7716.38  6594.46 2.63 2.48 -77.8 -0.373    19.67 21.84 01a59254o0480c 0x000000   6.250000
59256.348826 20.137125      NaN     5     9 c    0   2.48 123.37812 71.42898  5784.95   918.54 2.49 2.31 -77.8 -0.400    19.69 21.67 02a59256o0308c 0x000000   0.555556
59256.352049 20.071303 0.223534    34     7 c    0   4.77 123.37812 71.42898  5803.33   957.40 2.59 2.30 -64.6 -0.404    19.71 21.67 02a59256o0315c 0x000000   4.857143
59256.359919 20.282105      NaN     4     8 c    0   7.36 123.37812 71.42898  5749.88   880.64 2.53 2.36 -78.4 -0.397    19.65 21.67 02a59256o0332c 0x000000   0.500000
59256.382059 19.674510      NaN    19    10 c    0   2.37 123.37812 71.42898  4869.15  9574.61 2.69 2.41 -59.6 -0.398    19.71 21.71 02a59256o0380c 0x000000   1.900000
59258.431236 19.743105      NaN    16    10 c    0   2.09 123.37812 71.42898  3897.41  1029.78 2.59 2.46  20.6 -0.394    19.67 21.77 01a59258o0488c 0x000000   1.600000
59258.434477 19.791368      NaN    17     9 c    0   2.18 123.37812 71.42898  3917.06  1069.46 2.54 2.46  37.1 -0.396    19.68 21.76 01a59258o0495c 0x000000   1.888889
59258.440017 20.207197      NaN     0    10 c    0   2.11 123.37812 71.42898  3863.46   989.13 2.51 2.41  36.8 -0.404    19.66 21.76 01a59258o0507c 0x000000   0.000000
59258.452006 19.766969      NaN    21     8 c    0   4.19 123.37812 71.42898  3850.21  1104.99 2.52 2.46  57.3 -0.399    19.67 21.73 01a59258o0533c 0x000000   2.625000
59266.517601 20.103715      NaN   -56    11 c    0   1.56 123.37812 71.42898  2961.79  5057.29 2.46 2.37 -61.7 -0.383    19.49 21.36 01a59266o0217c 0x000000  -5.090909
59266.520837 19.791368      NaN    17     9 c    0   2.81 123.37812 71.42898  2981.42  5097.22 2.43 2.41 -10.7 -0.371    19.56 21.42 01a59266o0224c 0x000000   1.888889
59266.526389 18.034118      NaN    42    60 c    0   1.10 123.37812 71.42898  2921.72  5016.46 2.61 2.57 -45.8 -0.383    18.16 20.12 01a59266o0236c 0x100002   0.700000
59278.322469 17.326476      NaN  -186   142 c    0   1.05 123.37812 71.42898  8642.01   999.78 2.71 2.53 -66.5 -0.348    16.83 18.38 01a59278o0172c 0x100002  -1.309859
59278.326168 17.664614      NaN  -435   104 c    0   1.14 123.37812 71.42898  8660.78  1036.69 2.68 2.40 -70.3 -0.366    17.45 18.98 01a59278o0180c 0x100002  -4.182692
59278.331697 17.922662      NaN   -54    82 c    0   1.16 123.37812 71.42898  8607.74   964.08 2.70 2.47 -68.1 -0.367    17.39 18.95 01a59278o0192c 0x100002  -0.658537
59278.395028 19.367717      NaN    32    11 c    0   2.03 123.37812 71.42898  8603.54  1081.45 2.73 2.56 -30.9 -0.360    19.37 21.14 01a59278o0227c 0x000000   2.909091
59284.377518 19.950541      NaN    11     9 c    0   5.33 123.37812 71.42898  8550.16  1275.46 2.50 2.24 -61.8 -0.404    19.62 21.54 02a59284o0286c 0x000000   1.222222
59284.408828 19.868040      NaN     8    11 c    0   2.09 123.37812 71.42898  8530.20  1229.27 2.56 2.40 -67.9 -0.391    19.58 21.48 02a59284o0347c 0x000000   0.727273
59284.411605 20.103715      NaN   -32    11 c    0   2.22 123.37812 71.42898  8593.97  1312.78 2.72 2.50 -63.0 -0.388    19.50 21.47 02a59284o0353c 0x000000  -2.909091
59284.418585 18.944322      NaN    42    18 c    0   1.87 123.37812 71.42898  8620.47  1194.47 2.62 2.38 -57.5 -0.396    18.91 20.74 02a59284o0368c 0x000000   2.333333
59288.341221 20.321591      NaN    -1     9 c    0   3.53 123.37812 71.42898  8544.60  1279.90 2.48 2.41 -59.3 -0.391    19.65 21.53 02a59288o0276c 0x000000  -0.111111
59288.344423 20.449472      NaN   -24     8 c    0   2.97 123.37812 71.42898  8529.02  1238.52 2.48 2.19 -60.9 -0.412    19.67 21.54 02a59288o0283c 0x000000  -3.000000
59288.349926 20.449472      NaN   -34     8 c    0   2.87 123.37812 71.42898  8594.10  1322.44 2.49 2.21 -63.3 -0.411    19.66 21.52 02a59288o0295c 0x000000  -4.250000
59288.361843 20.449472      NaN   -10     8 c    0   2.19 123.37812 71.42898  8619.52  1204.89 2.58 2.26 -61.8 -0.407    19.61 21.56 02a59288o0321c 0x000000  -1.250000
59310.266509 19.589310      NaN    23    10 c    0   3.33 123.37812 71.42898 10401.84   650.53 2.91 2.62 -57.4 -0.334    19.80 21.44 01a59310o0033c 0x000000   2.300000
59310.269734 19.076453 0.127734    85    10 c    0   2.53 123.37812 71.42898 10420.58   686.85 2.85 2.67 -56.4 -0.329    19.79 21.44 01a59310o0040c 0x000000   8.500000
59310.277262 19.384550 0.169646    64    10 c    0   2.69 123.37812 71.42898 10369.24   617.74 2.87 2.63 -60.6 -0.331    19.80 21.47 01a59310o0056c 0x000000   6.400000
59310.283818 19.491430      NaN    28    10 c    0   2.38 123.37812 71.42898  2144.73  1036.62 2.44 2.20  67.3 -0.415    19.75 21.54 01a59310o0070c 0x000000   2.800000
59310.287046 19.510313      NaN    27    10 c    0   2.94 123.37812 71.42898  2164.05  1077.51 2.42 2.16  66.1 -0.416    19.79 21.56 01a59310o0077c 0x000000   2.700000
59310.288427 20.009244 0.301593    36    10 c    0   2.83 123.37812 71.42898 10349.29   736.70 2.92 2.55 -72.1 -0.342    19.77 21.52 01a59310o0080c 0x000000   3.600000
59310.292590 20.207197      NaN   -25    10 c    0   2.31 123.37812 71.42898  2110.75   995.22 2.60 2.38  69.6 -0.411    19.70 21.57 01a59310o0089c 0x000000  -2.500000
59310.305990 20.449472      NaN   -45     8 c    0   5.54 123.37812 71.42898  2098.33  1110.88 2.54 2.25  68.1 -0.415    19.78 21.64 01a59310o0118c 0x000000  -5.625000
59314.300841 20.207197      NaN    -5    10 c    0   4.37 123.37812 71.42898  1730.20  6831.06 2.24 2.01 -85.7 -0.417    19.67 21.31 01a59314o0178c 0x000000  -0.500000
59314.304542 20.449472      NaN   -16     8 c    0   2.38 123.37812 71.42898  1751.81  6871.20 2.40 2.08 -88.9 -0.415    19.84 21.55 01a59314o0186c 0x000000  -2.000000
59314.311004 20.594452      NaN   -57     7 c    0   4.93 123.37812 71.42898  1689.71  6788.25 2.46 2.12 -88.5 -0.409    19.78 21.49 01a59314o0200c 0x000000  -8.142857
59314.323486 18.796518      NaN    47    21 c    0   1.98 123.37812 71.42898  1672.60  6903.72 2.28 2.13 -80.4 -0.405    18.76 20.34 01a59314o0227c 0x000000   2.238095
59318.279901 19.979496      NaN     7    10 c    0   4.55 123.37812 71.42898  1727.64  6830.94 2.52 2.15 -88.2 -0.400    19.73 21.35 01a59318o0132c 0x000000   0.700000
59318.285048 20.137125      NaN     2    10 c    0   2.40 123.37812 71.42898  1749.27  6870.29 2.46 2.14 -88.6 -0.407    19.75 21.35 01a59318o0143c 0x000000   0.200000
59318.288272 20.321591      NaN   -23     9 c    0   3.13 123.37812 71.42898  1687.62  6787.86 2.53 2.16 -89.9 -0.403    19.72 21.34 01a59318o0150c 0x000000  -2.555556
59318.300289 20.207197      NaN     0    10 c    0   2.79 123.37812 71.42898  1670.08  6901.91 2.43 2.08 -85.3 -0.407    19.75 21.32 01a59318o0176c 0x000000   0.000000
59344.241910 19.002397      NaN     4    29 c    0   1.34 123.37812 71.42898  7665.09  7808.80 2.72 2.62  60.7 -0.396    18.52 19.65 02a59344o0007c 0x100002   0.137931
59344.245145 19.384550      NaN    13    17 c    0   1.75 123.37812 71.42898  7647.24  7766.19 2.57 2.50  68.2 -0.396    19.05 20.23 02a59344o0014c 0x000000   0.764706
59344.252956 20.009244      NaN   -22    12 c    0   2.16 123.37812 71.42898  7700.41  7844.53 2.52 2.43  60.4 -0.402    19.48 20.94 02a59344o0031c 0x000000  -1.833333
59344.263087 20.009244      NaN   -20    12 c    0   2.09 123.37812 71.42898  7718.90  7726.61 2.57 2.44  50.7 -0.400    19.49 21.08 02a59344o0053c 0x000000  -1.666667
59524.577394 20.103715      NaN   -57    11 c    0   2.04 123.37812 71.42898  7808.79  3009.59 3.29 3.16 -84.5 -0.342    19.27 21.16 02a59524o0866c 0x000000  -5.181818
59524.580600 19.569016      NaN    18    12 c    0   1.96 123.37812 71.42898  7827.20  3047.07 2.93 2.79 -82.1 -0.365    19.36 21.17 02a59524o0873c 0x000000   1.500000
59524.583377 20.321591      NaN   -18     9 c    0   3.91 123.37812 71.42898  7771.62  2974.10 3.14 3.03  70.7 -0.348    19.24 21.16 02a59524o0879c 0x000000  -2.000000
59524.596384 20.207197      NaN   -49    10 c    0   2.07 123.37812 71.42898  7756.22  3092.16 2.86 2.70 -81.7 -0.367    19.40 21.15 02a59524o0907c 0x000000  -4.900000
59528.521268 19.436675      NaN    28    11 c    0   2.82 123.37812 71.42898  7794.47  3006.64 2.52 2.44 -82.4 -0.378    19.50 21.28 02a59528o0727c 0x000000   2.545455
59528.524477 19.894850 0.298577    40    11 c    0   2.57 123.37812 71.42898  7813.26  3044.45 2.52 2.39 -73.6 -0.380    19.55 21.33 02a59528o0734c 0x000000   3.636364
59528.529520 20.207197      NaN     6     8 c    0   3.30 123.37812 71.42898  7759.56  2970.37 2.57 2.47  86.5 -0.383    19.55 21.36 02a59528o0745c 0x000000   0.750000
59528.539627 19.631075 0.212889    51    10 c    0   1.99 123.37812 71.42898  7741.47  3088.93 2.55 2.44 -80.0 -0.382    19.59 21.39 02a59528o0767c 0x000000   5.100000
59588.481035 20.207197      NaN   -62    10 c    0   3.62 123.37812 71.42898  1857.24  5896.91 2.34 2.29  19.5 -0.431    19.58 21.55 02a59588o0633c 0x000000  -6.200000
59588.484239 20.321591      NaN   -60     9 c    0   3.43 123.37812 71.42898  1838.03  5858.92 2.32 2.27  24.6 -0.434    19.57 21.55 02a59588o0640c 0x000000  -6.666667
59588.490678 20.103715      NaN   -22    11 c    0   1.98 123.37812 71.42898  1894.90  5929.95 2.34 2.30 -11.7 -0.434    19.58 21.55 02a59588o0654c 0x000000  -2.000000
59588.524866 20.282105      NaN     1     9 c    0   2.70 123.37812 71.42898  1909.82  5800.56 2.48 2.24  27.7 -0.421    19.57 21.57 02a59588o0728c 0x000000   0.111111