         MJD         m       dm   uJy  duJy F  err  chi/N        RA       Dec        x        y  maj  min   phi  apfit  mag5sig   Sky            Obs     Mask   __tmp_SN
57895.603955 20.009244      NaN  -282    12 c    0   4.24 288.34226 -16.80115  6513.79  8133.98 2.79 2.59  16.6 -0.467    19.49 21.19 02a57895o0702c 0x000000 -23.500000
57895.620797 18.261819      NaN  -214    60 c    0   2.09 288.34226 -16.80115  6499.35  8092.91 2.77 2.66   9.8 -0.491    18.27 19.10 02a57895o0734c 0x100002  -3.566667
57899.595076 19.841877      NaN  -129    14 c    0   2.86 288.34226 -16.80115  6364.11  6929.35 2.64 2.48  29.7 -0.480    19.60 21.40 02a57899o0695c 0x000000  -9.214286
57899.611384 19.766969      NaN  -291    15 c    0   3.29 288.34226 -16.80115  6347.69  6892.07 2.61 2.52  26.1 -0.485    19.35 20.75 02a57899o0726c 0x000000 -19.400000
57903.583068 20.207197      NaN  -188    10 c    0   5.53 288.34226 -16.80115  8078.12  5831.25 2.64 2.59   5.2 -0.441    19.68 21.38 02a57903o0679c 0x000000 -18.800000
57903.599483 20.009244      NaN  -148    12 c    0   3.69 288.34226 -16.80115  8061.34  5794.73 2.64 2.62 -24.7 -0.444    19.65 21.34 02a57903o0711c 0x000000 -12.333333
57903.616308 19.454622      NaN  -131    20 c    0   3.14 288.34226 -16.80115  8136.35  5871.77 2.66 2.60 -46.1 -0.445    18.95 19.91 02a57903o0744c 0x000000  -6.550000
57981.371545 20.207197      NaN  -125    10 c    0   5.49 288.34226 -16.80115  6455.41  5596.23 2.75 2.62 -58.3 -0.382    19.62 21.49 02a57981o0267c 0x000000 -12.500000
57981.379839 20.321591      NaN  -180     9 c    0   4.11 288.34226 -16.80115  6437.35  5559.23 2.83 2.68 -60.7 -0.383    19.62 21.47 02a57981o0284c 0x000000 -20.000000
57981.388189 20.207197      NaN  -230    10 c    0   6.06 288.34226 -16.80115  6494.14  5635.77 2.84 2.68 -57.1 -0.385    19.58 21.45 02a57981o0301c 0x000000 -23.000000
57981.396459 20.594452      NaN  -252     7 c    0   6.06 288.34226 -16.80115  6514.20  5518.87 2.80 2.62 -57.6 -0.381    19.59 21.43 02a57981o0318c 0x000000 -36.000000
57985.370047 19.696897      NaN  -158    16 c    0   4.54 288.34226 -16.80115  6861.59  8153.72 2.52 2.46  48.7 -0.455    19.13 20.77 02a57985o0283c 0x000000  -9.875000
57985.378372 18.944322      NaN  -126    32 c    0   1.42 288.34226 -16.80115  6844.29  8115.97 2.69 2.59  40.9 -0.442    18.35 20.01 02a57985o0300c 0x000000  -3.937500
57985.386710 19.922338      NaN  -254    13 c    0   4.90 288.34226 -16.80115  6900.80  8193.06 2.49 2.46  33.6 -0.467    19.66 21.41 02a57985o0317c 0x000000 -19.538462
57985.394994 19.922338      NaN  -241    13 c    0   3.72 288.34226 -16.80115  6937.81  8076.12 2.64 2.63  20.0 -0.464    19.56 21.40 02a57985o0334c 0x000000 -18.538462
57989.362968 20.009244      NaN  -214    12 c    0   3.07 288.34226 -16.80115  6416.51  6855.13 2.56 2.51 -82.3 -0.422    19.61 21.46 02a57989o0263c 0x000000 -17.833333
57989.371421 20.009244      NaN  -137    12 c    0   4.21 288.34226 -16.80115  6399.58  6817.34 2.59 2.51 -60.5 -0.421    19.61 21.43 02a57989o0280c 0x000000 -11.416667
57989.379895 20.207197      NaN  -110    10 c    0   7.07 288.34226 -16.80115  6457.34  6893.66 2.52 2.46 -57.1 -0.430    19.64 21.39 02a57989o0297c 0x000000 -11.000000
57989.388344 20.103715      NaN  -174    11 c    0   5.56 288.34226 -16.80115  6477.36  6776.85 2.54 2.47 -61.0 -0.427    19.58 21.34 02a57989o0314c 0x000000 -15.818182
58013.306694 19.169763      NaN  -262    26 c    0   3.79 288.34226 -16.80115  3948.89 10497.02 3.35 3.23  51.8 -0.408    19.35 21.32 02a58013o0200c 0x000000 -10.076923
58013.310386 18.356290 0.072382   165    11 c    0   5.77 288.34226 -16.80115  7752.75   831.38 2.96 2.77 -80.0 -0.413    19.55 21.39 02a58013o0208c 0x000000  15.000000
58013.314567 19.569016      NaN   -10    18 c    0  11.63 288.34226 -16.80115  3933.01 10456.43 2.68 2.60  41.0 -0.434    19.55 21.30 02a58013o0217c 0x100001  -0.555556
58013.318277 17.630360 0.040462   322    12 c    0   5.69 288.34226 -16.80115  7736.28   791.20 2.70 2.51 -87.2 -0.428    19.62 21.38 02a58013o0225c 0x000000  26.833333
58013.325644 17.546052 0.040559   348    13 c    0   5.96 288.34226 -16.80115  7793.24   869.05 2.80 2.60 -89.8 -0.419    19.55 21.34 02a58013o0241c 0x000000  26.769231
58013.330281 17.425126 0.041866   389    15 c    0   8.27 288.34226 -16.80115  4028.66 10415.56 2.63 2.58  11.0 -0.437    19.50 21.24 02a58013o0251c 0x000000  25.933333
58013.333963 18.191747 0.067859   192    12 c    0   6.37 288.34226 -16.80115  7814.85   750.59 2.78 2.62 -80.9 -0.423    19.54 21.31 02a58013o0259c 0x000000  16.000000
58017.302665 16.908564 0.026016   626    15 c    0   5.01 288.34226 -16.80115  8134.56  2036.40 3.07 2.68  50.5 -0.447    19.48 21.28 02a58017o0053c 0x000000  41.733333
58017.310047 16.866048 0.026685   651    16 c    0   4.89 288.34226 -16.80115  8117.81  1997.30 3.07 2.71  47.6 -0.448    19.49 21.28 02a58017o0069c 0x000000  40.687500
58017.318831 16.779527 0.026181   705    17 c    0   4.72 288.34226 -16.80115  8174.67  2074.36 3.03 2.71  47.7 -0.450    19.47 21.26 02a58017o0087c 0x000000  41.470588
58017.326647 17.109992 0.033407   520    16 c    0   3.03 288.34226 -16.80115  8195.85  1956.55 3.20 2.85  50.1 -0.434    19.44 21.28 02a58017o0104c 0x000000  32.500000
58018.332786 16.859397 0.024864   655    15 c    0   5.45 288.34226 -16.80115  8776.43  1619.59 3.20 3.03  78.2 -0.418    19.36 21.15 02a58018o0018c 0x000000  43.666667
58018.342707 16.882855 0.027101   641    16 c    0   3.81 288.34226 -16.80115  8794.42  1500.88 3.11 2.74 -57.4 -0.404    19.38 21.13 02a58018o0034c 0x000000  40.062500
58021.275874 16.774917 0.026070   708    17 c    0  11.01 288.34226 -16.80115   109.89  2074.73 2.50 2.21  42.9 -0.540    19.46 21.03 02a58021o0135c 0x100001  41.647059
58021.283687 16.485820 0.021151   924    18 c    0  35.62 288.34226 -16.80115    92.78  2034.74 2.53 2.23  39.9 -0.522    19.41 21.02 02a58021o0152c 0x100001  51.333333
58021.285084 16.669763 0.022272   780    16 c    0   5.35 288.34226 -16.80115  9726.21  2091.41 2.61 2.47  77.4 -0.484    19.58 21.09 02a58021o0155c 0x000000  48.750000
58021.291588 16.791918 0.026481   697    17 c    0  11.76 288.34226 -16.80115   151.68  2113.09 2.44 2.17  47.5 -0.538    19.42 21.03 02a58021o0169c 0x100001  41.000000
58021.292956 16.721068 0.020431   744    14 c    0   9.85 288.34226 -16.80115  9709.69  2053.66 2.60 2.52  70.4 -0.480    19.58 21.10 02a58021o0172c 0x000000  53.142857
58021.298925 16.591890 0.020730   838    16 c    0  12.79 288.34226 -16.80115   171.21  1995.17 2.47 2.18  44.1 -0.543    19.38 21.05 02a58021o0185c 0x100001  52.375000
58021.300321 16.826741 0.022519   675    14 c    0   9.10 288.34226 -16.80115  9766.69  2130.12 2.56 2.51  71.6 -0.478    19.57 21.13 02a58021o0188c 0x000000  48.214286
58021.308135 16.685184 0.022590   769    16 c    0   7.23 288.34226 -16.80115  9787.61  2012.69 2.58 2.53  63.5 -0.485    19.57 21.16 02a58021o0205c 0x000000  48.062500
58021.320579 16.672551 0.019538   778    14 c    0  10.09 288.34226 -16.80115  1267.37  3162.29 2.43 2.24  55.5 -0.492    19.44 21.13 02a58021o0227c 0x100001  55.571429
58073.201609 19.454622      NaN  -183    20 c    0   1.78 288.34226 -16.80115  8310.98  3629.80 2.92 2.83  84.4 -0.428    19.09 20.47 02a58073o0020c 0x000000  -9.150000
58073.209709 19.351140      NaN  -181    22 c    0   1.53 288.34226 -16.80115  8291.51  3589.14 3.27 3.07  77.6 -0.425    18.92 20.52 02a58073o0035c 0x000000  -8.227273
58081.194725 17.870951      NaN  -120    86 c    0   1.33 288.34226 -16.80115  7988.86  1436.01 4.58 3.90  44.8 -0.395    17.41 18.64 02a58081o0029c 0x100002  -1.395349
58253.562064 19.510313      NaN  -345    19 c    0   2.80 288.34226 -16.80115  1130.19  8694.06 2.77 2.39  32.7 -0.487    19.25 20.87 02a58253o0322c 0x000000 -18.157895
58254.619230 19.401649      NaN  -138    21 c    0   2.42 288.34226 -16.80115   807.17  2404.10 2.61 2.40  43.2 -0.485    18.71 19.92 02a58254o0585c 0x000000  -6.571429
58286.564520 20.207197      NaN  -168    10 c    0   6.66 288.34226 -16.80115  9411.05  1312.47 2.66 2.51 -70.2 -0.447    19.59 21.40 02a58286o0687c 0x000000 -16.800000
58286.575844 20.009244      NaN  -265    12 c    0   3.72 288.34226 -16.80115  9393.73  1273.87 2.70 2.57 -74.7 -0.444    19.57 21.37 02a58286o0710c 0x000000 -22.083333
58286.587261 20.103715      NaN  -153    11 c    0   4.37 288.34226 -16.80115  9451.59  1351.22 2.75 2.60 -72.0 -0.446    19.58 21.38 02a58286o0733c 0x000000 -13.909091
58286.598273 20.009244      NaN  -192    12 c    0   4.39 288.34226 -16.80115  9474.57  1233.58 2.76 2.64  65.4 -0.458    19.57 21.34 02a58286o0756c 0x000000 -16.000000
58309.444975 20.009244      NaN  -187    12 c    0   5.20 288.34226 -16.80115  5613.53  9727.29 2.67 2.48  21.1 -0.459    19.58 21.37 02a58309o0438c 0x000000 -15.583333
58309.454119 19.766969      NaN  -234    15 c    0   3.33 288.34226 -16.80115  5595.35  9689.09 2.66 2.48  21.8 -0.458    19.52 21.29 02a58309o0458c 0x000000 -15.600000
58309.456405 19.631075      NaN  -181    17 c    0   2.98 288.34226 -16.80115  5651.56  9767.24 2.70 2.57  29.0 -0.427    19.52 21.27 02a58309o0463c 0x000000 -10.647059
58309.459148 20.009244      NaN  -215    12 c    0   4.62 288.34226 -16.80115  5688.02  9650.56 2.77 2.73  25.6 -0.398    19.48 21.28 02a58309o0469c 0x000000 -17.916667
58310.518576 20.103715      NaN  -200    11 c    0   3.91 288.34226 -16.80115  9132.04  1614.77 2.74 2.59 -72.8 -0.445    19.47 21.15 02a58310o0585c 0x000000 -18.181818
58310.529292 19.922338      NaN  -180    13 c    0   3.70 288.34226 -16.80115  9114.64  1576.76 2.74 2.57 -66.4 -0.443    19.45 21.13 02a58310o0608c 0x000000 -13.846154
58310.540023 19.351140      NaN  -177    22 c    0   1.61 288.34226 -16.80115  9171.60  1654.74 2.84 2.71 -69.5 -0.426    18.84 20.49 02a58310o0631c 0x000000  -8.045455
58310.550761 19.510313      NaN  -208    19 c    0   2.02 288.34226 -16.80115  9192.55  1537.49 2.75 2.69  83.9 -0.463    19.29 20.95 02a58310o0654c 0x000000 -10.947368
58313.442532 19.841877      NaN  -244    14 c    0   3.16 288.34226 -16.80115  6450.80  9877.63 2.81 2.69  49.0 -0.405    19.29 21.03 02a58313o0079c 0x000000 -17.428571
58313.444818 20.009244      NaN  -318    12 c    0   3.60 288.34226 -16.80115  6431.19  9998.15 3.21 3.02  59.4 -0.373    19.26 21.04 02a58313o0084c 0x000000 -26.500000
58333.440635 19.351140      NaN  -229    22 c    0   2.13 288.34226 -16.80115  1111.59   144.36 2.95 2.46  43.4 -0.527    19.04 20.46 02a58333o0434c 0x000000 -10.409091
58333.448539 19.351140      NaN  -161    22 c    0   4.29 288.34226 -16.80115  1093.67   104.58 3.08 2.56  45.4 -0.494    19.08 20.50 02a58333o0451c 0x000000  -7.318182
58333.450905 19.631075      NaN  -256    17 c    0   2.92 288.34226 -16.80115  7023.12  9860.81 2.97 2.79  73.4 -0.399    19.09 20.46 02a58333o0456c 0x000000 -15.058824
58333.457008 17.131075      NaN  -896   170 c    0   1.01 288.34226 -16.80115  1150.95   185.93 2.82 2.48  51.2 -0.478    16.80 18.03 02a58333o0469c 0x100002  -5.270588
58333.458932 16.495261 0.324773   916   274 c    0   1.42 288.34226 -16.80115  6987.22  9821.77 2.70 2.60  26.5 -0.567    18.31 19.92 02a58333o0473c 0x100002   3.343066
58333.465020 18.684100      NaN    14    36 c    0   2.22 288.34226 -16.80115  1168.16    68.39 2.75 2.40  53.6 -0.462    18.05 19.49 02a58333o0486c 0x100002   0.388889
58333.467329 17.397568      NaN  -146   133 c    0   1.34 288.34226 -16.80115  7061.79  9901.65 2.87 2.79  -2.7 -0.424    17.77 19.07 02a58333o0491c 0x100002  -1.097744
58333.475193 19.089302      NaN  -250    28 c    0   1.98 288.34226 -16.80115  7079.80  9784.22 3.12 3.07  72.8 -0.415    18.72 20.12 02a58333o0508c 0x000000  -8.928571
58338.450179 20.449472      NaN  -211     8 c    0   6.12 288.34226 -16.80115  7841.99  3256.24 2.90 2.53 -59.9 -0.402    19.58 21.45 02a58338o0462c 0x000000 -26.375000
58338.460897 20.009244      NaN  -150    12 c    0   3.09 288.34226 -16.80115  7824.61  3218.25 2.88 2.53 -62.2 -0.403    19.56 21.45 02a58338o0485c 0x000000 -12.500000
58338.471597 20.207197      NaN  -202    10 c    0   3.16 288.34226 -16.80115  7880.30  3295.99 2.88 2.59 -59.7 -0.405    19.56 21.48 02a58338o0508c 0x000000 -20.200000
58338.482303 20.449472      NaN  -291     8 c    0   6.83 288.34226 -16.80115  7901.06  3179.88 2.75 2.58 -68.6 -0.416    19.54 21.44 02a58338o0531c 0x000000 -36.375000
58342.439978 20.103715      NaN  -179    11 c    0   4.49 288.34226 -16.80115  7797.04   449.51 2.87 2.61 -72.5 -0.412    19.55 21.47 02a58342o0447c 0x000000 -16.272727
58342.450678 20.009244      NaN  -232    12 c    0   4.15 288.34226 -16.80115  7779.05   411.06 2.89 2.69 -69.9 -0.402    19.51 21.45 02a58342o0470c 0x000000 -19.333333
58342.461409 19.841877      NaN  -164    14 c    0   3.15 288.34226 -16.80115  7853.58   489.63 2.83 2.60 -71.8 -0.413    19.52 21.43 02a58342o0493c 0x000000 -11.714286
58342.472125 19.766969      NaN  -263    15 c    0   2.66 288.34226 -16.80115  7873.90   371.76 2.90 2.80  54.3 -0.414    19.52 21.39 02a58342o0516c 0x000000 -17.533333
58345.390572 18.063866      NaN  -909    72 c    0   3.37 288.34226 -16.80115  4037.07 10524.20 2.94 2.78 -75.0 -0.345    18.42 20.06 02a58345o0345c 0x100002 -12.625000
58397.301824 19.212347      NaN  -470    25 c    0   5.48 288.34226 -16.80115  6686.48 10469.54 3.35 3.17  77.6 -0.383    19.15 20.95 02a58397o0031c 0x000000 -18.800000
58398.315637 20.009244      NaN  -179    12 c    0   3.45 288.34226 -16.80115  9328.28  1844.04 2.81 2.60 -61.4 -0.445    19.46 21.11 02a58398o0218c 0x000000 -14.916667
58398.326123 19.922338      NaN  -267    13 c    0   4.86 288.34226 -16.80115  9309.87  1805.74 2.79 2.62 -56.7 -0.448    19.39 21.04 02a58398o0240c 0x000000 -20.538462
58398.336121 19.766969      NaN  -325    15 c    0   2.60 288.34226 -16.80115  9365.88  1883.07 2.80 2.58 -52.8 -0.439    19.29 20.93 02a58398o0261c 0x000000 -21.666667
58398.346472 19.841877      NaN  -204    14 c    0   3.20 288.34226 -16.80115  9386.74  1764.88 2.85 2.78 -62.5 -0.442    19.28 20.90 02a58398o0283c 0x000000 -14.571429
58402.302733 19.841877      NaN  -170    14 c    0   3.19 288.34226 -16.80115  7802.56  1341.54 2.61 2.50 -76.8 -0.432    19.41 20.97 02a58402o0095c 0x000000 -12.142857
58402.313214 20.009244      NaN  -147    12 c    0   7.94 288.34226 -16.80115  7784.02  1302.45 2.71 2.60 -73.6 -0.424    19.38 20.94 02a58402o0117c 0x000000 -12.250000
58402.323243 17.850111      NaN    59    68 c    0   2.06 288.34226 -16.80115  7839.66  1379.64 2.73 2.63  47.1 -0.435    19.39 20.89 02a58402o0138c 0x100002   0.867647
58402.333602 20.009244      NaN  -340    12 c    0   6.12 288.34226 -16.80115  7858.94  1262.07 2.71 2.65 -69.5 -0.427    19.37 20.83 02a58402o0160c 0x000000 -28.333333
58405.237129 19.841877      NaN  -371    14 c    0   4.27 288.34226 -16.80115  1326.83  1274.09 2.53 2.33  56.8 -0.487    19.29 20.62 02a58405o0033c 0x000000 -26.500000
58405.247460 19.841877      NaN  -109    14 c    0   3.76 288.34226 -16.80115  1306.34  1235.38 2.48 2.29  65.3 -0.479    19.06 20.30 02a58405o0055c 0x000000  -7.785714
58405.257359 19.128787      NaN  -234    27 c    0   1.68 288.34226 -16.80115  1363.08  1317.07 2.51 2.32  78.7 -0.454    18.37 19.52 02a58405o0076c 0x000000  -8.666667
58405.268600 19.841877      NaN  -271    14 c    0   3.30 288.34226 -16.80115  1382.65  1200.01 2.54 2.31  55.6 -0.493    19.23 20.56 02a58405o0098c 0x000000 -19.357143
58425.229303 19.631075      NaN  -140    17 c    0   3.27 288.34226 -16.80115  4023.43  9999.24 3.01 2.78 -77.9 -0.396    19.19 20.74 02a58425o0073c 0x000000  -8.235294
58425.239297 19.696897      NaN  -239    16 c    0   2.46 288.34226 -16.80115  3987.83  9962.05 3.05 2.87 -65.5 -0.404    19.23 20.73 02a58425o0094c 0x000000 -14.937500
58425.240237 19.569016      NaN  -140    18 c    0   2.84 288.34226 -16.80115  7806.77   339.40 2.82 2.65 -74.6 -0.411    19.29 20.89 02a58425o0096c 0x000000  -7.777778
58425.249252 19.766969      NaN  -270    15 c    0   4.07 288.34226 -16.80115  4065.61 10037.48 2.89 2.74 -44.5 -0.424    19.18 20.72 02a58425o0115c 0x000000 -18.000000
58425.249709 19.696897      NaN  -125    16 c    0   3.56 288.34226 -16.80115  7790.46   299.61 2.79 2.78 -79.8 -0.426    19.29 20.88 02a58425o0116c 0x000000  -7.812500
58425.258677 19.696897      NaN  -292    16 c    0   2.39 288.34226 -16.80115  4086.90  9918.49 2.84 2.69 -51.2 -0.428    19.16 20.68 02a58425o0135c 0x000000 -18.250000
58425.259592 19.569016      NaN  -289    18 c    0   2.34 288.34226 -16.80115  7866.77   376.50 2.79 2.72  59.3 -0.420    19.31 20.84 02a58425o0137c 0x000000 -16.055556
58425.269081 19.401649      NaN  -261    21 c    0   3.04 288.34226 -16.80115  7888.07   256.64 2.80 2.76  60.9 -0.419    19.24 20.72 02a58425o0157c 0x000000 -12.428571
58429.227809 19.766969      NaN  -214    15 c    0   2.56 288.34226 -16.80115  8320.98  2909.26 2.65 2.44 -66.0 -0.415    19.36 20.89 02a58429o0093c 0x000000 -14.266667
58429.237316 20.009244      NaN  -192    12 c    0   4.01 288.34226 -16.80115  8302.63  2870.64 2.72 2.51 -62.1 -0.412    19.36 20.86 02a58429o0113c 0x000000 -16.000000
58429.246796 19.766969      NaN  -264    15 c    0   2.88 288.34226 -16.80115  8359.75  2947.23 2.65 2.48 -63.0 -0.427    19.32 20.81 02a58429o0133c 0x000000 -17.600000
58429.256708 19.631075      NaN  -182    17 c    0   2.22 288.34226 -16.80115  8380.00  2830.40 2.71 2.59 -61.6 -0.426    19.14 20.64 02a58429o0154c 0x000000 -10.705882
58430.225822 20.207197      NaN  -219    10 c    0   7.29 288.34226 -16.80115   615.95  3155.72 2.46 2.34  80.4 -0.414    19.24 20.76 02a58430o0061c 0x000000 -21.900000
58430.235813 20.009244      NaN  -198    12 c    0   5.77 288.34226 -16.80115   600.01  3114.53 2.40 2.28  68.4 -0.440    19.23 20.71 02a58430o0082c 0x000000 -16.500000
58430.239102 19.841877      NaN  -262    14 c    0   3.35 288.34226 -16.80115 10216.35  3179.70 2.60 2.43 -50.8 -0.477    19.35 20.80 02a58430o0089c 0x000000 -18.714286
58430.245622 20.009244      NaN  -270    12 c    0   5.60 288.34226 -16.80115   658.79  3191.85 2.41 2.30  66.2 -0.455    19.20 20.67 02a58430o0103c 0x000000 -22.500000
58430.248948 19.841877      NaN  -198    14 c    0   4.55 288.34226 -16.80115 10199.26  3139.72 2.58 2.44 -48.0 -0.478    19.33 20.78 02a58430o0110c 0x000000 -14.142857
58430.255513 19.922338      NaN  -168    13 c    0   6.95 288.34226 -16.80115   678.58  3074.32 2.40 2.29  60.2 -0.455    19.19 20.60 02a58430o0124c 0x000000 -12.923077
58430.258721 19.766969      NaN  -298    15 c    0   4.56 288.34226 -16.80115 10256.74  3215.74 2.61 2.46 -39.8 -0.489    19.27 20.71 02a58430o0131c 0x000000 -19.866667
58430.268573 19.696897      NaN  -213    16 c    0   5.68 288.34226 -16.80115 10276.05  3098.69 2.61 2.50 -28.7 -0.486    19.26 20.64 02a58430o0152c 0x000000 -13.312500
58433.201158 19.302877      NaN  -153    23 c    0   2.24 288.34226 -16.80115   767.10  1221.14 2.72 2.52  69.6 -0.469    18.40 19.71 02a58433o0017c 0x000000  -6.652174
58433.208272 15.222505      NaN -2548   986 c    0   1.43 288.34226 -16.80115 10395.47  1236.39 2.87 2.53 -51.7 -0.372    15.37 16.52 02a58433o0032c 0x100002  -2.584178
58433.208729 14.281531      NaN   740  2099 c    0   0.87 288.34226 -16.80115   747.47  1181.80 2.71 2.44  65.4 -0.533    14.06 15.16 02a58433o0033c 0x100002   0.352549
58433.218399 17.473643      NaN  -219   124 c    0   1.11 288.34226 -16.80115 10373.57  1197.76 2.80 2.54 -49.7 -0.422    17.47 18.67 02a58433o0053c 0x100002  -1.766129
58433.218857 17.341877      NaN  -908   140 c    0   1.53 288.34226 -16.80115   802.51  1260.20 2.64 2.38  61.4 -0.460    16.60 17.67 02a58433o0054c 0x100002  -6.485714
58433.228521 15.661632      NaN -2621   658 c    0   1.70 288.34226 -16.80115 10429.54  1276.63 2.81 2.55 -52.6 -0.427    15.22 16.37 02a58433o0074c 0x100002  -3.983283
58433.229503 16.031582      NaN -1939   468 c    0   1.62 288.34226 -16.80115   821.47  1143.65 2.63 2.35  57.0 -0.491    15.43 16.52 02a58433o0076c 0x100002  -4.143162
58433.239021 17.210554      NaN  -400   158 c    0   1.13 288.34226 -16.80115 10449.50  1158.41 2.90 2.66 -46.5 -0.431    17.77 19.12 02a58433o0096c 0x100002  -2.531646
58573.620796 19.510313      NaN  -246    19 c    0   3.08 288.34226 -16.80115  7766.09  6810.59 2.50 2.36  44.5 -0.407    18.99 20.40 02a58573o0857c 0x000000 -12.947368
58573.632325 19.841877      NaN  -219    14 c    0   3.18 288.34226 -16.80115  7784.58  6849.46 2.65 2.34  41.4 -0.402    19.23 20.62 02a58573o0876c 0x000000 -15.642857
58573.643559 19.256669      NaN  -134    24 c    0   1.96 288.34226 -16.80115  7728.65  6771.55 2.67 2.34  40.1 -0.400    18.80 19.84 02a58573o0900c 0x000000  -5.583333
58573.644941 19.256669      NaN  -150    24 c    0   3.37 288.34226 -16.80115  7710.77  6887.27 2.48 2.42 -80.9 -0.428    18.63 19.59 02a58573o0903c 0x000000  -6.250000
58609.565564 20.009244      NaN  -212    12 c    0   2.46 288.34226 -16.80115  2032.82  2944.04 2.57 2.56  50.5 -0.424    19.55 21.39 02a58609o0605c 0x000000 -17.666667
58609.573375 20.207197      NaN  -260    10 c    0   3.57 288.34226 -16.80115  2049.92  2983.00 2.49 2.43  38.6 -0.432    19.57 21.41 02a58609o0622c 0x000000 -26.000000
58609.574747 20.207197      NaN  -136    10 c    0   4.55 288.34226 -16.80115  1992.67  2905.42 2.34 2.33 -89.2 -0.431    19.63 21.42 02a58609o0625c 0x000000 -13.600000
58609.585757 20.207197      NaN  -178    10 c    0   4.69 288.34226 -16.80115  1972.66  3021.27 2.53 2.37  37.8 -0.427    19.59 21.44 02a58609o0649c 0x000000 -17.800000
58633.543426 20.009244      NaN  -197    12 c    0   6.58 288.34226 -16.80115   218.66  9554.25 2.53 2.33 -32.4 -0.458    19.48 21.48 02a58633o0677c 0x000000 -16.416667
58633.555335 19.841877      NaN  -257    14 c    0   5.35 288.34226 -16.80115   197.97  9510.97 2.55 2.30 -35.3 -0.458    19.47 21.46 02a58633o0702c 0x000000 -18.357143
58633.556708 20.207197      NaN  -218    10 c    0   5.72 288.34226 -16.80115 10411.52  9552.25 3.03 2.76  42.9 -0.384    19.59 21.50 02a58633o0705c 0x000000 -21.800000
58633.558548 20.449472      NaN  -308     8 c    0  12.03 288.34226 -16.80115   256.69  9595.09 2.50 2.34 -33.5 -0.467    19.51 21.44 02a58633o0709c 0x100001 -38.500000
58633.570441 20.103715      NaN  -272    11 c    0   8.30 288.34226 -16.80115   279.00  9475.15 2.57 2.48 -48.4 -0.478    19.44 21.40 02a58633o0734c 0x000000 -24.727273
58633.571356 20.009244      NaN  -211    12 c    0   3.82 288.34226 -16.80115 10391.46  9515.39 2.98 2.83  57.0 -0.381    19.60 21.45 02a58633o0736c 0x000000 -17.583333
58633.585029 20.103715      NaN  -207    11 c    0   5.49 288.34226 -16.80115 10452.62  9594.65 3.15 2.70  41.1 -0.386    19.53 21.42 02a58633o0765c 0x000000 -18.818182
58633.595007 19.841877      NaN  -286    14 c    0   3.38 288.34226 -16.80115 10470.14  9478.11 3.08 2.86  48.4 -0.380    19.52 21.36 02a58633o0786c 0x000000 -20.428571
58637.535266 20.207197      NaN   -90    10 c    0  24.63 288.34226 -16.80115   108.66  7595.02 2.53 2.32 -35.7 -0.387    19.42 21.38 02a58637o0641c 0x100001  -9.000000
58637.546280 20.009244      NaN  -119    12 c    0  14.27 288.34226 -16.80115    90.41  7553.58 2.58 2.30 -43.3 -0.389    19.47 21.37 02a58637o0664c 0x100001  -9.916667
58637.547193 19.922338      NaN  -245    13 c    0   4.28 288.34226 -16.80115 10274.59  7594.72 2.96 2.83 -78.8 -0.407    19.52 21.43 02a58637o0666c 0x000000 -18.846154
58637.559510 20.009244      NaN  -119    12 c    0  12.68 288.34226 -16.80115   149.60  7632.35 2.55 2.48  11.9 -0.368    19.42 21.41 02a58637o0692c 0x100001  -9.916667
58637.560425 20.207197      NaN  -170    10 c    0   7.01 288.34226 -16.80115 10253.13  7557.11 2.91 2.76 -82.7 -0.406    19.60 21.47 02a58637o0694c 0x000000 -17.000000
58637.562263 20.009244      NaN  -131    12 c    0  13.96 288.34226 -16.80115   168.26  7520.28 2.59 2.35 -48.9 -0.388    19.49 21.42 02a58637o0698c 0x100001 -10.916667
58637.573223 20.009244      NaN  -230    12 c    0   3.07 288.34226 -16.80115 10312.39  7635.52 2.87 2.78 -78.8 -0.406    19.54 21.43 02a58637o0721c 0x000000 -19.166667
58637.575973 20.103715      NaN  -178    11 c    0   4.43 288.34226 -16.80115 10328.43  7522.77 3.00 2.72 -64.5 -0.410    19.55 21.41 02a58637o0727c 0x000000 -16.181818
58669.484384 20.009244      NaN  -170    12 c    0   6.85 288.34226 -16.80115  4176.19  9369.16 2.83 2.52  50.2 -0.390    19.49 21.41 02a58669o0483c 0x000000 -14.166667
58669.487611 20.009244      NaN  -313    12 c    0   5.24 288.34226 -16.80115  4155.93  9333.00 2.84 2.51  50.6 -0.389    19.55 21.41 02a58669o0490c 0x000000 -26.083333
58669.493164 20.103715      NaN  -187    11 c    0   3.64 288.34226 -16.80115  4210.84  9412.53 2.83 2.49  51.0 -0.389    19.49 21.40 02a58669o0502c 0x000000 -17.000000
58669.503314 20.009244      NaN  -129    12 c    0   5.96 288.34226 -16.80115  4228.65  9296.38 2.84 2.47  53.4 -0.388    19.52 21.37 02a58669o0523c 0x000000 -10.750000
58670.446293 20.321591      NaN  -318     9 c    0   9.46 288.34226 -16.80115  6387.03  1188.17 2.37 2.30  58.3 -0.406    19.57 21.43 02a58670o0429c 0x000000 -35.333333
58670.450196 19.922338      NaN  -103    13 c    0   4.45 288.34226 -16.80115  4155.24  9330.77 2.81 2.41  40.6 -0.387    19.54 21.42 02a58670o0437c 0x000000  -7.923077
58670.457442 20.009244      NaN  -179    12 c    0   9.59 288.34226 -16.80115  4218.67  9408.22 2.67 2.49  39.9 -0.396    19.54 21.41 02a58670o0452c 0x000000 -14.916667
58670.467577 19.922338      NaN  -220    13 c    0   5.19 288.34226 -16.80115  4232.93  9293.43 2.88 2.41  44.8 -0.388    19.55 21.41 02a58670o0473c 0x000000 -16.923077
58671.454751 20.449472      NaN  -314     8 c    0   7.64 288.34226 -16.80115  4173.87  9372.92 2.85 2.60  45.1 -0.382    19.52 21.49 02a58671o0470c 0x000000 -39.250000
58671.457984 20.009244      NaN   -95    12 c    0   3.99 288.34226 -16.80115  4153.72  9334.38 2.89 2.61  45.2 -0.380    19.51 21.50 02a58671o0477c 0x000000  -7.916667
58671.464786 20.009244      NaN  -145    12 c    0   7.22 288.34226 -16.80115  4216.24  9409.50 2.79 2.57  47.9 -0.382    19.58 21.49 02a58671o0491c 0x000000 -12.083333
58671.477584 20.207197      NaN  -136    10 c    0   5.55 288.34226 -16.80115  4235.26  9293.93 2.91 2.54  48.0 -0.378    19.50 21.46 02a58671o0518c 0x000000 -13.600000
58693.386846 20.009244      NaN  -181    12 c    0   5.49 288.34226 -16.80115  4114.56   799.79 2.43 2.27 -67.6 -0.458    19.61 21.46 02a58693o0313c 0x000000 -15.083333
58693.387303 20.103715      NaN  -273    11 c    0   4.87 288.34226 -16.80115  4134.22   838.93 2.49 2.32 -67.8 -0.443    19.59 21.45 02a58693o0314c 0x000000 -24.818182
58693.392485 20.009244      NaN  -284    12 c    0   4.35 288.34226 -16.80115  6496.47  9795.01 2.68 2.55  43.5 -0.432    19.62 21.46 02a58693o0324c 0x000000 -23.666667
58693.402003 20.207197      NaN  -305    10 c    0   6.61 288.34226 -16.80115  6515.91  9679.53 2.76 2.66  51.5 -0.429    19.58 21.48 02a58693o0339c 0x000000 -30.500000
58702.358691 19.569016      NaN  -234    18 c    0   3.82 288.34226 -16.80115  2053.33  9057.92 2.81 2.20 -42.3 -0.493    19.38 20.82 02a58702o0254c 0x000000 -13.000000
58702.363879 19.766969      NaN  -180    15 c    0   4.00 288.34226 -16.80115  8509.57  1461.72 2.69 2.27 -60.7 -0.430    19.41 20.89 02a58702o0265c 0x000000 -12.000000
58702.367818 19.841877      NaN  -270    14 c    0   3.47 288.34226 -16.80115  8566.01  1539.26 2.78 2.31 -60.4 -0.430    19.41 20.90 02a58702o0273c 0x000000 -19.285714
58702.377830 20.009244      NaN  -153    12 c    0   6.16 288.34226 -16.80115  8586.39  1421.38 2.67 2.24 -62.0 -0.436    19.45 20.97 02a58702o0293c 0x000000 -12.750000
58705.242019 15.061448      NaN   653   926 c    0   1.12 288.34226 -16.80115  2048.64  9063.62 2.52 2.26  28.6 -0.558    15.96 16.76 02a58705o0032c 0x100002   0.705184
58705.245401 15.493794      NaN  -913   768 c    0   1.05 288.34226 -16.80115  2067.50  9102.36 2.35 2.26  11.6 -0.532    16.18 16.86 02a58705o0039c 0x100002  -1.188802
58705.252323 14.341314      NaN -1912  2220 c    0   1.18 288.34226 -16.80115  2014.70  9023.98 2.46 2.25  38.4 -0.545    14.85 15.41 02a58705o0053c 0x100002  -0.861261
58705.262424 15.282493      NaN  -384   933 c    0   1.15 288.34226 -16.80115  1994.44  9142.76 2.53 2.19  32.4 -0.551    15.93 16.48 02a58705o0074c 0x100002  -0.411576
58721.357533 20.321591      NaN  -214     9 c    0   4.86 288.34226 -16.80115  8609.79  3451.75 2.85 2.71  54.0 -0.381    19.42 21.38 02a58721o0287c 0x000000 -23.777778
58721.366167 20.009244      NaN  -220    12 c    0   3.53 288.34226 -16.80115  8595.99  3413.43 2.69 2.57  58.7 -0.387    19.53 21.47 02a58721o0305c 0x000000 -18.333333
58721.369514 20.449472      NaN  -329     8 c    0   6.14 288.34226 -16.80115  8649.85  3491.61 2.84 2.67  50.8 -0.376    19.48 21.47 02a58721o0312c 0x000000 -41.125000
58721.380126 20.321591      NaN  -213     9 c    0   4.69 288.34226 -16.80115  8670.52  3371.26 2.89 2.70  39.1 -0.377    19.40 21.41 02a58721o0334c 0x000000 -23.666667
58729.317955 19.922338      NaN  -228    13 c    0   5.41 288.34226 -16.80115  2198.65  9471.18 2.68 2.59 -74.9 -0.432    19.38 21.26 02a58729o0227c 0x000000 -17.538462
58729.321163 20.009244      NaN  -322    12 c    0   4.07 288.34226 -16.80115  2179.34  9431.97 2.67 2.59 -69.7 -0.437    19.43 21.35 02a58729o0234c 0x000000 -26.833333
58729.328082 20.321591      NaN  -270     9 c    0   7.04 288.34226 -16.80115  2237.51  9510.18 2.61 2.51 -66.0 -0.451    19.43 21.40 02a58729o0249c 0x000000 -30.000000
58729.339084 20.321591      NaN  -273     9 c    0   8.37 288.34226 -16.80115  2256.92  9393.72 2.61 2.49  75.0 -0.427    19.46 21.42 02a58729o0273c 0x000000 -30.333333
58749.343391 20.009244      NaN  -158    12 c    0   4.25 288.34226 -16.80115 10144.76  5661.59 2.78 2.51  32.9 -0.406    19.39 21.15 02a58749o0277c 0x000000 -13.166667
58749.351757 19.401649      NaN   -53    21 c    0   4.55 288.34226 -16.80115    46.23  5687.97 2.46 2.38  72.9 -0.387    19.29 21.05 02a58749o0293c 0x000000  -2.523810
58749.353181 20.009244      NaN  -158    12 c    0   5.64 288.34226 -16.80115 10129.28  5623.22 2.75 2.61  30.8 -0.413    19.43 21.16 02a58749o0296c 0x000000 -13.166667
58749.357930 19.351140      NaN  -295    22 c    0  16.34 288.34226 -16.80115    64.96  5571.48 2.52 2.36  45.0 -0.384    19.28 21.03 02a58749o0305c 0x100001 -13.409091
58749.358392 20.449472      NaN  -314     8 c    0   7.42 288.34226 -16.80115 10188.03  5700.82 2.77 2.55  34.0 -0.409    19.42 21.14 02a58749o0306c 0x000000 -39.250000
58749.369485 19.922338      NaN  -169    13 c    0   4.10 288.34226 -16.80115 10209.80  5585.45 2.76 2.63  25.6 -0.415    19.37 21.10 02a58749o0328c 0x000000 -13.000000
58753.272779 20.207197      NaN  -195    10 c    0   6.90 288.34226 -16.80115 10145.51  5659.40 2.69 2.53  59.9 -0.422    19.55 21.31 02a58753o0165c 0x000000 -19.500000
58753.273237 16.958247      NaN     4   198 c    0   0.01 288.34226 -16.80115    36.60  5691.76 2.46 2.42  61.3 -0.390    19.39 21.24 02a58753o0166c 0x100002   0.020202
58753.309130 19.401649      NaN  -251    21 c    0  22.27 288.34226 -16.80115    59.38  5573.52 2.80 2.36  39.1 -0.375    19.29 21.22 02a58753o0177c 0x100001 -11.952381
58753.310503 20.207197      NaN  -223    10 c    0   6.62 288.34226 -16.80115 10186.04  5699.70 2.95 2.52  37.7 -0.392    19.47 21.32 02a58753o0180c 0x000000 -22.300000
58753.313720 20.009244      NaN  -101    12 c    0   4.40 288.34226 -16.80115 10205.16  5583.42 2.95 2.59  38.0 -0.398    19.42 21.32 02a58753o0187c 0x000000  -8.416667
58757.307218 20.009244      NaN  -192    12 c    0   4.31 288.34226 -16.80115  6249.01  5879.80 2.81 2.64  48.1 -0.401    19.35 21.15 02a58757o0107c 0x000000 -16.000000
58757.310435 19.922338      NaN  -188    13 c    0   3.27 288.34226 -16.80115  6230.20  5841.23 2.93 2.78  48.2 -0.388    19.27 21.14 02a58757o0114c 0x000000 -14.461538
58757.316565 19.841877      NaN  -293    14 c    0   3.05 288.34226 -16.80115  6288.92  5919.33 2.96 2.82  49.1 -0.376    19.14 20.94 02a58757o0127c 0x000000 -20.928571
58777.236075 20.009244      NaN  -314    12 c    0   7.60 288.34226 -16.80115  4037.54  7423.05 2.80 2.47  47.8 -0.394    19.31 20.90 02a58777o0095c 0x000000 -26.166667
58777.243059 20.009244      NaN  -192    12 c    0   7.15 288.34226 -16.80115  4018.33  7382.77 2.63 2.39  49.7 -0.399    19.30 20.88 02a58777o0109c 0x000000 -16.000000
58777.246923 20.009244      NaN  -128    12 c    0   5.35 288.34226 -16.80115  4077.39  7461.06 2.74 2.49  49.5 -0.386    19.28 20.89 02a58777o0117c 0x000000 -10.666667
58777.261708 19.696897      NaN  -190    16 c    0   3.88 288.34226 -16.80115  4098.29  7346.56 2.66 2.48  48.4 -0.401    19.24 20.80 02a58777o0147c 0x000000 -11.875000
58778.280522 19.922338      NaN  -170    13 c    0   6.06 288.34226 -16.80115  6232.77  1128.42 2.39 2.21 -69.0 -0.422    19.32 20.82 02a58778o0142c 0x000000 -13.076923
58778.285014 19.922338      NaN  -159    13 c    0   7.67 288.34226 -16.80115  6215.97  1092.67 2.59 2.16 -51.6 -0.430    19.32 20.78 02a58778o0151c 0x000000 -12.230769
58778.290401 19.922338      NaN  -217    13 c    0   7.32 288.34226 -16.80115  6273.00  1173.95 2.41 2.19 -64.5 -0.426    19.25 20.73 02a58778o0162c 0x000000 -16.692308
58778.300804 19.696897      NaN  -157    16 c    0   5.93 288.34226 -16.80115  6293.48  1051.14 2.70 2.21 -50.3 -0.431    19.19 20.68 02a58778o0183c 0x000000  -9.812500
58961.620956 20.009244      NaN   -54    12 c    0   4.52 288.34226 -16.80115  4306.70  4674.14 2.83 2.34  32.5 -0.416    19.42 21.04 02a58961o0834c 0x000000  -4.500000
58961.623715 19.841877      NaN   -94    14 c    0   4.20 288.34226 -16.80115  4326.43  4712.90 2.78 2.37  33.4 -0.410    19.35 20.89 02a58961o0840c 0x000000  -6.714286
58961.626014 19.454622      NaN   -34    20 c    0   2.48 288.34226 -16.80115  4268.79  4638.07 2.47 2.26  33.4 -0.413    18.81 20.11 02a58961o0845c 0x000000  -1.700000
58961.628770 19.631075      NaN   -13    17 c    0   2.47 288.34226 -16.80115  4250.05  4754.45 2.47 2.22  31.5 -0.423    18.98 20.14 02a58961o0851c 0x000000  -0.764706
58962.571663 19.051202      NaN  -122    29 c    0   1.99 288.34226 -16.80115  8203.13  9243.13 2.69 2.62  55.8 -0.395    18.57 20.13 02a58962o0720c 0x000000  -4.206897
58962.574894 18.757738      NaN  -212    38 c    0   1.38 288.34226 -16.80115  8220.47  9282.17 2.80 2.69  49.6 -0.383    18.37 19.92 02a58962o0727c 0x100002  -5.578947
58962.581296 17.456271      NaN -1017   126 c    0   1.41 288.34226 -16.80115  8158.22  9204.87 2.73 2.60  54.5 -0.382    17.14 18.64 02a58962o0740c 0x100002  -8.071429
58962.592041 18.298627      NaN  -426    58 c    0   2.50 288.34226 -16.80115  8140.51  9322.86 2.71 2.56  49.5 -0.391    17.63 19.12 02a58962o0763c 0x100002  -7.344828
58962.628208 18.438271      NaN   -46    51 c    0   1.67 288.34226 -16.80115  8182.12  9263.39 2.73 2.61  56.0 -0.384    17.80 19.02 02a58962o0839c 0x100002  -0.901961
58965.582288 19.766969      NaN   -36    15 c    0   3.98 288.34226 -16.80115  8197.19  9244.74 2.65 2.59  87.9 -0.410    19.26 20.86 02a58965o0763c 0x000000  -2.400000
58965.585490 19.569016      NaN  -115    18 c    0   2.44 288.34226 -16.80115  8215.74  9285.74 2.71 2.55  44.7 -0.413    19.29 20.92 02a58965o0770c 0x000000  -6.388889
58965.597504 19.841877      NaN   -19    14 c    0   3.45 288.34226 -16.80115  8155.36  9207.48 2.66 2.53  52.2 -0.419    19.35 21.01 02a58965o0795c 0x000000  -1.357143
58965.609941 19.696897      NaN   -82    16 c    0   2.13 288.34226 -16.80115  8137.27  9323.75 2.86 2.66  47.9 -0.405    19.26 20.93 02a58965o0822c 0x000000  -5.125000
58966.577726 19.841877      NaN   -64    14 c    0   3.42 288.34226 -16.80115  8201.21  9246.43 2.59 2.53  72.7 -0.417    19.47 21.16 02a58966o0753c 0x000000  -4.571429
58966.581435 20.103715      NaN   -63    11 c    0   7.24 288.34226 -16.80115  8219.18  9286.71 2.60 2.47  49.5 -0.425    19.49 21.15 02a58966o0761c 0x000000  -5.727273
58966.591631 19.841877      NaN   -85    14 c    0   4.99 288.34226 -16.80115  8161.12  9207.61 2.56 2.50 -81.6 -0.430    19.48 21.13 02a58966o0783c 0x000000  -6.071429
58966.606570 20.009244      NaN  -123    12 c    0   8.00 288.34226 -16.80115  8136.38  9328.07 2.58 2.48  61.4 -0.423    19.47 21.15 02a58966o0814c 0x000000 -10.250000
58970.581485 20.321591      NaN  -148     9 c    0   7.08 288.34226 -16.80115  6536.20  3128.81 2.58 2.35  35.8 -0.423    19.50 21.32 02a58970o0741c 0x000000 -16.444444
58970.583315 20.449472      NaN  -217     8 c    0  12.01 288.34226 -16.80115  6556.12  3166.11 2.54 2.40  40.1 -0.421    19.49 21.32 02a58970o0745c 0x100001 -27.125000
58970.587894 20.207197      NaN   -68    10 c    0   6.05 288.34226 -16.80115  6497.85  3087.75 2.65 2.43  35.1 -0.421    19.53 21.34 02a58970o0755c 0x000000  -6.800000
58970.610125 20.449472      NaN  -125     8 c    0   9.69 288.34226 -16.80115  6477.78  3206.06 2.53 2.30  35.6 -0.424    19.52 21.37 02a58970o0802c 0x000000 -15.625000
58989.532994 19.841877      NaN   -46    14 c    0   2.98 288.34226 -16.80115  2264.32  2849.44 2.61 2.39  38.0 -0.432    19.54 21.28 02a58989o0648c 0x000000  -3.285714
58989.535758 20.103715      NaN  -114    11 c    0   7.59 288.34226 -16.80115  2283.21  2889.34 2.48 2.33  34.8 -0.435    19.58 21.29 02a58989o0654c 0x000000 -10.363636
58989.540795 20.103715      NaN   -27    11 c    0   5.34 288.34226 -16.80115  2226.94  2811.70 2.37 2.36 -63.6 -0.441    19.61 21.30 02a58989o0665c 0x000000  -2.454545
58989.550283 20.207197      NaN   -75    10 c    0   6.34 288.34226 -16.80115  2206.02  2928.41 2.53 2.35  30.4 -0.431    19.58 21.32 02a58989o0685c 0x000000  -7.500000
58993.578517 20.009244      NaN   -95    12 c    0   5.97 288.34226 -16.80115  8280.56  7709.12 2.74 2.57  53.5 -0.428    19.61 21.42 02a58993o0453c 0x000000  -7.916667
58993.581718 20.009244      NaN   -40    12 c    0   4.76 288.34226 -16.80115  8261.21  7670.99 2.71 2.56  65.4 -0.429    19.57 21.43 02a58993o0460c 0x000000  -3.333333
58993.587287 20.321591      NaN  -111     9 c    0   7.23 288.34226 -16.80115  8319.98  7749.10 2.75 2.58  62.9 -0.428    19.58 21.43 02a58993o0472c 0x000000 -12.333333
58993.605228 20.207197      NaN    -5    10 c    0   7.17 288.34226 -16.80115  8341.41  7630.87 2.74 2.57  66.1 -0.422    19.54 21.32 02a58993o0510c 0x000000  -0.500000
58997.466037 19.922338      NaN     0    13 c    0   5.37 288.34226 -16.80115 10014.78  7233.35 2.63 2.47  37.7 -0.426    19.36 21.11 02a58997o0489c 0x000000   0.000000
58997.471543 19.766969      NaN   -60    15 c    0   3.33 288.34226 -16.80115 10036.39  7272.09 2.61 2.50 -79.4 -0.430    19.39 21.13 02a58997o0501c 0x000000  -4.000000
58997.476616 20.103715      NaN   -61    11 c    0   7.34 288.34226 -16.80115  9975.35  7191.93 2.70 2.38  35.2 -0.425    19.42 21.22 02a58997o0512c 0x000000  -5.545455
58997.482586 19.922338      NaN  -100    13 c    0   5.90 288.34226 -16.80115  9956.08  7309.16 2.61 2.48  46.2 -0.425    19.46 21.31 02a58997o0525c 0x000000  -7.692308
59001.538483 17.394850      NaN    19   127 c    0   0.05 288.34226 -16.80115    31.33  7282.23 2.53 2.35 -26.1 -0.375    19.58 21.54 02a59001o0567c 0x100002   0.149606
59016.467221 19.510313      NaN    -8    19 c    0   1.96 288.34226 -16.80115  6276.64  9340.61 2.63 2.52 -70.3 -0.420    19.14 20.88 02a59016o0485c 0x000000  -0.421053
59016.469507 19.696897      NaN  -145    16 c    0   3.28 288.34226 -16.80115  6293.98  9377.79 2.56 2.50  77.1 -0.420    19.25 20.92 02a59016o0490c 0x000000  -9.062500
59016.472272 19.922338      NaN   -98    13 c    0   5.73 288.34226 -16.80115  6235.95  9300.03 2.58 2.51  69.4 -0.425    19.31 21.09 02a59016o0496c 0x000000  -7.538462
59016.478291 19.922338      NaN   -58    13 c    0   3.43 288.34226 -16.80115  6219.78  9416.74 2.57 2.42  54.3 -0.424    19.45 21.25 02a59016o0509c 0x000000  -4.461538
59021.451082 19.841877      NaN     0    14 c    0   5.36 288.34226 -16.80115  8613.49  4991.74 2.48 2.39  57.6 -0.415    19.09 20.72 02a59021o0449c 0x000000   0.000000
59021.452921 19.631075      NaN   -27    17 c    0   2.73 288.34226 -16.80115  8629.55  5029.29 2.78 2.41  32.2 -0.402    19.21 20.92 02a59021o0453c 0x000000  -1.588235
59021.456123 20.321591      NaN   -92     9 c    0   8.80 288.34226 -16.80115  8570.78  4950.96 2.71 2.40  32.6 -0.415    19.49 21.38 02a59021o0460c 0x000000 -10.222222
59021.462988 20.009244      NaN  -181    12 c    0   5.06 288.34226 -16.80115  8552.36  5068.17 2.48 2.37  49.6 -0.424    19.54 21.38 02a59021o0475c 0x000000 -15.083333
59029.467488 19.766969      NaN   -59    15 c    0   4.45 288.34226 -16.80115   191.84  9551.62 2.41 2.18 -41.7 -0.524    19.44 21.06 02a59029o0481c 0x000000  -3.933333
59029.502842 19.696897 0.316673    48    14 c    0   8.20 288.34226 -16.80115   173.17  9511.55 2.44 2.27 -50.9 -0.504    19.41 21.24 02a59029o0557c 0x000000   3.428571
59029.506501 20.103715      NaN    -1    11 c    0   6.29 288.34226 -16.80115   232.60  9591.57 2.51 2.14 -52.4 -0.510    19.49 21.25 02a59029o0565c 0x000000  -0.090909
59029.512038 19.766969      NaN   -25    15 c    0   6.55 288.34226 -16.80115   252.81  9474.41 2.49 2.17 -55.0 -0.500    19.40 21.26 02a59029o0577c 0x000000  -1.666667
59029.517606 19.922338      NaN   -43    13 c    0   2.99 288.34226 -16.80115 10386.08  9556.73 2.84 2.74  84.9 -0.389    19.55 21.29 02a59029o0589c 0x000000  -3.307692
59029.521760 20.207197      NaN   -16    10 c    0   5.63 288.34226 -16.80115 10365.62  9517.67 2.85 2.72 -75.5 -0.392    19.53 21.29 02a59029o0598c 0x000000  -1.600000
59029.552851 19.197966      NaN    37    13 c    0   3.45 288.34226 -16.80115 10435.29  9598.79 2.83 2.75  89.2 -0.387    19.48 21.26 02a59029o0665c 0x000000   2.846154
59029.560638 19.922338      NaN   -12    13 c    0   3.66 288.34226 -16.80115 10450.24  9483.62 2.78 2.73 -88.0 -0.389    19.49 21.26 02a59029o0682c 0x000000  -0.923077
59049.379360 20.009244      NaN    -4    12 c    0   4.06 288.34226 -16.80115  8487.89  3046.75 2.59 2.39  28.3 -0.409    19.40 21.29 02a59049o0121c 0x000000  -0.333333
59049.382561 19.922338      NaN  -109    13 c    0   5.02 288.34226 -16.80115  8510.61  3085.88 2.47 2.45 -86.9 -0.417    19.43 21.30 02a59049o0128c 0x000000  -8.384615
59049.385762 20.009244      NaN   -73    12 c    0   9.51 288.34226 -16.80115  8452.04  3007.70 2.38 2.36 -80.3 -0.421    19.46 21.30 02a59049o0135c 0x000000  -6.083333
59049.390793 19.922338      NaN   -28    13 c    0   3.84 288.34226 -16.80115  8432.46  3123.90 2.57 2.51  10.6 -0.405    19.39 21.30 02a59049o0146c 0x000000  -2.153846
59050.409145 20.207197      NaN  -145    10 c    0   5.94 288.34226 -16.80115   424.02  1365.45 2.86 2.57 -62.4 -0.431    19.42 21.53 02a59050o0362c 0x000000 -14.500000
59050.412884 20.207197      NaN  -141    10 c    0   8.64 288.34226 -16.80115   404.83  1327.28 2.77 2.42 -60.0 -0.425    19.43 21.53 02a59050o0370c 0x000000 -14.100000
59050.415629 17.774377      NaN   129    51 c    0   6.08 288.34226 -16.80115 10452.47  1357.24 2.89 2.34 -57.3 -0.430    19.52 21.54 02a59050o0376c 0x100002   2.529412
59050.418894 19.351140 0.213857    66    13 c    0   6.40 288.34226 -16.80115 10432.53  1318.28 2.82 2.31 -58.8 -0.439    19.52 21.54 02a59050o0383c 0x000000   5.076923
59050.419352 20.009244      NaN   -37    12 c    0   5.59 288.34226 -16.80115   461.61  1408.70 2.60 2.41 -69.0 -0.443    19.44 21.54 02a59050o0384c 0x000000  -3.083333
59050.424414 19.631075      NaN  -191    17 c    0   5.55 288.34226 -16.80115 10491.11  1397.35 2.82 2.26 -57.3 -0.429    19.54 21.55 02a59050o0395c 0x000000 -11.235294
59050.454848 20.103715      NaN   -36    11 c    0   4.09 288.34226 -16.80115   479.73  1290.68 2.91 2.59 -64.1 -0.442    19.37 21.52 02a59050o0460c 0x000000  -3.272727
59050.459559 19.351140      NaN  -532    22 c    0   4.97 288.34226 -16.80115 10513.87  1283.95 2.94 2.37 -55.5 -0.419    19.52 21.51 02a59050o0470c 0x000000 -24.181818
59054.479971 20.321591      NaN   -35     9 c    0  12.63 288.34226 -16.80115   423.24  1370.15 2.56 2.40 -64.8 -0.429    19.39 21.28 02a59054o0303c 0x100001  -3.888889
59054.483200 19.841877      NaN   -12    14 c    0   3.09 288.34226 -16.80115   404.32  1331.34 2.77 2.43 -55.2 -0.432    19.33 21.22 02a59054o0310c 0x000000  -0.857143
59054.487853 17.785989      NaN  -455    93 c    0   1.37 288.34226 -16.80115 10453.18  1369.55 3.06 2.42 -52.1 -0.381    17.58 19.31 02a59054o0320c 0x100002  -4.892473
59054.488310 18.048890      NaN  -386    73 c    0   2.49 288.34226 -16.80115   464.98  1412.23 2.74 2.47 -57.6 -0.428    17.25 18.90 02a59054o0321c 0x100002  -5.287671
59073.361903 20.103715      NaN  -108    11 c    0   9.85 288.34226 -16.80115  4165.10  9371.86 2.60 2.49  55.6 -0.408    19.42 21.38 02a59073o0281c 0x000000  -9.818182
59073.365105 19.922338      NaN   -50    13 c    0   5.96 288.34226 -16.80115  4145.89  9333.64 2.57 2.45  59.8 -0.410    19.40 21.38 02a59073o0288c 0x000000  -3.846154
59073.372530 20.009244      NaN  -257    12 c    0  14.52 288.34226 -16.80115  4202.99  9408.04 2.53 2.46 -86.3 -0.418    19.45 21.38 02a59073o0304c 0x100001 -21.416667
59073.383514 19.302877      NaN    33    12 c    0   5.91 288.34226 -16.80115  4225.59  9297.50 2.51 2.44 -87.3 -0.415    19.43 21.36 02a59073o0328c 0x000000   2.750000
59074.427173 20.009244      NaN   -10    12 c    0   4.38 288.34226 -16.80115  3891.72  5493.16 2.65 2.33  48.5 -0.420    19.37 21.37 02a59074o0424c 0x000000  -0.833333
59074.431298 20.103715      NaN   -25    11 c    0   7.31 288.34226 -16.80115  3873.39  5455.47 2.63 2.30  47.1 -0.416    19.36 21.37 02a59074o0433c 0x000000  -2.272727
59074.435018 20.103715      NaN  -134    11 c    0   8.54 288.34226 -16.80115  3931.79  5533.63 2.41 2.32  72.8 -0.436    19.43 21.36 02a59074o0441c 0x000000 -12.181818
59074.443971 19.841877      NaN   -43    14 c    0   3.89 288.34226 -16.80115  3947.57  5418.68 2.77 2.30  46.0 -0.411    19.38 21.33 02a59074o0460c 0x000000  -3.071429
59077.363924 20.103715      NaN   -60    11 c    0   4.85 288.34226 -16.80115  3881.48  5492.62 2.57 2.24  46.1 -0.426    19.48 21.45 02a59077o0291c 0x000000  -5.454545
59077.367230 19.922338      NaN  -167    13 c    0   8.74 288.34226 -16.80115  3863.08  5456.62 2.76 2.46  49.7 -0.412    19.40 21.44 02a59077o0298c 0x000000 -12.846154
59077.372742 20.103715      NaN   -28    11 c    0   7.53 288.34226 -16.80115  3921.64  5535.65 2.57 2.28  47.7 -0.426    19.45 21.45 02a59077o0310c 0x000000  -2.545455
59077.383295 19.922338      NaN   -13    13 c    0   5.86 288.34226 -16.80115  3941.29  5418.80 2.84 2.33  43.2 -0.404    19.41 21.42 02a59077o0333c 0x000000  -1.000000
59082.326228 19.841877      NaN   -38    14 c    0   4.55 288.34226 -16.80115  6347.70  3071.24 2.39 2.30 -84.8 -0.434    19.49 21.41 02a59082o0217c 0x000000  -2.714286
59082.361108 19.950541 0.342864    38    12 c    0   5.69 288.34226 -16.80115  6324.40  3034.52 2.43 2.32 -88.3 -0.422    19.42 21.42 02a59082o0292c 0x000000   3.166667
59082.364315 20.103715      NaN   -19    11 c    0   4.99 288.34226 -16.80115  6384.36  3112.25 2.43 2.34  70.8 -0.432    19.46 21.42 02a59082o0299c 0x000000  -1.727273
59082.369950 20.009244      NaN   -82    12 c    0   6.68 288.34226 -16.80115  6406.65  3001.21 2.40 2.31  83.7 -0.430    19.44 21.42 02a59082o0311c 0x000000  -6.833333
59101.300211 19.384550      NaN    28    12 c    0   4.40 288.34226 -16.80115  8509.45  1498.79 3.08 2.81 -65.3 -0.407    19.42 21.45 02a59101o0183c 0x000000   2.333333
59101.305351 19.472870 0.220828    59    12 c    0   5.22 288.34226 -16.80115  8491.15  1459.38 2.83 2.50 -59.6 -0.425    19.48 21.47 02a59101o0194c 0x000000   4.916667
59101.315915 19.922338      NaN    -1    13 c    0   3.61 288.34226 -16.80115  8549.40  1531.72 2.86 2.51 -59.5 -0.418    19.49 21.46 02a59101o0217c 0x000000  -0.076923
59101.319116 19.841877      NaN   -67    14 c    0   3.12 288.34226 -16.80115  8571.79  1418.77 3.14 2.79 -56.9 -0.439    19.39 21.45 02a59101o0224c 0x000000  -4.785714
59102.307343 20.009244      NaN   -25    12 c    0   8.16 288.34226 -16.80115  8521.34  1498.15 2.64 2.37 -68.0 -0.431    19.56 21.46 02a59102o0203c 0x000000  -2.083333
59102.310123 19.922338      NaN   -81    13 c    0   5.05 288.34226 -16.80115  8502.93  1459.36 2.54 2.31 -70.2 -0.436    19.55 21.47 02a59102o0209c 0x000000  -6.230769
59102.320798 20.103715      NaN   -13    11 c    0   7.38 288.34226 -16.80115  8559.14  1537.24 2.56 2.33 -66.7 -0.427    19.52 21.48 02a59102o0232c 0x000000  -1.181818
59102.327252 19.384550      NaN    28    12 c    0   5.49 288.34226 -16.80115  8580.08  1418.42 2.60 2.29 -65.4 -0.436    19.57 21.46 02a59102o0246c 0x000000   2.333333
59105.292314 20.009244      NaN   -31    12 c    0   5.93 288.34226 -16.80115  8516.07  1491.44 2.53 2.21 -64.3 -0.438    19.46 21.34 02a59105o0175c 0x000000  -2.583333
59105.295980 19.569016      NaN    24    10 c    0   8.37 288.34226 -16.80115  8497.31  1453.22 2.59 2.22 -62.6 -0.445    19.55 21.45 02a59105o0183c 0x000000   2.400000
59105.302901 20.103715      NaN   -38    11 c    0   8.83 288.34226 -16.80115  8555.33  1532.10 2.54 2.18 -61.9 -0.447    19.56 21.44 02a59105o0198c 0x000000  -3.454545
59105.313458 20.009244      NaN   -22    12 c    0   4.38 288.34226 -16.80115  8576.08  1417.25 2.54 2.29 -65.3 -0.438    19.54 21.42 02a59105o0221c 0x000000  -1.833333
59109.302104 17.482434      NaN  -409   123 c    0   1.97 288.34226 -16.80115  6337.98  7810.08 2.85 2.42  46.1 -0.383    16.68 18.29 02a59109o0204c 0x100002  -3.325203
59109.306706 18.504094      NaN  -296    48 c    0   2.03 288.34226 -16.80115  6320.10  7773.66 2.84 2.44  47.7 -0.392    18.84 20.70 02a59109o0214c 0x100002  -6.166667
59109.314062 17.479496 0.176065   370    60 c    0   1.89 288.34226 -16.80115  6379.56  7851.73 2.88 2.52  46.2 -0.381    18.32 20.11 02a59109o0230c 0x100002   6.166667
59109.325111 19.696897      NaN   -37    16 c    0   2.81 288.34226 -16.80115  6400.35  7736.62 2.71 2.49  51.7 -0.417    18.98 20.77 02a59109o0254c 0x000000  -2.312500
59113.274303 19.089302      NaN    -1    28 c    0   1.96 288.34226 -16.80115  6347.54  7806.57 2.68 2.46  52.3 -0.412    18.46 19.99 02a59113o0149c 0x000000  -0.035714
59113.277970 18.978793      NaN    -6    31 c    0   2.01 288.34226 -16.80115  6327.98  7768.62 2.75 2.45  49.6 -0.407    18.51 19.96 02a59113o0157c 0x000000  -0.193548
59113.283491 19.051202      NaN  -120    29 c    0   1.63 288.34226 -16.80115  6385.65  7849.23 2.85 2.48  47.3 -0.397    18.46 19.97 02a59113o0169c 0x000000  -4.137931
59113.295883 19.014394      NaN  -104    30 c    0   2.55 288.34226 -16.80115  6408.08  7731.78 2.80 2.53  51.3 -0.393    18.34 19.95 02a59113o0196c 0x000000  -3.466667
59129.246270 19.334813      NaN    22    15 c    0   4.60 288.34226 -16.80115  2207.07  9463.53 2.46 2.34 -72.6 -0.454    19.30 21.02 02a59129o0108c 0x000000   1.466667
59129.249493 19.696897      NaN   -30    16 c    0   5.20 288.34226 -16.80115  2187.52  9423.07 2.53 2.30 -59.0 -0.459    19.36 21.02 02a59129o0115c 0x000000  -1.875000
59129.292413 19.841877      NaN   -95    14 c    0   3.64 288.34226 -16.80115  2246.58  9503.66 2.41 2.33 -85.6 -0.463    19.31 20.95 02a59129o0175c 0x000000  -6.785714
59129.298070 19.922338      NaN  -149    13 c    0   8.38 288.34226 -16.80115  2268.65  9383.31 2.48 2.33 -67.2 -0.444    19.31 20.96 02a59129o0187c 0x000000 -11.461538
59130.259468 20.207197      NaN    -3    10 c    0   7.96 288.34226 -16.80115  4419.79  3170.48 2.49 2.38  88.5 -0.430    19.36 21.10 02a59130o0139c 0x000000  -0.300000
59130.265019 20.103715      NaN  -160    11 c    0   7.87 288.34226 -16.80115  4402.84  3132.68 2.45 2.34 -88.9 -0.429    19.34 21.10 02a59130o0151c 0x000000 -14.545455
59130.281163 19.922338      NaN   -67    13 c    0   5.45 288.34226 -16.80115  4465.17  3213.53 2.54 2.43 -82.3 -0.432    19.34 21.14 02a59130o0186c 0x000000  -5.153846
59130.289486 20.103715      NaN  -149    11 c    0   7.92 288.34226 -16.80115  4487.08  3094.74 2.56 2.40 -65.5 -0.430    19.34 21.15 02a59130o0204c 0x000000 -13.545455
59133.261444 19.841877      NaN   -43    14 c    0   3.32 288.34226 -16.80115  4418.47  3171.14 2.45 2.35  66.3 -0.426    19.29 20.96 02a59133o0146c 0x000000  -3.071429
59133.265564 20.009244      NaN   -24    12 c    0   3.75 288.34226 -16.80115  4402.36  3135.57 2.54 2.46  74.0 -0.419    19.27 20.95 02a59133o0155c 0x000000  -2.000000
59133.302094 19.841877      NaN   -71    14 c    0   2.89 288.34226 -16.80115  4458.61  3209.92 2.59 2.46  47.7 -0.416    19.27 20.91 02a59133o0174c 0x000000  -5.071429
59133.313207 19.419021 0.245166    62    14 c    0   2.96 288.34226 -16.80115  4473.33  3093.96 2.51 2.47  66.9 -0.419    19.21 20.86 02a59133o0196c 0x000000   4.428571
59137.208233 19.922338      NaN   -14    13 c    0   5.66 288.34226 -16.80115  4418.99  3170.38 2.62 2.35  38.8 -0.409    19.18 20.68 02a59137o0035c 0x000000  -1.076923
59137.211898 20.207197      NaN   -11    10 c    0   5.77 288.34226 -16.80115  4399.12  3132.12 2.59 2.34  42.3 -0.417    19.30 20.90 02a59137o0043c 0x000000  -1.100000
59137.217400 20.103715      NaN  -106    11 c    0   5.06 288.34226 -16.80115  4456.72  3210.06 2.60 2.28  48.1 -0.421    19.36 20.98 02a59137o0055c 0x000000  -9.636364
59137.229310 19.719755      NaN     8    13 c    0   6.49 288.34226 -16.80115  4474.75  3094.81 2.51 2.30  44.3 -0.428    19.37 20.97 02a59137o0081c 0x000000   0.615385
59141.271979 18.729535      NaN   -99    39 c    0   1.41 288.34226 -16.80115  8420.52  9661.98 2.69 2.59  57.0 -0.392    18.38 19.80 02a59141o0047c 0x100002  -2.538462
59161.193586 18.978793      NaN   -10    31 c    0   2.31 288.34226 -16.80115  6256.37  5877.59 2.65 2.33  49.5 -0.399    18.28 19.32 02a59161o0022c 0x000000  -0.322581
59161.196788 19.351140      NaN   -66    22 c    0   2.99 288.34226 -16.80115  6236.37  5838.79 2.61 2.37  48.0 -0.413    18.76 19.88 02a59161o0029c 0x000000  -3.000000
59161.204574 19.271854      NaN    14    19 c    0   2.22 288.34226 -16.80115  6290.62  5914.69 2.65 2.40  49.1 -0.417    19.15 20.49 02a59161o0046c 0x000000   0.736842
59161.217428 19.510313 0.266672    57    14 c    0   4.83 288.34226 -16.80115  6310.61  5798.41 2.68 2.38  46.6 -0.414    19.14 20.53 02a59161o0074c 0x000000   4.071429
59315.581572 19.719755      NaN    11    12 c    0   4.72 288.34226 -16.80115  1967.37  5580.73 2.22 2.19 -30.3 -0.400    19.46 20.98 01a59315o0782c 0x000000   0.916667
59315.584795 20.009244      NaN   -76    12 c    0   7.67 288.34226 -16.80115  1947.89  5542.37 2.22 2.17 -43.7 -0.399    19.49 21.06 01a59315o0789c 0x000000  -6.333333
59315.590337 20.009244      NaN   -66    12 c    0   6.81 288.34226 -16.80115  2007.09  5620.79 2.31 2.23 -20.0 -0.387    19.40 20.99 01a59315o0801c 0x000000  -5.500000
59315.605422 19.841877      NaN    -4    14 c    0   4.57 288.34226 -16.80115  2028.44  5505.53 2.20 2.17 -73.9 -0.400    19.50 21.06 01a59315o0833c 0x000000  -0.285714
59319.532561 20.009244      NaN   -57    12 c    0   4.11 288.34226 -16.80115  1960.37  5577.71 2.51 2.48  13.6 -0.392    19.41 21.03 01a59319o0676c 0x000000  -4.750000
59319.537179 20.321591      NaN  -121     9 c    0   8.39 288.34226 -16.80115  1939.78  5539.76 2.32 2.24  83.4 -0.403    19.50 21.06 01a59319o0686c 0x000000 -13.444444
59319.543216 19.696897      NaN  -119    16 c    0   2.98 288.34226 -16.80115  1999.73  5618.04 2.37 2.29 -88.7 -0.400    19.41 21.05 01a59319o0699c 0x000000  -7.437500
59319.556052 19.367717      NaN    29    12 c    0   4.85 288.34226 -16.80115  2023.14  5504.45 2.35 2.28 -89.6 -0.397    19.47 21.10 01a59319o0726c 0x000000   2.416667
59323.576042 20.103715      NaN   -86    11 c    0   4.35 288.34226 -16.80115 10413.11  9535.41 2.84 2.66  53.9 -0.324    19.56 21.09 01a59323o0758c 0x000000  -7.818182
59323.578828 20.009244      NaN   -73    12 c    0   8.56 288.34226 -16.80115 10395.56  9498.39 2.87 2.68  45.4 -0.358    19.54 21.09 01a59323o0764c 0x000000  -6.083333
59323.584819 20.103715      NaN   -82    11 c    0   3.27 288.34226 -16.80115 10457.72  9576.00 2.77 2.60  68.1 -0.335    19.56 21.10 01a59323o0777c 0x000000  -7.454545
59323.588506 20.103715      NaN    -8    11 c    0   3.84 288.34226 -16.80115   238.66  9563.51 2.55 2.27 -62.9 -0.401    19.44 21.11 01a59323o0785c 0x000000  -0.727273
59323.592659 20.321591      NaN  -114     9 c    0  12.14 288.34226 -16.80115   220.99  9524.88 2.54 2.25 -62.9 -0.406    19.48 21.14 01a59323o0794c 0x100001 -12.666667
59323.604200 20.103715      NaN   -24    11 c    0   6.60 288.34226 -16.80115 10478.76  9454.12 2.68 2.52  60.4 -0.342    19.67 21.16 01a59323o0818c 0x000000  -2.181818
59323.611570 20.103715      NaN   -57    11 c    0   6.70 288.34226 -16.80115   283.39  9604.63 2.51 2.25 -59.2 -0.390    19.47 21.14 01a59323o0834c 0x000000  -5.181818
59323.620342 20.103715      NaN   -67    11 c    0  10.42 288.34226 -16.80115   304.49  9486.93 2.50 2.23 -53.1 -0.393    19.43 21.09 01a59323o0853c 0x100001  -6.090909
59327.571806 20.009244      NaN  -129    12 c    0   4.19 288.34226 -16.80115 10419.89  9535.27 2.59 2.40  55.8 -0.366    19.54 20.91 01a59327o0728c 0x000000 -10.750000
59327.576875 20.009244      NaN  -130    12 c    0   6.40 288.34226 -16.80115 10401.96  9496.38 2.71 2.48  49.9 -0.354    19.28 20.76 01a59327o0739c 0x000000 -10.833333
59346.575220 19.979496      NaN     1    12 c    0   4.39 288.34226 -16.80115   436.31  4900.84 2.58 2.49 -36.2 -0.414    19.53 21.35 02a59346o0742c 0x000000   0.083333
59346.577050 20.009244      NaN   -25    12 c    0   3.07 288.34226 -16.80115   456.10  4938.49 2.42 2.29 -40.7 -0.430    19.60 21.35 02a59346o0746c 0x000000  -2.083333
59346.580251 20.009244      NaN     0    12 c    0   4.28 288.34226 -16.80115   396.79  4861.22 2.63 2.54 -35.9 -0.414    19.51 21.34 02a59346o0753c 0x000000   0.000000
59346.597768 20.103715      NaN   -20    11 c    0   5.46 288.34226 -16.80115 10200.26  5568.80 2.75 2.55  41.3 -0.429    19.55 21.35 02a59346o0790c 0x000000  -1.818182
59349.551725 19.841877      NaN   -47    14 c    0   3.62 288.34226 -16.80115   429.96  4902.62 2.95 2.91 -41.1 -0.396    19.31 21.21 02a59349o0555c 0x000000  -3.357143
59349.554926 19.302877 0.236030    69    15 c    0   2.02 288.34226 -16.80115   450.75  4939.59 3.00 2.89  -6.3 -0.394    19.29 21.21 02a59349o0562c 0x000000   4.600000
59349.560462 19.719755      NaN     5    14 c    0   4.43 288.34226 -16.80115   391.10  4863.65 2.58 2.49 -13.0 -0.406    19.47 21.25 02a59349o0574c 0x000000   0.357143
59349.573464 19.302877      NaN    -9    23 c    0   2.51 288.34226 -16.80115    45.77  5571.91 2.81 2.75 -62.4 -0.366    19.26 21.19 02a59349o0602c 0x000000  -0.391304
59349.578250 20.103715      NaN   -91    11 c    0   7.09 288.34226 -16.80115   371.70  4978.94 2.77 2.64  -2.6 -0.387    19.40 21.25 02a59349o0612c 0x000000  -8.272727
59353.493874 16.856087      NaN  -323   219 c    0   0.11 288.34226 -16.80115 10519.03  4981.82 2.72 2.66 -15.3 -0.412    19.36 21.14 02a59353o0553c 0x100002  -1.474886
59353.536922 20.009244      NaN    -6    12 c    0   5.37 288.34226 -16.80115   428.32  4901.10 2.52 2.41   1.1 -0.411    19.46 21.27 02a59353o0646c 0x000000  -0.500000
59353.539667 19.609992 0.250555    52    12 c    0   4.50 288.34226 -16.80115   448.37  4939.51 2.48 2.35  -0.5 -0.415    19.46 21.28 02a59353o0652c 0x000000   4.333333
59353.542415 20.103715      NaN    -1    11 c    0   6.03 288.34226 -16.80115   389.37  4862.18 2.59 2.46   3.2 -0.402    19.45 21.29 02a59353o0658c 0x000000  -0.090909
59353.552433 20.103715      NaN   -46    11 c    0   8.51 288.34226 -16.80115   370.30  4978.95 2.57 2.46  12.0 -0.402    19.47 21.29 02a59353o0679c 0x000000  -4.181818
59371.489246 20.321591      NaN    -8     9 c    0  11.80 288.34226 -16.80115  3900.51  5489.00 2.24 2.20 -67.6 -0.387    19.63 21.49 01a59371o0546c 0x100001  -0.888889
59371.493414 20.009244      NaN   -61    12 c    0   5.46 288.34226 -16.80115  3881.68  5451.43 2.50 2.20  -9.3 -0.361    19.61 21.48 01a59371o0555c 0x000000  -5.083333
59371.498957 20.321591      NaN   -34     9 c    0  12.13 288.34226 -16.80115  3941.44  5529.16 2.31 2.25 -64.0 -0.385    19.60 21.49 01a59371o0567c 0x100001  -3.777778
59371.505409 20.321591      NaN   -51     9 c    0  11.53 288.34226 -16.80115  3959.48  5412.77 2.27 2.15 -77.1 -0.392    19.65 21.51 01a59371o0581c 0x100001  -5.666667
59375.479415 20.103715      NaN   -98    11 c    0   4.27 288.34226 -16.80115  3901.33  5484.94 3.30 2.61   5.3 -0.350    19.40 21.41 01a59375o0147c 0x000000  -8.909091
59375.482642 19.318728      NaN    32    12 c    0   2.79 288.34226 -16.80115  3882.42  5446.49 3.76 2.56   1.9 -0.343    19.33 21.40 01a59375o0154c 0x000000   2.666667
59375.485406 19.922338      NaN    -2    13 c    0   2.87 288.34226 -16.80115  3941.35  5523.76 3.92 2.55   1.0 -0.407    19.34 21.39 01a59375o0160c 0x000000  -0.153846
59375.490481 19.922338      NaN   -18    13 c    0   4.03 288.34226 -16.80115  3960.50  5408.41 3.68 2.48   0.0 -0.375    19.38 21.40 01a59375o0171c 0x000000  -1.384615
59376.485410 20.009244      NaN  -154    12 c    0   5.19 288.34226 -16.80115  6333.90  3060.80 2.62 2.47 -86.8 -0.379    19.62 21.48 01a59376o0534c 0x000000 -12.833333
59376.487260 19.652575      NaN    23     9 c    0   5.56 288.34226 -16.80115  6312.25  3022.50 2.66 2.47 -85.6 -0.375    19.62 21.49 01a59376o0538c 0x000000   2.555556
59376.492410 20.103715      NaN   -92    11 c    0  10.31 288.34226 -16.80115  6371.02  3100.29 2.55 2.36 -82.2 -0.386    19.67 21.51 01a59376o0549c 0x100001  -8.363636
59376.497510 20.103715      NaN   -13    11 c    0   3.88 288.34226 -16.80115  6389.11  2983.50 2.51 2.38 -86.6 -0.388    19.64 21.52 01a59376o0560c 0x000000  -1.181818
59376.615138 19.454622      NaN    -8    20 c    0   2.34 288.34226 -16.80115  4221.84  7528.45 2.90 2.66 -81.0 -0.370    18.68 19.70 01a59376o0811c 0x000000  -0.400000
59379.478449 20.321591      NaN  -140     9 c    0  13.39 288.34226 -16.80115  6338.79  3061.95 2.37 2.27 -81.8 -0.395    19.70 21.41 01a59379o0519c 0x100001 -15.555556
59379.481686 20.449472      NaN  -106     8 c    0  17.36 288.34226 -16.80115  6319.60  3024.01 2.37 2.23 -88.3 -0.398    19.66 21.42 01a59379o0526c 0x100001 -13.250000
59379.484447 20.207197      NaN  -157    10 c    0  14.50 288.34226 -16.80115  6377.96  3101.39 2.39 2.23 -86.3 -0.396    19.70 21.41 01a59379o0532c 0x100001 -15.700000
59379.489526 19.922338      NaN     0    13 c    0   5.23 288.34226 -16.80115  6397.24  2985.57 2.32 2.26 -70.5 -0.396    19.66 21.44 01a59379o0543c 0x000000   0.000000
59380.466051 20.103715      NaN    -2    11 c    0   3.28 288.34226 -16.80115  6328.64  3062.30 2.82 2.76   8.4 -0.352    19.42 21.28 01a59380o0486c 0x000000  -0.181818
59380.468354 20.207197      NaN   -44    10 c    0   5.20 288.34226 -16.80115  6309.36  3023.67 2.83 2.68   9.1 -0.354    19.42 21.29 01a59380o0491c 0x000000  -4.400000
59380.471121 20.207197      NaN   -54    10 c    0   5.05 288.34226 -16.80115  6367.31  3100.20 3.10 2.69   3.5 -0.346    19.38 21.30 01a59380o0497c 0x000000  -5.400000
59380.476196 19.922338      NaN  -139    13 c    0   3.27 288.34226 -16.80115  6386.65  2983.75 2.87 2.80  24.2 -0.356    19.32 21.17 01a59380o0508c 0x000000 -10.692308
59383.459630 20.282105      NaN     1     9 c    0  16.14 288.34226 -16.80115  6337.54  3066.29 2.33 2.21 -84.7 -0.396    19.72 21.46 01a59383o0261c 0x100001   0.111111
59383.461932 19.922338      NaN   -46    13 c    0   6.63 288.34226 -16.80115  6318.48  3027.75 2.39 2.25  88.9 -0.390    19.67 21.47 01a59383o0266c 0x000000  -3.538462
59383.464696 19.922338      NaN   -76    13 c    0   5.14 288.34226 -16.80115  6376.10  3104.84 2.42 2.20 -88.2 -0.398    19.66 21.41 01a59383o0272c 0x000000  -5.846154
59383.474877 19.302877      NaN   -53    23 c    0   2.91 288.34226 -16.80115  6395.69  2988.80 2.35 2.28 -88.1 -0.386    18.73 20.32 01a59383o0294c 0x000000  -2.304348
59402.400689 20.103715      NaN   -76    11 c    0   7.60 288.34226 -16.80115  8093.92  7310.25 2.59 2.41 -73.4 -0.429    19.49 21.30 02a59402o0344c 0x000000  -6.909091
59402.435898 19.609992      NaN    10    14 c    0   4.60 288.34226 -16.80115  2473.21  3198.18 2.42 2.31 -70.3 -0.442    19.48 21.33 02a59402o0419c 0x000000   0.714286
59402.444691 19.271854      NaN    29    14 c    0   5.32 288.34226 -16.80115  2531.51  3281.50 2.40 2.28 -69.0 -0.439    19.45 21.33 02a59402o0438c 0x000000   2.071429
59402.449944 20.207197      NaN    -6    10 c    0  11.46 288.34226 -16.80115  2551.15  3165.14 2.41 2.32 -74.1 -0.439    19.49 21.32 02a59402o0449c 0x100001  -0.600000
59405.474940 19.922338      NaN   -21    13 c    0   5.71 288.34226 -16.80115  2540.35  3171.08 2.38 2.24  54.5 -0.433    19.44 21.18 02a59405o0402c 0x000000  -1.615385
59406.384232 20.009244      NaN   -58    12 c    0   5.69 288.34226 -16.80115  8091.90  7309.79 2.64 2.56 -80.9 -0.430    19.48 21.29 02a59406o0304c 0x000000  -4.833333
59406.387436 20.103715      NaN   -76    11 c    0   5.94 288.34226 -16.80115  8111.99  7348.76 2.56 2.48 -82.0 -0.430    19.48 21.30 02a59406o0311c 0x000000  -6.909091
59406.392008 20.103715      NaN   -36    11 c    0   8.05 288.34226 -16.80115  8053.47  7270.13 2.54 2.46 -86.7 -0.434    19.51 21.31 02a59406o0321c 0x000000  -3.272727
59406.398414 19.841877      NaN  -114    14 c    0   2.39 288.34226 -16.80115  8035.40  7386.17 2.67 2.59  80.3 -0.422    19.46 21.33 02a59406o0335c 0x000000  -8.142857
59409.388585 19.841877      NaN   -21    14 c    0   3.01 288.34226 -16.80115  8088.27  7312.40 2.76 2.64  54.3 -0.416    19.15 21.33 02a59409o0317c 0x000000  -1.500000
59409.390414 19.841877      NaN  -106    14 c    0   4.46 288.34226 -16.80115  8107.24  7350.87 2.78 2.55  39.8 -0.409    19.14 21.29 02a59409o0321c 0x000000  -7.571429
59409.393630 19.569016      NaN   -54    18 c    0   1.51 288.34226 -16.80115  8049.88  7273.06 3.06 2.91  54.4 -0.386    19.06 21.32 02a59409o0328c 0x000000  -3.000000
59409.400489 19.454622 0.289530    60    16 c    0   4.00 288.34226 -16.80115  8029.92  7388.48 2.61 2.43  55.9 -0.413    18.98 21.19 02a59409o0343c 0x000000   3.750000
59427.413327 20.103715      NaN  -136    11 c    0   9.00 288.34226 -16.80115  6163.11  7393.83 2.31 2.13 -77.8 -0.397    19.73 21.59 01a59427o0387c 0x000000 -12.363636
59427.417541 20.321591      NaN  -131     9 c    0  12.95 288.34226 -16.80115  6182.90  7432.05 2.31 2.12 -75.1 -0.405    19.73 21.58 01a59427o0396c 0x100001 -14.555556
59427.422686 19.652575      NaN    14    12 c    0  11.49 288.34226 -16.80115  6121.65  7354.78 2.29 2.08 -78.2 -0.403    19.73 21.57 01a59427o0407c 0x100001   1.166667
59427.434817 20.207197      NaN  -100    10 c    0   7.86 288.34226 -16.80115  6108.40  7469.18 2.23 2.20 -43.4 -0.382    19.67 21.45 01a59427o0433c 0x000000 -10.000000
59428.337306 20.321591      NaN   -88     9 c    0  10.43 288.34226 -16.80115  4414.64  3164.04 2.50 2.33  82.2 -0.387    19.56 21.47 01a59428o0225c 0x100001  -9.777778
59428.339149 19.241693 0.148731    73    10 c    0   4.29 288.34226 -16.80115  4392.23  3125.66 2.64 2.48  81.8 -0.378    19.52 21.47 01a59428o0229c 0x000000   7.300000
59428.341917 19.589310      NaN    20    11 c    0   7.13 288.34226 -16.80115  4450.64  3203.36 2.45 2.40  12.7 -0.384    19.57 21.48 01a59428o0235c 0x000000   1.818182
59428.350690 20.207197      NaN   -89    10 c    0   7.58 288.34226 -16.80115  4467.88  3087.18 2.75 2.60  83.9 -0.373    19.52 21.49 01a59428o0254c 0x000000  -8.900000
59431.377268 20.449472      NaN  -105     8 c    0   8.50 288.34226 -16.80115  6164.50  7401.14 2.30 2.23 -40.9 -0.382    19.61 21.47 01a59431o0314c 0x000000 -13.125000
59431.407097 20.207197      NaN  -125    10 c    0   7.92 288.34226 -16.80115  6184.81  7434.00 2.38 2.32 -31.2 -0.378    19.60 21.47 01a59431o0378c 0x000000 -12.500000
59431.410328 20.103715      NaN     9     8 c    0   5.74 288.34226 -16.80115  6128.81  7357.59 2.43 2.28 -76.9 -0.383    19.61 21.46 01a59431o0385c 0x000000   1.125000
59431.415855 20.171596      NaN     1    10 c    0   8.59 288.34226 -16.80115  6110.76  7472.91 2.45 2.29 -76.1 -0.384    19.63 21.45 01a59431o0397c 0x000000   0.100000
59435.375418 20.009244      NaN   -71    12 c    0   4.27 288.34226 -16.80115  2111.04   951.59 2.20 2.07  43.4 -0.444    19.78 21.52 01a59435o0273c 0x000000  -5.916667
59435.379106 20.207197      NaN   -34    10 c    0   7.60 288.34226 -16.80115  2132.03   989.47 2.26 2.12  49.1 -0.433    19.73 21.51 01a59435o0281c 0x000000  -3.400000
59435.404825 20.009244      NaN   -19    12 c    0   4.94 288.34226 -16.80115  2072.91   908.62 2.26 2.13  44.6 -0.439    19.70 21.55 01a59435o0336c 0x000000  -1.583333
59435.411270 20.103715      NaN    -5    11 c    0   5.21 288.34226 -16.80115  2055.61  1024.35 2.40 2.23  57.1 -0.425    19.68 21.55 01a59435o0350c 0x000000  -0.454545
59439.360941 20.321591      NaN  -128     9 c    0   4.94 288.34226 -16.80115  2099.13   946.72 2.50 2.31  41.0 -0.381    19.66 21.59 01a59439o0282c 0x000000 -14.222222
59439.364633 20.321591      NaN  -123     9 c    0   9.00 288.34226 -16.80115  2120.19   984.91 2.35 2.22  39.0 -0.405    19.70 21.59 01a59439o0290c 0x000000 -13.666667
59439.370620 20.207197      NaN    -7    10 c    0   7.05 288.34226 -16.80115  2060.64   906.73 2.47 2.27  42.5 -0.392    19.67 21.58 01a59439o0303c 0x000000  -0.700000
59439.406140 20.321591      NaN   -72     9 c    0   8.47 288.34226 -16.80115  2046.00  1020.04 2.66 2.51  42.1 -0.400    19.60 21.52 01a59439o0379c 0x000000  -8.000000
59454.326656 19.922338      NaN   -92    13 c    0   5.46 288.34226 -16.80115   435.71  1360.52 2.74 2.26 -51.3 -0.457    19.43 21.29 02a59454o0224c 0x000000  -7.076923
59454.328485 19.841877      NaN  -287    14 c    0   6.43 288.34226 -16.80115 10465.53  1351.06 2.89 2.16 -58.0 -0.437    19.58 21.33 02a59454o0228c 0x000000 -20.500000
59454.329856 20.103715      NaN  -156    11 c    0   5.64 288.34226 -16.80115   416.90  1320.14 3.02 2.50 -56.8 -0.432    19.37 21.28 02a59454o0231c 0x000000 -14.181818
59454.333058 20.009244      NaN   -85    12 c    0   3.49 288.34226 -16.80115   475.38  1398.51 2.81 2.35 -51.2 -0.442    19.38 21.27 02a59454o0238c 0x000000  -7.083333
59454.333974 19.841877      NaN  -158    14 c    0   6.59 288.34226 -16.80115 10446.22  1312.01 2.92 2.25 -57.9 -0.426    19.53 21.32 02a59454o0240c 0x000000 -11.285714
59454.337643 19.510313      NaN  -336    19 c    0   7.40 288.34226 -16.80115 10504.21  1389.37 2.92 2.24 -58.3 -0.423    19.52 21.32 02a59454o0248c 0x000000 -17.684211
59454.341308 16.927812      NaN    78   179 c    0   0.57 288.34226 -16.80115 10526.26  1273.05 2.85 2.15 -57.8 -0.424    19.56 21.30 02a59454o0256c 0x100002   0.435754
59454.348210 19.922338      NaN  -132    13 c    0   3.62 288.34226 -16.80115   496.23  1281.94 2.76 2.29 -51.3 -0.451    19.37 21.15 02a59454o0271c 0x000000 -10.153846
59454.351419 19.569016      NaN  -205    18 c    0   6.54 288.34226 -16.80115 10488.11  1332.43 2.78 2.09 -56.8 -0.434    19.50 21.11 02a59454o0278c 0x000000 -11.388889
59454.357209 19.696897      NaN  -200    16 c    0   2.42 288.34226 -16.80115   457.22  1341.97 2.96 2.65 -51.6 -0.426    19.17 20.87 02a59454o0290c 0x000000 -12.500000
59461.311625 20.009244 0.331753    36    11 c    0   4.40 288.34226 -16.80115  8189.30  5757.19 2.80 2.71  79.2 -0.402    19.41 21.26 02a59461o0203c 0x000000   3.272727
59461.314847 20.103715      NaN   -20    11 c    0   4.10 288.34226 -16.80115  8170.60  5717.81 2.85 2.75  67.5 -0.391    19.40 21.27 02a59461o0210c 0x000000  -1.818182
59461.320849 20.009244      NaN   -79    12 c    0   3.29 288.34226 -16.80115  8228.91  5796.96 2.86 2.74  65.2 -0.393    19.42 21.26 02a59461o0223c 0x000000  -6.583333
59461.334693 19.226921      NaN    35    13 c    0   3.09 288.34226 -16.80115  8251.54  5680.89 2.92 2.83  79.4 -0.391    19.35 21.23 02a59461o0253c 0x000000   2.692308
59465.311073 19.922338      NaN   -79    13 c    0   4.88 288.34226 -16.80115  8182.77  5763.85 2.97 2.40  42.4 -0.400    19.47 21.32 02a59465o0207c 0x000000  -6.076923
59465.314283 20.207197      NaN   -23    10 c    0   9.98 288.34226 -16.80115  8163.84  5725.30 2.75 2.37  45.0 -0.418    19.53 21.31 02a59465o0214c 0x000000  -2.300000
59465.320229 20.103715      NaN   -50    11 c    0   4.55 288.34226 -16.80115  8222.87  5802.23 2.63 2.36  53.3 -0.423    19.56 21.31 02a59465o0227c 0x000000  -4.545455
59465.330758 19.631075      NaN    15    12 c    0   5.86 288.34226 -16.80115  8243.65  5688.04 2.57 2.38  56.0 -0.424    19.58 21.29 02a59465o0250c 0x000000   1.250000
59513.203717 19.631075      NaN  -126    17 c    0   6.72 288.34226 -16.80115  6349.00  7812.59 2.63 2.44  55.0 -0.421    19.12 20.47 02a59513o0046c 0x000000  -7.411765
59513.207414 19.631075      NaN   -76    17 c    0   2.55 288.34226 -16.80115  6328.89  7773.97 2.66 2.44  58.2 -0.423    19.23 20.69 02a59513o0054c 0x000000  -4.470588
59513.212908 19.841877      NaN  -103    14 c    0   4.55 288.34226 -16.80115  6387.28  7851.81 2.62 2.43  60.0 -0.428    19.30 20.79 02a59513o0066c 0x000000  -7.357143
59513.224829 19.696897      NaN   -78    16 c    0   4.38 288.34226 -16.80115  6408.03  7735.64 2.71 2.50  58.6 -0.418    19.31 20.81 02a59513o0092c 0x000000  -4.875000