         MJD         m       dm   uJy  duJy F  err  chi/N        RA      Dec        x        y  maj  min   phi  apfit  mag5sig   Sky            Obs     Mask   __tmp_SN
57717.645134 17.909502      NaN   -17    83 c    0   1.80 136.49908 35.37333  8287.77  9884.32 4.75 4.68  38.9 -0.355    16.97 19.02 02a57717o0020c 0x100002  -0.204819
57717.661112 17.707197      NaN  -238   100 c    0   1.25 136.49908 35.37333  8253.49  9844.91 4.70 4.39  -1.0 -0.381    17.46 18.58 02a57717o0044c 0x100002  -2.380000
57718.537388 19.454622      NaN  -100    20 c    0   1.45 136.49908 35.37333  6422.20 10417.91 3.61 3.01 -13.4 -0.487    19.56 21.58 02a57718o0662c 0x000000  -5.000000
57718.549667 19.014394      NaN   -98    30 c    0   1.38 136.49908 35.37333  6438.83 10458.25 4.29 4.07   4.5 -0.371    19.37 21.49 02a57718o0685c 0x100002  -3.266667
57718.561869 19.510313      NaN  -110    19 c    0   1.20 136.49908 35.37333  6373.44 10383.19 3.73 3.33 -16.6 -0.439    19.70 21.78 02a57718o0708c 0x000000  -5.789474
57718.574069 18.757738      NaN  -142    38 c    0   1.51 136.49908 35.37333  6359.00 10503.83 3.50 2.92 -18.6 -0.505    19.74 21.76 02a57718o0731c 0x100002  -3.736842
57718.586163 19.256669      NaN  -106    24 c    0   1.23 136.49908 35.37333  6404.51 10444.73 3.83 3.47 -18.9 -0.418    19.57 21.64 02a57718o0754c 0x000000  -4.416667
57745.522059 16.913780      NaN    83   180 c    0   0.19 136.49908 35.37333  9699.00    46.63 3.90 3.74  80.9 -0.440    19.72 21.72 02a57745o0618c 0x100002   0.461111
57745.534025 19.510313      NaN   -81    19 c    0   2.43 136.49908 35.37333  9713.52    88.87 3.88 3.67  85.9 -0.449    19.67 21.61 02a57745o0638c 0x000000  -4.263158
57745.560620 19.454622      NaN  -114    20 c    0   1.37 136.49908 35.37333  9635.29   140.40 3.96 3.77  82.1 -0.422    19.61 21.50 02a57745o0682c 0x000000  -5.700000
57745.580011 19.569016      NaN   -55    18 c    0   2.06 136.49908 35.37333   833.80 10380.35 3.89 3.34  11.3 -0.445    19.59 21.47 02a57745o0714c 0x000000  -3.055556
57745.580525 19.569016      NaN  -118    18 c    0   1.89 136.49908 35.37333 10398.85 10405.36 3.73 3.31 -66.7 -0.514    19.61 21.50 02a57745o0715c 0x000000  -6.555556
57745.584147 19.401649      NaN   -82    21 c    0   2.02 136.49908 35.37333 10350.84 10460.69 3.81 3.29 -76.3 -0.474    19.61 21.50 02a57745o0721c 0x000000  -3.904762
57746.480445 19.631075      NaN  -111    17 c    0   1.49 136.49908 35.37333  8319.33 10043.04 3.51 3.20 -45.3 -0.426    19.77 21.81 02a57746o0565c 0x000000  -6.529412
57746.497311 19.696897      NaN   -82    16 c    0   1.22 136.49908 35.37333  8339.88 10085.36 3.53 3.24 -44.8 -0.426    19.77 21.84 02a57746o0597c 0x000000  -5.125000
57746.507674 19.569016      NaN   -63    18 c    0   1.41 136.49908 35.37333  8273.78 10007.79 3.71 3.55 -47.8 -0.395    19.76 21.88 02a57746o0617c 0x000000  -3.500000
57746.527523 19.696897      NaN   -74    16 c    0   1.58 136.49908 35.37333  8260.35 10128.76 3.62 3.36 -39.5 -0.414    19.80 21.93 02a57746o0655c 0x000000  -4.625000
57746.533877 19.631075      NaN  -114    17 c    0   1.21 136.49908 35.37333  8303.30 10070.00 3.52 3.22 -44.3 -0.429    19.82 21.93 02a57746o0667c 0x000000  -6.705882
57750.485861 19.696897      NaN  -106    16 c    0   1.81 136.49908 35.37333  6134.83  8261.66 3.80 3.72 -60.5 -0.442    19.67 21.75 02a57750o0405c 0x000000  -6.625000
57750.500379 17.774377      NaN   -78    94 c    0   1.30 136.49908 35.37333  6154.08  8300.76 4.18 4.11  55.8 -0.403    18.09 20.14 02a57750o0433c 0x100002  -0.829787
57750.511558 19.841877      NaN   -76    14 c    0   1.80 136.49908 35.37333  6102.56  8224.91 3.92 3.87  86.7 -0.433    19.69 21.80 02a57750o0455c 0x000000  -5.428571
57750.517691 18.280067      NaN   -50    59 c    0   1.47 136.49908 35.37333  6070.57  8342.74 4.11 4.03  74.3 -0.403    18.48 20.52 02a57750o0467c 0x100002  -0.847458
57750.531152 19.841877      NaN  -103    14 c    0   2.43 136.49908 35.37333  6116.91  8286.57 4.18 4.08  74.5 -0.397    19.62 21.74 02a57750o0493c 0x000000  -7.357143
57777.477608 19.766969      NaN   -86    15 c    0   1.52 136.49908 35.37333  7641.43  9679.04 3.82 3.64  81.5 -0.440    19.77 21.80 02a57777o0532c 0x000000  -5.733333
57777.489277 19.766969      NaN  -117    15 c    0   2.12 136.49908 35.37333  7623.91  9640.27 3.83 3.63  84.6 -0.437    19.75 21.79 02a57777o0553c 0x000000  -7.800000
57777.511233 19.766969      NaN  -117    15 c    0   1.42 136.49908 35.37333  7687.68  9719.86 3.82 3.60  83.2 -0.440    19.73 21.75 02a57777o0591c 0x000000  -7.800000
57777.513654 19.766969      NaN  -117    15 c    0   1.69 136.49908 35.37333  7704.32  9604.30 3.83 3.59  87.3 -0.439    19.74 21.76 02a57777o0596c 0x000000  -7.800000
57777.537018 19.631075      NaN   -81    17 c    0   1.39 136.49908 35.37333  7656.25  9664.00 3.88 3.62  86.7 -0.436    19.72 21.75 02a57777o0637c 0x000000  -4.764706
57778.446199 19.766969      NaN   -90    15 c    0   1.71 136.49908 35.37333  6450.97  8000.26 3.95 3.73  87.0 -0.410    19.69 21.74 02a57778o0334c 0x000000  -6.000000
57778.460800 19.766969      NaN   -68    15 c    0   1.43 136.49908 35.37333  4005.74  2412.96 3.92 3.77 -20.3 -0.389    19.68 21.71 02a57778o0362c 0x000000  -4.533333
57778.472258 19.766969      NaN  -123    15 c    0   1.40 136.49908 35.37333  4066.53  2485.09 3.85 3.73 -26.6 -0.396    19.67 21.69 02a57778o0385c 0x000000  -8.200000
57778.485087 19.766969      NaN  -108    15 c    0   1.33 136.49908 35.37333  4084.95  2372.28 3.82 3.70 -27.5 -0.396    19.68 21.66 02a57778o0409c 0x000000  -7.200000
57778.491160 19.696897      NaN   -78    16 c    0   1.44 136.49908 35.37333  4051.05  2425.68 3.82 3.73 -32.8 -0.399    19.68 21.65 02a57778o0421c 0x000000  -4.875000
57781.478563 19.631075      NaN  -126    17 c    0   1.29 136.49908 35.37333  7993.45  9963.22 3.45 3.21 -43.7 -0.406    19.80 21.82 02a57781o0468c 0x000000  -7.411765
57781.489579 19.766969      NaN  -118    15 c    0   1.41 136.49908 35.37333  7959.90  9923.16 3.39 3.13 -48.2 -0.423    19.80 21.81 02a57781o0488c 0x000000  -7.866667
57781.491039 19.766969      NaN  -103    15 c    0   1.81 136.49908 35.37333  8025.29 10003.87 3.45 3.20 -46.7 -0.423    19.79 21.81 02a57781o0491c 0x000000  -6.866667
57781.514921 19.696897      NaN  -112    16 c    0   1.51 136.49908 35.37333  8043.12  9888.01 3.43 3.14 -52.6 -0.430    19.78 21.79 02a57781o0532c 0x000000  -7.000000
57781.534074 19.631075      NaN   -78    17 c    0   1.50 136.49908 35.37333  8009.23  9943.77 3.56 3.32 -26.9 -0.415    19.76 21.80 02a57781o0564c 0x000000  -4.588235
57782.440403 19.696897      NaN   -92    16 c    0   1.62 136.49908 35.37333  6938.71  8990.29 3.49 3.38 -32.2 -0.403    19.72 21.68 02a57782o0483c 0x000000  -5.750000
57782.449215 19.696897      NaN   -69    16 c    0   1.40 136.49908 35.37333  3539.90  1418.85 3.83 3.73 -79.8 -0.403    19.74 21.70 02a57782o0500c 0x000000  -4.312500
57782.456491 19.766969      NaN   -54    15 c    0   1.29 136.49908 35.37333  3601.06  1498.75 3.86 3.76 -85.8 -0.397    19.72 21.69 02a57782o0514c 0x000000  -3.600000
57782.478691 19.766969      NaN  -107    15 c    0   1.65 136.49908 35.37333  3618.19  1384.00 3.93 3.85 -82.0 -0.395    19.71 21.70 02a57782o0557c 0x000000  -7.133333
57782.485360 19.766969      NaN   -90    15 c    0   1.87 136.49908 35.37333  3583.15  1436.92 3.85 3.74  88.8 -0.401    19.72 21.70 02a57782o0570c 0x000000  -6.000000
57786.433883 19.841877      NaN   -92    14 c    0   1.69 136.49908 35.37333  3823.95  2724.62 3.75 3.69 -81.9 -0.389    19.71 21.69 02a57786o0254c 0x000000  -6.571429
57786.446317 19.766969      NaN   -75    15 c    0   1.23 136.49908 35.37333  3806.63  2684.43 3.76 3.68 -82.4 -0.388    19.73 21.73 02a57786o0279c 0x000000  -5.000000
57786.469511 19.766969      NaN   -69    15 c    0   1.66 136.49908 35.37333  3853.58  2765.38 3.72 3.68 -64.6 -0.386    19.72 21.69 02a57786o0325c 0x000000  -4.600000
57786.477012 19.766969      NaN  -112    15 c    0   1.48 136.49908 35.37333  3881.39  2641.86 3.75 3.70 -80.1 -0.381    19.69 21.66 02a57786o0340c 0x000000  -7.466667
57786.490791 19.766969      NaN   -83    15 c    0   1.71 136.49908 35.37333  3839.68  2706.78 3.73 3.66 -71.6 -0.389    19.71 21.68 02a57786o0367c 0x000000  -5.533333
57806.408783 19.631075      NaN  -102    17 c    0   1.49 136.49908 35.37333  2609.92  1512.23 3.82 3.76 -54.5 -0.415    19.75 21.79 02a57806o0349c 0x000000  -6.000000
57806.411791 19.766969      NaN   -84    15 c    0   1.50 136.49908 35.37333  2593.72  1471.66 3.89 3.82 -56.9 -0.412    19.73 21.77 02a57806o0355c 0x000000  -5.600000
57806.436092 19.696897      NaN   -83    16 c    0   1.65 136.49908 35.37333  2659.10  1548.23 3.88 3.80 -50.4 -0.409    19.72 21.76 02a57806o0403c 0x000000  -5.187500
57806.443951 19.766969      NaN  -119    15 c    0   1.73 136.49908 35.37333  2671.71  1430.79 3.92 3.86 -42.7 -0.399    19.69 21.71 02a57806o0417c 0x000000  -7.933333
57806.457561 19.841877      NaN  -120    14 c    0   3.04 136.49908 35.37333  2646.37  1489.40 3.92 3.82 -38.1 -0.408    19.69 21.70 02a57806o0444c 0x000000  -8.571429
57809.423284 19.569016      NaN   -46    18 c    0   1.95 136.49908 35.37333  8497.17 10003.78 3.76 3.49 -75.2 -0.398    19.69 21.71 02a57809o0379c 0x000000  -2.555556
57809.435494 18.786693      NaN  -128    37 c    0   1.62 136.49908 35.37333  8479.79  9963.69 3.85 3.66 -87.9 -0.445    18.17 20.20 02a57809o0400c 0x100002  -3.459459
57809.457947 19.128787      NaN   -75    27 c    0   1.25 136.49908 35.37333  8528.93 10043.50 3.72 3.43 -80.1 -0.423    19.25 21.19 02a57809o0437c 0x000000  -2.777778
57809.461065 19.696897      NaN  -101    16 c    0   2.23 136.49908 35.37333  8545.38  9926.58 3.83 3.63 -79.8 -0.432    19.49 21.49 02a57809o0443c 0x000000  -6.312500
57809.480176 19.631075      NaN  -107    17 c    0   1.62 136.49908 35.37333  8515.76  9983.26 3.85 3.60 -88.7 -0.438    19.73 21.73 02a57809o0475c 0x000000  -6.294118
57817.305951 19.454622      NaN   -96    20 c    0   1.80 136.49908 35.37333  1447.59   873.63 4.07 3.88 -68.6 -0.438    19.15 20.78 02a57817o0090c 0x000000  -4.800000
57817.318486 19.510313      NaN  -103    19 c    0   1.68 136.49908 35.37333  1465.70   913.80 4.02 3.88 -67.9 -0.427    19.17 20.81 02a57817o0114c 0x000000  -5.421053
57817.339924 19.401649      NaN  -112    21 c    0   1.57 136.49908 35.37333  1398.32   838.67 4.03 3.89 -44.1 -0.427    19.21 20.86 02a57817o0154c 0x000000  -5.333333
57817.355097 19.351140      NaN  -105    22 c    0   1.41 136.49908 35.37333  1384.03   956.06 3.99 3.86 -49.2 -0.428    19.24 20.89 02a57817o0182c 0x000000  -4.772727
57817.378681 19.401649      NaN   -70    21 c    0   1.25 136.49908 35.37333  1417.72   900.40 4.10 3.88 -28.5 -0.417    19.26 20.91 02a57817o0224c 0x000000  -3.333333
57833.363055 19.401649      NaN   -84    21 c    0   1.80 136.49908 35.37333  8604.14  9093.65 3.41 3.02 -54.3 -0.448    19.06 20.92 02a57833o0260c 0x000000  -4.000000
57833.395886 19.051202      NaN  -367    29 c    0   6.91 136.49908 35.37333  8588.62  9050.94 4.57 3.64   1.6 -0.436    18.90 20.91 02a57833o0318c 0x000000 -12.655172
57833.396931 19.169763      NaN  -115    26 c    0   1.46 136.49908 35.37333  8636.94  9130.29 3.98 3.43  -6.8 -0.408    18.93 20.91 02a57833o0320c 0x000000  -4.423077
57833.417571 19.351140      NaN   -74    22 c    0   1.13 136.49908 35.37333  8651.82  9013.31 3.46 3.14 -52.9 -0.431    19.02 20.86 02a57833o0355c 0x000000  -3.363636
57833.440860 19.510313      NaN  -122    19 c    0   1.97 136.49908 35.37333  8623.81  9069.27 3.46 3.05 -64.9 -0.447    18.99 20.78 02a57833o0394c 0x000000  -6.421053
57837.364763 19.401649      NaN   -67    21 c    0   2.20 136.49908 35.37333  7890.74 10187.07 4.14 4.02  75.5 -0.416    18.86 20.69 02a57837o0191c 0x000000  -3.190476
57837.375326 19.454622      NaN   -82    20 c    0   2.40 136.49908 35.37333  7873.07 10145.92 4.38 3.98   5.5 -0.407    18.85 20.75 02a57837o0210c 0x000000  -4.100000
57837.397150 19.401649      NaN  -109    21 c    0   1.34 136.49908 35.37333  7921.33 10226.00 3.99 3.86  89.0 -0.438    18.92 20.75 02a57837o0248c 0x000000  -5.190476
57837.419112 19.351140      NaN   -88    22 c    0   1.61 136.49908 35.37333  7937.33 10107.74 3.90 3.78  89.3 -0.431    18.89 20.68 02a57837o0286c 0x000000  -4.000000
57837.423339 19.401649      NaN  -130    21 c    0   1.69 136.49908 35.37333  7906.11 10164.62 3.70 3.55 -76.3 -0.453    18.91 20.66 02a57837o0294c 0x000000  -6.190476
57838.357678 19.454622      NaN   -99    20 c    0   1.85 136.49908 35.37333  2848.92  2757.18 5.45 4.05  -3.0 -0.319    18.78 20.91 02a57838o0198c 0x000000  -4.950000
57838.375063 19.569016      NaN  -100    18 c    0   1.66 136.49908 35.37333  2833.97  2717.51 3.99 3.89 -73.5 -0.370    18.97 20.91 02a57838o0231c 0x000000  -5.555556
57838.384959 19.631075      NaN   -64    17 c    0   2.12 136.49908 35.37333  2882.09  2793.38 4.00 3.93 -80.7 -0.374    18.95 20.90 02a57838o0250c 0x000000  -3.764706
57838.391384 19.569016      NaN  -115    18 c    0   1.75 136.49908 35.37333  2916.37  2676.97 4.10 3.99 -78.0 -0.366    18.93 20.91 02a57838o0262c 0x000000  -6.388889
57838.413505 19.569016      NaN  -111    18 c    0   1.76 136.49908 35.37333  2870.15  2734.57 4.38 4.32 -56.7 -0.343    18.85 20.89 02a57838o0304c 0x000000  -6.166667
57865.379394 19.631075      NaN  -111    17 c    0   2.04 136.49908 35.37333  9469.28  9725.40 3.55 3.17   8.4 -0.390    19.20 20.53 02a57865o0231c 0x000000  -6.529412
57865.408889 16.960064      NaN   -57   199 c    0   1.04 136.49908 35.37333  9508.98  9768.22 3.37 3.08   7.6 -0.415    17.53 18.54 02a57865o0282c 0x100002  -0.286432
57865.409935 15.295370      NaN -2140   922 c    0   1.44 136.49908 35.37333    49.08  9640.05 3.09 2.99  15.4 -0.407    16.18 17.01 02a57865o0284c 0x100002  -2.321041
57865.423623 16.926048      NaN    16   200 c    0   1.09 136.49908 35.37333  9523.94  9649.42 3.38 3.04  11.1 -0.443    16.32 17.35 02a57865o0310c 0x100002   0.080000
57869.391576 20.103715      NaN  -105    11 c    0   2.20 136.49908 35.37333  3057.38  2154.65 3.15 2.55  18.3 -0.460    19.23 20.36 02a57869o0108c 0x000000  -9.545455
57869.406379 19.841877      NaN   -83    14 c    0   1.30 136.49908 35.37333  3074.44  2039.22 3.62 3.13  16.7 -0.425    19.04 20.31 02a57869o0136c 0x000000  -5.928571
57869.421136 19.766969      NaN  -116    15 c    0   1.45 136.49908 35.37333  3041.87  2102.02 3.16 2.59  15.6 -0.454    19.08 20.14 02a57869o0164c 0x000000  -7.733333
57894.259003 19.841877      NaN  -114    14 c    0   1.27 136.49908 35.37333  2674.15  2122.21 3.45 2.40  18.4 -0.452    19.55 21.06 02a57894o0049c 0x000000  -8.142857
57894.269427 19.841877      NaN   -73    14 c    0   1.20 136.49908 35.37333  2658.36  2081.59 3.50 2.50  18.1 -0.449    19.53 21.13 02a57894o0069c 0x000000  -5.214286
57894.282009 20.009244      NaN   -91    12 c    0   1.52 136.49908 35.37333  2720.96  2155.35 3.41 2.42  20.3 -0.474    19.58 21.11 02a57894o0093c 0x000000  -7.583333
57894.294584 20.009244      NaN  -126    12 c    0   1.63 136.49908 35.37333  2738.75  2036.17 3.37 2.43  20.6 -0.479    19.54 21.06 02a57894o0117c 0x000000 -10.500000
57894.307129 19.766969      NaN  -122    15 c    0   1.49 136.49908 35.37333  2707.55  2094.42 3.41 2.47  19.9 -0.478    19.50 20.99 02a57894o0141c 0x000000  -8.133333
58071.634986 20.321591      NaN  -114     9 c    0   1.34 136.49908 35.37333  5382.25  2600.81 2.55 2.37  47.5 -0.417    19.77 21.43 02a58071o0748c 0x000000 -12.666667
58071.644478 20.321591      NaN  -107     9 c    0   1.08 136.49908 35.37333  5397.50  2640.71 2.57 2.39  52.1 -0.415    19.68 21.28 02a58071o0766c 0x000000 -11.888889
58071.653406 19.922338      NaN  -108    13 c    0   1.70 136.49908 35.37333  5350.65  2563.81 2.55 2.38  54.8 -0.422    19.10 20.09 02a58071o0783c 0x000000  -8.307692
58075.633945 20.321591      NaN  -103     9 c    0   1.10 136.49908 35.37333  5373.75  3653.76 2.48 2.36  52.1 -0.417    19.61 21.32 02a58075o0799c 0x000000 -11.444444
58075.646374 20.207197      NaN   -96    10 c    0   1.38 136.49908 35.37333  5092.01  6741.21 2.42 2.28  15.6 -0.450    19.66 21.28 02a58075o0817c 0x000000  -9.600000
58079.632296 20.449472      NaN  -108     8 c    0   1.44 136.49908 35.37333  4799.61  5311.56 2.38 2.29  49.3 -0.439    19.81 21.62 02a58079o0837c 0x000000 -13.500000
58079.641824 20.449472      NaN   -94     8 c    0   1.26 136.49908 35.37333  4781.34  5272.20 2.50 2.33  11.6 -0.433    19.79 21.63 02a58079o0855c 0x000000 -11.750000
58079.652471 19.766969      NaN  -114    15 c    0   1.03 136.49908 35.37333  4841.73  5349.42 3.03 2.32   2.1 -0.452    19.41 20.90 02a58079o0872c 0x000000  -7.600000
58079.664115 17.883650      NaN  -207    85 c    0   1.08 136.49908 35.37333  4851.04  5228.15 2.74 2.38   6.7 -0.484    17.19 17.99 02a58079o0890c 0x100002  -2.435294
58135.553392 18.944322 0.135717    96    12 c    0   1.63 136.49908 35.37333  6294.00  6550.20 3.03 2.92  67.8 -0.413    19.56 21.60 02a58135o0741c 0x000000   8.000000
58135.563012 18.933071 0.134318    97    12 c    0   1.40 136.49908 35.37333  6278.57  6509.03 2.90 2.78  55.5 -0.424    19.63 21.62 02a58135o0760c 0x000000   8.083333
58135.581868 18.776955 0.106635   112    11 c    0   1.95 136.49908 35.37333  6327.09  6585.57 2.86 2.76  52.3 -0.420    19.62 21.62 02a58135o0799c 0x000000  10.181818
58135.585303 19.051202 0.137277    87    11 c    0   1.68 136.49908 35.37333  6358.90  6470.84 2.80 2.72  51.2 -0.436    19.65 21.62 02a58135o0806c 0x000000   7.909091
58167.488309 17.215145 0.032204   472    14 c    0   1.63 136.49908 35.37333  7037.94  4803.74 2.52 2.39  50.3 -0.440    19.62 21.54 02a58167o0579c 0x000000  33.714286
58167.498243 17.192382 0.038294   482    17 c    0   1.55 136.49908 35.37333  7005.47  4763.65 2.58 2.46  54.9 -0.439    19.31 21.14 02a58167o0600c 0x000000  28.352941
58167.514946 17.247836 0.028447   458    12 c    0   2.77 136.49908 35.37333  7068.71  4841.91 2.72 2.61  50.5 -0.425    19.58 21.45 02a58167o0635c 0x000000  38.166667
58167.518622 17.212847 0.032136   473    14 c    0   1.19 136.49908 35.37333  7085.30  4725.64 2.71 2.57  46.4 -0.430    19.61 21.58 02a58167o0643c 0x000000  33.785714
58171.461927 17.291368 0.101171   440    41 c    0   0.98 136.49908 35.37333  5716.77  4944.30 2.56 2.48  54.9 -0.434    18.10 19.85 02a58171o0314c 0x100002  10.731707
58171.480024 17.533643 0.037014   352    12 c    0   1.81 136.49908 35.37333  5778.90  5020.43 2.47 2.36  40.5 -0.441    19.76 21.62 02a58171o0348c 0x000000  29.333333
58171.482800 17.467821 0.034836   374    12 c    0   1.92 136.49908 35.37333  5795.15  4904.48 2.44 2.35  35.1 -0.439    19.75 21.62 02a58171o0354c 0x000000  31.166667
58194.367610 19.549093 0.177666    55     9 c    0   1.73 136.49908 35.37333  3662.64  1299.92 2.51 2.39  59.3 -0.426    19.79 21.69 02a58194o0331c 0x000000   6.111111
58194.373655 19.696897 0.248815    48    11 c    0   1.37 136.49908 35.37333  3693.75  1336.85 2.48 2.31  55.8 -0.431    19.84 21.67 02a58194o0344c 0x000000   4.363636
58194.374568 19.472870 0.184023    59    10 c    0   1.16 136.49908 35.37333  3646.50  1278.94 2.50 2.34  56.4 -0.421    19.81 21.67 02a58194o0346c 0x000000   5.900000
58194.388805 19.510313 0.171432    57     9 c    0   1.65 136.49908 35.37333  3726.00  1221.02 2.52 2.34  48.2 -0.428    19.82 21.65 02a58194o0376c 0x000000   6.333333
58227.349234 19.510313      NaN   -10    19 c    0   1.04 136.49908 35.37333  7237.26  4704.20 2.86 2.72 -49.8 -0.396    19.14 20.96 02a58227o0099c 0x000000  -0.526316
58251.318946 20.103715      NaN   -34    11 c    0   1.15 136.49908 35.37333  4432.25  6796.59 2.68 2.48 -42.6 -0.407    19.59 21.27 02a58251o0206c 0x000000  -3.090909
58251.330151 20.321591      NaN   -59     9 c    0   2.23 136.49908 35.37333  4417.04  6757.49 2.63 2.47 -32.7 -0.410    19.52 21.23 02a58251o0229c 0x000000  -6.555556
58251.341164 20.009244      NaN   -21    12 c    0   1.18 136.49908 35.37333  4478.88  6835.32 2.66 2.44 -39.1 -0.407    19.51 21.20 02a58251o0252c 0x000000  -1.750000
58251.352534 19.841877      NaN   -45    14 c    0   0.99 136.49908 35.37333  4494.68  6718.46 2.59 2.47 -23.0 -0.427    19.47 21.12 02a58251o0275c 0x000000  -3.214286
58279.280828 19.696897      NaN   -76    16 c    0   1.32 136.49908 35.37333  7829.37  5551.26 2.82 2.68 -41.6 -0.406    19.16 20.66 02a58279o0090c 0x000000  -4.750000
58279.291924 19.696897      NaN   -94    16 c    0   1.63 136.49908 35.37333  7796.26  5513.35 2.78 2.65 -40.8 -0.424    19.09 20.61 02a58279o0113c 0x000000  -5.875000
58279.304682 19.454622      NaN   -19    20 c    0   1.06 136.49908 35.37333  7857.65  5596.35 2.81 2.56 -37.2 -0.397    19.05 20.48 02a58279o0136c 0x000000  -0.950000
58279.315811 19.351140      NaN   -61    22 c    0   1.44 136.49908 35.37333  7872.05  5480.59 2.78 2.61 -33.9 -0.419    18.88 20.32 02a58279o0159c 0x000000  -2.772727
58283.270310 19.631075      NaN   -78    17 c    0   1.51 136.49908 35.37333  7683.39  7215.58 2.83 2.64 -51.2 -0.404    19.15 20.50 02a58283o0065c 0x000000  -4.588235
58287.251406 11.638373      NaN 24263 18675 c    0   0.97 136.49908 35.37333  5103.52  5691.24 2.75 2.50 -45.9 -0.460    11.81 12.76 02a58287o0023c 0x100002   1.299224
58287.256803 16.998944      NaN  -214   192 c    0   1.07 136.49908 35.37333  5092.89  5648.21 2.72 2.61 -30.1 -0.448    16.83 18.02 02a58287o0034c 0x100002  -1.114583
58287.264847 18.816441      NaN   -79    36 c    0   1.36 136.49908 35.37333  5154.39  5725.78 2.53 2.41  -8.8 -0.444    17.94 19.05 02a58287o0050c 0x100002  -2.194444
58287.276043 19.169763      NaN   -94    26 c    0   1.01 136.49908 35.37333  5167.24  5611.31 2.68 2.53 -26.2 -0.429    18.69 19.88 02a58287o0072c 0x000000  -3.615385
58456.661614 19.631075      NaN  -103    17 c    0   0.97 136.49908 35.37333   255.68  2596.22 2.43 2.27  41.8 -0.446    19.07 20.09 02a58456o0881c 0x000000  -6.058824
58459.567098 20.207197      NaN   -74    10 c    0   1.34 136.49908 35.37333  4332.10   654.38 2.93 2.63  39.6 -0.416    19.73 21.79 02a58459o0780c 0x000000  -7.400000
58459.586208 20.449472      NaN  -104     8 c    0   1.89 136.49908 35.37333  4352.28   697.50 2.84 2.51  37.0 -0.419    19.78 21.81 02a58459o0817c 0x000000 -13.000000
58459.588885 20.449472      NaN   -96     8 c    0   1.71 136.49908 35.37333  4289.65   619.12 2.84 2.53  36.5 -0.419    19.76 21.81 02a58459o0822c 0x000000 -12.000000
58459.601072 20.321591      NaN   -98     9 c    0   1.44 136.49908 35.37333  4277.07   736.42 2.85 2.55  40.0 -0.421    19.78 21.81 02a58459o0846c 0x000000 -10.888889
58460.612926 20.009244      NaN   -90    12 c    0   1.56 136.49908 35.37333  7773.56   208.65 3.15 2.69  36.1 -0.404    19.74 21.92 02a58460o0912c 0x000000  -7.500000
58460.622697 20.207197      NaN  -109    10 c    0   2.01 136.49908 35.37333  7754.86   171.04 3.25 2.85  34.5 -0.391    19.72 21.96 02a58460o0933c 0x000000 -10.900000
58460.632471 19.841877      NaN   -98    14 c    0   1.07 136.49908 35.37333  7813.09   249.61 3.18 2.72  40.0 -0.397    19.75 21.94 02a58460o0954c 0x000000  -7.000000
58460.642343 20.207197      NaN   -96    10 c    0   1.35 136.49908 35.37333  7827.48   131.04 3.15 2.65  40.8 -0.408    19.79 21.93 02a58460o0975c 0x000000  -9.600000
58487.522835 20.103715      NaN   -65    11 c    0   1.05 136.49908 35.37333  4108.73  7956.33 2.64 2.51 -15.5 -0.420    19.66 21.68 02a58487o0669c 0x000000  -5.909091
58487.532268 20.207197      NaN   -79    10 c    0   1.13 136.49908 35.37333  4074.36  7916.21 2.60 2.49 -28.7 -0.425    19.68 21.66 02a58487o0689c 0x000000  -7.900000
58487.550705 19.922338      NaN   -89    13 c    0   1.00 136.49908 35.37333  4148.59  7876.48 2.58 2.51 -15.0 -0.425    19.70 21.66 02a58487o0723c 0x000000  -6.846154
58487.552288 20.207197      NaN  -127    10 c    0   1.22 136.49908 35.37333  4131.98  7993.28 2.61 2.52 -20.5 -0.425    19.69 21.66 02a58487o0726c 0x000000 -12.700000
58492.593252 20.207197      NaN  -115    10 c    0   1.73 136.49908 35.37333  7655.11  4102.64 2.59 2.52 -81.6 -0.414    19.68 21.79 02a58492o0831c 0x000000 -11.500000
58492.607453 20.103715      NaN  -107    11 c    0   1.38 136.49908 35.37333  7639.21  4063.41 2.66 2.55 -81.6 -0.410    19.66 21.76 02a58492o0862c 0x000000  -9.727273
58492.610511 20.207197      NaN   -92    10 c    0   1.52 136.49908 35.37333  7684.69  4141.03 2.80 2.56 -51.8 -0.399    19.67 21.77 02a58492o0868c 0x000000  -9.200000
58492.621673 20.321591      NaN  -105     9 c    0   1.38 136.49908 35.37333  7700.44  4024.90 2.63 2.56 -86.2 -0.406    19.66 21.74 02a58492o0892c 0x000000 -11.666667
58519.467900 20.321591      NaN   -90     9 c    0   1.58 136.49908 35.37333  8175.06  9954.89 2.58 2.47  19.0 -0.424    19.83 21.80 02a58519o0539c 0x000000 -10.000000
58519.477500 20.103715      NaN  -103    11 c    0   1.50 136.49908 35.37333  8139.96  9913.04 2.74 2.65  16.1 -0.422    19.77 21.80 02a58519o0558c 0x000000  -9.363636
58519.496547 20.207197      NaN  -108    10 c    0   1.36 136.49908 35.37333  8198.93  9995.14 2.63 2.42  17.2 -0.423    19.83 21.81 02a58519o0595c 0x000000 -10.800000
58519.499947 20.207197      NaN   -88    10 c    0   1.83 136.49908 35.37333  8213.61  9877.67 2.46 2.34 -20.8 -0.410    19.77 21.90 02a58519o0602c 0x000000  -8.800000
58520.545733 20.009244      NaN  -142    12 c    0   1.40 136.49908 35.37333  9814.18   292.26 3.05 2.71  41.1 -0.383    19.76 21.87 02a58520o0024c 0x000000 -11.833333
58520.546190 20.009244      NaN   -70    12 c    0   1.75 136.49908 35.37333   113.43   153.53 3.02 2.53  39.8 -0.490    19.67 21.81 02a58520o0025c 0x000000  -5.833333
58520.549707 20.103715      NaN  -105    11 c    0   2.20 136.49908 35.37333  9829.16   173.98 2.89 2.76  46.6 -0.383    19.71 21.86 02a58520o0032c 0x000000  -9.545455
58523.467403 20.103715      NaN   -74    11 c    0   1.47 136.49908 35.37333  4371.99  9913.97 2.82 2.32   5.5 -0.458    19.75 21.72 02a58523o0537c 0x000000  -6.727273
58523.477395 19.922338      NaN   -74    13 c    0   0.86 136.49908 35.37333  4415.27  9950.92 2.82 2.34   6.7 -0.452    19.73 21.70 02a58523o0556c 0x000000  -5.692308
58523.478310 19.922338      NaN   -79    13 c    0   1.18 136.49908 35.37333  4352.04  9872.73 2.81 2.35   4.7 -0.456    19.73 21.70 02a58523o0558c 0x000000  -6.076923
58523.480787 20.207197      NaN   -98    10 c    0   1.90 136.49908 35.37333  4431.38  9833.73 2.75 2.28   5.7 -0.463    19.77 21.71 02a58523o0563c 0x000000  -9.800000
58576.412658 20.207197      NaN  -106    10 c    0   1.22 136.49908 35.37333  9627.22  2223.14 2.48 2.29 -51.0 -0.418    19.70 21.51 02a58576o0409c 0x000000 -10.600000
58576.417540 20.321591      NaN   -96     9 c    0   1.56 136.49908 35.37333  9611.68  2182.86 2.48 2.27 -53.8 -0.421    19.68 21.52 02a58576o0419c 0x000000 -10.666667
58576.432630 20.321591      NaN   -96     9 c    0   1.43 136.49908 35.37333  9676.28  2260.72 2.60 2.32 -52.2 -0.418    19.64 21.47 02a58576o0452c 0x000000 -10.666667
58576.436128 20.321591      NaN   -84     9 c    0   2.23 136.49908 35.37333  9692.38  2143.54 2.45 2.31 -49.4 -0.414    19.65 21.47 02a58576o0459c 0x000000  -9.333333
58579.356543 20.103715      NaN   -78    11 c    0   1.52 136.49908 35.37333  2470.63  9942.59 2.52 2.44 -38.5 -0.418    19.69 21.54 02a58579o0293c 0x000000  -7.090909
58579.365156 20.207197      NaN  -122    10 c    0   2.00 136.49908 35.37333  2454.31  9902.71 2.54 2.34 -35.0 -0.429    19.65 21.53 02a58579o0311c 0x000000 -12.200000
58579.371679 20.207197      NaN  -108    10 c    0   1.47 136.49908 35.37333  2503.01  9978.00 2.48 2.31 -31.8 -0.429    19.72 21.51 02a58579o0324c 0x000000 -10.800000
58579.386488 20.103715      NaN   -92    11 c    0   1.21 136.49908 35.37333  2520.31  9858.68 2.48 2.32 -46.0 -0.432    19.67 21.46 02a58579o0355c 0x000000  -8.363636
58580.381105 20.009244      NaN   -91    12 c    0   1.16 136.49908 35.37333  3710.00   200.06 2.50 2.23 -61.7 -0.409    19.68 21.39 02a58580o0340c 0x000000  -7.583333
58580.392996 19.922338      NaN  -106    13 c    0   1.14 136.49908 35.37333  3695.69   159.91 2.50 2.25 -60.4 -0.402    19.66 21.33 02a58580o0366c 0x000000  -8.153846
58580.411117 20.009244      NaN   -68    12 c    0   1.44 136.49908 35.37333  3762.07   235.74 2.56 2.30 -63.0 -0.409    19.59 21.24 02a58580o0405c 0x000000  -5.666667
58580.413697 20.009244      NaN   -85    12 c    0   1.23 136.49908 35.37333  3777.00   116.72 2.53 2.32 -70.6 -0.407    19.54 21.22 02a58580o0410c 0x000000  -7.083333
58583.352200 19.569016      NaN   -88    18 c    0   1.64 136.49908 35.37333  2520.14  5966.68 4.18 4.05 -50.7 -0.346    18.92 21.09 02a58583o0189c 0x000000  -4.888889
58603.328616 19.841877      NaN  -117    14 c    0   1.00 136.49908 35.37333  4074.42  6033.16 2.39 2.36  16.5 -0.406    19.48 21.15 02a58603o0219c 0x000000  -8.357143
58603.337664 20.103715      NaN   -99    11 c    0   1.54 136.49908 35.37333  4043.78  5994.03 2.47 2.43  15.1 -0.411    19.42 21.13 02a58603o0238c 0x000000  -9.000000
58603.346695 19.922338      NaN  -116    13 c    0   1.32 136.49908 35.37333  4107.91  6071.01 2.55 2.47  43.0 -0.397    19.38 21.09 02a58603o0257c 0x000000  -8.923077
58603.356064 19.922338      NaN  -129    13 c    0   1.04 136.49908 35.37333  4125.15  5953.06 2.39 2.31 -30.6 -0.414    19.37 21.05 02a58603o0276c 0x000000  -9.923077
58612.269047 19.766969      NaN   -97    15 c    0   0.87 136.49908 35.37333  8851.90   653.02 2.52 2.21 -60.0 -0.406    19.58 20.96 02a58612o0082c 0x000000  -6.466667
58612.270930 20.009244      NaN   -69    12 c    0   1.49 136.49908 35.37333  8832.24   613.16 2.52 2.21 -59.2 -0.408    19.55 20.98 02a58612o0086c 0x000000  -5.750000
58612.276042 20.009244      NaN  -113    12 c    0   1.46 136.49908 35.37333  8891.49   692.42 2.47 2.15 -55.8 -0.419    19.60 20.98 02a58612o0097c 0x000000  -9.416667
58612.291401 19.841877      NaN  -114    14 c    0   1.42 136.49908 35.37333  8911.78   572.02 2.53 2.20 -56.2 -0.410    19.58 21.02 02a58612o0130c 0x000000  -8.142857
58635.268986 19.922338      NaN   -91    13 c    0   1.53 136.49908 35.37333  8911.14  7072.62 2.73 2.38  37.0 -0.398    19.57 21.03 02a58635o0084c 0x000000  -7.000000
58635.271859 19.922338      NaN  -105    13 c    0   0.89 136.49908 35.37333  8892.22  7032.66 2.73 2.38  36.4 -0.399    19.56 21.04 02a58635o0090c 0x000000  -8.076923
58635.277640 19.922338      NaN   -86    13 c    0   1.08 136.49908 35.37333  8951.11  7110.05 2.73 2.46  32.8 -0.400    19.53 21.07 02a58635o0102c 0x000000  -6.615385
58635.287387 20.207197      NaN   -92    10 c    0   2.23 136.49908 35.37333  8972.26  6993.49 2.60 2.44  31.1 -0.405    19.54 21.06 02a58635o0123c 0x000000  -9.200000
58791.613374 20.321591      NaN  -104     9 c    0   1.29 136.49908 35.37333  3577.22  3464.49 2.33 2.25  56.0 -0.409    19.54 21.12 02a58791o0862c 0x000000 -11.555556
58791.617990 20.321591      NaN  -115     9 c    0   1.79 136.49908 35.37333  3602.80  3503.01 2.34 2.27  67.2 -0.406    19.58 21.16 02a58791o0871c 0x000000 -12.777778
58791.626577 20.321591      NaN  -110     9 c    0   1.21 136.49908 35.37333  3546.38  3425.82 2.38 2.25  56.5 -0.406    19.65 21.25 02a58791o0888c 0x000000 -12.222222
58791.639198 20.103715      NaN  -119    11 c    0   0.99 136.49908 35.37333  3523.81  3546.03 2.31 2.23  61.1 -0.409    19.66 21.28 02a58791o0913c 0x000000 -10.818182
58796.597665 20.009244      NaN  -105    12 c    0   1.22 136.49908 35.37333  9432.18  7798.03 2.68 2.57  50.6 -0.397    19.64 21.21 02a58796o0870c 0x000000  -8.750000
58796.598121 20.321591      NaN  -106     9 c    0   1.78 136.49908 35.37333  9432.08  7798.03 2.64 2.56  54.4 -0.397    19.69 21.22 02a58796o0871c 0x000000 -11.777778
58796.604684 20.009244      NaN  -102    12 c    0   1.06 136.49908 35.37333  9385.39  7762.83 2.67 2.62  84.8 -0.398    19.66 21.23 02a58796o0884c 0x000000  -8.500000
58796.614705 20.321591      NaN  -103     9 c    0   2.14 136.49908 35.37333  9364.58  7882.54 2.66 2.56  48.3 -0.397    19.64 21.22 02a58796o0905c 0x000000 -11.444444
58796.652457 19.256669      NaN  -139    24 c    0   0.92 136.49908 35.37333  9410.61  7830.01 2.79 2.59 -65.7 -0.391    19.02 20.03 02a58796o0985c 0x000000  -5.791667
58816.489647 20.103715      NaN   -81    11 c    0   1.39 136.49908 35.37333  1744.91  9943.77 2.67 2.42 -42.7 -0.430    19.58 21.40 02a58816o0653c 0x000000  -7.363636
58816.492523 20.103715      NaN   -85    11 c    0   1.15 136.49908 35.37333  1764.85  9983.78 2.64 2.38 -45.8 -0.430    19.62 21.44 02a58816o0659c 0x000000  -7.727273
58816.498734 20.009244      NaN  -106    12 c    0   1.15 136.49908 35.37333  1705.84  9903.02 2.71 2.42 -32.5 -0.422    19.60 21.47 02a58816o0672c 0x000000  -8.833333
58816.514876 20.207197      NaN  -120    10 c    0   1.25 136.49908 35.37333  1677.97 10023.07 2.57 2.34 -40.9 -0.417    19.63 21.53 02a58816o0706c 0x000000 -12.000000
58868.505324 20.321591      NaN  -118     9 c    0   1.78 136.49908 35.37333  9082.39  8819.31 2.86 2.56 -62.4 -0.382    19.81 21.84 02a58868o0664c 0x000000 -13.111111
58871.462506 20.449472      NaN   -93     8 c    0   1.15 136.49908 35.37333  1502.55  1754.16 2.69 2.32 -55.3 -0.418    19.76 21.73 02a58871o0528c 0x000000 -11.625000
58871.466216 20.207197      NaN   -94    10 c    0   1.02 136.49908 35.37333  1522.04  1792.59 2.45 2.30 -64.1 -0.424    19.80 21.73 02a58871o0535c 0x000000  -9.400000
58871.471997 20.207197      NaN   -99    10 c    0   1.30 136.49908 35.37333  1467.40  1716.10 2.73 2.32 -56.9 -0.422    19.79 21.72 02a58871o0546c 0x000000  -9.900000
58871.485740 20.207197      NaN  -105    10 c    0   0.84 136.49908 35.37333  1453.76  1839.12 2.71 2.36 -62.3 -0.413    19.78 21.68 02a58871o0573c 0x000000 -10.500000
58875.482175 20.449472      NaN  -114     8 c    0   1.78 136.49908 35.37333  2921.44  4884.91 2.32 2.24 -53.0 -0.415    19.82 21.84 02a58875o0596c 0x000000 -14.250000
58875.485027 20.321591      NaN   -88     9 c    0   1.36 136.49908 35.37333  2902.63  4847.37 2.32 2.20 -53.8 -0.415    19.86 21.85 02a58875o0602c 0x000000  -9.777778
58875.491177 20.321591      NaN  -116     9 c    0   1.02 136.49908 35.37333  2961.70  4924.11 2.32 2.23 -53.6 -0.412    19.82 21.84 02a58875o0615c 0x000000 -12.888889
58875.501446 20.449472      NaN  -109     8 c    0   1.36 136.49908 35.37333  2981.32  4807.97 2.38 2.26 -46.5 -0.408    19.83 21.84 02a58875o0635c 0x000000 -13.625000
58876.505139 19.766969      NaN   -92    15 c    0   0.80 136.49908 35.37333  2913.12  4886.09 2.37 2.29  34.6 -0.406    19.31 21.19 02a58876o0630c 0x000000  -6.133333
58876.508967 19.631075      NaN  -135    17 c    0   1.34 136.49908 35.37333  2896.00  4846.85 2.38 2.29  43.9 -0.404    19.08 20.87 02a58876o0638c 0x000000  -7.941176
58876.514586 19.631075      NaN  -104    17 c    0   1.08 136.49908 35.37333  2952.42  4923.18 2.44 2.34  50.5 -0.400    19.06 20.88 02a58876o0650c 0x000000  -6.117647
58876.525463 19.766969      NaN  -116    15 c    0   1.54 136.49908 35.37333  2968.47  4806.86 2.41 2.29  40.9 -0.400    19.11 20.87 02a58876o0673c 0x000000  -7.733333
58880.431599 19.510313      NaN   -97    19 c    0   1.19 136.49908 35.37333  7664.07  5686.08 2.54 2.47 -87.6 -0.395    18.84 20.65 02a58880o0137c 0x000000  -5.105263
58880.435044 18.317510      NaN   -47    57 c    0   0.91 136.49908 35.37333  7683.48  5723.38 2.65 2.55 -80.6 -0.395    17.78 19.58 02a58880o0144c 0x100002  -0.824561
58880.440590 17.833722      NaN   -76    89 c    0   0.91 136.49908 35.37333  7626.86  5647.58 2.66 2.50 -68.5 -0.397    17.50 19.27 02a58880o0156c 0x100002  -0.853933
58880.452478 15.394347      NaN   707   606 c    0   0.89 136.49908 35.37333  2974.25  4807.78 2.67 2.40 -54.0 -0.393    15.20 16.87 02a58880o0181c 0x100002   1.166667
58900.451819 20.103715      NaN   -13    11 c    0   1.30 136.49908 35.37333  2795.49   904.52 2.86 2.52 -58.8 -0.406    19.69 21.81 02a58900o0496c 0x000000  -1.181818
58900.454768 20.103715      NaN    -8    11 c    0   1.50 136.49908 35.37333  2775.69   863.79 3.11 2.90 -68.0 -0.402    19.57 21.81 02a58900o0502c 0x000000  -0.727273
58900.459484 20.039830      NaN     2    11 c    0   1.54 136.49908 35.37333  2836.77   941.71 3.08 2.80 -60.1 -0.403    19.61 21.80 02a58900o0512c 0x000000   0.181818
58900.471218 20.103715      NaN    -2    11 c    0   1.29 136.49908 35.37333  2859.92   824.05 3.06 2.75 -61.3 -0.396    19.61 21.79 02a58900o0537c 0x000000  -0.181818
58932.394474 19.674510      NaN    19    10 c    0   1.03 136.49908 35.37333  5073.63  2558.56 2.44 2.41 -81.7 -0.392    19.70 21.67 02a58932o0375c 0x000000   1.900000
58932.397710 20.103715      NaN    -7    11 c    0   0.87 136.49908 35.37333  5055.33  2519.51 2.43 2.39  71.1 -0.394    19.71 21.69 02a58932o0382c 0x000000  -0.636364
58932.404606 19.472870      NaN    20    13 c    0   0.83 136.49908 35.37333  5113.94  2596.88 2.47 2.44  67.7 -0.396    19.68 21.63 02a58932o0397c 0x000000   1.538462
58932.418141 19.979496      NaN     7    10 c    0   1.57 136.49908 35.37333  5134.12  2477.45 2.49 2.38 -63.6 -0.392    19.63 21.56 02a58932o0426c 0x000000   0.700000
58956.344089 19.631075      NaN    15    12 c    0   1.48 136.49908 35.37333  4953.51  5271.58 2.88 2.44  38.8 -0.375    19.58 21.51 02a58956o0248c 0x000000   1.250000
58956.346922 19.719755      NaN    17    10 c    0   1.46 136.49908 35.37333  4934.62  5232.59 2.54 2.52  40.5 -0.394    19.60 21.49 02a58956o0254c 0x000000   1.700000
58956.353592 20.039830      NaN     2    11 c    0   1.09 136.49908 35.37333  4992.03  5308.70 2.56 2.51  48.1 -0.391    19.59 21.49 02a58956o0268c 0x000000   0.181818
58956.363386 19.631075      NaN    24     9 c    0   1.97 136.49908 35.37333  5011.85  5192.85 2.58 2.52  46.9 -0.390    19.55 21.46 02a58956o0289c 0x000000   2.666667
58959.270815 20.207197      NaN     0    10 c    0   1.44 136.49908 35.37333  4968.49  5281.34 2.51 2.24  39.1 -0.395    19.71 21.37 02a58959o0098c 0x000000   0.000000
58959.276326 19.841877      NaN     9    11 c    0   1.46 136.49908 35.37333  4948.83  5241.83 2.52 2.26  42.8 -0.392    19.70 21.36 02a58959o0109c 0x000000   0.818182
58959.280181 19.894850      NaN     7    11 c    0   1.33 136.49908 35.37333  5006.35  5318.71 2.53 2.23  40.9 -0.393    19.72 21.35 02a58959o0117c 0x000000   0.636364
58959.295596 19.922338      NaN     9    10 c    0   1.44 136.49908 35.37333  5020.34  5200.78 2.56 2.28  36.4 -0.391    19.64 21.35 02a58959o0148c 0x000000   0.900000
58960.308973 20.103715      NaN    -1    11 c    0   1.37 136.49908 35.37333  4957.58  5271.24 2.57 2.26  37.8 -0.390    19.64 21.33 02a58960o0177c 0x000000  -0.090909
58960.311752 20.103715      NaN    -2    11 c    0   1.04 136.49908 35.37333  4938.14  5232.22 2.61 2.23  37.5 -0.388    19.64 21.32 02a58960o0183c 0x000000  -0.181818
58960.317941 19.696897      NaN    12    12 c    0   1.07 136.49908 35.37333  4995.08  5310.22 2.59 2.22  40.5 -0.384    19.66 21.32 02a58960o0195c 0x000000   1.000000
58960.328441 20.449472      NaN    -7     8 c    0   1.66 136.49908 35.37333  5018.04  5192.25 2.49 2.22  41.6 -0.394    19.67 21.33 02a58960o0217c 0x000000  -0.875000
58964.309997 15.671578      NaN  -268   652 c    0   1.05 136.49908 35.37333  6808.69   716.52 2.66 2.39 -65.0 -0.393    14.98 16.34 02a58964o0164c 0x100002  -0.411043
58964.314186 16.251091      NaN    94   351 c    0   1.41 136.49908 35.37333  6788.74   676.79 2.76 2.48 -60.8 -0.389    15.80 17.19 02a58964o0173c 0x100002   0.267806
58964.320626 16.678148      NaN  -421   258 c    0   1.16 136.49908 35.37333  6848.37   755.98 2.74 2.48 -60.2 -0.389    16.10 17.51 02a58964o0187c 0x100002  -1.631783
58964.341395 15.352590      NaN  1199   475 c    0   0.74 136.49908 35.37333  6871.63   636.82 2.69 2.46 -58.3 -0.384    15.52 16.92 02a58964o0232c 0x100002   2.524211
58980.247051 19.609992      NaN    16    12 c    0   1.56 136.49908 35.37333   622.61   545.12 2.85 2.24 -54.3 -0.402    19.49 20.77 02a58980o0034c 0x000000   1.333333
58980.252597 19.569016      NaN    18    12 c    0   1.38 136.49908 35.37333   601.57   504.61 2.74 2.24 -56.8 -0.405    19.64 21.13 02a58980o0046c 0x000000   1.500000
58980.255827 19.569016      NaN    15    13 c    0   1.12 136.49908 35.37333   664.50   580.63 2.71 2.25 -57.8 -0.409    19.61 21.19 02a58980o0053c 0x000000   1.153846
58980.266099 20.009244      NaN   -11    12 c    0   0.92 136.49908 35.37333   686.14   460.30 2.66 2.23 -58.5 -0.413    19.62 21.24 02a58980o0075c 0x000000  -0.916667
58987.301021 19.791368      NaN     2    14 c    0   1.34 136.49908 35.37333  6967.43  7125.98 2.90 2.66  38.1 -0.382    19.46 21.14 02a58987o0146c 0x000000   0.142857
58987.304252 19.609992      NaN    13    13 c    0   1.17 136.49908 35.37333  6948.31  7085.82 2.85 2.56  38.0 -0.394    19.52 21.14 02a58987o0153c 0x000000   1.000000
58987.310655 19.743105      NaN    10    12 c    0   1.45 136.49908 35.37333  7006.78  7162.86 2.69 2.56  31.3 -0.397    19.49 21.13 02a58987o0167c 0x000000   0.833333
58987.321716 19.922338      NaN    -1    13 c    0   1.37 136.49908 35.37333  7027.33  7046.25 2.89 2.65  36.8 -0.377    19.43 21.11 02a58987o0191c 0x000000  -0.076923
59136.618348 20.103715      NaN   -30    11 c    0   1.27 136.49908 35.37333  5480.15  8018.97 2.64 2.46  39.5 -0.399    19.56 21.22 02a59136o0930c 0x000000  -2.727273
59136.622799 20.103715      NaN    -1    11 c    0   1.48 136.49908 35.37333  5498.53  8056.92 2.88 2.46  41.4 -0.380    19.53 21.22 02a59136o0939c 0x000000  -0.090909
59136.634265 19.922338      NaN     0    13 c    0   0.99 136.49908 35.37333  5441.72  7979.67 2.66 2.50  37.8 -0.395    19.50 21.15 02a59136o0964c 0x000000   0.000000
59136.643483 18.711133      NaN    38    27 c    0   0.72 136.49908 35.37333  5421.33  8096.66 2.67 2.46  41.5 -0.391    18.94 20.08 02a59136o0984c 0x000000   1.407407
59140.618001 19.631075      NaN    15    12 c    0   1.21 136.49908 35.37333  7172.43  1516.04 2.44 2.34 -67.4 -0.396    19.35 21.14 02a59140o0923c 0x000000   1.250000
59140.633740 17.482434      NaN  -284   123 c    0   5.61 136.49908 35.37333  7193.80  1555.45 2.43 2.36 -71.4 -0.391    17.68 19.26 02a59140o0957c 0x100002  -2.308943
59140.641961 17.215145      NaN   100   124 c    0   1.01 136.49908 35.37333  7140.51  1477.76 2.43 2.37 -76.6 -0.395    16.50 17.66 02a59140o0974c 0x100002   0.806452
59140.645078 15.999579      NaN  -296   482 c    0   1.02 136.49908 35.37333  7119.54  1595.87 2.43 2.36  81.2 -0.397    15.63 16.62 02a59140o0980c 0x100002  -0.614108
59143.614372 13.076302      NaN  -159  7118 c    0   1.04 136.49908 35.37333  7113.89  1598.05 2.46 2.34  49.8 -0.390    14.18 15.69 02a59143o0880c 0x100002  -0.022338
59175.595697 20.009244      NaN    -7    12 c    0   1.35 136.49908 35.37333  7661.39  3751.43 2.53 2.41 -61.7 -0.388    19.63 21.44 02a59175o0052c 0x000000  -0.583333
59175.600587 20.207197      NaN    -6    10 c    0   1.36 136.49908 35.37333  7681.77  3790.74 2.45 2.33 -69.7 -0.392    19.66 21.40 02a59175o0061c 0x000000  -0.600000
59175.604064 19.652575      NaN    14    12 c    0   1.14 136.49908 35.37333  7623.82  3715.07 2.46 2.32 -67.5 -0.390    19.60 21.35 02a59175o0067c 0x000000   1.166667
59175.637828 20.009244      NaN   -10    12 c    0   0.82 136.49908 35.37333  2988.30  6736.53 2.31 2.24 -38.2 -0.413    19.68 21.36 02a59175o0137c 0x000000  -0.833333
59194.549800 19.696897      NaN    18    10 c    0   1.54 136.49908 35.37333  2793.02   899.78 2.34 2.25  31.8 -0.403    19.80 23.07 01a59194o0793c 0x000000   1.800000
59194.553489 19.922338      NaN     3    12 c    0   1.19 136.49908 35.37333  2773.78   861.71 2.62 2.29   1.9 -0.391    19.75 23.07 01a59194o0801c 0x000000   0.250000
59194.559959 19.652575      NaN    14    12 c    0   1.51 136.49908 35.37333  2833.08   940.73 2.45 2.35  17.8 -0.402    19.77 23.03 01a59194o0815c 0x000000   1.166667
59194.573697 19.589310      NaN    14    13 c    0   1.03 136.49908 35.37333  2849.02   824.40 2.76 2.42   6.2 -0.392    19.67 23.03 01a59194o0844c 0x000000   1.076923
59200.523027 20.103715      NaN    -5    11 c    0   1.18 136.49908 35.37333  9460.37  7799.20 2.78 2.71  53.5 -0.395    19.78 21.73 02a59200o0684c 0x000000  -0.454545
59200.528523 20.009244      NaN    -6    12 c    0   1.16 136.49908 35.37333  9483.96  7837.64 2.75 2.66  53.2 -0.393    19.75 21.73 02a59200o0696c 0x000000  -0.500000
59200.530353 19.631075      NaN    21    10 c    0   1.12 136.49908 35.37333  9423.91  7761.27 2.84 2.64  46.4 -0.391    19.75 21.72 02a59200o0700c 0x000000   2.100000
59200.536861 20.039830      NaN     2    11 c    0   1.35 136.49908 35.37333  9404.05  7878.56 2.82 2.63  43.4 -0.391    19.75 21.72 02a59200o0714c 0x000000   0.181818
59205.474663 20.171596      NaN     1    10 c    0   0.88 136.49908 35.37333  5064.51  7190.42 2.41 2.25 -76.3 -0.381    19.85 21.67 01a59205o0550c 0x000000   0.100000
59205.503292 20.207197      NaN    -8    10 c    0   1.04 136.49908 35.37333  5044.48  7152.49 2.37 2.29  -4.4 -0.386    19.90 21.68 01a59205o0607c 0x000000  -0.800000
59205.508703 20.103715      NaN     0    11 c    0   0.93 136.49908 35.37333  5101.03  7229.90 2.34 2.21 -66.2 -0.380    19.92 21.67 01a59205o0618c 0x000000   0.000000
59205.511019 19.950541      NaN     8    10 c    0   0.98 136.49908 35.37333  5120.12  7113.92 2.36 2.22 -77.6 -0.378    19.91 21.68 01a59205o0623c 0x000000   0.800000
59222.475850 19.979496      NaN    10     9 c    0   1.43 136.49908 35.37333  7187.27  8844.99 2.63 2.53  70.9 -0.349    19.74 21.83 01a59222o0607c 0x000000   1.111111
59222.483754 19.529530      NaN    26    10 c    0   1.26 136.49908 35.37333  7168.11  8807.52 2.62 2.57  81.7 -0.354    19.76 21.87 01a59222o0624c 0x000000   2.600000
59222.502043 19.841877      NaN    18     8 c    0   2.56 136.49908 35.37333  7223.62  8886.99 2.63 2.53 -42.7 -0.354    19.78 21.87 01a59222o0662c 0x000000   2.250000
59222.507670 20.321591      NaN    -5     9 c    0   2.15 136.49908 35.37333  7241.90  8770.74 2.71 2.67 -62.4 -0.352    19.74 21.86 01a59222o0674c 0x000000  -0.555556
59223.517620       NaN      NaN     0     0 c    0  -0.00 136.49908 35.37333   974.60  5007.44 2.58 2.46 -51.4 -0.397    15.14 16.74 02a59223o0660c 0x100002        NaN
59226.468124 20.207197      NaN    -2    10 c    0   1.06 136.49908 35.37333  5063.75  2541.82 2.77 2.69  49.6 -0.355    19.72 22.05 01a59226o0553c 0x000000  -0.200000
59226.473228 20.207197      NaN     3     9 c    0   1.68 136.49908 35.37333  5043.09  2503.99 2.89 2.73  -6.8 -0.350    19.68 22.05 01a59226o0564c 0x000000   0.333333
59226.476910 19.922338      NaN     6    11 c    0   1.42 136.49908 35.37333  5101.42  2580.36 2.82 2.73 -51.4 -0.352    19.69 22.07 01a59226o0572c 0x000000   0.545455
59226.487505 19.922338      NaN    12     9 c    0   1.74 136.49908 35.37333  5121.06  2465.68 2.94 2.67 -11.0 -0.361    19.70 22.08 01a59226o0595c 0x000000   1.333333
59230.463893 20.362567      NaN     2     8 c    0   1.81 136.49908 35.37333  5067.59  2542.97 2.43 2.38 -46.0 -0.382    19.79 21.89 01a59230o0575c 0x000000   0.250000
59230.465752 20.103715      NaN     3    10 c    0   1.26 136.49908 35.37333  5047.11  2503.99 2.50 2.39  31.6 -0.386    19.77 21.88 01a59230o0579c 0x000000   0.300000
59230.472770 20.321591      NaN     0     9 c    0   1.41 136.49908 35.37333  5105.75  2582.30 2.40 2.22  86.6 -0.402    19.85 21.88 01a59230o0594c 0x000000   0.000000
59230.477940 19.609992      NaN    22    10 c    0   1.64 136.49908 35.37333  5124.93  2466.52 2.34 2.20  85.7 -0.404    19.88 21.89 01a59230o0605c 0x000000   2.200000
59233.439989 19.609992      NaN    19    11 c    0   1.15 136.49908 35.37333  3397.58  9044.27 2.82 2.60 -65.1 -0.385    19.61 21.81 01a59233o0041c 0x000000   1.727273
59233.442793 20.009244      NaN    -1    12 c    0   1.64 136.49908 35.37333  3381.70  9007.13 2.79 2.47 -32.8 -0.433    19.41 21.58 01a59233o0047c 0x000000  -0.083333
59233.462698 19.868040      NaN     8    11 c    0   1.33 136.49908 35.37333  3432.73  9088.01 2.76 2.61 -65.1 -0.375    19.44 21.63 01a59233o0089c 0x000000   0.727273
59233.476494 17.633737      NaN    51    90 c    0   1.45 136.49908 35.37333  3448.79  8971.70 3.06 2.74 -73.9 -0.359    16.91 19.10 01a59233o0118c 0x100002   0.566667
59235.488362 19.183773      NaN    35    14 c    0   0.83 136.49908 35.37333  8899.42  7062.62 2.67 2.51  44.9 -0.393    19.60 21.52 02a59235o0598c 0x000000   2.500000
59235.493149 19.256669      NaN    24    16 c    0   0.79 136.49908 35.37333  8879.30  7023.51 2.69 2.49  39.1 -0.392    19.46 21.42 02a59235o0608c 0x000000   1.500000
59235.501283 19.569016      NaN    15    13 c    0   1.85 136.49908 35.37333  8937.51  7104.96 2.62 2.42  35.2 -0.395    19.26 21.08 02a59235o0624c 0x000000   1.153846
59235.512079 18.933071      NaN    40    19 c    0   1.59 136.49908 35.37333  8956.70  6988.58 2.70 2.53  44.0 -0.391    18.92 20.71 02a59235o0644c 0x000000   2.105263
59250.434473 20.594452      NaN    -7     7 c    0   1.87 136.49908 35.37333  5561.35  5301.30 2.50 2.31 -83.8 -0.368    19.80 21.98 01a59250o0490c 0x000000  -1.000000
59250.438620 20.282105      NaN     1     9 c    0   1.09 136.49908 35.37333  5583.52  5341.22 2.37 2.23 -79.2 -0.377    19.91 21.99 01a59250o0499c 0x000000   0.111111
59250.448381 19.743105      NaN    16    10 c    0   1.21 136.49908 35.37333  5528.44  5260.71 2.40 2.28 -74.3 -0.376    19.85 21.99 01a59250o0520c 0x000000   1.600000
59250.461211 20.103715      NaN   -15    11 c    0   0.72 136.49908 35.37333  5514.24  5376.81 2.40 2.25 -73.8 -0.371    19.86 21.96 01a59250o0547c 0x000000  -1.363636
59252.433829 20.207197      NaN   -14    10 c    0   1.35 136.49908 35.37333  4808.82   801.09 2.41 2.25 -65.1 -0.418    19.82 21.73 02a59252o0497c 0x000000  -1.400000
59252.437506 20.321591      NaN   -23     9 c    0   1.81 136.49908 35.37333  4788.34   761.66 2.43 2.24 -61.1 -0.419    19.78 21.74 02a59252o0505c 0x000000  -2.555556
59252.443483 20.207197      NaN     0    10 c    0   1.44 136.49908 35.37333  4847.37   839.10 2.39 2.26 -67.9 -0.416    19.79 21.76 02a59252o0518c 0x000000   0.000000
59252.455864 20.207197      NaN    -4    10 c    0   1.04 136.49908 35.37333  4868.15   720.78 2.41 2.26 -68.5 -0.418    19.81 21.76 02a59252o0545c 0x000000  -0.400000
59253.389194 20.207197      NaN   -18    10 c    0   1.06 136.49908 35.37333  4957.01  5265.17 2.61 2.29 -87.6 -0.385    19.76 21.88 01a59253o0353c 0x000000  -1.800000
59253.391035 20.207197      NaN    -2    10 c    0   0.97 136.49908 35.37333  4937.07  5226.44 2.60 2.26 -86.9 -0.386    19.78 21.90 01a59253o0357c 0x000000  -0.200000
59253.394264 19.719755      NaN    17    10 c    0   1.34 136.49908 35.37333  4994.88  5303.74 2.62 2.33 -87.1 -0.384    19.75 21.90 01a59253o0364c 0x000000   1.700000
59253.418753 20.321591      NaN    -1     9 c    0   1.28 136.49908 35.37333  5010.98  5189.44 2.59 2.31 -82.2 -0.381    19.80 21.94 01a59253o0412c 0x000000  -0.111111
59254.440244 19.791368      NaN    14    10 c    0   1.08 136.49908 35.37333  5571.32  5299.33 2.58 2.21 -83.0 -0.386    19.83 21.90 01a59254o0506c 0x000000   1.400000
59254.443054 19.841877      NaN    15     9 c    0   1.19 136.49908 35.37333  5591.20  5336.81 2.52 2.17 -82.4 -0.398    19.82 21.90 01a59254o0512c 0x000000   1.666667
59254.449067 20.103715      NaN     6     9 c    0   1.33 136.49908 35.37333  5534.41  5259.84 2.56 2.18 -82.3 -0.387    19.82 21.90 01a59254o0525c 0x000000   0.666667
59254.460649 20.321591      NaN    -6     9 c    0   1.17 136.49908 35.37333  5518.53  5375.53 2.56 2.25 -79.6 -0.390    19.81 21.91 01a59254o0550c 0x000000  -0.666667
59255.368713 19.841877      NaN    -3    14 c    0   0.90 136.49908 35.37333  5775.31  9771.87 2.56 2.52  76.4 -0.404    19.76 21.68 02a59255o0342c 0x000000  -0.214286
59255.370541 19.816329      NaN    10    11 c    0   1.57 136.49908 35.37333  5795.46  9811.38 2.63 2.57 -87.0 -0.400    19.76 21.70 02a59255o0346c 0x000000   0.909091
59255.373285 20.207197      NaN     3     9 c    0   1.93 136.49908 35.37333  5735.47  9733.42 2.55 2.49  72.8 -0.407    19.78 21.71 02a59255o0352c 0x000000   0.333333
59255.397073 20.171596      NaN     1    10 c    0   1.68 136.49908 35.37333  5721.27  9850.41 2.59 2.54  39.9 -0.405    19.77 21.77 02a59255o0400c 0x000000   0.100000
59256.338235 20.103715      NaN    -7    11 c    0   1.21 136.49908 35.37333  5771.54  9769.86 2.79 2.66  64.4 -0.389    19.68 21.70 02a59256o0285c 0x000000  -0.636364
59256.350672 20.009244      NaN    -2    12 c    0   1.14 136.49908 35.37333  5795.81  9805.07 2.64 2.53  44.6 -0.400    19.75 21.71 02a59256o0312c 0x000000  -0.166667
59256.354823 20.009244      NaN     3    11 c    0   1.65 136.49908 35.37333  5739.46  9728.45 2.70 2.60  32.9 -0.391    19.74 21.72 02a59256o0321c 0x000000   0.272727
59256.383098 19.950541      NaN     2    12 c    0   1.24 136.49908 35.37333  5720.95  9849.58 2.72 2.63  33.3 -0.395    19.76 21.77 02a59256o0382c 0x000000   0.166667
59257.427765 20.207197      NaN   -15    10 c    0   0.93 136.49908 35.37333  3774.07  9884.87 2.40 2.26 -62.6 -0.393    19.82 22.05 01a59257o0476c 0x000000  -1.500000
59257.431001 20.207197      NaN   -16    10 c    0   1.06 136.49908 35.37333  3796.04  9923.20 2.32 2.16 -54.1 -0.391    19.87 22.06 01a59257o0483c 0x000000  -1.600000
59257.453859 19.894850      NaN    13     9 c    0   1.38 136.49908 35.37333  3740.24  9842.04 2.35 2.18 -60.7 -0.390    19.86 22.06 01a59257o0531c 0x000000   1.444444
59257.464729 20.244005      NaN     2     9 c    0   1.25 136.49908 35.37333  3721.72  9957.14 2.38 2.19 -61.7 -0.392    19.86 22.07 01a59257o0553c 0x000000   0.222222
59258.432623 19.868040      NaN     8    11 c    0   0.81 136.49908 35.37333  3781.46  9885.40 2.36 2.16 -55.2 -0.390    19.81 21.86 01a59258o0491c 0x000000   0.727273
59258.435862 20.137125      NaN     5     9 c    0   1.48 136.49908 35.37333  3802.67  9924.20 2.37 2.16 -52.2 -0.389    19.79 21.86 01a59258o0498c 0x000000   0.555556
59258.442321 19.674510      NaN    16    11 c    0   0.77 136.49908 35.37333  3744.62  9844.91 2.40 2.18 -50.7 -0.382    19.79 21.85 01a59258o0512c 0x000000   1.454545
59258.452940 20.207197      NaN   -11    10 c    0   0.91 136.49908 35.37333  3727.08  9960.83 2.41 2.27 -49.2 -0.370    19.74 21.86 01a59258o0535c 0x000000  -1.100000
59262.374034 19.816329      NaN    10    11 c    0   0.99 136.49908 35.37333  6793.12   697.31 2.39 2.29  -8.4 -0.395    19.87 21.86 01a59262o0346c 0x000000   0.909091
59262.376392 20.207197      NaN    -4    10 c    0   0.94 136.49908 35.37333  6773.47   658.33 2.34 2.19 -11.0 -0.398    19.87 21.87 01a59262o0351c 0x000000  -0.400000
59262.380081 20.103715      NaN    -4    11 c    0   1.28 136.49908 35.37333  6833.20   736.72 2.47 2.38 -24.8 -0.386    19.84 21.87 01a59262o0359c 0x000000  -0.363636
59262.385199 19.652575      NaN    11    13 c    0   0.83 136.49908 35.37333  6854.11   619.51 2.43 2.25 -14.1 -0.401    19.86 21.85 01a59262o0370c 0x000000   0.846154
59263.413479 17.210554      NaN    90   128 c    0   0.94 136.49908 35.37333  6901.14  5182.70 2.54 2.34  37.8 -0.402    16.81 18.29 02a59263o0158c 0x100002   0.703125
59263.425285 15.761819      NaN   -64   600 c    0   0.77 136.49908 35.37333  6939.94  5224.24 2.67 2.42  35.7 -0.394    15.37 16.91 02a59263o0183c 0x100002  -0.106667
59263.435128 16.124368      NaN    86   401 c    0   0.82 136.49908 35.37333  6960.81  5108.05 2.56 2.33  37.4 -0.401    15.71 17.25 02a59263o0203c 0x100002   0.214464
59278.396411 19.719755      NaN     8    13 c    0   1.02 136.49908 35.37333  9976.87  9983.25 2.67 2.52  40.2 -0.370    19.65 21.47 01a59278o0230c 0x000000   0.615385
59278.400586 19.241693      NaN    22    17 c    0   0.81 136.49908 35.37333  9998.73 10021.34 2.57 2.38  38.9 -0.371    19.50 21.26 01a59278o0239c 0x000000   1.294118
59278.415673 18.474346      NaN    58    30 c    0   1.27 136.49908 35.37333  9941.54  9943.16 3.08 2.93  64.5 -0.349    18.49 20.44 01a59278o0271c 0x100002   1.933333
59278.418958 19.241693      NaN     1    24 c    0   1.19 136.49908 35.37333  9921.23 10060.69 3.09 2.96  67.5 -0.350    18.72 20.65 01a59278o0278c 0x000000   0.041667
59284.410232 20.009244      NaN   -18    12 c    0   0.98 136.49908 35.37333  7047.17  2475.39 2.47 2.41  67.1 -0.385    19.70 21.68 02a59284o0350c 0x000000  -1.500000
59284.417640 20.207197      NaN    -6    10 c    0   1.73 136.49908 35.37333  7029.20  2434.61 2.56 2.45  51.1 -0.383    19.67 21.63 02a59284o0366c 0x000000  -0.600000
59288.356797 20.103715      NaN    -6    11 c    0   1.08 136.49908 35.37333  7047.73  2479.35 2.33 2.26 -54.6 -0.398    19.80 21.73 02a59288o0310c 0x000000  -0.545455
59288.360016 19.609992      NaN    22    10 c    0   1.24 136.49908 35.37333  7028.09  2437.62 2.33 2.30  62.9 -0.394    19.78 21.73 02a59288o0317c 0x000000   2.200000
59288.365501 20.039830 0.310210    35    10 c    0   1.81 136.49908 35.37333  7088.26  2518.64 2.30 2.26  40.1 -0.400    19.82 21.75 02a59288o0329c 0x000000   3.500000
59288.376035 19.743105      NaN    10    12 c    0   0.90 136.49908 35.37333  7110.57  2401.85 2.29 2.24  54.3 -0.398    19.82 21.76 02a59288o0352c 0x000000   0.833333
59291.345000 20.009244      NaN   -28    12 c    0   1.27 136.49908 35.37333  1471.33  9194.34 2.62 2.30 -54.0 -0.433    19.64 21.60 02a59291o0041c 0x000000  -2.333333
59291.348666 19.472870      NaN    26    11 c    0   1.63 136.49908 35.37333  1452.75  9154.54 2.47 2.18 -51.7 -0.442    19.73 21.62 02a59291o0049c 0x000000   2.363636
59291.371646 19.922338      NaN   -13    13 c    0   1.11 136.49908 35.37333  1508.32  9224.86 2.49 2.27 -45.6 -0.437    19.71 21.65 02a59291o0098c 0x000000  -1.000000
59291.400046 19.816329      NaN     7    12 c    0   1.38 136.49908 35.37333  1524.46  9108.34 2.44 2.27 -46.1 -0.430    19.71 21.62 02a59291o0158c 0x000000   0.583333
59310.299993 20.207197      NaN    -6    10 c    0   1.01 136.49908 35.37333  1769.72  9963.01 2.36 2.17 -59.3 -0.419    19.91 21.74 01a59310o0105c 0x000000  -0.600000
59310.303686 19.652575      NaN    20    10 c    0   1.16 136.49908 35.37333  1790.72 10002.76 2.55 2.31 -66.7 -0.413    19.88 21.76 01a59310o0113c 0x000000   2.000000
59310.309683 20.207197      NaN    -2    10 c    0   1.02 136.49908 35.37333  1730.60  9922.91 2.36 2.15 -60.1 -0.421    19.93 21.78 01a59310o0126c 0x000000  -0.200000
59310.323088 20.321591      NaN    -7     9 c    0   1.53 136.49908 35.37333  1712.09 10039.53 2.37 2.09 -66.3 -0.422    19.97 21.81 01a59310o0155c 0x000000  -0.777778
59314.293914 19.271854      NaN    11    20 c    0   0.78 136.49908 35.37333  9571.03  5513.31 2.39 2.21 -82.8 -0.425    19.44 21.02 01a59314o0163c 0x000000   0.550000
59314.298057 19.719755      NaN    11    12 c    0   1.08 136.49908 35.37333  9591.68  5550.91 2.43 2.28 -83.4 -0.416    19.82 21.45 01a59314o0172c 0x000000   0.916667
59314.305463 20.207197      NaN    -6    10 c    0   1.25 136.49908 35.37333  9533.39  5475.38 2.48 2.24 -81.2 -0.423    19.99 21.60 01a59314o0188c 0x000000  -0.600000
59314.317023 20.071303      NaN     4    10 c    0   1.10 136.49908 35.37333  9516.93  5591.95 2.53 2.35  89.2 -0.396    19.99 21.66 01a59314o0213c 0x000000   0.400000
59318.291498 20.009244      NaN   -14    12 c    0   0.77 136.49908 35.37333  9570.71  5511.72 2.57 2.35 -84.0 -0.409    19.93 21.51 01a59318o0157c 0x000000  -1.166667
59318.294724 19.922338      NaN     6    11 c    0   0.97 136.49908 35.37333  9591.22  5549.57 2.58 2.40 -81.5 -0.400    19.87 21.45 01a59318o0164c 0x000000   0.545455
59318.301672 20.207197      NaN    -3    10 c    0   0.89 136.49908 35.37333  9533.97  5473.57 2.57 2.31 -80.0 -0.404    19.95 21.50 01a59318o0179c 0x000000  -0.300000
59318.315543 19.894850      NaN     7    11 c    0   1.11 136.49908 35.37333  9516.60  5589.43 2.59 2.34 -81.7 -0.397    19.93 21.49 01a59318o0209c 0x000000   0.636364
59348.243036 19.491430      NaN     1    19 c    0   1.07 136.49908 35.37333  8855.08  5142.01 2.62 2.42  38.4 -0.386    18.93 20.08 02a59348o0005c 0x000000   0.052632
59348.246260 19.766969      NaN    -8    15 c    0   0.98 136.49908 35.37333  8832.74  5100.23 2.53 2.37  38.9 -0.389    19.30 20.58 02a59348o0012c 0x000000  -0.533333
59348.251777 19.454622      NaN    21    13 c    0   1.34 136.49908 35.37333  8889.35  5177.80 2.52 2.40  36.8 -0.390    19.53 21.05 02a59348o0024c 0x000000   1.615385
59348.263680 20.137125 0.339293    32    10 c    0   1.47 136.49908 35.37333  8907.73  5061.24 2.52 2.50  42.8 -0.398    19.56 21.18 02a59348o0048c 0x000000   3.200000
59523.600049 19.609992      NaN    16    12 c    0   1.31 136.49908 35.37333  3391.30  1704.73 2.97 2.73  22.7 -0.382    19.43 21.35 02a59523o0891c 0x000000   1.333333
59523.604653 19.743105      NaN    10    12 c    0   1.36 136.49908 35.37333  3409.57  1745.84 3.10 2.73  76.0 -0.379    19.42 21.36 02a59523o0901c 0x000000   0.833333
59523.613414 19.979496      NaN     1    12 c    0   1.03 136.49908 35.37333  3358.39  1665.51 2.53 2.45 -72.5 -0.405    19.57 21.35 02a59523o0919c 0x000000   0.083333
59523.623220 19.631075      NaN    12    13 c    0   0.71 136.49908 35.37333  3334.81  1783.91 2.67 2.58 -79.1 -0.403    19.56 21.37 02a59523o0937c 0x000000   0.923077
59524.606480 19.791368      NaN    14    10 c    0   1.32 136.49908 35.37333  3389.09  1706.60 2.47 2.38 -89.7 -0.405    19.59 21.22 02a59524o0929c 0x000000   1.400000
59524.610172 19.436675      NaN    19    14 c    0   0.70 136.49908 35.37333  3410.32  1746.60 2.69 2.59 -87.8 -0.398    19.50 21.23 02a59524o0937c 0x000000   1.357143
59524.626854 20.207197      NaN    -7    10 c    0   1.14 136.49908 35.37333  3357.50  1669.82 2.55 2.43 -87.7 -0.399    19.58 21.29 02a59524o0972c 0x000000  -0.700000
59524.634839 19.950541      NaN     2    12 c    0   0.99 136.49908 35.37333  3337.98  1786.38 2.53 2.39 -71.2 -0.407    19.60 21.31 02a59524o0989c 0x000000   0.166667
59527.554589 19.922338      NaN    -4    13 c    0   1.34 136.49908 35.37333  3385.00  1709.27 2.50 2.34  64.7 -0.408    19.33 21.22 02a59527o0774c 0x000000  -0.307692
59527.560101 19.841877      NaN   -27    14 c    0   1.20 136.49908 35.37333  3405.01  1748.14 2.47 2.30  58.9 -0.410    19.39 21.20 02a59527o0786c 0x000000  -1.928571
59527.564685 19.696897      NaN     0    16 c    0   1.15 136.49908 35.37333  3347.80  1668.79 2.44 2.28  57.2 -0.413    19.20 20.96 02a59527o0796c 0x000000   0.000000
59527.575883 19.652575      NaN     2    16 c    0   1.08 136.49908 35.37333  3330.05  1786.93 2.39 2.29  59.8 -0.414    19.08 20.73 02a59527o0819c 0x000000   0.125000
59587.517764 19.894850      NaN    13     9 c    0   2.14 136.49908 35.37333  6974.84  7122.17 2.61 2.40  39.8 -0.412    19.66 21.73 02a59587o0699c 0x000000   1.444444
59587.548747 19.652575      NaN    14    12 c    0   1.06 136.49908 35.37333  6949.57  7081.97 2.71 2.49  38.8 -0.412    19.64 21.71 02a59587o0765c 0x000000   1.166667
59587.558670 19.719755      NaN    14    11 c    0   1.80 136.49908 35.37333  7010.01  7162.65 2.82 2.59  36.9 -0.402    19.60 21.69 02a59587o0785c 0x000000   1.272727
59587.565708 20.009244      NaN    -8    12 c    0   1.26 136.49908 35.37333  7030.17  7046.09 2.78 2.48  32.7 -0.405    19.60 21.68 02a59587o0800c 0x000000  -0.666667