         MJD         m       dm   uJy  duJy F  err  chi/N        RA   Dec        x       y  maj  min   phi  apfit  mag5sig   Sky            Obs     Mask    __tmp_SN
57745.656601 19.766969      NaN  -109    15 c    0   1.89 193.92175 27.25  3482.14 6004.76 3.82 3.66  63.7 -0.417    19.50 21.29 02a57745o0830c 0x000000   -7.266667
57745.670594 18.615142      NaN    13    39 c    0   1.32 193.92175 27.25  3499.90 6045.65 3.88 3.76  61.5 -0.414    18.55 19.46 02a57745o0853c 0x100002    0.333333
57753.639617 18.034118      NaN  -410    74 c    0   1.20 193.92175 27.25  5813.40 5286.58 3.71 3.53 -88.1 -0.406    17.86 19.73 02a57753o0680c 0x100002   -5.540541
57753.655233 19.212347      NaN  -518    25 c    0   3.05 193.92175 27.25  5837.30 5326.46 3.74 3.56  89.5 -0.397    19.04 20.95 02a57753o0703c 0x100002  -20.720000
57753.672383 17.976960      NaN  -303    78 c    0   1.24 193.92175 27.25  5784.03 5248.58 3.81 3.65  87.7 -0.383    17.82 19.06 02a57753o0727c 0x100002   -3.884615
57757.632492 19.841877      NaN   -62    14 c    0   2.23 193.92175 27.25  3452.93 5237.04 3.70 3.56  76.1 -0.403    19.86 21.92 02a57757o0771c 0x000000   -4.428571
57757.648095 19.491430      NaN    16    14 c    0   2.55 193.92175 27.25  3477.73 5276.36 3.74 3.57  68.7 -0.400    19.87 21.94 02a57757o0794c 0x000000    1.142857
57757.665273 19.841877      NaN   -48    14 c    0   2.33 193.92175 27.25  3407.92 5198.39 3.71 3.55  72.6 -0.402    19.61 21.38 02a57757o0818c 0x000000   -3.428571
57757.681368 16.702260 0.309801   757   216 c    0   1.38 193.92175 27.25  3385.84 5317.80 3.78 3.63  78.6 -0.367    17.55 17.42 02a57757o0842c 0x100002    3.504630
57777.590192 19.922338      NaN    -2    13 c    0   1.77 193.92175 27.25  6200.25 6725.62 3.79 3.60  85.2 -0.393    19.85 22.02 02a57777o0731c 0x000000   -0.153846
57777.604263 19.922338      NaN    -4    13 c    0   3.30 193.92175 27.25  6213.29 6768.06 3.77 3.58  86.8 -0.399    19.84 22.00 02a57777o0753c 0x000000   -0.307692
57777.621728 19.719755      NaN     5    14 c    0   1.88 193.92175 27.25  6162.62 6689.76 3.78 3.62  85.1 -0.393    19.81 21.95 02a57777o0779c 0x000000    0.357143
57777.639546 20.009244      NaN   -88    12 c    0   2.62 193.92175 27.25  4347.29 3643.34 3.94 3.86  87.8 -0.364    19.73 21.88 02a57777o0805c 0x000000   -7.333333
57777.656853 20.009244      NaN  -116    12 c    0   2.59 193.92175 27.25  4310.96 3702.35 3.83 3.74  81.3 -0.375    19.73 21.82 02a57777o0831c 0x000000   -9.666667
57781.570225 20.009244      NaN  -106    12 c    0   2.32 193.92175 27.25  5859.51 6453.62 3.53 3.38 -69.9 -0.449    19.95 22.07 02a57781o0630c 0x000000   -8.833333
57781.603381 20.103715      NaN   -49    11 c    0   3.05 193.92175 27.25  4629.89 3954.66 3.73 3.57  80.2 -0.398    19.94 22.06 02a57781o0687c 0x000000   -4.454545
57781.612138 20.103715      NaN   -72    11 c    0   3.18 193.92175 27.25  5803.41 6417.55 3.54 3.41 -74.0 -0.446    19.95 22.08 02a57781o0700c 0x000000   -6.545455
57781.629842 19.922338      NaN   -12    13 c    0   2.55 193.92175 27.25  4710.09 3914.51 3.74 3.60  81.1 -0.394    19.91 22.03 02a57781o0726c 0x000000   -0.923077
57781.648413 20.009244      NaN   -35    12 c    0   2.50 193.92175 27.25  4678.07 3974.21 3.81 3.74  27.6 -0.392    19.85 21.97 02a57781o0752c 0x000000   -2.916667
57809.538905 19.631075      NaN  -125    17 c    0   2.16 193.92175 27.25  5168.14 4037.02 3.78 3.60  85.9 -0.379    19.47 21.50 02a57809o0578c 0x000000   -7.352941
57809.551049 19.454622      NaN  -428    20 c    0   4.44 193.92175 27.25  5151.58 3998.75 3.81 3.66  81.9 -0.371    19.31 21.32 02a57809o0598c 0x000000  -21.400000
57809.572073 19.351140      NaN  -407    22 c    0   2.55 193.92175 27.25  5203.33 4076.77 3.74 3.60  82.6 -0.380    19.11 21.04 02a57809o0635c 0x000000  -18.500000
57817.467800 20.009244      NaN  -126    12 c    0   3.54 193.92175 27.25  4755.27 6846.97 3.73 3.63  85.6 -0.409    19.76 21.90 02a57817o0382c 0x000000  -10.500000
57817.487272 19.841877      NaN   -11    14 c    0   2.46 193.92175 27.25  4772.91 6890.03 3.74 3.63 -86.8 -0.406    19.66 21.80 02a57817o0418c 0x000000   -0.785714
57817.499173 19.569016      NaN     9    15 c    0   2.29 193.92175 27.25  4719.05 6815.38 3.85 3.73  85.1 -0.395    19.71 21.88 02a57817o0437c 0x000000    0.600000
57817.516778 19.766969      NaN   -57    15 c    0   1.70 193.92175 27.25  4701.20 6939.84 3.79 3.69  81.0 -0.397    19.75 21.92 02a57817o0468c 0x000000   -3.800000
57817.534480 19.766969      NaN   -16    15 c    0   2.42 193.92175 27.25  5747.51 3573.53 3.86 3.73 -89.3 -0.374    19.59 21.74 02a57817o0496c 0x000000   -1.066667
57833.480290 20.103715      NaN  -431    11 c    0   5.77 193.92175 27.25  5285.60 3134.72 3.91 3.80 -77.2 -0.379    19.04 21.03 02a57833o0460c 0x000000  -39.181818
57833.514201 19.631075      NaN  -144    17 c    0   2.12 193.92175 27.25  5265.78 3096.71 3.85 3.73 -88.3 -0.379    18.89 20.59 02a57833o0517c 0x000000   -8.470588
57833.516814 19.696897      NaN  -212    16 c    0   2.48 193.92175 27.25  5317.63 3174.42 3.82 3.65 -87.2 -0.389    18.89 20.57 02a57833o0522c 0x000000  -13.250000
57833.534056 19.510313      NaN   -78    19 c    0   1.71 193.92175 27.25  5336.70 3061.15 3.98 3.85   1.9 -0.374    18.81 20.49 02a57833o0551c 0x000000   -4.105263
57833.540926 19.454622      NaN   -89    20 c    0   1.74 193.92175 27.25  5302.88 3117.90 4.61 3.82  -0.4 -0.380    18.71 20.47 02a57833o0564c 0x000000   -4.450000
57837.478368 19.841877      NaN   -71    14 c    0   2.35 193.92175 27.25  4543.28 4213.18 3.86 3.82  12.7 -0.372    19.04 21.02 02a57837o0388c 0x000000   -5.071429
57837.491839 19.631075      NaN    -1    17 c    0   1.82 193.92175 27.25  4527.43 4174.52 5.19 3.91  -1.3 -0.341    18.88 21.07 02a57837o0411c 0x000000   -0.058824
57837.512259 19.696897      NaN   -84    16 c    0   1.86 193.92175 27.25  4579.48 4254.66 4.10 3.80   0.9 -0.382    19.02 21.06 02a57837o0445c 0x000000   -5.250000
57837.518203 19.766969      NaN   -98    15 c    0   2.51 193.92175 27.25  4595.59 4136.88 3.97 3.77   2.8 -0.381    19.04 21.06 02a57837o0456c 0x000000   -6.533333
57837.542499 19.841877      NaN   -57    14 c    0   3.18 193.92175 27.25  4563.48 4195.84 3.73 3.56  84.9 -0.392    19.06 21.04 02a57837o0497c 0x000000   -4.071429
57841.472341 19.569016      NaN   -63    18 c    0   2.27 193.92175 27.25  4508.76 5548.75 4.15 3.76   4.3 -0.373    18.98 20.97 02a57841o0457c 0x000000   -3.500000
57841.483465 19.569016      NaN  -130    18 c    0   2.11 193.92175 27.25  4491.22 5509.81 4.01 3.94  65.4 -0.369    18.96 20.94 02a57841o0477c 0x000000   -7.222222
57841.486597 19.569016      NaN  -162    18 c    0   2.31 193.92175 27.25  4542.95 5587.78 4.36 3.90  -0.4 -0.383    18.92 20.93 02a57841o0483c 0x000000   -9.000000
57841.511398 19.631075      NaN  -189    17 c    0   2.37 193.92175 27.25  4564.65 5471.97 3.72 3.60  76.5 -0.393    19.01 20.84 02a57841o0525c 0x000000  -11.117647
57841.525900 19.696897      NaN  -372    16 c    0   3.99 193.92175 27.25  4528.70 5528.76 3.76 3.61  77.5 -0.395    18.98 20.80 02a57841o0550c 0x000000  -23.250000
57869.528039 20.207197      NaN  -137    10 c    0   3.91 193.92175 27.25  4440.89 5800.31 2.54 2.43  12.0 -0.464    19.35 20.47 02a57869o0366c 0x000000  -13.700000
57869.542365 19.719755 0.277209    47    12 c    0   3.80 193.92175 27.25  4424.30 5762.57 2.56 2.46  14.2 -0.468    19.28 20.38 02a57869o0393c 0x000000    3.916667
57869.557212 18.836735 0.143399   106    14 c    0   4.07 193.92175 27.25  4475.89 5841.97 2.72 2.61  18.3 -0.463    19.15 20.24 02a57869o0421c 0x000000    7.571429
57869.571957 19.334813      NaN    22    15 c    0   3.35 193.92175 27.25  4494.69 5725.49 3.00 2.92  12.7 -0.469    18.95 20.09 02a57869o0449c 0x000000    1.466667
57869.586736 19.197966      NaN    28    16 c    0   2.57 193.92175 27.25  4458.10 5787.40 3.11 3.01  18.2 -0.452    18.76 19.88 02a57869o0477c 0x000000    1.750000
57893.360155 20.449472      NaN   -68     8 c    0   8.74 193.92175 27.25  4113.76 6453.15 2.48 2.24  13.1 -0.492    19.84 21.72 02a57893o0221c 0x000000   -8.500000
57893.390020 20.071303      NaN     7     9 c    0   6.14 193.92175 27.25  4099.50 6413.37 2.54 2.29  13.0 -0.489    19.78 21.59 02a57893o0276c 0x000000    0.777778
57893.393682 19.367717 0.183740    65    11 c    0   7.05 193.92175 27.25  4151.54 6490.66 2.57 2.33  10.2 -0.490    19.74 21.57 02a57893o0283c 0x000000    5.909091
57893.409153 20.171596 0.350237    31    10 c    0   3.41 193.92175 27.25  4170.26 6375.25 2.62 2.38  17.4 -0.488    19.72 21.55 02a57893o0311c 0x000000    3.100000
57893.430857 20.207197      NaN   -24    10 c    0   3.09 193.92175 27.25  4136.33 6432.15 2.93 2.61  15.2 -0.475    19.59 21.49 02a57893o0350c 0x000000   -2.400000
57901.343340 20.594452      NaN  -136     7 c    0   7.20 193.92175 27.25  5170.92 4956.09 2.56 2.45  30.7 -0.476    19.86 21.76 02a57901o0126c 0x000000  -19.428571
57901.372190 20.321591      NaN   -22     9 c    0   5.40 193.92175 27.25  5155.62 4915.51 2.60 2.48  27.3 -0.472    19.80 21.66 02a57901o0182c 0x000000   -2.444444
57901.375740 20.071303      NaN     4    10 c    0   7.00 193.92175 27.25  5224.80 4993.56 2.61 2.50  32.1 -0.481    19.83 21.64 02a57901o0189c 0x000000    0.400000
57901.397740 20.207197      NaN   -10    10 c    0   6.53 193.92175 27.25  5243.34 4875.66 2.58 2.50  19.2 -0.479    19.70 21.48 02a57901o0230c 0x000000   -1.000000
57901.411692 20.009244 0.271434    36     9 c    0   4.32 193.92175 27.25  5193.49 4934.91 2.61 2.48  21.1 -0.473    19.75 21.53 02a57901o0256c 0x000000    4.000000
57905.260745 19.841877      NaN     3    13 c    0   2.52 193.92175 27.25  4858.56 5378.59 2.64 2.54 -52.1 -0.436    19.41 20.56 02a57905o0047c 0x000000    0.230769
57905.261250 19.549093      NaN    16    13 c    0   1.95 193.92175 27.25  4875.88 5417.42 2.65 2.53 -50.8 -0.430    19.42 20.56 02a57905o0048c 0x000000    1.230769
57905.267049 20.103715      NaN   -52    11 c    0   4.93 193.92175 27.25  4824.67 5338.79 2.70 2.56 -56.0 -0.425    19.42 20.59 02a57905o0059c 0x000000   -4.727273
58163.599540 18.504094      NaN  -351    48 c    0   3.15 193.92175 27.25   843.27 1307.24 2.61 2.34  49.3 -0.477    18.28 20.23 02a58163o0708c 0x100002   -7.312500
58163.610995 18.280067      NaN  -188    59 c    0   2.10 193.92175 27.25   827.04 1267.63 2.63 2.33  50.2 -0.483    17.89 19.78 02a58163o0730c 0x100002   -3.186441
58163.628547 20.761819      NaN  -134     6 c    0   9.82 193.92175 27.25   880.79 1344.80 2.96 2.59  45.6 -0.454    19.79 21.96 02a58163o0764c 0x000000  -22.333333
58163.632115 20.594452      NaN  -100     7 c    0   9.25 193.92175 27.25   897.78 1224.59 2.86 2.49  44.1 -0.470    19.78 21.96 02a58163o0771c 0x000000  -14.285714
58167.613403 17.613631      NaN  -237   109 c    0   1.04 193.92175 27.25  5657.51 8278.75 2.55 2.36  16.0 -0.475    17.12 18.79 02a58167o0838c 0x100002   -2.174312
58167.615918 17.442003 0.082210   383    29 c    0  58.48 193.92175 27.25  5640.76 8241.76 2.57 2.39  16.3 -0.465    18.50 20.29 02a58167o0843c 0x100003   13.206897
58167.630462 18.280067      NaN  -113    59 c    0   1.52 193.92175 27.25  5693.38 8321.40 2.58 2.41  10.3 -0.456    17.79 19.49 02a58167o0872c 0x100002   -1.915254
58167.637961 18.280067      NaN  -110    59 c    0   2.03 193.92175 27.25  5727.81 8202.56 2.84 2.69  22.1 -0.449    17.51 19.29 02a58167o0887c 0x100002   -1.864407
58171.582927 18.094452      NaN    57    51 c    0   0.96 193.92175 27.25  4382.53 8473.47 2.63 2.50   8.6 -0.463    17.95 19.66 02a58171o0550c 0x100002    1.117647
58171.585233 17.740268      NaN  -512    97 c    0   2.09 193.92175 27.25  4365.87 8436.43 2.67 2.49  15.0 -0.466    17.17 18.86 02a58171o0555c 0x100002   -5.278351
58171.601508 19.051202      NaN  -125    29 c    0   2.42 193.92175 27.25  4416.79 8516.02 2.62 2.42   8.7 -0.462    18.40 20.12 02a58171o0584c 0x100002   -4.310345
58194.499502 20.761819      NaN  -144     6 c    0   8.46 193.92175 27.25  5081.92 5016.47 2.41 2.36 -49.9 -0.415    19.85 21.70 02a58194o0609c 0x000000  -24.000000
58194.510235 20.761819      NaN   -74     6 c    0   6.15 193.92175 27.25  5058.79 4973.37 2.68 2.58 -20.0 -0.395    19.74 21.70 02a58194o0630c 0x000000  -12.333333
58194.516746 20.761819      NaN  -183     6 c    0  11.86 193.92175 27.25  5115.48 5054.08 2.47 2.34 -49.3 -0.407    19.82 21.69 02a58194o0644c 0x100001  -30.500000
58194.526427 20.594452      NaN   -27     7 c    0   5.77 193.92175 27.25  5133.47 4937.23 2.50 2.41 -44.7 -0.408    19.79 21.65 02a58194o0662c 0x000000   -3.857143
58227.469831 19.256669      NaN   -39    24 c    0   2.20 193.92175 27.25  5860.61 8215.85 2.62 2.55  -0.4 -0.430    18.50 20.19 02a58227o0335c 0x000000   -1.625000
58227.472158 17.922662      NaN  -320    82 c    0   1.46 193.92175 27.25  5843.58 8179.06 2.63 2.52  -4.4 -0.443    17.45 19.10 02a58227o0340c 0x100002   -3.902439
58227.486235 18.649074      NaN  -286    42 c    0   4.53 193.92175 27.25  5911.86 8257.79 2.64 2.54  -8.4 -0.438    18.21 19.84 02a58227o0369c 0x100002   -6.809524
58227.492869 17.809593      NaN  -182    91 c    0   2.08 193.92175 27.25  5929.02 8139.81 2.66 2.57  -0.8 -0.448    17.31 18.86 02a58227o0383c 0x100002   -2.000000
58251.529143 19.841877      NaN   -19    14 c    0   2.51 193.92175 27.25  4906.59 9513.32 2.68 2.57 -34.4 -0.400    19.47 21.18 02a58251o0636c 0x000000   -1.357143
58251.537747 19.791368      NaN     8    12 c    0   3.38 193.92175 27.25  4907.13 9515.40 2.75 2.61 -46.7 -0.397    19.39 21.10 02a58251o0653c 0x000000    0.666667
58251.546452 20.009244      NaN   -17    12 c    0   4.16 193.92175 27.25  4906.54 9518.50 2.80 2.63 -34.9 -0.404    19.29 20.99 02a58251o0670c 0x000000   -1.416667
58252.506088 20.207197      NaN   -93    10 c    0   3.76 193.92175 27.25  4909.70 9509.70 2.66 2.54 -32.5 -0.414    19.54 21.17 02a58252o0559c 0x000000   -9.300000
58252.519767 20.009244      NaN    -6    12 c    0   3.14 193.92175 27.25  4908.63 9510.84 2.63 2.48 -13.5 -0.435    19.45 21.07 02a58252o0585c 0x000000   -0.500000
58252.532745 19.652575      NaN     8    14 c    0   2.44 193.92175 27.25  4907.25 9512.95 2.66 2.53 -17.1 -0.430    19.37 20.95 02a58252o0609c 0x000000    0.571429
58255.415581 19.631075      NaN  -254    17 c    0   3.76 193.92175 27.25  3692.96 9276.87 2.89 2.70  -9.8 -0.435    18.98 21.00 02a58255o0143c 0x000000  -14.941176
58259.385772 19.922338      NaN   -80    13 c    0   3.31 193.92175 27.25  6515.14 9161.21 2.83 2.71   9.3 -0.428    19.45 21.01 02a58259o0089c 0x000000   -6.153846
58259.388535 20.009244      NaN  -148    12 c    0   4.92 193.92175 27.25  6498.03 9124.00 2.78 2.66  17.7 -0.436    19.49 21.01 02a58259o0095c 0x000000  -12.333333
58259.402117 20.009244      NaN  -144    12 c    0   4.52 193.92175 27.25  6549.10 9202.70 2.87 2.74   6.8 -0.431    19.43 21.02 02a58259o0123c 0x000000  -12.000000
58259.415312 20.103715      NaN   -14    11 c    0   5.49 193.92175 27.25  6567.15 9103.93 2.82 2.61  -9.9 -0.426    19.46 21.12 02a58259o0148c 0x000000   -1.272727
58279.376174 19.894850      NaN     4    12 c    0   5.20 193.92175 27.25  6423.13 9019.95 2.76 2.63 -26.2 -0.412    19.50 21.37 02a58279o0282c 0x000000    0.333333
58279.387601 20.009244      NaN   -10    12 c    0   5.46 193.92175 27.25  6406.54 8980.85 2.78 2.65 -24.7 -0.417    19.49 21.32 02a58279o0305c 0x000000   -0.833333
58287.333242 20.103715      NaN   -69    11 c    0   5.98 193.92175 27.25  3757.16 9190.55 2.74 2.53 -30.9 -0.410    19.44 21.02 02a58287o0187c 0x000000   -6.272727
58287.344122 20.103715      NaN   -57    11 c    0   5.95 193.92175 27.25  3722.73 9151.79 2.65 2.47 -22.8 -0.431    19.46 21.01 02a58287o0209c 0x000000   -5.181818
58287.354129 19.922338      NaN   -93    13 c    0   4.35 193.92175 27.25  3791.07 9227.43 2.66 2.45 -20.4 -0.428    19.53 21.09 02a58287o0230c 0x000000   -7.153846
58287.365184 20.207197      NaN  -168    10 c    0   4.73 193.92175 27.25  3807.67 9111.45 2.70 2.50 -21.1 -0.424    19.55 21.20 02a58287o0252c 0x000000  -16.800000
58307.320569 20.009244 0.331753    36    11 c    0   6.05 193.92175 27.25  4380.66 9059.72 2.96 2.70 -57.8 -0.398    19.58 21.51 02a58307o0146c 0x000000    3.272727
58307.331444 20.207197      NaN   -63    10 c    0   4.18 193.92175 27.25  4364.24 9020.39 2.75 2.58 -38.4 -0.420    19.64 21.48 02a58307o0168c 0x000000   -6.300000
58311.325839 19.841877 0.258509    42    10 c    0   3.83 193.92175 27.25  8838.70 1819.57 2.68 2.47 -51.8 -0.407    19.58 21.40 02a58311o0176c 0x000000    4.200000
58311.336925 20.449472      NaN  -122     8 c    0   7.01 193.92175 27.25  8805.21 1780.38 2.65 2.51 -51.6 -0.422    19.57 21.33 02a58311o0199c 0x000000  -15.250000
58311.348056 20.009244      NaN   -19    12 c    0   3.99 193.92175 27.25  8875.72 1857.15 2.74 2.63 -53.1 -0.404    19.51 21.24 02a58311o0222c 0x000000   -1.583333
58311.359233 20.207197      NaN  -259    10 c    0   6.74 193.92175 27.25  8895.03 1740.43 2.83 2.79 -23.0 -0.417    19.47 21.14 02a58311o0245c 0x000000  -25.900000
58315.295439 20.009244      NaN   -47    12 c    0   5.04 193.92175 27.25  5283.60 8397.37 2.69 2.49 -40.3 -0.415    19.47 21.09 02a58315o0115c 0x000000   -3.916667
58315.306175 20.103715      NaN   -61    11 c    0   3.58 193.92175 27.25  5267.12 8358.40 2.73 2.53 -38.7 -0.414    19.45 21.12 02a58315o0137c 0x000000   -5.545455
58315.317265 19.841877      NaN   -42    14 c    0   2.77 193.92175 27.25  5319.51 8435.40 2.83 2.65 -44.2 -0.411    19.39 21.17 02a58315o0160c 0x000000   -3.000000
58315.327995 20.009244      NaN   -55    12 c    0   4.17 193.92175 27.25  5338.83 8317.90 2.79 2.58 -44.4 -0.411    19.49 21.21 02a58315o0182c 0x000000   -4.583333
58331.289641 18.034118      NaN  -761    74 c    0   2.12 193.92175 27.25  4907.85 8648.61 3.17 2.87 -54.3 -0.377    17.51 18.99 02a58331o0112c 0x100002  -10.283784
58331.299966 18.043943      NaN    10    70 c    0   1.45 193.92175 27.25  4891.76 8609.89 2.99 2.78 -47.5 -0.378    17.46 18.85 02a58331o0133c 0x100002    0.142857
58331.310781 16.407627      NaN  -362   331 c    0   1.53 193.92175 27.25  4944.83 8692.78 3.68 3.42 -51.4 -0.352    16.04 17.60 02a58331o0155c 0x100002   -1.093656
58335.267705 18.878500      NaN  -124    34 c    0   1.77 193.92175 27.25  1836.23 1583.28 2.67 2.55  65.6 -0.407    17.85 19.27 02a58335o0077c 0x100002   -3.647059
58335.277672 20.103715      NaN   -53    11 c    0   4.36 193.92175 27.25  1820.26 1542.70 2.66 2.49  43.3 -0.422    19.34 20.99 02a58335o0098c 0x000000   -4.818182
58335.287689 20.009244      NaN   -80    12 c    0   4.93 193.92175 27.25  1873.63 1618.20 2.57 2.46  55.4 -0.416    19.24 20.86 02a58335o0119c 0x000000   -6.666667
58335.297860 19.922338      NaN   -28    13 c    0   3.48 193.92175 27.25  1893.22 1501.53 2.59 2.44  50.3 -0.425    19.35 20.94 02a58335o0140c 0x000000   -2.153846
58339.261794 15.160792      NaN    83  1016 c    0   1.32 193.92175 27.25  1209.98 1312.43 2.38 2.31  43.6 -0.524    15.03 16.12 02a58339o0068c 0x100002    0.081693
58339.272345 13.985820      NaN -3729  3080 c    0   0.83 193.92175 27.25  1194.73 1273.48 2.36 2.29  54.6 -0.403    14.85 15.94 02a58339o0090c 0x100002   -1.210714
58339.283210 14.010420      NaN -2422  3011 c    0   1.29 193.92175 27.25  1267.78 1348.28 2.75 2.54 -46.6 -0.699    13.70 14.70 02a58339o0113c 0x100002   -0.804384
58339.293380 13.850756      NaN  -972  3488 c    0   0.80 193.92175 27.25  1287.88 1231.87 2.49 2.43  54.2 -0.470    14.33 15.54 02a58339o0135c 0x100002   -0.278670
58487.630245 20.449472      NaN  -217     8 c    0   5.45 193.92175 27.25  9932.12 8627.89 2.84 2.69  54.0 -0.421    19.66 21.79 02a58487o0875c 0x000000  -27.125000
58487.639623 20.207197      NaN   -87    10 c    0   6.34 193.92175 27.25  9950.41 8670.21 2.83 2.67  51.0 -0.414    19.64 21.78 02a58487o0892c 0x000000   -8.700000
58487.641548 20.103715      NaN   -76    11 c    0  16.22 193.92175 27.25   201.74 8609.88 2.70 2.51  -6.4 -0.394    19.64 21.76 02a58487o0895c 0x100001   -6.909091
58487.649309 20.321591      NaN   -72     9 c    0   8.46 193.92175 27.25  9896.48 8594.31 2.75 2.62  51.3 -0.420    19.70 21.75 02a58487o0909c 0x000000   -8.000000
58487.651194 20.207197      NaN   -30    10 c    0   6.19 193.92175 27.25   219.39 8651.18 2.60 2.41  -8.8 -0.409    19.68 21.75 02a58487o0912c 0x000000   -3.000000
58487.658677 20.207197      NaN  -113    10 c    0   7.04 193.92175 27.25  9879.53 8713.89 2.73 2.57  55.9 -0.424    19.66 21.68 02a58487o0926c 0x000000  -11.300000
58487.660062 20.103715      NaN   -73    11 c    0  21.56 193.92175 27.25   149.46 8571.88 2.54 2.37 -12.1 -0.406    19.65 21.64 02a58487o0929c 0x100001   -6.636364
58487.669267 19.226921      NaN    26    16 c    0   6.36 193.92175 27.25   130.31 8689.09 2.61 2.43 -12.0 -0.384    19.26 20.59 02a58487o0946c 0x000000    1.625000
58491.625362 17.718109      NaN -1504    99 c    0   5.64 193.92175 27.25 10529.83 2778.79 2.63 2.55  72.8 -0.459    19.78 21.94 02a58491o0873c 0x100002  -15.191919
58491.636020 20.321591      NaN   -28     9 c    0   7.72 193.92175 27.25  1105.37 2795.23 2.48 2.31  41.6 -0.453    19.74 21.92 02a58491o0893c 0x000000   -3.111111
58491.644887 20.103715      NaN  -393    11 c    0   6.14 193.92175 27.25 10495.34 2745.64 2.64 2.50  79.3 -0.459    19.75 21.91 02a58491o0908c 0x000000  -35.727273
58491.646270 20.449472      NaN   -65     8 c    0   6.77 193.92175 27.25  1124.71 2836.50 2.48 2.34  41.3 -0.446    19.74 21.91 02a58491o0911c 0x000000   -8.125000
58491.655329 20.207197      NaN  -232    10 c    0   9.32 193.92175 27.25 10476.73 2867.64 2.62 2.50  68.6 -0.459    19.75 21.86 02a58491o0926c 0x000000  -23.200000
58491.656245 20.321591      NaN   -28     9 c    0   8.07 193.92175 27.25  1071.43 2758.54 2.51 2.33  35.9 -0.451    19.72 21.85 02a58491o0928c 0x000000   -3.111111
58491.667564 20.207197      NaN  -136    10 c    0   9.53 193.92175 27.25  1036.76 2877.91 2.41 2.29  38.7 -0.453    19.54 21.11 02a58491o0946c 0x000000  -13.600000
58519.568428 20.594452      NaN   -57     7 c    0   9.32 193.92175 27.25  7175.33 6711.46 2.56 2.48 -59.6 -0.428    19.88 22.09 02a58519o0738c 0x000000   -8.142857
58519.579153 20.959772      NaN  -193     5 c    0  10.14 193.92175 27.25  7191.27 6756.91 2.51 2.50  23.4 -0.422    19.86 22.10 02a58519o0759c 0x100001  -38.600000
58519.597361 20.959772      NaN  -193     5 c    0  31.69 193.92175 27.25  3474.45 3894.08 2.45 2.39  57.2 -0.411    19.91 22.10 02a58519o0794c 0x100001  -38.600000
58519.604581 20.761819      NaN   -82     6 c    0   9.85 193.92175 27.25  7127.04 6796.66 2.49 2.48 -23.8 -0.428    19.86 22.10 02a58519o0808c 0x000000  -13.666667
58575.469735 20.321591      NaN   -46     9 c    0   6.77 193.92175 27.25  7825.05 5810.03 2.51 2.38 -57.0 -0.411    19.74 21.79 02a58575o0297c 0x000000   -5.111111
58575.480358 19.950541      NaN     8    10 c    0   4.61 193.92175 27.25  7801.58 5768.71 2.49 2.39 -78.4 -0.403    19.73 21.75 02a58575o0317c 0x000000    0.800000
58575.481851 20.321591      NaN   -41     9 c    0   4.31 193.92175 27.25  7852.69 5846.78 2.55 2.38 -61.0 -0.407    19.72 21.75 02a58575o0320c 0x000000   -4.555556
58575.497565 20.321591      NaN  -126     9 c    0   5.36 193.92175 27.25  7866.75 5734.39 2.56 2.43 -67.1 -0.402    19.70 21.75 02a58575o0350c 0x000000  -14.000000
58579.475218 20.321591      NaN   -44     9 c    0   7.24 193.92175 27.25  7097.74 3868.56 2.44 2.38  67.7 -0.388    19.73 21.72 02a58579o0537c 0x000000   -4.888889
58579.484465 20.449472      NaN   -94     8 c    0   8.77 193.92175 27.25  7130.41 3909.00 2.50 2.38  59.3 -0.387    19.75 21.69 02a58579o0555c 0x000000  -11.750000
58579.485836 20.449472      NaN  -127     8 c    0   7.61 193.92175 27.25  7078.37 3829.10 2.49 2.33  53.9 -0.393    19.74 21.69 02a58579o0558c 0x000000  -15.875000
58579.488787 20.761819      NaN  -120     6 c    0  18.18 193.92175 27.25  7147.51 3790.88 2.48 2.35  55.8 -0.398    19.72 21.68 02a58579o0564c 0x100001  -20.000000
58583.424431 20.103715      NaN  -124    11 c    0   5.90 193.92175 27.25  2767.59 9689.81 3.02 2.55 -46.4 -0.409    19.56 21.59 02a58583o0335c 0x000000  -11.272727
58583.436454 19.922338      NaN  -108    13 c    0   2.15 193.92175 27.25  2744.28 9650.43 3.24 2.75 -47.1 -0.398    19.49 21.58 02a58583o0360c 0x000000   -8.307692
58583.436912 19.922338      NaN  -103    13 c    0   2.70 193.92175 27.25  2795.17 9728.15 3.56 3.06 -45.8 -0.394    19.42 21.58 02a58583o0361c 0x000000   -7.923077
58583.449021 20.009244      NaN   -72    12 c    0   3.33 193.92175 27.25  2831.24 9611.92 3.30 2.85 -46.4 -0.394    19.43 21.60 02a58583o0385c 0x000000   -6.000000
58603.422265 20.009244      NaN   -56    12 c    0   4.76 193.92175 27.25  4405.61 9677.94 2.52 2.30 -35.4 -0.427    19.67 21.56 02a58603o0414c 0x000000   -4.666667
58603.430704 20.009244      NaN  -198    12 c    0   2.91 193.92175 27.25  4387.95 9640.52 2.53 2.26 -37.0 -0.430    19.60 21.51 02a58603o0431c 0x000000  -16.500000
58603.437276 19.841877      NaN   -93    14 c    0   5.34 193.92175 27.25  4438.76 9717.52 2.68 2.36 -40.0 -0.426    19.57 21.48 02a58603o0445c 0x000000   -6.642857
58603.449556 20.009244      NaN  -184    12 c    0   4.26 193.92175 27.25  4455.67 9600.18 2.56 2.30 -37.3 -0.427    19.58 21.44 02a58603o0470c 0x000000  -15.333333
58607.422458 20.103715      NaN   -21    11 c    0   3.32 193.92175 27.25  5865.52 5797.91 2.79 2.48 -51.4 -0.401    19.63 21.76 02a58607o0412c 0x000000   -1.909091
58607.434201 20.321591      NaN   -58     9 c    0   4.43 193.92175 27.25  5844.97 5763.81 2.78 2.45 -51.4 -0.396    19.63 21.71 02a58607o0433c 0x000000   -6.444444
58607.438919 20.321591      NaN  -113     9 c    0   3.94 193.92175 27.25  5914.11 5841.02 2.72 2.38 -47.5 -0.397    19.69 21.71 02a58607o0441c 0x000000  -12.555556
58607.456373 20.449472      NaN   -30     8 c    0   4.96 193.92175 27.25  5935.82 5724.70 2.88 2.61 -49.8 -0.392    19.53 21.68 02a58607o0474c 0x000000   -3.750000
58611.408785 20.449472      NaN  -118     8 c    0   6.50 193.92175 27.25  5898.63 7448.38 2.50 2.38  51.1 -0.414    19.83 21.69 02a58611o0357c 0x000000  -14.750000
58611.410928 20.321591      NaN   -28     9 c    0   5.61 193.92175 27.25  5879.18 7408.55 2.58 2.36  48.6 -0.408    19.81 21.68 02a58611o0361c 0x000000   -3.111111
58611.415729 20.761819      NaN  -167     6 c    0  11.56 193.92175 27.25  5935.24 7485.11 2.61 2.40  43.1 -0.409    19.81 21.70 02a58611o0371c 0x100001  -27.833333
58611.437265 20.321591      NaN   -17     9 c    0   5.07 193.92175 27.25  5953.31 7369.37 2.60 2.34  39.5 -0.414    19.78 21.62 02a58611o0406c 0x000000   -1.888889
58635.325299 20.594452      NaN   -95     7 c    0   6.22 193.92175 27.25   171.05 1479.14 2.65 2.30 -55.1 -0.422    19.80 21.83 02a58635o0203c 0x000000  -13.571429
58635.331012 20.761819      NaN   -71     6 c    0  18.88 193.92175 27.25   149.50 1437.41 2.48 2.24 -56.9 -0.426    19.85 21.83 02a58635o0215c 0x100001  -11.833333
58635.334231 20.009244      NaN    12     8 c    0   9.89 193.92175 27.25   210.25 1515.79 2.68 2.29 -51.9 -0.415    19.81 21.83 02a58635o0222c 0x000000    1.500000
58635.346240 20.071303      NaN     7     9 c    0   7.37 193.92175 27.25   226.45 1397.84 2.52 2.23 -56.1 -0.432    19.86 21.86 02a58635o0247c 0x000000    0.777778
58635.348994 20.449472      NaN   -77     8 c    0   8.78 193.92175 27.25 10397.50 1492.15 2.60 2.18 -50.1 -0.463    19.84 21.92 02a58635o0253c 0x000000   -9.625000
58635.351738 20.321591      NaN   -37     9 c    0   6.93 193.92175 27.25 10377.60 1452.45 2.56 2.13 -50.1 -0.421    19.85 21.91 02a58635o0259c 0x000000   -4.111111
58635.360492 19.384550 0.169646    64    10 c    0   7.19 193.92175 27.25 10435.41 1530.75 2.59 2.24 -49.7 -0.427    19.84 21.91 02a58635o0277c 0x000000    6.400000
58635.376794 20.449472      NaN  -154     8 c    0  15.15 193.92175 27.25 10456.49 1414.11 2.61 2.17 -49.8 -0.429    19.81 21.77 02a58635o0311c 0x100001  -19.250000
58639.313665 20.594452      NaN  -101     7 c    0   8.34 193.92175 27.25   168.98 1476.41 2.76 2.31 -50.6 -0.408    19.73 21.54 02a58639o0143c 0x000000  -14.428571
58639.319441 20.321591      NaN   -18     9 c    0   5.43 193.92175 27.25   148.15 1435.86 2.78 2.28 -51.2 -0.426    19.70 21.55 02a58639o0154c 0x000000   -2.000000
58639.338604 20.321591      NaN   -24     9 c    0   7.75 193.92175 27.25   203.53 1511.76 2.74 2.24 -48.3 -0.420    19.57 21.36 02a58639o0192c 0x000000   -2.666667
58639.347545 20.449472      NaN   -79     8 c    0   6.45 193.92175 27.25   229.19 1393.04 2.70 2.31 -50.8 -0.408    19.74 21.59 02a58639o0208c 0x000000   -9.875000
58639.389597 20.321591      NaN   -94     9 c    0   5.92 193.92175 27.25 10394.05 1491.09 2.79 2.22 -49.6 -0.426    19.70 21.64 02a58639o0282c 0x000000  -10.444444
58639.404749 19.241693 0.163604    73    11 c    0   4.10 193.92175 27.25 10365.23 1450.20 2.79 2.20 -50.1 -0.429    19.72 21.62 02a58639o0311c 0x000000    6.636364
58663.294170 20.207197      NaN   -65    10 c    0   2.88 193.92175 27.25  7410.64 9803.43 2.72 2.59 -56.1 -0.400    19.79 21.55 02a58663o0123c 0x000000   -6.500000
58663.301965 20.321591      NaN   -70     9 c    0   5.52 193.92175 27.25  7400.05 9764.72 2.68 2.65 -78.1 -0.400    19.78 21.55 02a58663o0138c 0x000000   -7.777778
58663.312150 20.207197      NaN    -3    10 c    0   2.92 193.92175 27.25  7448.10 9842.69 2.67 2.63 -42.9 -0.407    19.77 21.55 02a58663o0158c 0x000000   -0.300000
58663.316171 20.449472      NaN  -136     8 c    0   9.36 193.92175 27.25  7465.87 9725.94 2.70 2.63 -45.7 -0.401    19.79 21.53 02a58663o0166c 0x000000  -17.000000
58699.287655 19.128787      NaN  -153    27 c    0   2.59 193.92175 27.25  1193.84 5545.06 2.45 2.39  61.8 -0.393    17.92 19.28 02a58699o0116c 0x100002   -5.666667
58699.290180 18.729535      NaN  -453    39 c    0   2.39 193.92175 27.25  1176.36 5506.58 2.67 2.28 -54.0 -0.408    16.36 17.82 02a58699o0121c 0x100002  -11.615385
58699.295431 15.280168      NaN -1402   935 c    0   1.22 193.92175 27.25  1236.18 5583.13 2.55 2.26 -54.4 -0.442    15.46 16.90 02a58699o0128c 0x100002   -1.499465
58815.640090 20.207197      NaN  -189    10 c    0   4.97 193.92175 27.25  3569.27 5354.65 2.42 2.36  28.0 -0.397    19.21 20.97 02a58815o0914c 0x000000  -18.900000
58815.643811 20.207197      NaN   -93    10 c    0   3.13 193.92175 27.25  3588.44 5392.53 2.59 2.40  28.6 -0.380    19.35 21.14 02a58815o0922c 0x000000   -9.300000
58815.652842 19.841877      NaN  -101    14 c    0   2.04 193.92175 27.25  3530.39 5313.87 2.61 2.35  31.7 -0.384    19.21 20.58 02a58815o0941c 0x000000   -7.214286
58815.659136 18.847027      NaN  -112    35 c    0   1.30 193.92175 27.25  3509.44 5429.71 2.54 2.34  34.7 -0.397    18.22 19.16 02a58815o0954c 0x100002   -3.200000
58871.585373 16.861056 0.019922   654    12 c    0  12.49 193.92175 27.25  1655.07 7355.83 2.36 2.17 -53.2 -0.422    19.81 21.75 02a58871o0782c 0x100001   54.500000
58871.588829 16.784157 0.018560   702    12 c    0  13.49 193.92175 27.25  1680.89 7395.09 2.30 2.22 -49.2 -0.429    19.80 21.74 02a58871o0789c 0x100001   58.500000
58871.595909 16.891357 0.022193   636    13 c    0  12.38 193.92175 27.25  1615.89 7317.90 2.31 2.19 -43.3 -0.425    19.85 21.73 02a58871o0803c 0x100001   48.923077
58871.610717 16.838059 0.019504   668    12 c    0  14.08 193.92175 27.25  1604.93 7432.83 2.30 2.21 -49.3 -0.426    19.85 21.71 02a58871o0833c 0x100001   55.666667
58875.616592 17.389435 0.027008   402    10 c    0  17.14 193.92175 27.25  7329.83 1083.15 2.64 2.32 -50.0 -0.411    19.85 22.04 02a58875o0857c 0x100001   40.200000
58875.620126 17.231368 0.025684   465    11 c    0  16.74 193.92175 27.25  7349.92 1124.66 2.67 2.35 -54.1 -0.413    19.80 22.04 02a58875o0864c 0x100001   42.272727
58875.631036 17.308780 0.025075   433    10 c    0  11.04 193.92175 27.25  7298.87 1050.53 2.56 2.30 -54.7 -0.412    19.82 22.04 02a58875o0884c 0x100001   43.300000
58875.637413 17.654224 0.041361   315    12 c    0   8.99 193.92175 27.25  3314.69 9412.13 2.55 2.19 -45.7 -0.428    19.86 22.02 02a58875o0896c 0x000000   26.250000
58879.617345 16.228608      NaN    91   360 c    0   1.38 193.92175 27.25  7351.98 1127.71 2.44 2.22 -54.7 -0.396    16.14 17.72 02a58879o0849c 0x100002    0.252778
58879.625001 17.623637 0.083776   324    25 c    0   2.27 193.92175 27.25  3294.05 9528.80 2.42 2.31 -37.5 -0.404    18.73 20.49 02a58879o0864c 0x100002   12.960000
58883.631768 18.191747 0.056549   192    10 c    0   6.43 193.92175 27.25  3723.30 7055.82 2.54 2.40 -50.8 -0.409    19.75 21.96 02a58883o0709c 0x000000   19.200000
58883.644505 18.005163 0.052382   228    11 c    0   6.01 193.92175 27.25  3704.23 7017.34 2.31 2.20 -45.5 -0.427    19.83 21.92 02a58883o0734c 0x000000   20.727273
58883.651796 18.598565 0.082253   132    10 c    0  10.30 193.92175 27.25  3760.67 7090.97 2.31 2.23 -44.0 -0.425    19.80 21.92 02a58883o0749c 0x100001   13.200000
58883.655663 18.944322 0.113098    96    10 c    0  14.24 193.92175 27.25  3780.95 6973.76 2.29 2.20 -45.7 -0.429    19.84 21.89 02a58883o0757c 0x100001    9.600000
58883.667754 20.761819      NaN -2095     6 c    0 455.50 193.92175 27.25  3742.63 7031.35 2.33 2.29  27.1 -0.411    19.63 21.20 02a58883o0782c 0x100001 -349.166667
58903.440752 20.449472      NaN   -48     8 c    0   5.40 193.92175 27.25  9380.29 5023.70 2.81 2.51 -57.2 -0.399    19.80 21.84 02a58903o0465c 0x000000   -6.000000
58903.443668 19.894850      NaN    16     8 c    0   7.68 193.92175 27.25  9401.65 5061.63 2.76 2.50 -63.0 -0.401    19.74 21.84 02a58903o0471c 0x000000    2.000000
58903.448945 19.841877 0.206807    42     8 c    0   6.94 193.92175 27.25  9343.69 4985.26 2.73 2.55 -55.4 -0.394    19.76 21.84 02a58903o0482c 0x000000    5.250000
58903.458904 19.652575      NaN    23     9 c    0   5.69 193.92175 27.25  9323.94 5102.53 2.78 2.53 -56.6 -0.398    19.74 21.85 02a58903o0502c 0x000000    2.555556
58931.574358 19.510313 0.171432    57     9 c    0   5.21 193.92175 27.25  1792.43 7178.36 2.60 2.42 -48.1 -0.422    19.64 21.63 02a58931o0696c 0x000000    6.333333
58931.585833 20.449472      NaN  -155     8 c    0   7.47 193.92175 27.25  1768.91 7139.07 2.28 2.19 -39.7 -0.426    19.72 21.56 02a58931o0719c 0x000000  -19.375000
58931.589116 20.207197      NaN   -61    10 c    0   4.10 193.92175 27.25  1826.89 7215.34 2.41 2.28 -50.4 -0.427    19.67 21.56 02a58931o0726c 0x000000   -6.100000
58931.596476 19.609992 0.208795    52    10 c    0  10.02 193.92175 27.25  1842.64 7096.72 2.53 2.38 -51.6 -0.420    19.60 21.52 02a58931o0740c 0x100001    5.200000
58959.393297 20.103715      NaN    -2    11 c    0   3.37 193.92175 27.25  5495.70 9884.75 2.57 2.50  47.0 -0.399    19.72 21.48 02a58959o0337c 0x000000   -0.181818
58959.396518 19.766969 0.265402    45    11 c    0   3.52 193.92175 27.25  5477.38 9843.94 2.53 2.52 -83.6 -0.402    19.69 21.49 02a58959o0344c 0x000000    4.090909
58959.406336 20.321591      NaN   -53     9 c    0   6.67 193.92175 27.25  5533.96 9922.73 2.55 2.48  59.7 -0.416    19.72 21.48 02a58959o0364c 0x000000   -5.888889
58959.420750 20.207197      NaN   -27    10 c    0   5.37 193.92175 27.25  5552.84 9804.69 2.56 2.50  44.0 -0.400    19.70 21.47 02a58959o0393c 0x000000   -2.700000
58963.413056 16.163822      NaN   439   268 c    0   2.26 193.92175 27.25  5051.92 5315.63 2.67 2.37  41.4 -0.392    15.84 17.31 02a58963o0405c 0x100002    1.638060
58963.434916 17.821591      NaN  -225    90 c    0   1.21 193.92175 27.25  5092.61 5357.84 2.64 2.37  41.3 -0.391    17.11 18.59 02a58963o0449c 0x100002   -2.500000
58967.391410 20.594452      NaN  -135     7 c    0   4.84 193.92175 27.25  5056.71 5320.39 2.59 2.34  44.7 -0.395    19.74 21.70 02a58967o0342c 0x000000  -19.285714
58967.394621 19.979496      NaN    13     8 c    0   7.32 193.92175 27.25  5037.14 5279.84 2.46 2.31  43.9 -0.398    19.78 21.71 02a58967o0349c 0x000000    1.625000
58967.399807 20.594452      NaN  -121     7 c    0   5.28 193.92175 27.25  5094.65 5358.34 2.59 2.43  38.3 -0.389    19.71 21.69 02a58967o0360c 0x000000  -17.285714
58967.409868 20.594452      NaN  -236     7 c    0  26.48 193.92175 27.25  5113.79 5244.92 2.49 2.33  40.5 -0.400    19.76 21.69 02a58967o0381c 0x100001  -33.714286
58983.339911 20.594452      NaN   -52     7 c    0   5.45 193.92175 27.25  8928.38 5156.20 2.52 2.27 -67.2 -0.409    19.81 21.76 02a58983o0211c 0x000000   -7.428571
58983.343132 20.449472      NaN   -96     8 c    0  10.64 193.92175 27.25  8908.98 5119.73 2.63 2.32 -60.9 -0.402    19.80 21.75 02a58983o0218c 0x100001  -12.000000
58983.348649 20.594452      NaN   -61     7 c    0   5.94 193.92175 27.25  8967.46 5197.35 2.58 2.29 -62.3 -0.406    19.80 21.73 02a58983o0230c 0x000000   -8.714286
58983.361267 20.282105 0.348987    28     9 c    0   6.48 193.92175 27.25  8988.40 5086.30 2.56 2.29 -63.6 -0.405    19.79 21.72 02a58983o0255c 0x000000    3.111111
58987.412948 20.103715      NaN   -33    11 c    0   2.81 193.92175 27.25  8376.66 1556.18 2.95 2.69 -57.1 -0.378    19.55 21.63 02a58987o0389c 0x000000   -3.000000
58987.416173 20.103715 0.329011    33    10 c    0   3.58 193.92175 27.25  8357.24 1517.23 2.87 2.63 -57.8 -0.387    19.58 21.63 02a58987o0396c 0x000000    3.300000
58987.423580 18.878500 0.117089   102    11 c    0   3.64 193.92175 27.25  8416.51 1596.04 3.01 2.68 -53.4 -0.384    19.55 21.60 02a58987o0412c 0x000000    9.272727
58987.442948 20.207197 0.325721    30     9 c    0   5.01 193.92175 27.25  8438.75 1478.94 2.59 2.38 -56.4 -0.402    19.64 21.52 02a58987o0454c 0x000000    3.333333
58995.388048 20.594452      NaN  -176     7 c    0   9.18 193.92175 27.25  7793.89 7367.17 2.65 2.56  34.0 -0.398    19.70 21.61 02a58995o0324c 0x000000  -25.142857
58995.391712 20.321591      NaN   -73     9 c    0   8.03 193.92175 27.25  7774.75 7327.99 2.64 2.59  36.1 -0.392    19.69 21.60 02a58995o0332c 0x000000   -8.111111
58995.402138 19.038793 0.123379    88    10 c    0   6.13 193.92175 27.25  7831.34 7406.66 2.64 2.53  30.4 -0.396    19.71 21.54 02a58995o0354c 0x000000    8.800000
58995.407651 20.207197      NaN     0    10 c    0   2.86 193.92175 27.25  7850.46 7290.62 2.64 2.55  34.2 -0.393    19.68 21.52 02a58995o0366c 0x000000    0.000000
59019.310002 19.089302      NaN  -505    28 c    0   1.90 193.92175 27.25  1330.25 9624.56 2.99 2.63 -51.1 -0.432    18.33 20.11 02a59019o0147c 0x100002  -18.035714
59019.313683 18.757738      NaN  -549    38 c    0   2.81 193.92175 27.25  1311.44 9586.85 2.95 2.70 -50.6 -0.414    17.92 19.66 02a59019o0155c 0x100002  -14.447368
59019.319210 18.550302      NaN  -673    46 c    0   3.59 193.92175 27.25  1369.96 9663.75 2.91 2.58 -48.2 -0.430    17.65 19.33 02a59019o0167c 0x100002  -14.630435
59023.261403 20.103715      NaN   -23    11 c    0   6.64 193.92175 27.25  1341.56 9629.33 3.06 2.38 -51.1 -0.431    19.55 21.22 02a59023o0039c 0x000000   -2.090909
59023.265547 20.071303 0.351268    34    11 c    0   4.57 193.92175 27.25  1322.12 9588.51 2.63 2.16 -47.9 -0.423    19.71 21.47 02a59023o0048c 0x000000    3.090909
59023.271955 20.321591      NaN   -11     9 c    0   7.63 193.92175 27.25  1378.37 9666.15 2.52 2.08 -45.0 -0.433    19.78 21.61 02a59023o0062c 0x000000   -1.222222
59023.282104 20.321591      NaN   -17     9 c    0   3.07 193.92175 27.25  1397.41 9547.39 2.53 2.10 -43.8 -0.432    19.79 21.65 02a59023o0084c 0x000000   -1.888889
59043.309532 20.009244      NaN   -46    12 c    0   3.29 193.92175 27.25  2143.99 1355.74 2.50 2.36  83.5 -0.423    19.44 21.24 02a59043o0084c 0x000000   -3.833333
59043.313676 20.103715      NaN   -60    11 c    0   8.05 193.92175 27.25  2124.66 1317.89 2.55 2.42 -89.1 -0.421    19.46 21.34 02a59043o0093c 0x000000   -5.454545
59043.319670 20.207197      NaN   -84    10 c    0   5.39 193.92175 27.25  2185.70 1392.97 2.72 2.60  84.4 -0.408    19.41 21.28 02a59043o0106c 0x000000   -8.400000
59043.331201 19.922338      NaN   -61    13 c    0   3.72 193.92175 27.25  2205.64 1275.07 2.53 2.36  87.7 -0.423    19.38 21.06 02a59043o0131c 0x000000   -4.692308
59051.271772 20.137125 0.305363    32     9 c    0   7.99 193.92175 27.25  3120.08 5425.71 2.22 2.20 -28.8 -0.414    19.63 21.31 02a59051o0065c 0x000000    3.555556
59051.277298 20.207197      NaN   -37    10 c    0   5.38 193.92175 27.25  3099.93 5385.77 2.41 2.21  40.8 -0.399    19.61 21.26 02a59051o0077c 0x000000   -3.700000
59051.280507 20.207197      NaN  -123    10 c    0   3.74 193.92175 27.25  3157.98 5463.20 2.24 2.21  28.6 -0.406    19.63 21.24 02a59051o0084c 0x000000  -12.300000
59051.292445 20.321591      NaN  -122     9 c    0  10.88 193.92175 27.25  3179.78 5344.87 2.28 2.22  35.1 -0.406    19.58 21.19 02a59051o0110c 0x100001  -13.555556
59075.242546 18.110074      NaN   -49    69 c    0   1.02 193.92175 27.25  3258.46 9507.27 2.70 2.35  48.3 -0.414    17.81 19.02 02a59075o0005c 0x100002   -0.710145
59075.245752 19.089302      NaN   -14    28 c    0   2.37 193.92175 27.25  3238.94 9467.84 2.65 2.36  49.7 -0.379    18.45 19.73 02a59075o0012c 0x100002   -0.500000
59075.253092 19.766969      NaN   -42    15 c    0   3.89 193.92175 27.25  3295.84 9542.72 2.59 2.41  53.5 -0.374    19.15 20.70 02a59075o0028c 0x000000   -2.800000
59075.263201 19.841877      NaN   -61    14 c    0   4.54 193.92175 27.25  3316.22 9422.20 2.42 2.34 -64.3 -0.411    19.36 20.90 02a59075o0050c 0x000000   -4.357143
59197.611845 19.841877      NaN    12    10 c    0   4.81 193.92175 27.25  1200.33 5536.34 2.78 2.41  -7.1 -0.383    19.74 21.90 01a59197o0722c 0x000000    1.200000
59197.617381 21.954622      NaN  -448     2 c    0  32.40 193.92175 27.25  1181.15 5498.99 2.67 2.54  -3.6 -0.364    19.76 21.91 01a59197o0734c 0x100001 -224.000000
59197.621073 19.142275 0.095002    80     7 c    0  17.95 193.92175 27.25  1239.33 5573.71 2.56 2.41 -33.5 -0.378    19.79 21.91 01a59197o0742c 0x100001   11.428571
59197.639056 20.594452      NaN   -79     7 c    0  14.33 193.92175 27.25  1260.45 5462.68 2.49 2.45 -63.0 -0.380    19.79 21.89 01a59197o0781c 0x100001  -11.285714
59205.620830 20.959772      NaN  -135     5 c    0  10.63 193.92175 27.25  6407.25 1629.24 2.48 2.34 -11.8 -0.383    19.91 21.74 01a59205o0846c 0x100001  -27.000000
59205.630593 20.594452      NaN   -68     7 c    0   8.58 193.92175 27.25  6386.27 1588.23 2.48 2.31 -12.4 -0.384    19.94 21.79 01a59205o0865c 0x000000   -9.714286
59205.647750 20.761819      NaN  -217     6 c    0  22.92 193.92175 27.25  6443.30 1666.98 2.53 2.41 -23.8 -0.391    19.92 21.85 01a59205o0902c 0x100001  -36.166667
59205.661642 19.631075      NaN    21    10 c    0   3.09 193.92175 27.25  6462.41 1550.64 2.52 2.37 -27.5 -0.387    19.56 20.87 01a59205o0930c 0x000000    2.100000
59207.621732 20.594452      NaN   -96     7 c    0   5.75 193.92175 27.25   834.64 3270.33 2.45 2.32 -61.9 -0.406    19.79 21.69 02a59207o0866c 0x000000  -13.714286
59207.625851 20.594452      NaN  -155     7 c    0   8.41 193.92175 27.25   852.08 3309.34 2.55 2.34 -56.7 -0.406    19.73 21.71 02a59207o0875c 0x000000  -22.142857
59207.633645 20.282105      NaN     4     8 c    0   9.52 193.92175 27.25   794.66 3230.24 2.38 2.33  84.4 -0.407    19.80 21.71 02a59207o0891c 0x000000    0.500000
59207.652949 20.449472      NaN   -45     8 c    0   5.10 193.92175 27.25   777.03 3346.25 2.52 2.37 -64.2 -0.406    19.70 21.66 02a59207o0931c 0x000000   -5.625000
59229.636038 20.959772      NaN  -204     5 c    0  14.81 193.92175 27.25  1809.03 7178.99 2.46 2.26 -27.5 -0.390    19.96 22.14 01a59229o0624c 0x100001  -40.800000
59229.642088 20.761819      NaN   -78     6 c    0   6.43 193.92175 27.25  1788.97 7140.64 2.46 2.32  -6.1 -0.380    19.96 22.14 01a59229o0637c 0x000000  -13.000000
59229.663396 20.449472      NaN  -134     8 c    0   3.99 193.92175 27.25  8672.43 3325.82 2.64 2.52 -34.2 -0.387    19.85 21.66 01a59229o0677c 0x000000  -16.750000
59229.666880 20.321591      NaN  -107     9 c    0   4.43 193.92175 27.25  8654.38 3441.93 2.61 2.49 -28.2 -0.384    19.66 21.10 01a59229o0683c 0x000000  -11.888889
59231.541515 21.954622      NaN  -327     2 c    0  13.57 193.92175 27.25  5578.04 7196.58 2.53 2.44  42.8 -0.410    19.81 21.93 02a59231o0713c 0x100001 -163.500000
59231.545193 20.039830      NaN    11     8 c    0   8.49 193.92175 27.25  5597.61 7235.02 2.53 2.40  42.6 -0.407    19.81 21.94 02a59231o0721c 0x000000    1.375000
59231.547939 20.594452      NaN  -181     7 c    0   9.54 193.92175 27.25  5539.24 7158.12 2.47 2.37  41.5 -0.412    19.82 21.93 02a59231o0727c 0x000000  -25.857143
59231.562500 20.449472      NaN   -32     8 c    0   6.45 193.92175 27.25  5518.74 7274.81 2.51 2.36  42.1 -0.405    19.82 21.95 02a59231o0749c 0x000000   -4.000000
59233.522593 15.849076      NaN   419   414 c    0   1.10 193.92175 27.25  3049.61 3470.85 2.80 2.39  84.7 -0.406    15.85 17.97 01a59233o0212c 0x100002    1.012077
59233.528581 17.183409      NaN -1022   162 c    0   1.93 193.92175 27.25  3029.65 3436.41 2.76 2.27  89.6 -0.412    16.45 18.53 01a59233o0225c 0x100002   -6.308642
59233.531609 15.623798      NaN   712   444 c    0   1.24 193.92175 27.25  3087.80 3510.78 2.77 2.33  88.8 -0.411    15.44 17.58 01a59233o0230c 0x100002    1.603604
59237.629408 17.593889      NaN  -849   111 c    0   1.43 193.92175 27.25  7497.46 7066.77 2.39 2.31 -74.7 -0.389    16.21 18.25 01a59237o0047c 0x100002   -7.648649
59237.632629 18.944322      NaN  -247    32 c    0   3.54 193.92175 27.25  7517.99 7105.05 2.43 2.34 -76.3 -0.392    17.21 19.28 01a59237o0054c 0x100002   -7.718750
59253.526193 21.514394      NaN  -235     3 c    0  12.58 193.92175 27.25  5515.96 9867.12 2.47 2.21 -77.2 -0.382    19.86 22.10 01a59253o0630c 0x100001  -78.333333
59253.531319 20.959772      NaN  -146     5 c    0   7.51 193.92175 27.25  5493.94 9827.38 2.47 2.21 -73.0 -0.391    19.86 22.06 01a59253o0640c 0x000000  -29.200000
59253.546005 20.594452      NaN  -129     7 c    0   6.20 193.92175 27.25  5551.58 9906.05 2.48 2.19 -80.1 -0.387    19.84 22.03 01a59253o0671c 0x000000  -18.428571
59253.547848 20.761819      NaN   -90     6 c    0   9.45 193.92175 27.25  5570.22 9788.69 2.47 2.21 -78.1 -0.382    19.83 22.06 01a59253o0675c 0x000000  -15.000000
59253.670899 19.256669      NaN  -100    24 c    0   1.83 193.92175 27.25  4988.17  713.67 2.39 2.32  40.2 -0.423    18.47 19.18 01a59253o0927c 0x000000   -4.166667
59255.515507 19.979496      NaN    13     8 c    0   3.65 193.92175 27.25  7457.92 5155.27 2.87 2.52  38.9 -0.377    19.77 22.03 02a59255o0637c 0x000000    1.625000
59255.518351 20.207197      NaN     6     8 c    0   5.88 193.92175 27.25  7477.82 5192.26 2.80 2.44  36.9 -0.381    19.76 22.02 02a59255o0643c 0x000000    0.750000
59255.521884 20.959772      NaN  -247     5 c    0  14.83 193.92175 27.25  7419.57 5114.82 2.72 2.40  40.2 -0.385    19.80 22.02 02a59255o0650c 0x100001  -49.400000
59255.527455 20.761819      NaN  -185     6 c    0   6.43 193.92175 27.25  7396.26 5234.56 2.78 2.45  39.8 -0.380    19.80 22.02 02a59255o0662c 0x000000  -30.833333
59257.580620 20.594452      NaN   -26     7 c    0   7.67 193.92175 27.25  5476.94 5278.25 2.40 2.34 -35.1 -0.362    19.88 22.23 01a59257o0790c 0x000000   -3.714286
59257.585228 20.959772      NaN  -149     5 c    0   9.67 193.92175 27.25  5497.30 5315.07 2.43 2.36 -57.2 -0.367    19.85 22.24 01a59257o0799c 0x000000  -29.800000
59257.617038 20.959772      NaN  -105     5 c    0  10.60 193.92175 27.25  5447.15 5233.48 2.40 2.32 -53.9 -0.361    19.87 22.20 01a59257o0865c 0x100001  -21.000000
59257.624982 20.761819      NaN    -6     6 c    0  11.29 193.92175 27.25  5430.44 5347.28 2.44 2.36 -53.1 -0.360    19.85 22.17 01a59257o0880c 0x100001   -1.000000
59261.491555 20.449472      NaN   -21     8 c    0  10.80 193.92175 27.25  5057.35 5297.77 2.24 2.13 -76.2 -0.370    19.91 21.98 01a59261o0587c 0x100001   -2.625000
59261.493436 20.761819      NaN   -74     6 c    0  13.16 193.92175 27.25  5037.58 5259.07 2.19 2.10 -69.2 -0.373    19.93 21.97 01a59261o0591c 0x100001  -12.333333
59261.496203 20.594452      NaN   -99     7 c    0   9.03 193.92175 27.25  5096.04 5336.64 2.25 2.16 -62.4 -0.369    19.91 21.99 01a59261o0597c 0x000000  -14.142857
59261.510495 20.959772      NaN  -117     5 c    0  18.88 193.92175 27.25  5118.51 5221.09 2.43 2.39   2.1 -0.348    19.82 22.02 01a59261o0624c 0x100001  -23.400000
59263.508662 18.110074      NaN  -735    69 c    0   3.60 193.92175 27.25  3176.03  782.62 2.47 2.32 -73.7 -0.405    16.88 18.55 02a59263o0348c 0x100002  -10.652174
59263.510490 16.371074      NaN   106   307 c    0   1.08 193.92175 27.25  3195.86  821.87 2.48 2.33 -78.1 -0.402    16.72 18.41 02a59263o0352c 0x100002    0.345277
59263.514045 19.089302      NaN   -50    28 c    0   1.88 193.92175 27.25  3138.88  743.06 2.41 2.26 -76.7 -0.424    18.27 20.02 02a59263o0359c 0x100002   -1.785714
59263.520613 18.005163      NaN  -337    76 c    0   2.36 193.92175 27.25  3118.87  861.26 2.39 2.25 -78.8 -0.410    16.86 18.45 02a59263o0373c 0x100002   -4.434211
59267.590804 19.868040      NaN    17     8 c    0   6.15 193.92175 27.25  8917.31 3210.65 2.58 2.52 -84.4 -0.383    19.78 21.97 02a59267o0764c 0x000000    2.125000
59267.610332 20.594452      NaN   -77     7 c    0   9.64 193.92175 27.25  8898.57 3175.04 2.50 2.48 -66.1 -0.386    19.80 21.96 02a59267o0803c 0x000000  -11.000000
59267.616641 20.594452      NaN   -99     7 c    0   5.40 193.92175 27.25  8957.59 3253.36 2.51 2.48 -86.2 -0.387    19.78 21.94 02a59267o0815c 0x000000  -14.142857
59267.621456 20.449472      NaN   -75     8 c    0   7.81 193.92175 27.25  8979.70 3138.30 2.47 2.44 -62.8 -0.385    19.82 21.93 02a59267o0824c 0x000000   -9.375000
59291.441318 20.594452      NaN  -188     7 c    0   7.66 193.92175 27.25  9510.48 6969.90 2.63 2.49  53.7 -0.404    19.80 21.83 02a59291o0245c 0x000000  -26.857143
59291.468539 20.594452      NaN  -101     7 c    0   7.91 193.92175 27.25  1064.26 3562.19 2.39 2.30  43.6 -0.419    19.82 21.86 02a59291o0299c 0x000000  -14.428571
59291.471324 20.449472      NaN   -67     8 c    0   9.54 193.92175 27.25  9478.18 6933.27 2.69 2.52  41.0 -0.402    19.77 21.86 02a59291o0304c 0x000000   -8.375000
59291.500646 20.594452      NaN   -67     7 c    0   4.87 193.92175 27.25  1137.11 3523.27 2.33 2.30  74.9 -0.426    19.82 21.87 02a59291o0366c 0x000000   -9.571429
59309.453103 21.954622      NaN  -208     2 c    0  28.12 193.92175 27.25  3551.42 5380.96 2.26 2.10 -80.5 -0.398    20.08 22.01 01a59309o0311c 0x100001 -104.000000
59309.456811 20.761819      NaN   -21     6 c    0  20.41 193.92175 27.25  3571.81 5418.63 2.53 2.30 -85.6 -0.375    19.95 22.01 01a59309o0319c 0x100001   -3.500000
59309.492744 22.707197      NaN  -282     1 c    0  32.86 193.92175 27.25  3521.16 5333.86 2.16 2.05 -70.8 -0.394    20.09 22.00 01a59309o0393c 0x100001 -282.000000
59309.498432 20.761819      NaN   -31     6 c    0 106.11 193.92175 27.25  3503.05 5449.26 2.37 2.28 -73.1 -0.386    19.97 21.99 01a59309o0402c 0x100001   -5.166667
59313.444183 20.449472      NaN   -49     8 c    0   5.38 193.92175 27.25  9161.65  930.31 2.73 2.51 -66.5 -0.373    19.98 21.84 01a59313o0475c 0x000000   -6.125000
59313.447414 20.761819      NaN  -162     6 c    0   8.14 193.92175 27.25  9182.34  968.77 2.69 2.45 -59.8 -0.361    20.02 21.84 01a59313o0482c 0x000000  -27.000000
59313.453069 20.594452      NaN  -131     7 c    0   7.82 193.92175 27.25  9125.43  890.97 2.71 2.48 -54.5 -0.359    19.96 21.86 01a59313o0494c 0x000000  -18.714286
59313.464080 20.071303      NaN    10     8 c    0  10.23 193.92175 27.25  9107.85 1008.23 2.63 2.39 -57.7 -0.374    19.99 21.86 01a59313o0517c 0x100001    1.250000
59317.451865 20.321591      NaN    -6     9 c    0   3.64 193.92175 27.25  9168.69  927.07 2.88 2.53 -74.2 -0.376    19.90 21.82 01a59317o0113c 0x000000   -0.666667
59317.455087 20.449472      NaN   -79     8 c    0   7.14 193.92175 27.25  9188.82  963.88 2.76 2.50 -67.6 -0.376    19.89 21.78 01a59317o0120c 0x000000   -9.875000
59317.460854 20.321591      NaN   -12     9 c    0   4.53 193.92175 27.25  9131.96  885.63 2.74 2.45 -63.6 -0.377    19.88 21.77 01a59317o0132c 0x000000   -1.333333
59317.470824 20.449472      NaN   -87     8 c    0   4.12 193.92175 27.25  9114.35 1002.45 2.71 2.40 -65.4 -0.372    19.93 21.77 01a59317o0153c 0x000000  -10.875000
59321.423058 20.761819      NaN   -27     6 c    0  10.79 193.92175 27.25  5562.00 7209.35 2.48 2.40 -69.4 -0.366    19.92 21.86 01a59321o0391c 0x100001   -4.500000
59321.454010 20.594452      NaN   -58     7 c    0   5.67 193.92175 27.25  5590.41 7242.32 2.68 2.54 -75.9 -0.361    19.84 21.83 01a59321o0454c 0x000000   -8.285714
59321.460585 20.761819      NaN   -96     6 c    0  12.00 193.92175 27.25  5532.23 7163.60 2.47 2.33 -64.5 -0.373    19.91 21.83 01a59321o0465c 0x100001  -16.000000
59321.467952 20.449472      NaN   -85     8 c    0   2.71 193.92175 27.25  5516.55 7277.81 2.66 2.48 -66.2 -0.359    19.88 21.83 01a59321o0480c 0x000000  -10.625000
59343.342572 20.761819      NaN   -46     6 c    0  12.15 193.92175 27.25  3051.30 3496.56 2.39 2.31  41.1 -0.405    19.78 21.68 02a59343o0223c 0x100001   -7.666667
59343.347935 20.449472      NaN  -173     8 c    0   9.62 193.92175 27.25  3031.74 3458.98 2.38 2.29  50.5 -0.407    19.77 21.68 02a59343o0233c 0x000000  -21.625000
59343.351143 20.449472      NaN   -99     8 c    0   5.99 193.92175 27.25  3090.64 3535.33 2.39 2.30  53.0 -0.409    19.74 21.69 02a59343o0240c 0x000000  -12.375000
59343.361322 20.959772      NaN  -208     5 c    0  13.54 193.92175 27.25  3110.96 3419.99 2.39 2.25  48.9 -0.406    19.77 21.64 02a59343o0261c 0x100001  -41.600000
59347.368768 20.207197      NaN   -56    10 c    0   4.04 193.92175 27.25  9324.59 9749.24 2.74 2.72  57.2 -0.373    19.72 21.63 02a59347o0297c 0x000000   -5.600000
59347.376050 20.207197      NaN   -18    10 c    0   4.05 193.92175 27.25  9303.71 9704.87 2.74 2.72  60.1 -0.369    19.74 21.63 02a59347o0312c 0x000000   -1.800000
59347.379838 20.207197      NaN   -63    10 c    0   6.02 193.92175 27.25  9362.64 9788.20 2.76 2.73 -81.0 -0.374    19.75 21.63 02a59347o0320c 0x000000   -6.300000
59347.407355 20.207197      NaN   -58    10 c    0   3.49 193.92175 27.25  9376.71 9670.57 2.80 2.78 -58.5 -0.369    19.71 21.63 02a59347o0376c 0x000000   -5.800000
59369.335918 20.761819      NaN   -80     6 c    0  11.75 193.92175 27.25  7260.18 1062.27 2.25 2.16 -29.0 -0.394    20.02 21.85 01a59369o0218c 0x100001  -13.333333
59369.341053 20.959772      NaN  -132     5 c    0  15.57 193.92175 27.25  7280.11 1102.19 2.37 2.16 -23.9 -0.389    19.95 21.76 01a59369o0229c 0x100001  -26.400000
59369.344316 20.959772      NaN  -203     5 c    0  11.15 193.92175 27.25  7223.45 1024.97 2.38 2.17 -29.7 -0.395    19.96 21.77 01a59369o0236c 0x100001  -40.600000
59369.355130 20.594452      NaN  -121     7 c    0   8.66 193.92175 27.25  7207.21 1142.52 2.35 2.18 -41.6 -0.387    19.97 21.77 01a59369o0259c 0x000000  -17.285714
59373.319947 20.761819      NaN  -150     6 c    0   9.05 193.92175 27.25  7259.75 1061.58 2.31 2.15 -60.4 -0.404    20.02 21.83 01a59373o0180c 0x000000  -25.000000
59373.323176 20.959772      NaN  -568     5 c    0 147.47 193.92175 27.25  7280.08 1101.06 2.28 2.10 -55.5 -0.403    20.07 21.84 01a59373o0187c 0x100001 -113.600000
59373.330580 20.761819      NaN  -132     6 c    0   7.84 193.92175 27.25  7223.98 1024.35 2.25 2.12 -49.9 -0.405    20.07 21.84 01a59373o0203c 0x000000  -22.000000
59373.340418 20.761819      NaN   -98     6 c    0  12.99 193.92175 27.25  7205.92 1142.12 2.31 2.17 -61.0 -0.407    20.02 21.85 01a59373o0224c 0x100001  -16.333333
59377.299713 20.761819      NaN   -14     6 c    0  17.98 193.92175 27.25  6808.85 3502.19 2.19 2.05 -67.3 -0.399    20.09 21.89 01a59377o0134c 0x100001   -2.333333
59377.303166 20.594452      NaN  -194     7 c    0   9.18 193.92175 27.25  6830.21 3540.74 2.29 1.97 -67.6 -0.388    19.70 21.85 01a59377o0141c 0x000000  -27.714286
59377.308699 20.103715      NaN    12     7 c    0  11.62 193.92175 27.25  6771.68 3464.32 2.26 2.05 -77.8 -0.402    20.02 21.92 01a59377o0153c 0x100001    1.714286
59377.326099 21.514394      NaN  -594     3 c    0 117.10 193.92175 27.25  6757.15 3581.01 2.32 2.13 -69.5 -0.395    20.06 21.98 01a59377o0188c 0x100001 -198.000000
59403.290670 20.207197      NaN   -39    10 c    0   4.93 193.92175 27.25  9735.08 7314.16 2.82 2.58 -57.5 -0.404    19.69 21.42 02a59403o0103c 0x000000   -3.900000
59403.293914 20.207197      NaN  -147    10 c    0   5.04 193.92175 27.25  9715.77 7274.21 2.83 2.53 -53.5 -0.408    19.66 21.43 02a59403o0110c 0x000000  -14.700000
59403.301267 20.207197      NaN   -93    10 c    0   4.02 193.92175 27.25  9775.24 7355.31 2.83 2.53 -52.1 -0.408    19.68 21.42 02a59403o0126c 0x000000   -9.300000
59403.311840 20.103715      NaN   -69    11 c    0   4.74 193.92175 27.25  9791.85 7237.80 2.80 2.58 -51.9 -0.408    19.66 21.39 02a59403o0149c 0x000000   -6.272727
59407.253958 17.203704      NaN  -314   159 c    0   1.24 193.92175 27.25  9740.63 7317.32 2.73 2.48 -61.5 -0.490    17.04 18.02 02a59407o0023c 0x100002   -1.974843
59407.257653 16.138782      NaN  -626   424 c    0   1.06 193.92175 27.25  9722.07 7277.64 2.74 2.55 -63.2 -0.481    15.72 16.88 02a59407o0031c 0x100002   -1.476415
59407.263165 17.422338      NaN  -918   130 c    0   1.64 193.92175 27.25  9781.51 7356.44 2.80 2.59 -59.2 -0.473    17.29 18.63 02a59407o0043c 0x100002   -7.061538
59407.276044 19.419021      NaN     2    20 c    0   2.18 193.92175 27.25  9802.65 7238.60 2.82 2.70 -57.2 -0.402    18.98 20.59 02a59407o0071c 0x000000    0.100000
59425.274626 20.761819      NaN  -199     6 c    0  11.38 193.92175 27.25  8740.25 3358.53 2.44 2.13 -77.9 -0.396    19.54 21.05 01a59425o0085c 0x100001  -33.166667
59425.277853 20.449472      NaN   -67     8 c    0   4.08 193.92175 27.25  8755.55 3399.55 2.44 2.14 -81.4 -0.391    19.66 21.14 01a59425o0092c 0x000000   -8.375000
59425.284793 20.207197      NaN   -49    10 c    0   4.79 193.92175 27.25  8697.67 3323.46 2.47 2.17 -76.3 -0.391    19.70 21.23 01a59425o0107c 0x000000   -4.900000
59425.296799 19.549093      NaN    22    11 c    0   5.70 193.92175 27.25  8675.56 3445.13 2.51 2.31 -66.6 -0.368    19.58 21.11 01a59425o0133c 0x000000    2.000000
59429.257852 20.103715      NaN  -146    11 c    0   2.98 193.92175 27.25  8744.07 3360.99 2.50 2.08 -79.5 -0.404    19.59 20.89 01a59429o0054c 0x000000  -13.272727
59429.261080 20.321591      NaN   -46     9 c    0   4.71 193.92175 27.25  8762.63 3400.52 2.52 2.11 -79.0 -0.405    19.59 20.95 01a59429o0061c 0x000000   -5.111111
59429.267073 20.207197      NaN   -48    10 c    0   3.93 193.92175 27.25  8705.46 3323.26 2.45 2.11 -77.2 -0.406    19.65 21.02 01a59429o0074c 0x000000   -4.800000
59429.279065 20.321591      NaN   -19     9 c    0   5.69 193.92175 27.25  8683.50 3444.10 2.44 2.01 -80.5 -0.418    19.65 21.02 01a59429o0100c 0x000000   -2.111111
59433.248207 20.103715      NaN   -55    11 c    0   4.78 193.92175 27.25  7529.04 7062.38 2.51 2.15 -83.5 -0.374    19.31 20.28 01a59433o0036c 0x000000   -5.000000
59433.252353 20.207197      NaN   -21    10 c    0   7.82 193.92175 27.25  7548.82 7101.20 2.51 2.15 -82.0 -0.378    19.47 20.79 01a59433o0045c 0x000000   -2.100000
59433.259733 20.321591      NaN  -122     9 c    0   2.82 193.92175 27.25  7488.33 7026.35 2.55 2.20 -82.7 -0.376    19.61 21.07 01a59433o0061c 0x000000  -13.555556
59433.271277 19.841877 0.258509    42    10 c    0   4.28 193.92175 27.25  7468.73 7143.82 2.70 2.32 -83.3 -0.368    19.51 21.00 01a59433o0086c 0x000000    4.200000
59587.587906 20.321591      NaN  -182     9 c    0   6.45 193.92175 27.25  2196.35 9020.96 2.41 2.31 -40.3 -0.438    19.66 21.81 02a59587o0845c 0x000000  -20.222222
59587.612995 20.449472      NaN  -150     8 c    0   9.60 193.92175 27.25  2217.97 9057.08 2.39 2.35 -27.0 -0.440    19.67 21.84 02a59587o0893c 0x000000  -18.750000
59587.617228 20.103715      NaN  -100    11 c    0   2.75 193.92175 27.25  2159.35 8979.56 2.42 2.40  -2.0 -0.436    19.67 21.85 02a59587o0902c 0x000000   -9.090909
59587.620447 20.321591      NaN  -140     9 c    0   8.48 193.92175 27.25  2138.97 9097.11 2.39 2.36 -49.1 -0.438    19.68 21.85 02a59587o0909c 0x000000  -15.555556