         MJD         m       dm  uJy  duJy F  err    chi/N        RA     Dec        x        y  maj  min   phi  apfit  mag5sig   Sky            Obs     Mask   __tmp_SN
57809.627274 16.407627      NaN -530   331 c    0     1.12 239.54872 19.7652  9915.61  1436.99 3.81 3.49  87.6 -0.437    16.30 18.01 02a57809o0728c 0x100002  -1.601208
57809.641948 17.671596      NaN   22    96 c    0     1.10 239.54872 19.7652   342.76  1423.78 4.11 3.75  80.9 -0.396    17.34 19.09 02a57809o0748c 0x100002   0.229167
57809.647423 17.590634      NaN   64    90 c    0     1.09 239.54872 19.7652   562.45  8970.69 3.81 3.42  25.9 -0.406    17.66 19.43 02a57809o0755c 0x100002   0.711111
57809.662039 16.103512      NaN  534   260 c    0     1.21 239.54872 19.7652 10135.25  8981.27 3.64 3.21 -75.1 -0.508    16.29 17.70 02a57809o0775c 0x100002   2.053846
57809.666282 16.566282      NaN -104   286 c    0     1.05 239.54872 19.7652  9880.27  1400.94 3.90 3.54 -89.9 -0.415    16.51 17.58 02a57809o0781c 0x100002  -0.363636
57817.598497 19.841877      NaN   -5    14 c    0     1.23 239.54872 19.7652  9332.96  1897.49 3.85 3.62  69.3 -0.435    19.79 21.92 02a57817o0602c 0x000000  -0.357143
57817.620701 20.009244      NaN   -5    12 c    0     1.24 239.54872 19.7652  9376.55  1931.96 3.83 3.54  81.6 -0.439    19.78 21.87 02a57817o0642c 0x000000  -0.416667
57817.625277 19.922338      NaN   -5    13 c    0     1.49 239.54872 19.7652  9299.44  1859.13 3.86 3.61  73.5 -0.439    19.76 21.86 02a57817o0649c 0x000000  -0.384615
57817.651497 19.696897      NaN   -7    16 c    0     0.76 239.54872 19.7652  9279.79  1977.56 3.83 3.53  79.6 -0.435    19.63 21.59 02a57817o0688c 0x000000  -0.437500
57833.574422 19.226921      NaN   23    17 c    0     1.33 239.54872 19.7652  9801.57  2357.05 3.83 3.41 -89.1 -0.437    18.86 20.42 02a57833o0622c 0x000000   1.352941
57833.592355 18.767304      NaN   47    22 c    0     0.94 239.54872 19.7652   670.30  8061.27 3.92 3.56  35.4 -0.431    18.81 20.41 02a57833o0653c 0x000000   2.136364
57833.593265 19.287255      NaN   13    19 c    0     1.05 239.54872 19.7652   220.52  2342.94 4.14 3.72  73.8 -0.372    18.82 20.40 02a57833o0654c 0x000000   0.684211
57833.604362 19.212347      NaN    6    23 c    0     0.81 239.54872 19.7652 10247.28  8078.98 3.97 3.58 -82.9 -0.407    18.78 20.40 02a57833o0670c 0x000000   0.260870
57833.610054 19.510313      NaN  -14    19 c    0     1.48 239.54872 19.7652   724.47  8142.67 4.01 3.69  34.6 -0.434    18.78 20.41 02a57833o0680c 0x000000  -0.736842
57833.623185 18.878500      NaN   36    22 c    0     1.03 239.54872 19.7652 10300.71  8152.43 4.06 3.74 -88.9 -0.413    18.76 20.39 02a57833o0700c 0x000000   1.636364
57833.627994 19.302877      NaN  -15    23 c    0     1.07 239.54872 19.7652   737.32  8016.48 4.01 3.70  23.9 -0.434    18.77 20.38 02a57833o0706c 0x000000  -0.652174
57833.641401 19.302877      NaN  -13    23 c    0     0.82 239.54872 19.7652 10315.79  8036.19 3.84 3.51 -74.6 -0.414    18.73 20.24 02a57833o0726c 0x000000  -0.565217
57833.645367 18.978793      NaN   15    26 c    0     1.14 239.54872 19.7652   702.40  8080.88 4.06 3.64  19.8 -0.444    18.58 19.96 02a57833o0732c 0x100002   0.576923
57837.575632 19.719755      NaN    2    15 c    0     1.25 239.54872 19.7652   962.64  1239.75 4.01 3.78  82.2 -0.404    19.16 21.16 02a57837o0552c 0x000000   0.133333
57837.596735 19.569016      NaN  -16    18 c    0     0.84 239.54872 19.7652   980.64  1280.55 4.02 3.74  82.2 -0.405    19.15 21.16 02a57837o0587c 0x000000  -0.888889
57841.565980 19.351140      NaN    9    19 c    0     1.04 239.54872 19.7652  6977.79  9691.33 3.69 3.63 -42.2 -0.456    19.04 20.97 02a57841o0616c 0x000000   0.473684
57841.582325 19.212347      NaN   21    18 c    0     0.94 239.54872 19.7652  3501.38   725.05 3.92 3.86 -53.0 -0.412    19.04 20.98 02a57841o0644c 0x000000   1.166667
57841.584916 19.454622      NaN -146    20 c    0    15.41 239.54872 19.7652  9495.91 10527.18 3.74 3.61 -43.0 -0.426    19.03 20.96 02a57841o0649c 0x100001  -7.300000
57841.596104 19.766969      NaN  -19    15 c    0     1.16 239.54872 19.7652  3556.08   807.39 4.03 3.98 -82.7 -0.401    18.99 20.96 02a57841o0666c 0x000000  -1.266667
57841.615123 19.696897      NaN   -1    16 c    0     1.22 239.54872 19.7652  3572.30   683.44 3.91 3.87 -84.9 -0.401    19.02 20.95 02a57841o0693c 0x000000  -0.062500
57841.618480 18.944322      NaN  -62    32 c    0     1.04 239.54872 19.7652  9563.67 10494.03 3.94 3.81 -80.9 -0.404    19.00 20.96 02a57841o0698c 0x100002  -1.937500
57841.633027 19.491430      NaN    7    17 c    0     1.05 239.54872 19.7652  3542.46   750.10 3.83 3.75 -75.8 -0.420    19.02 20.90 02a57841o0720c 0x000000   0.411765
57893.467906 20.321591      NaN   -3     9 c    0     1.02 239.54872 19.7652  3114.87  1685.33 3.46 2.44  21.8 -0.463    19.81 21.70 02a57893o0416c 0x000000  -0.333333
57893.475093 19.979496      NaN    4    11 c    0     0.67 239.54872 19.7652  3076.57  1647.82 3.39 2.36  22.1 -0.469    19.81 21.66 02a57893o0429c 0x000000   0.363636
57893.484434 20.321591      NaN   -2     9 c    0     0.82 239.54872 19.7652  3148.61  1724.26 3.40 2.40  21.7 -0.468    19.79 21.66 02a57893o0446c 0x000000  -0.222222
57893.509694 20.009244      NaN   -8    12 c    0     0.89 239.54872 19.7652  3171.39  1607.68 3.56 2.46  21.7 -0.473    19.68 21.39 02a57893o0488c 0x000000  -0.666667
57893.520300 19.922338      NaN    3    12 c    0     1.01 239.54872 19.7652  3137.56  1667.41 3.52 2.44  22.3 -0.474    19.64 21.29 02a57893o0507c 0x000000   0.250000
57901.428614 20.207197      NaN   -4    10 c    0     0.82 239.54872 19.7652   554.84  9955.70 2.77 2.42  10.9 -0.465    19.82 21.77 02a57901o0287c 0x000000  -0.400000
57901.446079 20.449472      NaN   -8     8 c    0     1.13 239.54872 19.7652   534.64  9913.65 2.57 2.22  12.1 -0.473    19.87 21.77 02a57901o0319c 0x000000  -1.000000
57901.446954 20.321591      NaN  -16     9 c    0     0.96 239.54872 19.7652 10165.85  9964.99 2.68 2.40  12.8 -0.463    19.88 21.78 02a57901o0320c 0x000000  -1.777778
57901.447966 19.816329      NaN   13    10 c    0     1.18 239.54872 19.7652  4193.98   150.13 2.95 2.57  37.7 -0.463    19.86 21.77 02a57901o0322c 0x000000   1.300000
57901.451008 20.321591      NaN  -10     9 c    0     0.80 239.54872 19.7652 10146.90  9930.23 2.72 2.44  18.2 -0.463    19.88 21.76 02a57901o0328c 0x000000  -1.111111
57901.456067 19.950541      NaN   14     8 c    0     1.16 239.54872 19.7652  4155.68   112.13 2.88 2.56  35.2 -0.478    19.87 21.76 02a57901o0336c 0x000000   1.750000
57901.467652 20.449472      NaN  -13     8 c    0     1.03 239.54872 19.7652   589.63  9991.46 2.63 2.28  12.6 -0.471    19.87 21.73 02a57901o0358c 0x000000  -1.625000
57901.473613 20.207197      NaN   -5    10 c    0     0.67 239.54872 19.7652 10220.79 10014.13 2.71 2.50  13.2 -0.467    19.82 21.72 02a57901o0369c 0x000000  -0.500000
57901.474486 20.103715      NaN    9     8 c    0     1.28 239.54872 19.7652   612.13  9877.78 2.62 2.23  18.0 -0.473    19.86 21.71 02a57901o0370c 0x000000   1.125000
57901.476514 20.137125      NaN    2    10 c    0     0.97 239.54872 19.7652  4231.38   191.89 3.00 2.64  36.3 -0.467    19.86 21.72 02a57901o0374c 0x000000   0.200000
57901.488920 20.207197      NaN  -12    10 c    0     0.99 239.54872 19.7652  4251.17    72.00 2.97 2.59  37.4 -0.468    19.89 21.71 02a57901o0395c 0x000000  -1.200000
57901.489934 20.009244      NaN    9     9 c    0     0.85 239.54872 19.7652 10238.11  9892.58 2.68 2.40  12.1 -0.474    19.87 21.71 02a57901o0397c 0x000000   1.000000
57901.498467 20.207197      NaN   -9    10 c    0     0.73 239.54872 19.7652   574.37  9937.73 2.63 2.23  17.0 -0.471    19.89 21.65 02a57901o0411c 0x000000  -0.900000
57901.511327 20.071303      NaN    4    10 c    0     0.99 239.54872 19.7652  4216.71   130.41 3.10 2.66  35.2 -0.460    19.81 21.66 02a57901o0433c 0x000000   0.400000
57901.512848 20.449472      NaN  -17     8 c    0     1.23 239.54872 19.7652 10203.72  9950.80 2.71 2.52  15.1 -0.483    19.82 21.67 02a57901o0436c 0x000000  -2.125000
57983.278982 19.950541      NaN   14     8 c    0     1.31 239.54872 19.7652   481.10  9725.93 2.57 2.24  16.0 -0.433    19.85 21.76 02a57983o0094c 0x000000   1.750000
57983.287298 20.449472      NaN  -15     8 c    0     1.42 239.54872 19.7652 10065.76  9733.67 2.59 2.43  20.7 -0.422    19.88 21.79 02a57983o0110c 0x000000  -1.875000
57983.287782 19.868040      NaN   14     9 c    0     1.20 239.54872 19.7652   464.31  9685.17 2.57 2.26  15.1 -0.429    19.87 21.73 02a57983o0111c 0x000000   1.555556
57983.296084 20.009244      NaN   12     8 c    0     1.03 239.54872 19.7652 10047.57  9693.43 2.63 2.48  25.2 -0.419    19.87 21.76 02a57983o0127c 0x000000   1.500000
57983.296565 20.449472      NaN   -4     8 c    0     1.29 239.54872 19.7652   519.06  9761.93 2.60 2.23  15.1 -0.432    19.85 21.69 02a57983o0128c 0x000000  -0.500000
57983.305153 20.244005      NaN    5     8 c    0     1.37 239.54872 19.7652 10105.87  9772.80 2.56 2.45   7.4 -0.439    19.84 21.72 02a57983o0144c 0x000000   0.625000
57983.305916 20.244005      NaN    5     8 c    0     1.37 239.54872 19.7652   539.39  9642.38 2.59 2.26  15.2 -0.434    19.79 21.65 02a57983o0145c 0x000000   0.625000
57983.314106 19.950541      NaN   11     9 c    0     1.06 239.54872 19.7652 10123.28  9654.98 2.58 2.48  11.6 -0.432    19.82 21.67 02a57983o0161c 0x000000   1.222222
57987.267354 17.152575      NaN    8   164 c    0     1.12 239.54872 19.7652    87.55  9914.78 2.93 2.47  20.2 -0.394    17.74 19.45 02a57987o0050c 0x100002   0.048780
57987.275984 15.976549      NaN  331   382 c    0     1.19 239.54872 19.7652    70.01  9873.73 2.84 2.57  28.1 -0.416    17.39 18.94 02a57987o0067c 0x100002   0.866492
57987.277441 18.317510      NaN  -26    57 c    0     1.12 239.54872 19.7652  3704.42    99.70 2.88 2.65  52.2 -0.383    17.58 19.23 02a57987o0070c 0x100002  -0.456140
57987.281581 20.009244      NaN   -4    12 c    0     0.79 239.54872 19.7652  9677.30  9882.48 2.98 2.83  43.3 -0.417    19.25 21.13 02a57987o0078c 0x000000  -0.333333
57987.284748 19.631075      NaN  -19    17 c    0     1.50 239.54872 19.7652   125.11  9930.18 2.92 2.62  25.1 -0.413    19.42 21.18 02a57987o0084c 0x000000  -1.117647
57987.286257 16.620775      NaN   18   266 c    0     1.23 239.54872 19.7652  3668.61    58.36 2.89 2.65  52.4 -0.389    16.00 17.54 02a57987o0087c 0x100002   0.067669
57987.290448 13.520656      NaN 2713  3823 c    0     0.82 239.54872 19.7652  9658.75  9842.50 3.10 2.69  33.7 -0.367    15.76 17.43 02a57987o0095c 0x100002   0.709652
57987.293599 18.438271      NaN   63    30 c    0     1.28 239.54872 19.7652   146.15  9810.48 2.85 2.61  17.7 -0.386    17.72 19.38 02a57987o0101c 0x100002   2.100000
57987.295108 17.439172      NaN  -48   128 c    0     1.08 239.54872 19.7652  3743.42   136.20 2.77 2.53  52.0 -0.381    16.76 18.26 02a57987o0104c 0x100002  -0.375000
57987.299442 16.600997 0.295278  831   226 c    0     1.70 239.54872 19.7652  9716.13  9922.06 2.86 2.70  29.8 -0.430    15.67 17.13 02a57987o0112c 0x100002   3.676991
57991.289116 18.431198      NaN   40    38 c    0     1.17 239.54872 19.7652  7697.00  5622.81 2.45 2.38 -53.3 -0.342      NaN 23.04 02a57991o0009c 0x100002   1.052632
58019.224207 20.009244      NaN   -3    12 c    0     0.93 239.54872 19.7652  7793.45  6287.09 2.58 2.44 -44.6 -0.408    19.49 20.85 02a58019o0023c 0x000000  -0.250000
58019.227907 20.071303      NaN    4    10 c    0     0.81 239.54872 19.7652  7757.87  6247.21 2.50 2.41 -53.4 -0.423    19.60 21.06 02a58019o0031c 0x000000   0.400000
58019.233762 20.009244      NaN    6    10 c    0     1.09 239.54872 19.7652  7831.43  6323.21 2.54 2.42 -51.7 -0.420    19.59 21.14 02a58019o0043c 0x000000   0.600000
58227.559520 19.014394      NaN  -90    30 c    0     1.40 239.54872 19.7652  8568.22  3494.40 2.66 2.52 -87.5 -0.412    18.00 19.73 02a58227o0516c 0x100002  -3.000000
58227.573550 19.589310      NaN    2    17 c    0     1.39 239.54872 19.7652  8547.41  3454.20 2.67 2.55  88.0 -0.413    18.68 20.48 02a58227o0544c 0x000000   0.117647
58227.594888 18.675237      NaN   -2    41 c    0     1.05 239.54872 19.7652  8622.62  3533.60 2.66 2.58  54.0 -0.420    18.80 20.59 02a58227o0586c 0x100002  -0.048780
58227.604558 18.267867      NaN   44    45 c    0     0.93 239.54872 19.7652  8642.56  3418.63 2.68 2.56  67.5 -0.438    17.81 19.42 02a58227o0605c 0x100002   0.977778
58258.346990 19.922338      NaN  -10    13 c    0     1.06 239.54872 19.7652  2860.93  5623.13 4.08 3.31   6.8 -0.370    19.17 21.32 02a58258o0002c 0x000000  -0.769231
58259.476526 20.594452      NaN   -8     7 c    0     1.68 239.54872 19.7652  9221.04  4451.58 2.66 2.53  57.2 -0.438    19.82 21.88 02a58259o0270c 0x000000  -1.142857
58259.490040 20.449472      NaN    0     8 c    0     0.88 239.54872 19.7652  9202.64  4412.20 2.72 2.64  41.9 -0.440    19.80 21.88 02a58259o0297c 0x000000   0.000000
58259.502223 20.449472      NaN   -8     8 c    0     0.98 239.54872 19.7652  9277.64  4491.82 2.64 2.57  56.3 -0.443    19.82 21.88 02a58259o0321c 0x000000  -1.000000
58259.512338 20.321591      NaN   -3     9 c    0     0.85 239.54872 19.7652  9294.71  4374.83 2.68 2.57  65.4 -0.442    19.79 21.83 02a58259o0341c 0x000000  -0.333333
58279.462416 20.207197      NaN  -13    10 c    0     1.09 239.54872 19.7652  9148.36  4314.20 2.58 2.52 -63.7 -0.428    19.63 21.43 02a58279o0455c 0x000000  -1.300000
58279.474990 19.979496      NaN   10     9 c    0     1.26 239.54872 19.7652  9130.00  4274.71 2.55 2.49 -57.1 -0.435    19.61 21.40 02a58279o0481c 0x000000   1.111111
58279.486369 19.868040      NaN    5    12 c    0     0.93 239.54872 19.7652  9183.75  4353.38 2.63 2.58 -67.0 -0.428    19.51 21.34 02a58279o0504c 0x000000   0.416667
58279.502938 19.841877      NaN  -20    14 c    0     0.75 239.54872 19.7652  9202.91  4237.07 2.61 2.58  88.8 -0.432    19.48 21.27 02a58279o0538c 0x000000  -1.428571
58287.433087 20.207197      NaN    6     8 c    0     0.98 239.54872 19.7652  6408.32  4443.97 2.55 2.42 -55.8 -0.415    19.84 21.78 02a58287o0385c 0x000000   0.750000
58287.447513 20.321591      NaN   -5     9 c    0     0.92 239.54872 19.7652  6390.92  4405.13 2.59 2.43 -58.4 -0.409    19.82 21.79 02a58287o0413c 0x000000  -0.555556
58287.454736 20.405150      NaN    1     8 c    0     0.93 239.54872 19.7652  6446.61  4483.23 2.62 2.42 -55.4 -0.413    19.82 21.80 02a58287o0428c 0x000000   0.125000
58287.463566 20.594452      NaN  -15     7 c    0     1.23 239.54872 19.7652  6464.95  4367.49 2.58 2.40 -52.4 -0.414    19.80 21.79 02a58287o0447c 0x000000  -2.142857
58307.414674 20.594452      NaN   -5     7 c    0     1.15 239.54872 19.7652  7045.46  4321.73 2.65 2.50 -34.5 -0.421    19.73 21.73 02a58307o0282c 0x000000  -0.714286
58307.425600 20.449472      NaN    0     8 c    0     1.32 239.54872 19.7652  7026.63  4283.10 2.59 2.49 -64.3 -0.412    19.76 21.72 02a58307o0304c 0x000000   0.000000
58307.436810 20.449472      NaN  -14     8 c    0     1.17 239.54872 19.7652  7081.63  4360.55 2.65 2.48 -51.8 -0.409    19.77 21.70 02a58307o0327c 0x000000  -1.750000
58307.447313 20.071303      NaN   10     8 c    0     1.13 239.54872 19.7652  7101.52  4243.57 2.58 2.46 -54.7 -0.416    19.73 21.67 02a58307o0349c 0x000000   1.250000
58311.414891 20.244005      NaN    2     9 c    0     1.41 239.54872 19.7652  5998.01  6676.22 2.73 2.56 -42.9 -0.413    19.70 21.66 02a58311o0354c 0x000000   0.222222
58311.427580 20.321591      NaN  -13     9 c    0     1.08 239.54872 19.7652  5977.57  6636.59 2.76 2.52 -52.7 -0.396    19.68 21.60 02a58311o0379c 0x000000  -1.444444
58311.438712 20.009244      NaN    3    11 c    0     0.94 239.54872 19.7652  6032.88  6713.74 2.85 2.61 -46.3 -0.400    19.62 21.52 02a58311o0402c 0x000000   0.272727
58311.449733 20.321591      NaN  -19     9 c    0     1.38 239.54872 19.7652  6053.79  6596.61 2.98 2.76 -46.3 -0.392    19.55 21.44 02a58311o0425c 0x000000  -2.111111
58315.392467 20.207197      NaN   -2    10 c    0     0.78 239.54872 19.7652  7962.31  3672.15 2.66 2.56 -57.9 -0.405    19.66 21.68 02a58315o0315c 0x000000  -0.200000
58315.404339 20.321591      NaN  -10     9 c    0     0.94 239.54872 19.7652  7944.92  3632.91 2.58 2.49 -57.0 -0.415    19.69 21.66 02a58315o0337c 0x000000  -1.111111
58315.415652 20.071303      NaN    4    10 c    0     0.70 239.54872 19.7652  7999.68  3711.05 2.68 2.53 -52.8 -0.413    19.63 21.56 02a58315o0360c 0x000000   0.400000
58315.428746 19.816329      NaN   10    11 c    0     0.86 239.54872 19.7652  8016.79  3594.87 2.71 2.63 -55.6 -0.409    19.58 21.56 02a58315o0384c 0x000000   0.909091
58331.402641 18.459772      NaN  -56    50 c    0     1.26 239.54872 19.7652  7580.11  3920.39 2.99 2.69 -54.4 -0.388    17.88 18.95 02a58331o0344c 0x100002  -1.120000
58331.413725 17.850111      NaN   59    68 c    0     0.75 239.54872 19.7652  7562.20  3882.60 2.96 2.66 -51.5 -0.409    17.62 18.73 02a58331o0367c 0x100002   0.867647
58331.424915 17.883650      NaN  -18    85 c    0     0.96 239.54872 19.7652  7617.78  3962.14 3.09 2.79 -50.6 -0.389    17.28 18.41 02a58331o0390c 0x100002  -0.211765
58331.436125 18.261819      NaN -147    60 c    0     1.22 239.54872 19.7652  7639.02  3842.47 3.04 2.77 -50.4 -0.402    17.60 18.74 02a58331o0413c 0x100002  -2.450000
58335.356412 20.449472      NaN   -5     8 c    0     0.99 239.54872 19.7652  8709.78  6467.29 2.84 2.70 -43.7 -0.385    19.68 21.72 02a58335o0261c 0x000000  -0.625000
58335.366509 20.449472      NaN  -13     8 c    0     1.20 239.54872 19.7652  8693.09  6427.40 2.72 2.60 -48.5 -0.404    19.71 21.71 02a58335o0282c 0x000000  -1.625000
58335.376799 19.743105      NaN    4    14 c    0     0.89 239.54872 19.7652  8749.70  6504.78 2.74 2.62 -48.2 -0.411    19.28 21.16 02a58335o0303c 0x000000   0.285714
58335.386863 19.841877      NaN   -9    14 c    0     1.00 239.54872 19.7652  8769.08  6387.63 2.77 2.62 -40.9 -0.405    19.18 20.99 02a58335o0324c 0x000000  -0.642857
58339.345591 17.500233      NaN  -86   121 c    0     1.67 239.54872 19.7652  8106.30  6188.58 2.75 2.53 -47.8 -0.390    16.99 18.47 02a58339o0244c 0x100002  -0.710744
58339.355994 16.159464      NaN  480   256 c    0     0.86 239.54872 19.7652  8088.26  6147.87 2.76 2.54 -51.5 -0.368    16.29 17.66 02a58339o0266c 0x100002   1.875000
58339.367017 15.899242      NaN  581   335 c    0     1.11 239.54872 19.7652  8163.60  6225.80 2.78 2.59 -44.6 -0.407    15.59 16.96 02a58339o0289c 0x100002   1.734328
58339.377777 16.998944      NaN  -76   192 c    0     0.74 239.54872 19.7652  8184.17  6109.45 2.81 2.62 -45.3 -0.388    16.14 17.49 02a58339o0311c 0x100002  -0.395833
58395.225687 17.043187      NaN  145   136 c    0     1.12 239.54872 19.7652  7836.99  5338.87 3.00 2.66 -54.6 -0.369    16.82 18.07 02a58395o0060c 0x100002   1.066176
58395.235547 17.762888      NaN  -17    95 c    0     1.38 239.54872 19.7652  7803.07  5297.80 2.88 2.61 -53.3 -0.372    17.22 18.40 02a58395o0081c 0x100002  -0.178947
58395.245471 18.452558      NaN   40    37 c    0     0.97 239.54872 19.7652  7877.33  5376.10 2.88 2.57 -50.7 -0.383    18.35 19.68 02a58395o0102c 0x100002   1.081081
58395.255448 19.051202      NaN   -4    29 c    0     0.94 239.54872 19.7652  7895.59  5260.48 2.92 2.64 -51.8 -0.388    18.55 19.93 02a58395o0123c 0x100002  -0.137931
58403.209841 18.079051      NaN  -68    71 c    0     1.12 239.54872 19.7652  7874.91  3691.65 2.71 2.47 -51.9 -0.406    17.67 18.67 02a58403o0036c 0x100002  -0.957746
58403.218030 18.063866      NaN  -38    72 c    0     1.15 239.54872 19.7652  7858.88  3652.70 2.64 2.44 -43.2 -0.404    17.51 18.56 02a58403o0053c 0x100002  -0.527778
58519.665846 20.071303      NaN    7     9 c    0     1.05 239.54872 19.7652  6330.88  1837.34 2.63 2.53  46.7 -0.407    19.65 21.31 02a58519o0921c 0x000000   0.777778
58519.676096 18.550302      NaN   27    37 c    0     1.12 239.54872 19.7652  6350.80  1878.51 2.57 2.49  40.7 -0.417    18.08 18.87 02a58519o0939c 0x100002   0.729730
58575.549065 19.816329      NaN   13    10 c    0     1.12 239.54872 19.7652  9538.43  9590.93 3.01 2.55 -51.4 -0.380    19.72 21.71 02a58575o0452c 0x000000   1.300000
58575.557838 19.922338      NaN   12     9 c    0     1.39 239.54872 19.7652  1053.83   939.75 3.11 2.53 -50.0 -0.424    19.66 21.79 02a58575o0469c 0x000000   1.333333
58575.564784 20.321591      NaN   -4     9 c    0     1.01 239.54872 19.7652  9485.18  9557.81 3.07 2.63 -47.2 -0.375    19.69 21.79 02a58575o0483c 0x000000  -0.444444
58575.578244 20.321591      NaN    0     9 c    0     0.97 239.54872 19.7652  1139.42   902.52 3.05 2.44 -47.9 -0.423    19.71 21.82 02a58575o0508c 0x000000   0.000000
58579.556038 20.071303      NaN   10     8 c    0     1.22 239.54872 19.7652  2586.86  1829.33 2.55 2.41 -54.1 -0.415    19.70 21.71 02a58579o0698c 0x000000   1.250000
58579.561490 20.103715      NaN    3    10 c    0     0.77 239.54872 19.7652  8007.06  8696.83 2.76 2.57  45.8 -0.398    19.72 21.72 02a58579o0708c 0x000000   0.300000
58579.571587 20.137125      NaN    5     9 c    0     1.20 239.54872 19.7652  8057.08  8779.32 2.82 2.63  50.0 -0.395    19.72 21.71 02a58579o0728c 0x000000   0.555556
58579.583446 20.449472      NaN   -8     8 c    0     1.50 239.54872 19.7652  8073.46  8665.26 2.71 2.59  54.8 -0.400    19.73 21.73 02a58579o0751c 0x000000  -1.000000
58583.506915 19.766969      NaN   15    10 c    0     1.30 239.54872 19.7652  6239.09  5711.25 3.02 2.89 -45.6 -0.386    19.47 21.68 02a58583o0494c 0x000000   1.500000
58583.518729 20.449472      NaN   -7     8 c    0     1.22 239.54872 19.7652  6259.54  5749.36 2.59 2.49 -57.7 -0.404    19.63 21.69 02a58583o0519c 0x000000  -0.875000
58583.529684 20.207197      NaN  -15    10 c    0     1.14 239.54872 19.7652  6208.23  5676.38 2.97 2.85 -54.7 -0.390    19.48 21.70 02a58583o0541c 0x000000  -1.500000
58583.539564 20.171596      NaN    4     9 c    0     1.23 239.54872 19.7652  6188.42  5792.93 2.94 2.86 -47.4 -0.396    19.49 21.67 02a58583o0562c 0x000000   0.444444
58603.504528 14.703704 0.005235 4770    23 c    0 16559.63 239.54872 19.7652  6092.07  4850.45 2.32 2.27 -32.5 -0.435    19.65 21.57 02a58603o0581c 0x100001 207.391304
58603.516640 20.137125      NaN    5     9 c    0     0.61 239.54872 19.7652  6066.82  4809.92 2.37 2.24 -47.1 -0.411    19.62 21.54 02a58603o0606c 0x000000   0.555556
58603.526544 20.244005      NaN    5     8 c    0     1.04 239.54872 19.7652  6119.71  4891.07 2.36 2.17 -52.9 -0.409    19.62 21.53 02a58603o0627c 0x000000   0.625000
58603.537213 20.405150      NaN    1     8 c    0     1.15 239.54872 19.7652  6135.05  4773.57 2.44 2.27 -59.0 -0.408    19.55 21.52 02a58603o0649c 0x000000   0.125000
58607.516346 20.207197      NaN  -18    10 c    0     1.02 239.54872 19.7652  8790.08   979.64 3.19 2.68 -53.2 -0.402    19.60 21.71 02a58607o0592c 0x000000  -1.800000
58607.527572 20.321591      NaN  -12     9 c    0     0.94 239.54872 19.7652  8767.29   938.93 2.95 2.43 -50.9 -0.401    19.67 21.67 02a58607o0615c 0x000000  -1.333333
58607.541481 19.816329      NaN   10    11 c    0     0.86 239.54872 19.7652  8821.24  1021.12 3.60 3.11 -37.4 -0.367    19.44 21.66 02a58607o0641c 0x000000   0.909091
58607.549577 20.207197      NaN   -3    10 c    0     1.04 239.54872 19.7652  8839.17   901.77 3.08 2.67 -57.7 -0.390    19.59 21.68 02a58607o0657c 0x000000  -0.300000
58611.488876 20.321591      NaN    6     7 c    0     1.23 239.54872 19.7652  2732.06  3119.75 2.50 2.29  47.2 -0.409    19.88 21.87 02a58611o0492c 0x000000   0.857143
58611.507846 20.594452      NaN   -4     7 c    0     1.22 239.54872 19.7652  2702.11  3085.01 2.38 2.31  64.4 -0.416    19.85 21.87 02a58611o0521c 0x000000  -0.571429
58611.511458 20.761819      NaN  -11     6 c    0     2.01 239.54872 19.7652  2763.44  3161.14 2.40 2.31  62.9 -0.411    19.85 21.85 02a58611o0526c 0x000000  -1.833333
58611.518650 20.362567      NaN    5     7 c    0     1.29 239.54872 19.7652  2781.44  3049.56 2.35 2.28  81.1 -0.412    19.88 21.83 02a58611o0537c 0x000000   0.714286
58635.419439 20.449472      NaN  -10     8 c    0     0.78 239.54872 19.7652   925.78  3260.79 2.49 2.32 -51.3 -0.429    19.84 21.85 02a58635o0394c 0x000000  -1.250000
58635.429827 19.950541      NaN   14     8 c    0     1.10 239.54872 19.7652  9645.59  7280.25 2.60 2.54  85.0 -0.414    19.86 21.85 02a58635o0415c 0x000000   1.750000
58635.437909 20.171596      NaN    7     8 c    0     1.08 239.54872 19.7652  9699.57  7356.34 2.66 2.57  72.4 -0.408    19.82 21.86 02a58635o0430c 0x000000   0.875000
58635.446599 20.282105      NaN    4     8 c    0     0.94 239.54872 19.7652  9716.75  7241.93 2.72 2.55 -62.8 -0.408    19.82 21.87 02a58635o0446c 0x000000   0.500000
58639.482603 19.652575      NaN    2    16 c    0     1.03 239.54872 19.7652  9648.79  7317.67 2.68 2.54 -55.0 -0.414    19.12 20.98 02a58639o0455c 0x000000   0.125000
58639.494715 19.169763      NaN  -28    26 c    0     1.01 239.54872 19.7652  9629.23  7278.61 2.66 2.55  46.4 -0.412    18.45 20.17 02a58639o0479c 0x100002  -1.076923
58639.503693 19.302877      NaN  -30    23 c    0     1.18 239.54872 19.7652  9679.42  7358.96 2.71 2.52  37.1 -0.402    19.21 21.07 02a58639o0495c 0x000000  -1.304348
58639.507237 18.298627      NaN   24    50 c    0     1.33 239.54872 19.7652  9703.83  7241.92 2.73 2.49  35.8 -0.405    18.13 19.75 02a58639o0502c 0x100002   0.480000
58663.334159 20.449472      NaN  -14     8 c    0     0.98 239.54872 19.7652  7646.85  5445.58 2.42 2.39  57.9 -0.404    19.85 21.88 02a58663o0199c 0x000000  -1.750000
58663.348704 20.495680      NaN    2     7 c    0     0.97 239.54872 19.7652  7624.16  5407.22 2.39 2.29  64.3 -0.405    19.87 21.92 02a58663o0228c 0x000000   0.285714
58663.359492 20.449472      NaN   -2     8 c    0     0.93 239.54872 19.7652  7678.38  5484.57 2.48 2.37  58.1 -0.402    19.81 21.88 02a58663o0249c 0x000000  -0.250000
58663.369110 20.282105      NaN    4     8 c    0     1.28 239.54872 19.7652  7691.89  5369.53 2.59 2.41  25.9 -0.418    19.78 21.93 02a58663o0267c 0x000000   0.500000
58691.411864 19.510313      NaN   27    10 c    0     1.39 239.54872 19.7652  5884.65  9418.32 2.79 2.70  44.9 -0.394    19.61 21.71 02a58691o0276c 0x000000   2.700000
58691.415935 19.652575      NaN    2    16 c    0     1.31 239.54872 19.7652  5867.13  9377.44 3.11 2.71  11.6 -0.430    19.23 21.35 02a58691o0284c 0x000000   0.125000
58691.421478 20.207197      NaN  -16    10 c    0     1.50 239.54872 19.7652  5927.70  9455.39 2.87 2.55 -37.4 -0.419    19.59 21.62 02a58691o0296c 0x000000  -1.600000
58691.432859 19.256669      NaN   33    13 c    0     0.84 239.54872 19.7652  5944.80  9340.40 3.00 2.83  46.6 -0.376    19.45 21.51 02a58691o0318c 0x000000   2.538462
58699.378468 20.282105      NaN    1     9 c    0     1.23 239.54872 19.7652  2613.35  1176.44 2.71 2.60  81.0 -0.403    19.54 21.72 02a58699o0218c 0x000000   0.111111
58699.380349 20.103715      NaN    0    11 c    0     0.83 239.54872 19.7652  2593.74  1137.74 2.79 2.66  78.8 -0.405    19.53 21.71 02a58699o0222c 0x000000   0.000000
58699.383651 20.405150      NaN    4     7 c    0     1.61 239.54872 19.7652  2653.54  1215.54 2.67 2.53  75.5 -0.407    19.58 21.69 02a58699o0229c 0x000000   0.571429
58699.393434 19.922338      NaN    9    10 c    0     0.99 239.54872 19.7652  2673.66  1098.47 2.64 2.52  77.8 -0.407    19.51 21.62 02a58699o0250c 0x000000   0.900000
58703.292942 19.766969      NaN    3    14 c    0     0.89 239.54872 19.7652  2608.97  1186.38 2.52 2.31 -64.7 -0.431    19.28 20.45 02a58703o0129c 0x000000   0.214286
58703.303024 19.589310      NaN    8    15 c    0     0.73 239.54872 19.7652  2589.78  1146.98 2.47 2.24 -57.5 -0.434    19.23 20.36 02a58703o0149c 0x000000   0.533333
58703.307234 19.922338      NaN   -6    13 c    0     0.91 239.54872 19.7652  2649.08  1225.92 2.46 2.24 -60.9 -0.437    19.28 20.40 02a58703o0158c 0x000000  -0.461538
58703.315165 20.009244      NaN  -11    12 c    0     1.28 239.54872 19.7652  2667.69  1106.82 2.49 2.30 -67.9 -0.431    19.21 20.39 02a58703o0173c 0x000000  -0.916667
58707.383294 18.878500      NaN   -7    34 c    0     1.57 239.54872 19.7652  5787.48  7476.74 2.98 2.43  40.8 -0.371    18.30 19.22 02a58707o0319c 0x100002  -0.205882
58707.396962 18.511660      NaN   23    40 c    0     1.22 239.54872 19.7652  5771.63  7438.33 3.00 2.57  41.7 -0.369    18.14 19.05 02a58707o0347c 0x100002   0.575000
58707.400374 18.459772      NaN  -89    50 c    0     0.89 239.54872 19.7652  5829.35  7516.80 3.09 2.61  39.4 -0.355    18.05 19.01 02a58707o0354c 0x100002  -1.780000
58707.410033 18.214605      NaN   44    48 c    0     1.25 239.54872 19.7652  5851.72  7400.25 3.02 2.56  39.3 -0.364    17.97 18.86 02a58707o0373c 0x100002   0.916667
58723.325832 19.841877      NaN    9    11 c    0     0.82 239.54872 19.7652  1676.57  9155.02 2.44 2.39 -70.1 -0.422    19.66 21.49 02a58723o0162c 0x000000   0.818182
58723.329075 20.321591      NaN   -1     9 c    0     1.03 239.54872 19.7652  1657.80  9116.06 2.45 2.39  67.6 -0.420    19.63 21.48 02a58723o0169c 0x000000  -0.111111
58723.335031 20.207197      NaN   -1    10 c    0     1.26 239.54872 19.7652  1716.80  9192.30 2.41 2.35 -59.6 -0.431    19.61 21.45 02a58723o0180c 0x000000  -0.100000
58723.346192 20.137125      NaN    5     9 c    0     1.92 239.54872 19.7652  1740.36  9074.53 2.43 2.36 -51.8 -0.421    19.56 21.35 02a58723o0202c 0x000000   0.555556
58727.243711 20.207197      NaN   -3    10 c    0     1.32 239.54872 19.7652  1680.65  9157.45 2.70 2.49  51.0 -0.396    19.51 21.41 02a58727o0009c 0x000000  -0.300000
58727.247139 20.207197      NaN   -9    10 c    0     1.52 239.54872 19.7652  1660.90  9118.48 2.72 2.52  42.8 -0.397    19.48 21.41 02a58727o0016c 0x000000  -0.900000
58727.253253 20.207197      NaN    0    10 c    0     1.12 239.54872 19.7652  1717.92  9195.89 2.57 2.52  46.7 -0.403    19.64 21.61 02a58727o0029c 0x000000   0.000000
58727.263138 20.207197      NaN   -4    10 c    0     1.07 239.54872 19.7652  1736.87  9077.63 2.51 2.45  45.9 -0.398    19.73 21.80 02a58727o0050c 0x000000  -0.400000
58755.236417 20.009244      NaN    3    11 c    0     0.95 239.54872 19.7652  5705.93  5536.53 2.65 2.28  42.0 -0.377    19.49 21.05 02a58755o0081c 0x000000   0.272727
58755.239642 20.009244      NaN   -4    12 c    0     0.90 239.54872 19.7652  5687.06  5497.30 2.63 2.26  41.3 -0.379    19.48 21.01 02a58755o0088c 0x000000  -0.333333
58755.245589 19.719755      NaN    8    13 c    0     1.01 239.54872 19.7652  5748.13  5573.74 2.71 2.31  40.7 -0.376    19.36 20.90 02a58755o0099c 0x000000   0.615385
58755.256382 20.009244      NaN  -16    12 c    0     1.94 239.54872 19.7652  5767.13  5458.47 2.73 2.30  41.1 -0.374    19.14 20.65 02a58755o0121c 0x000000  -1.333333
58779.197169 13.754410      NaN 2003  3144 c    0     0.02 239.54872 19.7652 10524.50   770.02 2.50 2.11 -40.8 -0.551    17.45 18.34 02a58779o0032c 0x100002   0.637087
58779.197627 18.094452      NaN  -24    70 c    0     0.81 239.54872 19.7652   420.39   833.25 2.37 2.14 -81.9 -0.506    17.28 18.16 02a58779o0033c 0x100002  -0.342857
58779.209704 19.510313      NaN    9    16 c    0     0.76 239.54872 19.7652   440.55   714.30 2.58 2.19 -59.5 -0.421    19.01 20.29 02a58779o0059c 0x000000   0.562500
58871.553351 20.009244      NaN  -14    12 c    0     0.86 239.54872 19.7652  6957.25  1535.89 2.55 2.41  28.2 -0.392    19.41 21.20 02a58871o0713c 0x000000  -1.166667
58871.556636 20.009244      NaN  -16    12 c    0     0.99 239.54872 19.7652  6976.71  1573.85 2.76 2.61  18.3 -0.384    19.38 21.22 02a58871o0720c 0x000000  -1.333333
58871.562224 20.009244      NaN   -7    12 c    0     0.60 239.54872 19.7652  6919.48  1496.41 2.53 2.41  29.7 -0.393    19.48 21.25 02a58871o0732c 0x000000  -0.583333
58871.571940 20.103715      NaN  -25    11 c    0     0.87 239.54872 19.7652  6898.84  1613.55 2.49 2.45  39.6 -0.395    19.52 21.30 02a58871o0753c 0x000000  -2.272727
58871.679925 17.620292      NaN   52    91 c    0     1.14 239.54872 19.7652  6949.47  1553.34 2.47 2.29 -61.4 -0.451    17.11 18.01 02a58871o0972c 0x100002   0.571429
58875.648178 20.449472      NaN  -12     8 c    0     1.07 239.54872 19.7652  7065.28  5414.61 2.70 2.61  50.5 -0.407    19.70 21.86 02a58875o0917c 0x000000  -1.500000
58875.658588 19.979496      NaN   10     9 c    0     0.89 239.54872 19.7652  7083.23  5452.92 2.63 2.52  43.3 -0.400    19.74 21.79 02a58875o0936c 0x000000   1.111111
58875.669159 19.436675      NaN   16    15 c    0     0.70 239.54872 19.7652  7035.23  5375.81 2.61 2.54  48.8 -0.400    19.38 20.87 02a58875o0954c 0x000000   1.066667
58875.673736 18.786693      NaN   36    25 c    0     0.98 239.54872 19.7652  7008.65  5493.73 2.64 2.59  51.1 -0.403    18.69 19.80 02a58875o0962c 0x100002   1.440000
58879.540034 17.051069      NaN  180   123 c    0     1.26 239.54872 19.7652  7080.15  5453.29 2.56 2.40  27.7 -0.399    18.38 20.34 02a58879o0686c 0x100002   1.463415
58879.545299 17.809593      NaN  -38    91 c    0     1.17 239.54872 19.7652  7021.07  5375.65 2.50 2.44 -14.9 -0.411    16.57 18.49 02a58879o0697c 0x100002  -0.417582
58879.555497 19.894850      NaN    7    11 c    0     1.66 239.54872 19.7652  7000.05  5490.58 2.76 2.41  31.9 -0.385    19.12 21.08 02a58879o0719c 0x000000   0.636364
58903.564700 20.449472      NaN  -13     8 c    0     1.20 239.54872 19.7652  7949.57  9393.31 2.76 2.72  48.6 -0.385    19.72 21.84 02a58903o0657c 0x000000  -1.625000
58903.567924 20.449472      NaN   -6     8 c    0     1.62 239.54872 19.7652  7970.24  9431.86 2.61 2.54  39.7 -0.394    19.80 21.86 02a58903o0664c 0x000000  -0.750000
58903.574356 20.207197      NaN   -6    10 c    0     1.29 239.54872 19.7652  7910.64  9354.90 2.98 2.59 -48.8 -0.393    19.75 21.88 02a58903o0678c 0x000000  -0.600000
58903.592347 20.207197      NaN   -8    10 c    0     0.84 239.54872 19.7652  7899.48  9471.21 2.89 2.81 -61.5 -0.385    19.71 21.90 02a58903o0713c 0x000000  -0.800000
58903.667828 18.519279      NaN   37    35 c    0     1.18 239.54872 19.7652  7955.84  9428.48 2.89 2.65 -40.7 -0.410    18.47 19.52 02a58903o0860c 0x100002   1.057143
58911.531977 20.405150      NaN    1     8 c    0     0.90 239.54872 19.7652  4710.70  3174.17 2.67 2.22  37.8 -0.402    19.75 21.77 02a58911o0503c 0x000000   0.125000
58931.600264 20.449472      NaN   -6     8 c    0     1.40 239.54872 19.7652  2013.19  7739.44 2.46 2.21 -42.8 -0.429    19.79 21.82 02a58931o0748c 0x000000  -0.750000
58931.605601 20.321591      NaN   -5     9 c    0     1.03 239.54872 19.7652  2034.48  7777.34 2.51 2.28 -37.4 -0.422    19.75 21.81 02a58931o0759c 0x000000  -0.555556
58931.609205 20.207197      NaN    0    10 c    0     0.88 239.54872 19.7652  1977.79  7703.86 2.56 2.39 -42.2 -0.416    19.74 21.82 02a58931o0765c 0x000000   0.000000
58931.619329 20.449472      NaN  -11     8 c    0     1.19 239.54872 19.7652  8627.21  2760.33 2.59 2.33 -48.6 -0.390    19.79 21.84 02a58931o0785c 0x000000  -1.375000
58931.649342 19.436675      NaN   16    15 c    0     1.26 239.54872 19.7652  8585.03  2820.75 2.58 2.34 -59.4 -0.388    19.13 20.30 02a58931o0841c 0x000000   1.066667
58959.501282 20.321591      NaN   -5     9 c    0     0.94 239.54872 19.7652  4898.22  5035.75 2.49 2.24  39.3 -0.394    19.72 21.43 02a58959o0555c 0x000000  -0.555556
58959.512574 20.282105      NaN    4     8 c    0     1.08 239.54872 19.7652  5659.89  5490.76 2.56 2.27  36.9 -0.397    19.70 21.40 02a58959o0576c 0x000000   0.500000
58959.516993 20.282105      NaN    1     9 c    0     1.29 239.54872 19.7652  5718.46  5570.87 2.46 2.27  37.3 -0.403    19.73 21.39 02a58959o0585c 0x000000   0.111111
58959.525240 20.244005      NaN    5     8 c    0     1.25 239.54872 19.7652  5738.01  5456.65 2.59 2.28  40.0 -0.396    19.70 21.41 02a58959o0602c 0x000000   0.625000
58963.525755 16.965534      NaN -403   198 c    0     1.85 239.54872 19.7652  6537.97   974.98 2.62 2.45 -61.1 -0.389    15.76 17.35 02a58963o0636c 0x100002  -2.035354
58963.529204 16.744672      NaN   77   217 c    0     1.53 239.54872 19.7652  6522.41   937.29 2.51 2.31 -62.3 -0.394    16.17 17.75 02a58963o0643c 0x100002   0.354839
58967.431616 20.009244      NaN   -3    12 c    0     0.63 239.54872 19.7652  4026.47  9593.79 2.58 2.55 -71.1 -0.380    19.72 21.68 02a58967o0423c 0x000000  -0.250000
58967.434814 20.207197      NaN   -9    10 c    0     1.09 239.54872 19.7652  4053.81  9632.18 2.56 2.45 -52.6 -0.397    19.74 21.67 02a58967o0430c 0x000000  -0.900000
58967.440303 20.009244      NaN   -1    12 c    0     0.90 239.54872 19.7652  3995.19  9553.20 2.60 2.45 -51.4 -0.396    19.73 21.67 02a58967o0442c 0x000000  -0.083333
58967.449656 20.207197      NaN   -3    10 c    0     1.21 239.54872 19.7652  3976.04  9672.52 2.57 2.49 -59.5 -0.399    19.72 21.69 02a58967o0462c 0x000000  -0.300000
58983.393438 20.207197      NaN   -8    10 c    0     1.06 239.54872 19.7652 10237.18  9777.21 3.47 2.57 -57.2 -0.353    19.74 21.73 02a58983o0322c 0x000000  -0.800000
58983.394353 19.791368      NaN    5    13 c    0     1.59 239.54872 19.7652    57.66  9777.44 2.87 2.03 -50.5 -0.396    19.73 21.70 02a58983o0324c 0x000000   0.384615
58983.395267 20.103715      NaN    6     9 c    0     1.01 239.54872 19.7652 10256.99  9817.34 3.55 2.55 -54.0 -0.360    19.76 21.73 02a58983o0326c 0x000000   0.666667
58983.411652 19.529530      NaN   14    14 c    0     0.73 239.54872 19.7652    80.61  9819.21 2.60 2.05 -50.2 -0.453    19.76 21.77 02a58983o0357c 0x000000   1.000000
58983.412567 20.244005      NaN    2     9 c    0     1.25 239.54872 19.7652 10201.19  9742.56 3.38 2.58 -55.1 -0.373    19.80 21.79 02a58983o0359c 0x000000   0.222222
58983.421870 20.207197      NaN   -6    10 c    0     0.96 239.54872 19.7652 10184.44  9860.52 3.36 2.61 -55.0 -0.366    19.81 21.81 02a58983o0379c 0x000000  -0.600000
58987.461160 20.321591      NaN   -1     9 c    0     0.78 239.54872 19.7652  7700.98  7376.76 2.70 2.65  48.5 -0.394    19.72 21.77 02a58987o0493c 0x000000  -0.111111
58987.464828 20.009244      NaN   12     8 c    0     1.34 239.54872 19.7652  7682.58  7338.92 2.66 2.59  65.5 -0.392    19.70 21.76 02a58987o0501c 0x000000   1.500000
58987.471392 20.321591      NaN  -12     9 c    0     1.11 239.54872 19.7652  7740.47  7417.42 2.62 2.51  56.4 -0.395    19.78 21.78 02a58987o0515c 0x000000  -1.333333
58987.481453 20.449472      NaN   -9     8 c    0     1.38 239.54872 19.7652  7760.82  7302.50 2.61 2.51  61.3 -0.397    19.78 21.80 02a58987o0536c 0x000000  -1.125000
58995.442648 20.449472      NaN  -11     8 c    0     1.26 239.54872 19.7652  4651.62  3009.34 2.36 2.31 -65.9 -0.401    19.79 21.66 02a58995o0441c 0x000000  -1.375000
58995.445476 20.282105      NaN    1     9 c    0     0.85 239.54872 19.7652  4632.65  2971.54 2.35 2.27 -73.9 -0.403    19.79 21.65 02a58995o0447c 0x000000   0.111111
58995.451827 20.594452      NaN   -3     7 c    0     1.40 239.54872 19.7652  4690.54  3048.75 2.40 2.31 -72.2 -0.402    19.76 21.63 02a58995o0460c 0x000000  -0.428571
58995.462122 20.449472      NaN   -5     8 c    0     1.00 239.54872 19.7652  4710.02  2933.09 2.44 2.37 -77.3 -0.398    19.72 21.63 02a58995o0481c 0x000000  -0.625000
59023.339468 20.594452      NaN   -1     7 c    0     1.07 239.54872 19.7652  1552.78  5255.89 2.36 2.22 -44.5 -0.417    19.89 21.91 02a59023o0196c 0x000000  -0.142857
59023.343754 20.594452      NaN   -1     7 c    0     1.21 239.54872 19.7652  1532.48  5218.62 2.41 2.26 -40.7 -0.417    19.81 21.92 02a59023o0205c 0x000000  -0.142857
59023.348873 20.594452      NaN   -4     7 c    0     1.34 239.54872 19.7652  1590.31  5296.49 2.33 2.22 -49.5 -0.417    19.86 21.94 02a59023o0216c 0x000000  -0.571429
59023.383794 20.594452      NaN    0     7 c    0     1.32 239.54872 19.7652  1604.66  5180.32 2.34 2.23 -59.6 -0.428    19.84 21.91 02a59023o0289c 0x000000   0.000000
59043.351438 20.282105      NaN    1     9 c    0     1.14 239.54872 19.7652  1601.16  7203.89 2.41 2.17 -51.0 -0.434    19.74 21.71 02a59043o0175c 0x000000   0.111111
59043.355558 20.449472      NaN   -1     8 c    0     1.06 239.54872 19.7652  1582.18  7166.02 2.38 2.20 -50.0 -0.435    19.73 21.68 02a59043o0184c 0x000000  -0.125000
59043.365670 19.816329      NaN   16     9 c    0     1.14 239.54872 19.7652  1640.29  7241.82 2.40 2.17 -45.6 -0.437    19.72 21.70 02a59043o0206c 0x000000   1.777778
59043.371684 20.449472      NaN   -4     8 c    0     1.40 239.54872 19.7652  1659.93  7124.59 2.35 2.14 -50.6 -0.437    19.71 21.67 02a59043o0219c 0x000000  -0.500000
59047.345995 18.431198      NaN   19    45 c    0     0.99 239.54872 19.7652  1601.96  7207.11 2.34 2.31  41.7 -0.411    17.81 19.55 02a59047o0113c 0x100002   0.422222
59047.349195 19.766969      NaN   -7    15 c    0     0.98 239.54872 19.7652  1586.66  7168.60 2.35 2.34 -49.8 -0.413    19.00 20.82 02a59047o0120c 0x000000  -0.466667
59047.365366 19.454622      NaN   18    14 c    0     0.87 239.54872 19.7652  1644.29  7243.84 2.28 2.27  21.3 -0.411    18.99 20.84 02a59047o0155c 0x000000   1.285714
59047.373183 20.207197      NaN   -6    10 c    0     1.16 239.54872 19.7652  1664.92  7126.47 2.27 2.27 -85.6 -0.415    19.38 21.37 02a59047o0172c 0x000000  -0.600000
59051.334817 19.950541      NaN   14     8 c    0     1.44 239.54872 19.7652  4564.32  1076.35 2.43 2.22 -57.8 -0.424    19.75 21.79 02a59051o0202c 0x000000   1.750000
59051.340317 20.282105      NaN    4     8 c    0     1.14 239.54872 19.7652  4545.07  1036.24 2.45 2.21 -56.3 -0.423    19.79 21.77 02a59051o0214c 0x000000   0.500000
59051.343987 20.449472      NaN   -2     8 c    0     1.21 239.54872 19.7652  4604.19  1115.22 2.39 2.21 -59.9 -0.425    19.80 21.78 02a59051o0222c 0x000000  -0.250000
59051.355970 20.594452      NaN   -7     7 c    0     1.44 239.54872 19.7652  4628.14   998.42 2.40 2.21 -61.1 -0.424    19.76 21.78 02a59051o0248c 0x000000  -1.000000
59071.266874 20.039830      NaN    5    10 c    0     0.97 239.54872 19.7652  3595.15  9041.45 2.49 2.39 -59.0 -0.406    19.71 21.63 02a59071o0072c 0x000000   0.500000
59071.271040 19.743105      NaN   16    10 c    0     1.07 239.54872 19.7652  3575.40  9000.69 2.51 2.45 -72.0 -0.397    19.73 21.61 02a59071o0081c 0x000000   1.600000
59071.276548 20.009244      NaN    6    10 c    0     0.73 239.54872 19.7652  3632.02  9079.90 2.55 2.39 -50.6 -0.408    19.68 21.63 02a59071o0093c 0x000000   0.600000
59071.286312 20.321591      NaN  -14     9 c    0     1.28 239.54872 19.7652  3651.83  8961.22 2.46 2.38 -37.1 -0.399    19.73 21.65 02a59071o0114c 0x000000  -1.555556
59075.301797 20.009244      NaN   12     8 c    0     0.99 239.54872 19.7652  3488.85  5162.66 2.37 2.24  50.7 -0.402    19.77 21.74 02a59075o0134c 0x000000   1.500000
59075.305004 20.321591      NaN   -8     9 c    0     1.01 239.54872 19.7652  3471.70  5123.13 2.43 2.34  44.0 -0.395    19.71 21.71 02a59075o0141c 0x000000  -0.888889
59075.310530 20.449472      NaN    0     8 c    0     1.01 239.54872 19.7652  3528.92  5200.03 2.50 2.27  44.3 -0.395    19.74 21.69 02a59075o0153c 0x000000   0.000000
59075.323014 20.282105      NaN    4     8 c    0     0.91 239.54872 19.7652  3553.09  5082.47 2.45 2.28  51.0 -0.396    19.72 21.64 02a59075o0180c 0x000000   0.500000
59079.245962 19.979496      NaN    1    12 c    0     0.77 239.54872 19.7652  3501.69  5164.73 2.46 2.23  42.4 -0.395    19.57 21.19 02a59079o0038c 0x000000   0.083333
59079.249622 20.321591      NaN    0     9 c    0     1.04 239.54872 19.7652  3482.33  5125.67 2.47 2.25  39.8 -0.399    19.71 21.50 02a59079o0046c 0x000000   0.000000
59079.255579 20.137125      NaN    5     9 c    0     0.92 239.54872 19.7652  3541.65  5202.58 2.37 2.20  40.6 -0.401    19.75 21.67 02a59079o0059c 0x000000   0.555556
59079.265691 20.321591      NaN  -14     9 c    0     1.04 239.54872 19.7652  3562.20  5087.62 2.43 2.27  48.6 -0.398    19.73 21.69 02a59079o0081c 0x000000  -1.555556
59083.239014 19.922338      NaN  -12    13 c    0     0.58 239.54872 19.7652   410.31  2763.91 2.41 2.22 -61.2 -0.408    19.27 20.58 02a59083o0010c 0x000000  -0.923077
59083.256372 19.979496      NaN   13     8 c    0     1.51 239.54872 19.7652   393.24  2721.33 2.39 2.24 -62.8 -0.414    19.70 21.55 02a59083o0047c 0x000000   1.625000
59083.268517 20.495680      NaN    2     7 c    0     1.44 239.54872 19.7652   452.64  2797.92 2.38 2.25 -65.6 -0.413    19.69 21.55 02a59083o0073c 0x000000   0.285714
59083.275299 19.894850      NaN   16     8 c    0     1.43 239.54872 19.7652   471.43  2681.17 2.39 2.24 -62.8 -0.415    19.71 21.56 02a59083o0087c 0x000000   2.000000
59103.261219 20.449472      NaN    0     8 c    0     1.37 239.54872 19.7652  2604.97  1179.09 2.42 2.26 -67.6 -0.433    19.65 21.54 02a59103o0105c 0x000000   0.000000
59103.264894 20.207197      NaN   -4    10 c    0     0.94 239.54872 19.7652  2585.06  1139.75 2.44 2.32  85.5 -0.424    19.62 21.54 02a59103o0113c 0x000000  -0.400000
59103.270394 20.282105      NaN    4     8 c    0     1.18 239.54872 19.7652  2646.78  1218.12 2.42 2.24 -62.8 -0.437    19.65 21.51 02a59103o0125c 0x000000   0.500000
59103.281448 20.321591      NaN   -2     9 c    0     1.24 239.54872 19.7652  2665.50  1099.89 2.48 2.26 -60.0 -0.435    19.63 21.47 02a59103o0149c 0x000000  -0.222222
59107.252525 19.841877      NaN   12    10 c    0     1.38 239.54872 19.7652  5786.67  7472.26 2.57 2.42  41.3 -0.406    19.57 21.24 02a59107o0092c 0x000000   1.200000
59107.255787 19.922338      NaN   -2    13 c    0     0.88 239.54872 19.7652  5767.35  7432.95 2.58 2.42  39.6 -0.400    19.56 21.22 02a59107o0099c 0x000000  -0.153846
59107.261306 19.766969      NaN   12    11 c    0     0.92 239.54872 19.7652  5824.62  7510.17 2.61 2.44  40.4 -0.399    19.54 21.20 02a59107o0111c 0x000000   1.090909
59107.272881 20.009244      NaN  -10    12 c    0     0.67 239.54872 19.7652  5843.01  7393.47 2.67 2.44  41.3 -0.396    19.49 21.16 02a59107o0136c 0x000000  -0.833333
59131.211044 19.569016      NaN   -3    18 c    0     1.05 239.54872 19.7652  8576.39  2847.95 2.60 2.45 -52.7 -0.381    19.05 20.28 02a59131o0034c 0x000000  -0.166667
59131.214700 19.841877      NaN    3    13 c    0     1.02 239.54872 19.7652  8557.00  2808.61 2.54 2.40 -49.2 -0.382    19.35 20.76 02a59131o0042c 0x000000   0.230769
59131.220190 20.207197      NaN   -7    10 c    0     1.53 239.54872 19.7652  8618.42  2884.53 2.52 2.33 -52.5 -0.391    19.48 21.02 02a59131o0054c 0x000000  -0.700000
59131.231696 19.212347      NaN   33    14 c    0     0.98 239.54872 19.7652  8637.43  2767.75 2.83 2.61 -57.1 -0.381    19.33 21.00 02a59131o0079c 0x000000   2.357143
59139.203407 18.847027      NaN  -32    35 c    0     1.05 239.54872 19.7652  7812.99  9341.99 3.09 2.57  37.4 -0.373    18.38 19.48 02a59139o0007c 0x100002  -0.914286
59139.206609 19.401649      NaN   -1    21 c    0     1.24 239.54872 19.7652  7792.42  9301.05 3.01 2.53  39.0 -0.367    18.89 20.06 02a59139o0014c 0x000000  -0.047619
59139.213936 19.589310      NaN    5    16 c    0     1.04 239.54872 19.7652  7846.73  9379.69 2.98 2.54  40.8 -0.373    19.21 20.62 02a59139o0030c 0x000000   0.312500
59139.224938 19.841877      NaN  -16    14 c    0     1.02 239.54872 19.7652  7862.78  9261.59 2.83 2.58  35.6 -0.375    19.30 20.76 02a59139o0054c 0x000000  -1.142857
59231.620536 20.449472      NaN  -10     8 c    0     0.95 239.54872 19.7652   829.98  1313.97 2.49 2.34 -72.0 -0.424    19.62 21.57 02a59231o0874c 0x000000  -1.250000
59231.624657 19.696897      NaN   18    10 c    0     0.76 239.54872 19.7652   848.80  1353.03 2.38 2.24 -75.5 -0.433    19.65 21.58 02a59231o0883c 0x000000   1.800000
59231.631559 20.137125      NaN    5     9 c    0     0.96 239.54872 19.7652   789.50  1273.12 2.41 2.26 -70.1 -0.436    19.70 21.58 02a59231o0898c 0x000000   0.555556
59231.650524 20.594452      NaN   -2     7 c    0     1.63 239.54872 19.7652   769.08  1390.56 2.50 2.34 -72.0 -0.415    19.71 21.63 02a59231o0938c 0x000000  -0.285714
59253.597156 20.137125      NaN    5     9 c    0     0.85 239.54872 19.7652  5698.17  5522.65 2.68 2.39 -85.0 -0.384    19.72 21.96 01a59253o0776c 0x000000   0.555556
59253.600376 19.922338      NaN   15     8 c    0     0.92 239.54872 19.7652  5679.95  5485.90 2.57 2.29 -82.8 -0.382    19.80 21.97 01a59253o0783c 0x000000   1.875000
59253.607786 20.594452      NaN   -5     7 c    0     1.08 239.54872 19.7652  5738.57  5564.99 2.57 2.30 -83.2 -0.386    19.76 21.95 01a59253o0799c 0x000000  -0.714286
59253.619512 20.171596      NaN    4     9 c    0     0.72 239.54872 19.7652  5760.44  5445.99 2.66 2.36 -84.0 -0.383    19.75 21.91 01a59253o0823c 0x000000   0.444444
59255.579199 19.868040      NaN   14     9 c    0     1.27 239.54872 19.7652  5993.13  9500.72 2.94 2.86  39.2 -0.373    19.61 21.96 02a59255o0771c 0x000000   1.555556
59255.582874 20.207197      NaN  -14    10 c    0     1.42 239.54872 19.7652  6012.76  9539.62 2.96 2.88  42.3 -0.368    19.63 21.98 02a59255o0779c 0x000000  -1.400000
59255.588834 19.743105      NaN   16    10 c    0     0.96 239.54872 19.7652  5953.03  9462.00 3.12 3.01  39.7 -0.367    19.61 22.00 02a59255o0792c 0x000000   1.600000
59255.599875 20.071303      NaN    4    10 c    0     1.10 239.54872 19.7652  5933.71  9579.83 2.90 2.79  44.3 -0.373    19.67 22.02 02a59255o0816c 0x000000   0.400000
59257.620472 20.244005      NaN    2     9 c    0     0.80 239.54872 19.7652  6536.32   961.95 2.48 2.39 -40.5 -0.401    19.84 22.14 01a59257o0872c 0x000000   0.222222
59257.626560 20.171596      NaN    7     8 c    0     1.21 239.54872 19.7652  6518.80   919.32 2.51 2.47 -53.9 -0.397    19.83 22.14 01a59257o0883c 0x000000   0.875000
59257.630244 20.282105      NaN    4     8 c    0     0.81 239.54872 19.7652  6578.02   998.83 2.57 2.46 -37.2 -0.391    19.80 22.13 01a59257o0891c 0x000000   0.500000
59257.637983 20.449472      NaN   -8     8 c    0     1.26 239.54872 19.7652  6596.50   882.75 2.60 2.46 -84.8 -0.417    19.48 22.13 01a59257o0907c 0x000000  -1.000000
59261.572561 20.449472      NaN   -2     8 c    0     1.25 239.54872 19.7652  6543.81   963.91 2.55 2.45 -31.7 -0.393    19.73 21.93 01a59261o0754c 0x000000  -0.250000
59261.576271 20.594452      NaN   -1     7 c    0     1.41 239.54872 19.7652  6524.52   923.10 2.52 2.41 -29.7 -0.390    19.78 21.94 01a59261o0762c 0x000000  -0.142857
59261.582737 20.207197      NaN   -5    10 c    0     0.74 239.54872 19.7652  6583.28   999.79 2.44 2.34 -28.7 -0.396    19.83 21.98 01a59261o0776c 0x000000  -0.500000
59261.592906 20.282105      NaN    4     8 c    0     0.81 239.54872 19.7652  6603.13   882.32 2.39 2.31 -34.0 -0.399    19.85 22.00 01a59261o0798c 0x000000   0.500000
59263.597026 15.809917      NaN -418   574 c    0     0.82 239.54872 19.7652  2967.50  5170.62 2.60 2.35  31.8 -0.392    15.27 16.94 02a59263o0526c 0x100002  -0.728223
59263.602311 15.846464      NaN  150   505 c    0     1.13 239.54872 19.7652  2906.56  5093.80 2.45 2.24  37.3 -0.405    15.09 16.67 02a59263o0536c 0x100002   0.297030
59267.548797 20.009244      NaN    6    10 c    0     1.10 239.54872 19.7652  6963.67  1541.82 2.55 2.43 -66.0 -0.392    19.48 21.14 02a59267o0677c 0x000000   0.600000
59267.552037 20.449472      NaN   -2     8 c    0     1.35 239.54872 19.7652  6994.72  1580.41 2.47 2.38 -79.0 -0.393    19.61 21.34 02a59267o0684c 0x000000  -0.250000
59267.557549 20.137125      NaN    8     8 c    0     1.38 239.54872 19.7652  6936.72  1502.88 2.42 2.31 -65.7 -0.399    19.72 21.64 02a59267o0696c 0x000000   1.000000
59267.592771 20.449472      NaN  -12     8 c    0     1.04 239.54872 19.7652  6913.92  1622.26 2.66 2.60 -70.9 -0.383    19.70 21.91 02a59267o0768c 0x000000  -1.500000
59291.543278 20.039830      NaN   11     8 c    0     0.68 239.54872 19.7652  4696.51  1160.52 2.35 2.23 -81.2 -0.423    19.81 21.79 02a59291o0452c 0x000000   1.375000
59291.553069 20.244005      NaN    8     7 c    0     1.39 239.54872 19.7652  4712.08  1199.23 2.34 2.24  87.8 -0.416    19.80 21.79 02a59291o0470c 0x000000   1.142857
59291.555879 20.103715      NaN    9     8 c    0     1.23 239.54872 19.7652  4652.16  1123.30 2.49 2.40  50.1 -0.404    19.71 21.79 02a59291o0476c 0x000000   1.125000
59291.561809 19.922338      NaN   15     8 c    0     1.22 239.54872 19.7652  4637.05  1237.80 2.96 2.85 -87.2 -0.394    19.57 21.77 02a59291o0488c 0x000000   1.875000
59313.557339 20.449472      NaN   -1     8 c    0     1.21 239.54872 19.7652  8984.97  5300.85 2.59 2.53 -83.4 -0.387    19.91 21.78 01a59313o0713c 0x000000  -0.125000
59313.561975 20.449472      NaN   -7     8 c    0     1.10 239.54872 19.7652  9006.12  5338.11 2.55 2.50 -81.7 -0.384    19.91 21.75 01a59313o0723c 0x000000  -0.875000
59313.567335 20.449472      NaN    0     8 c    0     1.20 239.54872 19.7652  8948.53  5260.86 2.50 2.46 -81.0 -0.385    19.89 21.71 01a59313o0734c 0x000000   0.000000
59313.578103 20.009244      NaN    6    10 c    0     0.64 239.54872 19.7652  8932.48  5375.20 2.48 2.40 -78.9 -0.389    19.91 21.67 01a59313o0755c 0x000000   0.600000
59317.445275 20.449472      NaN   -2     8 c    0     0.92 239.54872 19.7652  1550.74  5258.76 2.27 2.07 -87.4 -0.417    19.97 21.82 01a59317o0099c 0x000000  -0.250000
59317.447118 20.137125      NaN   11     7 c    0     1.00 239.54872 19.7652  1531.27  5221.56 2.32 2.08 -88.4 -0.417    19.99 21.82 01a59317o0103c 0x000000   1.571429
59317.449894 20.594452      NaN  -11     7 c    0     0.90 239.54872 19.7652  1590.75  5298.83 2.53 2.33 -86.5 -0.399    19.89 21.83 01a59317o0109c 0x000000  -1.571429
59317.482761 20.594452      NaN   -6     7 c    0     0.99 239.54872 19.7652  1612.91  5180.87 2.29 2.15 -87.1 -0.411    19.97 21.94 01a59317o0176c 0x000000  -0.857143
59321.480229 20.362567      NaN    2     8 c    0     0.77 239.54872 19.7652  9739.53  9237.01 2.79 2.54  77.0 -0.353    19.83 21.88 01a59321o0502c 0x000000   0.250000
59321.482994 20.071303      NaN    7     9 c    0     0.70 239.54872 19.7652  9719.68  9197.01 2.74 2.59  65.5 -0.336    19.87 21.87 01a59321o0508c 0x000000   0.777778
59321.487352 20.362567      NaN    2     8 c    0     1.19 239.54872 19.7652  9777.74  9276.28 2.80 2.58  71.2 -0.340    19.88 21.80 01a59321o0517c 0x000000   0.250000
59321.497976 20.449472      NaN   -6     8 c    0     0.88 239.54872 19.7652  9797.85  9158.35 2.86 2.63  55.9 -0.338    19.86 21.73 01a59321o0540c 0x000000  -0.750000
59339.409738 19.256669      NaN    9    21 c    0     1.28 239.54872 19.7652  2781.21  1242.04 2.42 2.27 -67.6 -0.426    18.83 20.61 02a59339o0067c 0x000000   0.428571
59339.411573 20.449472      NaN   -2     8 c    0     1.05 239.54872 19.7652  2800.21  1281.43 2.41 2.25 -63.5 -0.426    19.60 21.47 02a59339o0071c 0x000000  -0.250000
59339.414325 18.550302      NaN  -71    46 c    0     0.94 239.54872 19.7652  2742.09  1202.34 2.45 2.25 -63.6 -0.420    17.72 19.42 02a59339o0077c 0x100002  -1.543478
59343.428154 20.321591      NaN   -4     9 c    0     1.24 239.54872 19.7652  2789.65  1238.49 2.38 2.21 -65.1 -0.442    19.80 21.71 02a59343o0396c 0x000000  -0.444444
59343.429984 20.321591      NaN   -6     9 c    0     0.96 239.54872 19.7652  2809.90  1277.29 2.40 2.21 -64.1 -0.440    19.79 21.70 02a59343o0400c 0x000000  -0.666667
59343.432729 20.321591      NaN   -7     9 c    0     1.09 239.54872 19.7652  2752.47  1198.63 2.37 2.19 -63.6 -0.444    19.77 21.69 02a59343o0406c 0x000000  -0.777778
59343.459247 20.321591      NaN    6     7 c    0     1.74 239.54872 19.7652  2734.52  1319.89 2.51 2.23  49.2 -0.419    19.70 21.66 02a59343o0456c 0x000000   0.857143
59347.434691 20.362567      NaN    2     8 c    0     1.03 239.54872 19.7652  1029.92  5203.27 2.36 2.33  35.2 -0.425    19.73 21.76 02a59347o0431c 0x000000   0.250000
59347.436521 20.137125      NaN    8     8 c    0     1.28 239.54872 19.7652  1049.50  5241.09 2.34 2.32  24.8 -0.427    19.75 21.77 02a59347o0435c 0x000000   1.000000
59347.439263 20.594452      NaN    0     7 c    0     2.04 239.54872 19.7652   991.43  5162.65 2.38 2.36   9.8 -0.421    19.75 21.79 02a59347o0441c 0x000000   0.000000
59347.444852 20.321591      NaN  -12     9 c    0     0.84 239.54872 19.7652   971.44  5280.12 2.33 2.32  58.1 -0.425    19.75 21.79 02a59347o0453c 0x000000  -1.333333
59351.405759 20.321591      NaN   -8     9 c    0     1.10 239.54872 19.7652  1027.31  5203.81 2.49 2.42  26.6 -0.413    19.68 21.69 02a59351o0352c 0x000000  -0.888889
59351.408047 20.071303      NaN    4    10 c    0     0.89 239.54872 19.7652  1047.25  5243.33 2.40 2.36  28.1 -0.419    19.70 21.69 02a59351o0357c 0x000000   0.400000
59351.410791 19.950541      NaN    8    10 c    0     1.05 239.54872 19.7652   988.78  5166.69 2.41 2.37  20.3 -0.416    19.69 21.70 02a59351o0363c 0x000000   0.800000
59351.416296 20.449472      NaN  -13     8 c    0     1.02 239.54872 19.7652   970.48  5282.12 2.38 2.34  25.3 -0.417    19.68 21.68 02a59351o0375c 0x000000  -1.625000
59355.565862 19.212347      NaN  -22    25 c    0     0.80 239.54872 19.7652  5677.76  5532.10 2.78 2.56  43.8 -0.382    18.56 20.46 02a59355o0137c 0x100002  -0.880000
59369.470465 20.449472      NaN   -3     8 c    0     0.76 239.54872 19.7652  7065.57  5413.42 2.34 2.21 -71.8 -0.379    19.93 21.70 01a59369o0488c 0x000000  -0.375000
59369.488934 20.009244      NaN   15     7 c    0     1.36 239.54872 19.7652  7090.22  5450.64 2.38 2.29  -8.5 -0.364    19.90 21.64 01a59369o0524c 0x000000   2.142857
59369.492165 20.594452      NaN   -7     7 c    0     1.23 239.54872 19.7652  7031.84  5373.83 2.40 2.33  -7.7 -0.357    19.87 21.63 01a59369o0531c 0x000000  -1.000000
59369.497856 20.703116      NaN    1     6 c    0     1.29 239.54872 19.7652  7010.68  5489.72 2.37 2.24 -71.3 -0.379    19.86 21.60 01a59369o0541c 0x000000   0.166667
59373.422700 20.647425      NaN    2     6 c    0     1.29 239.54872 19.7652  7058.98  5418.53 2.29 2.19 -81.0 -0.393    20.06 21.93 01a59373o0393c 0x000000   0.333333
59373.435695 20.761819      NaN   -6     6 c    0     1.22 239.54872 19.7652  7081.72  5454.23 2.29 2.21 -78.9 -0.377    19.99 21.91 01a59373o0418c 0x000000  -1.000000
59373.438540 20.495680      NaN    2     7 c    0     1.22 239.54872 19.7652  7023.60  5376.88 2.36 2.19 -76.7 -0.388    19.99 21.90 01a59373o0424c 0x000000   0.285714
59377.371674 20.594452      NaN   -9     7 c    0     1.05 239.54872 19.7652 10162.40  7793.46 2.69 2.45  83.6 -0.355    20.03 22.14 01a59377o0283c 0x000000  -1.285714
59377.375075 20.594452      NaN   -5     7 c    0     1.07 239.54872 19.7652 10183.69  7831.31 2.71 2.41  83.6 -0.364    20.00 22.12 01a59377o0290c 0x000000  -0.714286
59377.380260 20.761819      NaN   -4     6 c    0     1.47 239.54872 19.7652 10125.16  7753.30 2.61 2.38  81.9 -0.371    20.03 22.08 01a59377o0301c 0x000000  -0.666667
59377.410141 20.594452      NaN   -2     7 c    0     1.14 239.54872 19.7652 10114.53  7864.28 2.55 2.21  83.9 -0.363    20.07 21.93 01a59377o0362c 0x000000  -0.285714
59377.410602 20.137125      NaN    2    10 c    0     1.10 239.54872 19.7652    34.09  7877.57 2.19 1.98 -76.4 -0.414    20.08 21.97 01a59377o0363c 0x000000   0.200000
59377.413838 19.922338      NaN  -32    13 c    0     0.86 239.54872 19.7652    54.46  7916.49 2.22 2.01 -75.5 -0.417    20.06 21.94 01a59377o0370c 0x000000  -2.461538
59403.361169 20.039830      NaN    8     9 c    0     0.70 239.54872 19.7652  6611.24  2918.51 2.37 2.25 -67.2 -0.394    19.81 21.79 02a59403o0255c 0x000000   0.888889
59403.364371 20.071303      NaN   10     8 c    0     1.07 239.54872 19.7652  6593.53  2881.15 2.37 2.24 -64.5 -0.398    19.79 21.78 02a59403o0262c 0x000000   1.250000
59403.370350 20.362567      NaN    2     8 c    0     0.96 239.54872 19.7652  6650.73  2957.59 2.34 2.21 -65.5 -0.395    19.84 21.75 02a59403o0275c 0x000000   0.250000
59403.405774 20.449472      NaN  -11     8 c    0     1.05 239.54872 19.7652  6665.85  2846.43 2.50 2.31 -65.2 -0.398    19.65 21.61 02a59403o0350c 0x000000  -1.375000
59407.322419 19.491430      NaN   13    15 c    0     1.21 239.54872 19.7652  6615.88  2919.30 2.36 2.28 -77.4 -0.387    19.06 20.83 02a59407o0171c 0x000000   0.866667
59407.325714 17.967720      NaN   77    53 c    0     0.86 239.54872 19.7652  6596.74  2881.59 2.41 2.31 -72.6 -0.389    17.94 19.59 02a59407o0178c 0x100002   1.452830
59407.330950 16.118487      NaN -360   432 c    0     0.80 239.54872 19.7652  6657.61  2961.63 2.37 2.30 -83.6 -0.405    15.52 16.96 02a59407o0189c 0x100002  -0.833333
59407.341952 17.252588      NaN -383   152 c    0     0.75 239.54872 19.7652  6679.14  2846.10 2.37 2.29 -70.2 -0.403    16.66 18.17 02a59407o0213c 0x100002  -2.519737
59425.360924 20.244005      NaN    5     8 c    0     0.96 239.54872 19.7652  2014.48  7756.55 2.17 1.99 -67.4 -0.399    19.91 21.76 01a59425o0272c 0x000000   0.625000
59425.366060 20.761819      NaN   -3     6 c    0     1.45 239.54872 19.7652  2034.65  7793.57 2.16 2.00 -68.5 -0.397    19.92 21.85 01a59425o0283c 0x000000  -0.500000
59425.370240 20.207197      NaN    6     8 c    0     1.04 239.54872 19.7652  1976.73  7715.89 2.21 2.03 -68.1 -0.400    19.92 21.82 01a59425o0292c 0x000000   0.750000
59425.376434 19.950541      NaN   14     8 c    0     1.07 239.54872 19.7652  1957.77  7831.38 2.29 2.06 -72.0 -0.399    19.88 21.76 01a59425o0305c 0x000000   1.750000
59429.337640 20.103715      NaN    9     8 c    0     0.86 239.54872 19.7652  2019.17  7758.54 2.28 2.06 -76.6 -0.405    19.90 21.80 01a59429o0227c 0x000000   1.125000
59429.340863 20.449472      NaN   -9     8 c    0     1.13 239.54872 19.7652  2038.84  7797.58 2.21 2.02 -73.8 -0.398    19.91 21.82 01a59429o0234c 0x000000  -1.125000
59429.346412 20.594452      NaN   -8     7 c    0     1.12 239.54872 19.7652  1978.70  7720.26 2.26 1.98 -75.7 -0.409    19.94 21.82 01a59429o0246c 0x000000  -1.142857
59429.369843 20.071303      NaN   10     8 c    0     1.19 239.54872 19.7652  1957.56  7835.55 2.27 2.02 -76.4 -0.404    19.87 21.71 01a59429o0296c 0x000000   1.250000
59433.322484 20.449472      NaN  -13     8 c    0     0.83 239.54872 19.7652  2729.91  1266.02 2.24 2.19  48.6 -0.405    19.90 21.85 01a59433o0197c 0x000000  -1.625000
59433.328047 20.321591      NaN   -4     9 c    0     0.85 239.54872 19.7652  2750.46  1304.82 2.26 2.22  76.2 -0.405    19.87 21.82 01a59433o0209c 0x000000  -0.444444
59433.331283 20.321591      NaN    6     7 c    0     1.28 239.54872 19.7652  2692.28  1225.80 2.37 2.33  81.1 -0.401    19.84 21.82 01a59433o0216c 0x000000   0.857143
59433.344760 20.449472      NaN   -2     8 c    0     1.04 239.54872 19.7652  2672.82  1341.22 2.40 2.36 -88.9 -0.407    19.77 21.77 01a59433o0245c 0x000000  -0.250000
59437.262252 20.594452      NaN   -8     7 c    0     1.02 239.54872 19.7652  2706.27  1267.20 2.16 2.02  44.7 -0.405    20.03 21.78 01a59437o0037c 0x000000  -1.142857
59437.265201 20.244005      NaN    8     7 c    0     0.87 239.54872 19.7652  2726.77  1305.61 2.14 2.00  55.4 -0.405    19.97 21.79 01a59437o0043c 0x000000   1.142857
59437.270864 20.594452      NaN    0     7 c    0     1.13 239.54872 19.7652  2669.94  1226.19 2.10 1.98  49.5 -0.409    20.05 21.82 01a59437o0055c 0x000000   0.000000
59437.316843 20.959772      NaN    0     5 c    0     1.80 239.54872 19.7652  2660.04  1342.99 2.21 2.05  46.9 -0.398    19.98 21.90 01a59437o0069c 0x000000   0.000000
59455.233311 19.384550      NaN   19    15 c    0     1.92 239.54872 19.7652  4585.56  1071.90 2.76 2.41 -54.1 -0.422    18.74 20.01 02a59455o0024c 0x000000   1.266667
59455.237552 20.009244      NaN  -14    12 c    0     0.96 239.54872 19.7652  4567.86  1032.59 2.63 2.28 -58.2 -0.417    19.34 20.78 02a59455o0033c 0x000000  -1.166667
59455.243527 20.244005      NaN    2     9 c    0     1.22 239.54872 19.7652  4627.32  1110.91 2.52 2.20 -54.2 -0.424    19.65 21.29 02a59455o0046c 0x000000   0.222222
59455.253648 20.244005      NaN    2     9 c    0     1.01 239.54872 19.7652  4644.88   992.74 2.57 2.22 -54.6 -0.426    19.67 21.48 02a59455o0068c 0x000000   0.222222
59467.223007 18.336727      NaN  -26    56 c    0     1.30 239.54872 19.7652  3596.79  9037.29 2.52 2.03 -45.5 -0.493    18.18 19.26 02a59467o0018c 0x100002  -0.464286
59467.227592 19.384550      NaN   13    17 c    0     1.14 239.54872 19.7652  3583.80  8994.47 2.43 2.20 -54.2 -0.417    19.10 20.26 02a59467o0028c 0x000000   0.764706
59467.232813 19.950541      NaN    5    11 c    0     1.16 239.54872 19.7652  3641.01  9071.55 2.43 2.15 -48.7 -0.421    19.49 20.88 02a59467o0039c 0x000000   0.454545
59467.247545 20.009244      NaN   -9    12 c    0     0.83 239.54872 19.7652  3659.87  8952.55 2.40 2.23 -47.3 -0.415    19.57 21.10 02a59467o0071c 0x000000  -0.750000