         MJD         m       dm    uJy  duJy F  err  chi/N        RA     Dec        x        y  maj  min   phi  apfit  mag5sig   Sky            Obs     Mask   __tmp_SN
57806.670693 16.815539      NaN     16   222 c    0   1.31 281.55983 35.9687  7613.69  7727.97 3.76 3.48  86.7 -0.443    17.85 18.21 02a57806o0841c 0x100002   0.072072
57834.638755 19.038793      NaN     13    25 c    0   0.82 281.55983 35.9687  6445.88  9752.80 3.85 3.74   9.2 -0.436    18.74 20.40 02a57834o0708c 0x100002   0.520000
57834.652818 17.456271      NaN   -160   126 c    0   1.07 281.55983 35.9687  6461.13  9795.38 3.62 3.47 -10.0 -0.476    17.71 18.30 02a57834o0734c 0x100002  -1.269841
57838.633655 19.631075      NaN    -19    17 c    0   0.92 281.55983 35.9687  7398.68  6490.77 3.93 3.80  57.7 -0.400    18.96 20.93 02a57838o0708c 0x000000  -1.117647
57838.647864 18.504094      NaN   -108    48 c    0   1.10 281.55983 35.9687  7415.02  6535.70 4.06 3.89  87.6 -0.398    18.05 19.06 02a57838o0734c 0x100002  -2.250000
57894.513900 20.321591      NaN     -7     9 c    0   0.95 281.55983 35.9687  7571.73  7147.25 2.63 2.46  20.3 -0.454    19.83 21.74 02a57894o0531c 0x000000  -0.777778
57894.534182 20.321591      NaN     -9     9 c    0   1.22 281.55983 35.9687  2899.19  3277.50 3.59 2.63   6.2 -0.426    19.63 21.72 02a57894o0568c 0x000000  -1.000000
57894.550488 20.321591      NaN     -5     9 c    0   1.04 281.55983 35.9687  2958.52  3352.08 2.90 2.46  14.7 -0.459    19.69 21.53 02a57894o0597c 0x000000  -0.555556
57894.567511 20.039830      NaN      8     9 c    0   1.09 281.55983 35.9687  2972.05  3230.59 2.91 2.52  18.7 -0.456    19.80 21.59 02a57894o0626c 0x000000   0.888889
57894.583762 20.321591      NaN    -11     9 c    0   0.85 281.55983 35.9687  2924.23  3290.23 2.86 2.47  20.4 -0.464    19.79 21.60 02a57894o0654c 0x000000  -1.222222
57898.514470 20.009244      NaN     -3    12 c    0   0.97 281.55983 35.9687  7005.46  8150.07 2.66 2.49  19.7 -0.473    19.79 21.79 02a57898o0372c 0x000000  -0.250000
57898.528895 20.071303      NaN      4    10 c    0   0.89 281.55983 35.9687  3461.43  2277.70 3.28 2.54  25.6 -0.469    19.79 21.77 02a57898o0399c 0x000000   0.400000
57898.544401 20.321591      NaN     -6     9 c    0   1.27 281.55983 35.9687  6971.88  8111.37 2.63 2.45  17.2 -0.470    19.82 21.71 02a57898o0427c 0x000000  -0.666667
57898.560340 20.321591      NaN    -12     9 c    0   1.43 281.55983 35.9687  3534.81  2233.15 3.25 2.54  26.1 -0.476    19.82 21.76 02a57898o0455c 0x000000  -1.333333
57898.576643 20.137125      NaN      2    10 c    0   0.87 281.55983 35.9687  3487.15  2293.62 3.21 2.50  24.8 -0.470    19.83 21.78 02a57898o0483c 0x000000   0.200000
57902.492517 20.039830      NaN      8     9 c    0   1.41 281.55983 35.9687  4332.32  9272.81 2.66 2.59  -3.1 -0.442    19.51 21.42 02a57902o0503c 0x000000   0.888889
57902.518520 19.351140      NaN     -2    22 c    0   1.19 281.55983 35.9687  6114.85  1129.01 2.80 2.74 -61.1 -0.418    19.00 20.72 02a57902o0553c 0x000000  -0.090909
57902.528642 19.841877      NaN     15     9 c    0   1.23 281.55983 35.9687  6176.92  1212.16 2.77 2.74  70.1 -0.424    19.82 21.71 02a57902o0572c 0x000000   1.666667
57902.544425 19.979496      NaN     13     8 c    0   1.28 281.55983 35.9687  6192.13  1087.07 2.84 2.79 -59.9 -0.421    19.77 21.68 02a57902o0600c 0x000000   1.625000
57902.560400 20.282105      NaN      4     8 c    0   1.04 281.55983 35.9687  6159.76  1146.38 2.78 2.75 -83.0 -0.425    19.86 21.72 02a57902o0628c 0x000000   0.500000
57984.361946 20.282105      NaN      4     8 c    0   1.16 281.55983 35.9687  3501.38  1472.38 2.50 2.29  53.2 -0.432    19.86 21.81 02a57984o0269c 0x000000   0.500000
57984.375235 20.594452      NaN     -8     7 c    0   0.90 281.55983 35.9687  3485.00  1432.94 2.47 2.26  53.2 -0.434    19.83 21.76 02a57984o0296c 0x000000  -1.142857
57984.380275 20.449472      NaN     -2     8 c    0   0.93 281.55983 35.9687  3547.02  1509.12 2.54 2.33  50.9 -0.425    19.80 21.74 02a57984o0306c 0x000000  -0.250000
57984.394953 20.449472      NaN    -12     8 c    0   1.09 281.55983 35.9687  3563.52  1391.94 2.56 2.33  50.9 -0.428    19.77 21.69 02a57984o0336c 0x000000  -1.500000
57988.354373 20.405150      NaN      4     7 c    0   1.24 281.55983 35.9687  6058.29  3584.76 2.57 2.49 -70.3 -0.405    19.78 21.74 02a57988o0250c 0x000000   0.571429
57988.361975 20.761819      NaN      0     6 c    0   1.82 281.55983 35.9687  6042.35  3545.41 2.54 2.48 -85.9 -0.407    19.81 21.73 02a57988o0265c 0x000000   0.000000
57988.376783 20.543943      NaN      4     6 c    0   1.86 281.55983 35.9687  6103.84  3623.50 2.55 2.48 -88.3 -0.409    19.80 21.70 02a57988o0295c 0x000000   0.666667
57988.380814 20.449472      NaN     -1     8 c    0   0.93 281.55983 35.9687  6118.71  3505.82 2.49 2.42  87.3 -0.414    19.83 21.71 02a57988o0303c 0x000000  -0.125000
57991.373827 20.137125      NaN      2    10 c    0   1.25 281.55983 35.9687  8603.61  7941.84 2.56 2.47  17.9 -0.436    19.69 21.65 02a57991o0161c 0x000000   0.200000
57991.374844 19.841877      NaN     12    10 c    0   1.24 281.55983 35.9687  8587.72  7902.04 2.55 2.48  12.1 -0.437    19.73 21.66 02a57991o0163c 0x000000   1.200000
57991.392207 20.761819      NaN    -16     6 c    0   1.93 281.55983 35.9687  8648.41  7981.35 2.64 2.55  29.5 -0.421    19.75 21.65 02a57991o0193c 0x000000  -2.666667
57991.400255 20.449472      NaN    -10     8 c    0   1.17 281.55983 35.9687  8663.61  7864.55 2.63 2.58  13.5 -0.423    19.75 21.63 02a57991o0207c 0x000000  -1.250000
58019.299442 20.449472      NaN    -11     8 c    0   1.73 281.55983 35.9687  8723.29  8649.63 2.63 2.49  33.2 -0.435    19.82 21.69 02a58019o0172c 0x000000  -1.375000
58019.311814 20.244005      NaN      2     9 c    0   1.04 281.55983 35.9687  8705.65  8610.08 2.62 2.49  26.0 -0.437    19.77 21.66 02a58019o0197c 0x000000   0.222222
58019.316344 20.321591      NaN     -2     9 c    0   1.41 281.55983 35.9687  8768.81  8689.38 2.66 2.52  24.6 -0.431    19.73 21.66 02a58019o0206c 0x000000  -0.222222
58019.331183 20.207197      NaN     -3    10 c    0   0.83 281.55983 35.9687  8782.94  8571.99 2.59 2.48  16.5 -0.431    19.72 21.59 02a58019o0234c 0x000000  -0.300000
58071.223377 19.922338      NaN    -20    13 c    0   0.58 281.55983 35.9687  7368.56  8960.23 2.64 2.55   8.8 -0.429    19.59 21.24 02a58071o0042c 0x000000  -1.538462
58071.232005 20.103715      NaN    -10    11 c    0   1.01 281.55983 35.9687  7334.41  8920.65 2.65 2.52  11.7 -0.447    19.57 21.20 02a58071o0060c 0x000000  -0.909091
58071.240212 19.841877      NaN      3    13 c    0   0.94 281.55983 35.9687  7396.60  8999.90 2.64 2.48   7.2 -0.452    19.53 21.14 02a58071o0077c 0x000000   0.230769
58071.248848 19.766969      NaN      6    13 c    0   0.93 281.55983 35.9687  7410.29  8883.26 2.69 2.51   7.0 -0.440    19.47 21.06 02a58071o0095c 0x000000   0.461538
58075.213799 20.207197      NaN    -11    10 c    0   1.34 281.55983 35.9687  7360.23  7904.68 2.55 2.46  32.5 -0.474    19.58 21.26 02a58075o0032c 0x000000  -1.100000
58075.222232 20.207197      NaN    -27    10 c    0   1.15 281.55983 35.9687  7342.97  7867.13 2.53 2.41  24.2 -0.471    19.55 21.24 02a58075o0050c 0x000000  -2.700000
58075.230223 20.009244      NaN    -10    12 c    0   0.88 281.55983 35.9687  7406.14  7945.98 2.57 2.39  19.5 -0.452    19.49 21.19 02a58075o0067c 0x000000  -0.833333
58075.238762 19.922338      NaN     -4    13 c    0   0.95 281.55983 35.9687  7419.66  7830.14 2.72 2.52  20.8 -0.446    19.43 21.15 02a58075o0085c 0x000000  -0.307692
58079.209013 20.207197      NaN    -17    10 c    0   1.31 281.55983 35.9687  7048.00  6424.16 2.60 2.56  42.2 -0.443    19.48 21.15 02a58079o0046c 0x000000  -1.700000
58079.217416 20.103715      NaN     -4    11 c    0   1.13 281.55983 35.9687  7030.58  6386.43 2.58 2.53  -2.4 -0.452    19.45 21.14 02a58079o0064c 0x000000  -0.363636
58079.225612 19.631075      NaN     18    11 c    0   1.33 281.55983 35.9687  7077.44  6464.52 2.91 2.81  41.1 -0.461    19.37 21.13 02a58079o0081c 0x000000   1.636364
58079.234225 20.009244      NaN     -6    12 c    0   0.89 281.55983 35.9687  7106.70  6351.03 2.50 2.37  13.3 -0.473    19.47 21.10 02a58079o0099c 0x000000  -0.500000
58080.204060 19.816329      NaN     13    10 c    0   1.51 281.55983 35.9687   322.22  7760.93 2.63 2.49  23.8 -0.409    19.39 20.82 02a58080o0028c 0x000000   1.300000
58259.578645 20.594452      NaN     -1     7 c    0   1.42 281.55983 35.9687   479.49  6792.32 2.48 2.35  32.4 -0.430    19.80 21.91 02a58259o0469c 0x000000  -0.142857
58259.579102 20.244005      NaN      2     9 c    0   1.41 281.55983 35.9687 10169.21  6812.52 2.61 2.53  72.2 -0.456    19.78 21.86 02a58259o0470c 0x000000   0.222222
58259.588506 20.594452      NaN     -4     7 c    0   1.79 281.55983 35.9687   461.23  6751.67 2.51 2.33  17.3 -0.433    19.80 21.87 02a58259o0488c 0x000000  -0.571429
58259.590115 20.761819      NaN     -6     6 c    0   1.47 281.55983 35.9687   525.78  6828.40 2.46 2.29  11.3 -0.436    19.84 21.98 02a58259o0491c 0x000000  -1.000000
58259.598649 20.321591      NaN    -14     9 c    0   1.52 281.55983 35.9687 10152.48  6775.00 2.67 2.55  -4.7 -0.424    19.76 21.85 02a58259o0507c 0x000000  -1.555556
58259.603602 20.282105      NaN      7     7 c    0   1.51 281.55983 35.9687   539.68  6710.77 2.47 2.34  15.4 -0.428    19.81 21.80 02a58259o0516c 0x000000   1.000000
58259.607926 19.894850      NaN     10    10 c    0   0.91 281.55983 35.9687 10213.94  6854.06 2.75 2.63  57.0 -0.451    19.70 21.61 02a58259o0522c 0x000000   1.000000
58259.620711 18.826541      NaN      5    34 c    0   1.32 281.55983 35.9687 10227.91  6738.43 2.64 2.56  53.3 -0.469    18.56 19.55 02a58259o0544c 0x100002   0.147059
58279.545961 20.449472      NaN    -26     8 c    0   1.05 281.55983 35.9687   392.46  6654.92 2.39 2.27   6.0 -0.419    19.67 21.60 02a58279o0626c 0x000000  -3.250000
58279.555361 20.321591      NaN    -19     9 c    0   1.00 281.55983 35.9687   376.43  6613.61 2.53 2.38   0.7 -0.409    19.59 21.58 02a58279o0645c 0x000000  -2.111111
58279.565503 20.103715      NaN     -9    11 c    0   0.96 281.55983 35.9687 10080.31  6672.34 2.55 2.47  52.9 -0.459    19.63 21.50 02a58279o0666c 0x000000  -0.818182
58279.574771 20.405150      NaN      1     8 c    0   1.19 281.55983 35.9687   439.53  6687.83 2.49 2.33   1.5 -0.407    19.61 21.51 02a58279o0684c 0x000000   0.125000
58279.575785 19.696897      NaN     15    11 c    0   1.06 281.55983 35.9687 10064.29  6631.51 2.61 2.52  50.4 -0.453    19.65 21.50 02a58279o0686c 0x000000   1.363636
58279.577159 19.674510      NaN     13    12 c    0   1.05 281.55983 35.9687 10128.46  6711.34 2.61 2.52  53.4 -0.452    19.59 21.51 02a58279o0689c 0x000000   1.083333
58279.577643 20.449472      NaN     -1     8 c    0   1.61 281.55983 35.9687   455.81  6570.48 2.49 2.37   6.5 -0.412    19.60 21.50 02a58279o0690c 0x000000  -0.125000
58279.597358 19.868040      NaN     11    10 c    0   1.16 281.55983 35.9687 10144.07  6600.20 2.66 2.55  47.7 -0.457    19.57 21.38 02a58279o0726c 0x000000   1.100000
58287.527223 19.922338      NaN     18     7 c    0   1.22 281.55983 35.9687  7370.42  6777.86 2.58 2.49 -51.2 -0.409    19.78 21.84 02a58287o0578c 0x000000   2.571429
58287.537064 20.594452      NaN     -3     7 c    0   1.65 281.55983 35.9687  7352.84  6738.05 2.56 2.46 -43.0 -0.411    19.77 21.81 02a58287o0598c 0x000000  -0.428571
58287.554628 20.207197      NaN     -3    10 c    0   0.79 281.55983 35.9687  7397.46  6816.12 2.56 2.45 -54.3 -0.408    19.72 21.68 02a58287o0633c 0x000000  -0.300000
58287.558972 20.009244      NaN     -2    12 c    0   0.52 281.55983 35.9687  7429.00  6699.39 2.56 2.49 -52.6 -0.414    19.66 21.64 02a58287o0642c 0x000000  -0.166667
58307.515967 16.382766 0.014961   1016    14 c    0   1.81 281.55983 35.9687  8006.79  6657.65 2.65 2.61   7.3 -0.407    19.69 21.52 02a58307o0479c 0x000000  72.571429
58307.535218 16.423043 0.015526    979    14 c    0   1.90 281.55983 35.9687  7987.97  6618.93 2.57 2.50 -52.0 -0.418    19.65 21.39 02a58307o0518c 0x000000  69.928571
58307.536133 16.375311 0.015920   1023    15 c    0   1.91 281.55983 35.9687  8035.45  6696.88 2.57 2.51 -23.6 -0.435    19.66 21.38 02a58307o0520c 0x000000  68.200000
58307.552286 16.364749 0.015766   1033    15 c    0   1.65 281.55983 35.9687  8049.38  6581.90 2.57 2.46 -24.0 -0.426    19.64 21.31 02a58307o0554c 0x000000  68.866667
58311.517517 16.540028 0.017293    879    14 c    0   1.77 281.55983 35.9687  6972.77  8993.64 2.78 2.73 -18.1 -0.405    19.65 21.63 02a58311o0564c 0x000000  62.785714
58311.517974 16.491711 0.015359    919    13 c    0   2.16 281.55983 35.9687  6956.98  8954.35 2.77 2.70 -24.1 -0.403    19.67 21.63 02a58311o0565c 0x000000  70.692308
58311.534943 16.489351 0.016504    921    14 c    0   1.50 281.55983 35.9687  7002.08  9033.96 2.71 2.63 -25.8 -0.405    19.67 21.59 02a58311o0601c 0x000000  65.785714
58311.538617 16.474133 0.016274    934    14 c    0   1.60 281.55983 35.9687  7033.80  8916.04 2.72 2.65   2.3 -0.406    19.69 21.57 02a58311o0609c 0x000000  66.714286
58315.499872 16.678148 0.018236    774    13 c    0   1.36 281.55983 35.9687  8896.03  6025.36 2.65 2.63  55.3 -0.420    19.72 21.70 02a58315o0517c 0x000000  59.538462
58315.505768 16.693689 0.018499    763    13 c    0   0.93 281.55983 35.9687  8879.38  5986.56 2.62 2.59  54.8 -0.425    19.76 21.71 02a58315o0529c 0x000000  58.692308
58315.522285 16.696538 0.017121    761    12 c    0   1.98 281.55983 35.9687  8941.93  6066.45 2.65 2.63  -8.6 -0.421    19.71 21.66 02a58315o0564c 0x000000  63.416667
58315.526030 16.708013 0.018744    753    13 c    0   1.64 281.55983 35.9687  8958.12  5949.79 2.69 2.67  40.9 -0.424    19.70 21.64 02a58315o0572c 0x000000  57.923077
58331.533495 15.686669      NaN    426   501 c    0   0.78 281.55983 35.9687  8513.13  6269.93 3.05 2.86 -36.8 -0.371    15.01 16.37 02a58331o0614c 0x100002   0.850299
58331.543964 12.029918      NaN -24447 18660 c    0   1.16 281.55983 35.9687  8496.77  6233.79 3.32 3.07 -52.3 -0.385    14.00 15.17 02a58331o0636c 0x100002  -1.310129
58331.554070 14.839295      NaN    835  1125 c    0   0.98 281.55983 35.9687  8546.66  6306.47 3.06 2.94 -44.8 -0.421    15.59 16.72 02a58331o0657c 0x100002   0.742222
58331.564736 16.680957      NaN    301   157 c    0   1.08 281.55983 35.9687  8578.98  6198.23 3.13 2.99 -29.9 -0.379    17.17 18.35 02a58331o0679c 0x100002   1.917197
58335.451096 17.862567 0.050111    260    12 c    0   1.17 281.55983 35.9687  9649.68  8846.40 2.83 2.57  36.9 -0.412    19.65 21.47 02a58335o0453c 0x000000  21.666667
58335.461799 17.875167 0.050696    257    12 c    0   1.28 281.55983 35.9687  9632.20  8806.80 2.84 2.58  36.2 -0.415    19.58 21.29 02a58335o0474c 0x000000  21.416667
58335.483383 17.862567 0.058463    260    14 c    0   1.13 281.55983 35.9687  9710.51  8770.00 2.79 2.53  35.8 -0.421    19.50 21.10 02a58335o0516c 0x000000  18.571429
58339.443668 17.866751 0.142529    259    34 c    0   0.97 281.55983 35.9687  9062.71  8553.45 2.80 2.69  37.4 -0.389    18.44 20.11 02a58339o0444c 0x100002   7.617647
58339.454614 17.927085 0.181695    245    41 c    0   0.94 281.55983 35.9687  9044.56  8514.20 2.83 2.71  33.2 -0.391    18.22 19.83 02a58339o0466c 0x100002   5.975610
58339.465959 17.574501      NaN    156    61 c    0   0.95 281.55983 35.9687  9092.17  8593.40 2.83 2.69  26.4 -0.388    17.81 19.37 02a58339o0489c 0x100002   2.557377
58339.476602 16.436434      NaN    112   285 c    0   0.87 281.55983 35.9687  9107.54  8476.57 2.80 2.69  35.0 -0.413    15.88 17.27 02a58339o0511c 0x100002   0.392982
58343.419574 18.255804 0.047988    181     8 c    0   1.78 281.55983 35.9687   234.20  6003.78 2.66 2.56 -18.5 -0.369    19.57 21.76 02a58343o0017c 0x000000  22.625000
58343.422546 18.424171 0.070047    155    10 c    0   1.40 281.55983 35.9687  9951.31  6055.20 2.77 2.74  44.4 -0.407    19.65 21.77 02a58343o0023c 0x000000  15.500000
58343.431110 18.410251 0.062240    157     9 c    0   1.39 281.55983 35.9687   295.14  6078.18 2.59 2.47 -15.8 -0.381    19.62 21.74 02a58343o0040c 0x000000  17.444444
58343.433605 18.311179 0.063124    172    10 c    0   1.45 281.55983 35.9687  9916.70  6014.99 2.88 2.78  41.2 -0.427    19.66 21.75 02a58343o0045c 0x000000  17.200000
58343.442263 18.376212 0.067021    162    10 c    0   1.28 281.55983 35.9687   309.25  5960.58 2.88 2.77  -2.3 -0.367    19.59 21.69 02a58343o0062c 0x000000  16.200000
58343.445194 18.304885 0.069035    173    11 c    0   0.99 281.55983 35.9687  9978.11  6093.96 3.02 2.91  27.5 -0.415    19.59 21.72 02a58343o0068c 0x000000  15.727273
58343.456011 18.452558 0.079093    151    11 c    0   1.16 281.55983 35.9687  9991.41  5978.33 3.09 2.99  40.1 -0.424    19.55 21.68 02a58343o0090c 0x000000  13.727273
58375.362112 19.256669 0.135717     72     9 c    0   1.12 281.55983 35.9687  6792.94  7541.17 2.89 2.77 -48.1 -0.382    19.61 21.64 02a58375o0005c 0x000000   8.000000
58375.372647 19.302877 0.173088     69    11 c    0   1.39 281.55983 35.9687  6854.71  7619.33 3.45 3.42 -17.8 -0.387    19.40 21.58 02a58375o0026c 0x000000   6.272727
58395.323869 19.197966      NaN     34    14 c    0   1.39 281.55983 35.9687  8756.76  7696.97 2.78 2.72 -25.6 -0.388    19.26 20.96 02a58395o0264c 0x000000   2.428571
58395.334073 18.084160      NaN     74    46 c    0   1.27 281.55983 35.9687  8742.05  7656.08 2.90 2.79 -12.9 -0.380    18.43 20.07 02a58395o0285c 0x100002   1.608696
58395.344351 19.183773      NaN     38    13 c    0   1.46 281.55983 35.9687  8806.47  7734.30 2.79 2.70 -18.6 -0.393    19.06 20.70 02a58395o0306c 0x000000   2.923077
58395.354553 19.569016 0.301593     54    15 c    0   1.09 281.55983 35.9687  8823.20  7617.39 2.74 2.69 -18.4 -0.401    19.26 20.87 02a58395o0327c 0x000000   3.600000
58403.308250 19.549093 0.197407     55    10 c    0   1.32 281.55983 35.9687  8796.50  6045.96 2.51 2.47 -53.9 -0.429    19.47 21.10 02a58403o0240c 0x000000   5.500000
58403.318448 18.944322      NaN     39    19 c    0   0.88 281.55983 35.9687  8781.38  6006.59 2.59 2.57 -46.9 -0.437    19.05 20.68 02a58403o0261c 0x000000   2.052632
58403.328876 19.384550      NaN     31    11 c    0   0.90 281.55983 35.9687  8846.07  6085.56 2.43 2.39 -30.3 -0.450    19.65 21.30 02a58403o0282c 0x000000   2.818182
58403.339278 20.137125 0.339293     32    10 c    0   1.07 281.55983 35.9687  8863.58  5970.45 2.49 2.45 -34.6 -0.440    19.62 21.23 02a58403o0303c 0x000000   3.200000
58431.244626 19.696897      NaN     21     9 c    0   1.34 281.55983 35.9687  7750.72  9094.31 2.59 2.52  12.0 -0.415    19.64 21.30 02a58431o0133c 0x000000   2.333333
58431.254625 19.868040 0.291295     41    11 c    0   1.19 281.55983 35.9687  7735.20  9052.58 2.59 2.49   9.5 -0.421    19.60 21.26 02a58431o0154c 0x000000   3.727273
58431.264530 19.979496      NaN     10     9 c    0   1.67 281.55983 35.9687  7797.90  9131.96 2.59 2.50   3.1 -0.426    19.56 21.21 02a58431o0175c 0x000000   1.111111
58431.274764 19.674510      NaN     13    12 c    0   1.13 281.55983 35.9687  7813.35  9016.20 2.58 2.47   2.8 -0.432    19.52 21.17 02a58431o0196c 0x000000   1.083333
58435.227205 19.743105      NaN     16    10 c    0   1.51 281.55983 35.9687  7258.88  7408.47 2.78 2.56 -47.6 -0.377    19.44 20.84 02a58435o0098c 0x000000   1.600000
58435.237253 19.868040      NaN     11    10 c    0   1.64 281.55983 35.9687  7243.74  7367.67 2.76 2.53 -45.8 -0.382    19.36 20.80 02a58435o0119c 0x000000   1.100000
58435.247144 19.384550      NaN     28    12 c    0   1.21 281.55983 35.9687  7306.48  7446.10 2.70 2.53 -40.9 -0.394    19.32 20.73 02a58435o0140c 0x000000   2.333333
58435.257023 19.318728      NaN     20    16 c    0   0.69 281.55983 35.9687  7321.49  7330.61 2.74 2.51 -41.7 -0.397    19.31 20.64 02a58435o0161c 0x000000   1.250000
58456.195852 19.115465      NaN     19    21 c    0   0.87 281.55983 35.9687  8032.56  3737.15 2.54 2.40 -51.9 -0.411    18.89 19.87 02a58456o0031c 0x000000   0.904762
58456.202595 19.454622      NaN     24    12 c    0   0.91 281.55983 35.9687  8018.51  3694.79 2.56 2.47 -49.5 -0.407    19.42 20.84 02a58456o0045c 0x000000   2.000000
58456.211677 20.009244      NaN     -1    12 c    0   0.91 281.55983 35.9687  8080.55  3774.39 2.65 2.53 -49.8 -0.406    19.45 21.05 02a58456o0064c 0x000000  -0.083333
58456.222335 19.609992      NaN     16    12 c    0   1.45 281.55983 35.9687  8095.81  3661.50 2.87 2.74 -46.1 -0.405    19.34 20.97 02a58456o0086c 0x000000   1.333333
58460.196880 19.351140      NaN     -9    22 c    0   1.11 281.55983 35.9687  6772.99  7549.54 3.18 3.06 -45.6 -0.388    18.68 20.01 02a58460o0041c 0x000000  -0.409091
58603.589832 19.868040      NaN     11    10 c    0   1.00 281.55983 35.9687  2614.97  3381.48 2.61 2.28 -50.0 -0.410    19.45 21.25 02a58603o0743c 0x000000   1.100000
58603.601913 19.979496      NaN     13     8 c    0   1.92 281.55983 35.9687  7957.30  7148.68 2.63 2.39 -58.9 -0.412    19.45 21.16 02a58603o0762c 0x000000   1.625000
58603.614371 19.791368      NaN     14    10 c    0   1.45 281.55983 35.9687  8014.72  7228.66 2.69 2.38 -58.1 -0.412    19.41 21.11 02a58603o0781c 0x000000   1.400000
58603.627066 19.089302      NaN     27    19 c    0   1.16 281.55983 35.9687  8023.79  7113.23 2.67 2.45 -59.4 -0.411    18.91 19.99 02a58603o0800c 0x000000   1.421053
58612.516195 20.321591      NaN     -9     9 c    0   1.01 281.55983 35.9687  7515.07  8794.78 2.85 2.53  49.4 -0.398    19.72 21.66 02a58612o0610c 0x000000  -1.000000
58612.518104 20.449472      NaN    -10     8 c    0   1.15 281.55983 35.9687  7535.66  8833.72 2.82 2.54  49.8 -0.400    19.70 21.67 02a58612o0614c 0x000000  -1.250000
58612.523888 20.207197      NaN     -2    10 c    0   1.06 281.55983 35.9687  7475.99  8762.45 3.31 2.47  43.4 -0.374    19.62 21.65 02a58612o0626c 0x000000  -0.200000
58612.537243 20.244005      NaN      5     8 c    0   1.32 281.55983 35.9687  7456.14  8878.62 2.88 2.57  48.9 -0.394    19.70 21.65 02a58612o0654c 0x000000   0.625000
58635.492192 20.761819      NaN     -9     6 c    0   1.31 281.55983 35.9687  5331.99  2428.90 2.43 2.37 -85.5 -0.399    19.82 21.90 02a58635o0532c 0x000000  -1.500000
58635.499433 20.282105      NaN      4     8 c    0   0.77 281.55983 35.9687  5345.47  2469.63 2.38 2.30 -74.5 -0.407    19.83 21.89 02a58635o0546c 0x000000   0.500000
58635.504153 20.594452      NaN      0     7 c    0   0.95 281.55983 35.9687  5290.15  2389.96 2.42 2.34 -82.1 -0.402    19.85 21.91 02a58635o0554c 0x000000   0.000000
58635.520240 20.207197      NaN      6     8 c    0   0.96 281.55983 35.9687  5273.10  2506.93 2.40 2.36  84.8 -0.405    19.78 21.90 02a58635o0586c 0x000000   0.750000
58639.453896 19.569016      NaN    -22    18 c    0   0.84 281.55983 35.9687  5319.99  2423.74 2.44 2.35 -74.2 -0.401    18.90 20.75 02a58639o0403c 0x000000  -1.222222
58639.462305 19.454622      NaN    -12    20 c    0   1.60 281.55983 35.9687  5339.75  2462.51 2.44 2.31 -74.8 -0.398    18.40 20.20 02a58639o0419c 0x000000  -0.600000
58639.465786 19.169763      NaN    -26    26 c    0   1.43 281.55983 35.9687  5282.52  2384.96 2.39 2.26 -65.8 -0.407    18.46 20.20 02a58639o0425c 0x100002  -1.000000
58639.478226 19.454622      NaN     18    14 c    0   1.93 281.55983 35.9687  5264.63  2502.80 2.40 2.33 -73.6 -0.399    18.99 20.83 02a58639o0447c 0x000000   1.285714
58663.430973 20.244005      NaN      5     8 c    0   0.76 281.55983 35.9687  7305.92  4255.55 2.43 2.36  64.5 -0.398    19.84 21.95 02a58663o0388c 0x000000   0.625000
58663.441965 20.137125      NaN      8     8 c    0   0.84 281.55983 35.9687  7330.89  4288.91 2.43 2.35  54.8 -0.398    19.84 21.94 02a58663o0408c 0x000000   1.000000
58663.446376 20.321591      NaN      3     8 c    0   1.05 281.55983 35.9687  3331.85  6356.31 2.37 2.29   8.6 -0.402    19.89 21.95 02a58663o0417c 0x000000   0.375000
58663.457812 20.321591      NaN    -14     9 c    0   0.85 281.55983 35.9687  3344.32  6240.49 2.40 2.33  15.7 -0.401    19.85 21.94 02a58663o0439c 0x000000  -1.555556
58664.439133 20.321591      NaN      0     9 c    0   1.06 281.55983 35.9687  3293.13  6327.23 2.41 2.31  18.2 -0.401    19.88 22.00 02a58664o0431c 0x000000   0.000000
58664.441992 20.449472      NaN     -2     8 c    0   1.04 281.55983 35.9687  3272.34  6287.79 2.37 2.34  27.0 -0.402    19.87 22.01 02a58664o0437c 0x000000  -0.250000
58664.447671 20.321591      NaN      0     9 c    0   0.91 281.55983 35.9687  3327.17  6364.78 2.51 2.30  27.9 -0.393    19.86 22.01 02a58664o0449c 0x000000   0.000000
58664.457681 20.009244      NaN      9     9 c    0   1.00 281.55983 35.9687  3344.51  6247.65 2.44 2.31  22.1 -0.396    19.88 22.01 02a58664o0470c 0x000000   1.000000
58667.513966 20.321591      NaN     -6     9 c    0   0.82 281.55983 35.9687  1618.05  9959.71 2.37 2.21 -33.3 -0.436    19.85 21.91 02a58667o0346c 0x000000  -0.666667
58667.520418 20.071303      NaN     13     7 c    0   1.57 281.55983 35.9687  1590.37  9921.96 2.43 2.32 -54.6 -0.438    19.82 21.91 02a58667o0358c 0x000000   1.857143
58667.534631 20.009244      NaN     12     8 c    0   1.28 281.55983 35.9687  1643.65 10000.25 2.36 2.24 -37.8 -0.438    19.80 21.87 02a58667o0386c 0x000000   1.500000
58667.541532 20.594452      NaN      0     7 c    0   1.87 281.55983 35.9687  1660.46  9880.08 2.48 2.25 -49.9 -0.436    19.79 21.87 02a58667o0398c 0x000000   0.000000
58691.400060 19.631075      NaN     18    11 c    0   0.77 281.55983 35.9687  3694.10 10308.01 3.15 2.64 -52.7 -0.387    19.72 22.06 02a58691o0251c 0x000000   1.636364
58691.413441 19.894850      NaN     13     9 c    0   0.91 281.55983 35.9687  3667.65 10268.43 2.69 2.58 -73.0 -0.388    19.79 22.05 02a58691o0279c 0x000000   1.444444
58691.422570 20.207197      NaN     -6    10 c    0   1.31 281.55983 35.9687  3719.56 10346.76 2.70 2.60  87.0 -0.382    19.74 22.03 02a58691o0298c 0x000000  -0.600000
58691.426078 19.791368      NaN     11    11 c    0   0.87 281.55983 35.9687  3738.30 10228.51 3.02 2.57 -49.4 -0.395    19.76 22.01 02a58691o0305c 0x000000   1.000000
58692.536401 20.071303      NaN      7     9 c    0   1.01 281.55983 35.9687  4877.37    95.70 2.42 2.24 -69.6 -0.386    19.63 21.55 02a58692o0572c 0x000000   0.777778
58692.539253 19.569016      NaN     15    13 c    0   0.63 281.55983 35.9687  4857.61    56.41 2.47 2.32 -72.2 -0.375    19.57 21.52 02a58692o0578c 0x000000   1.153846
58692.544973 19.922338      NaN     -3    13 c    0   0.94 281.55983 35.9687  4918.12   136.05 2.52 2.35 -68.3 -0.376    19.54 21.45 02a58692o0590c 0x000000  -0.230769
58696.248020 18.944322      NaN    -41    32 c    0   1.24 281.55983 35.9687  5677.06 10475.33 3.19 2.65 -51.7 -0.418    18.86 19.97 02a58696o0037c 0x100002  -1.281250
58696.253260 16.595784      NaN    109   242 c    0   0.05 281.55983 35.9687  5696.05 10515.32 2.95 2.72 -53.9 -0.402    19.45 20.97 02a58696o0048c 0x100002   0.450413
58696.257297 19.841877      NaN    -12    14 c    0   0.98 281.55983 35.9687  5639.19 10437.13 3.30 2.63 -50.5 -0.397    19.59 21.42 02a58696o0056c 0x000000  -0.857143
58700.237522 17.000830      NaN    122   151 c    0   1.25 281.55983 35.9687  3392.44  8518.16 2.86 2.35 -53.5 -0.512    17.41 18.42 02a58700o0018c 0x100002   0.807947
58700.240968 18.094452      NaN    -88    70 c    0   1.37 281.55983 35.9687  3404.10  8545.42 2.66 2.49 -59.0 -0.429    17.95 18.98 02a58700o0025c 0x100002  -1.257143
58700.248113 20.009244      NaN     -3    12 c    0   1.07 281.55983 35.9687  3338.45  8472.43 2.67 2.33 -53.9 -0.405    19.30 20.60 02a58700o0040c 0x000000  -0.250000
58700.258336 20.321591      NaN     -2     9 c    0   1.27 281.55983 35.9687  3320.49  8591.45 2.62 2.30 -51.8 -0.409    19.69 21.44 02a58700o0061c 0x000000  -0.222222
58704.236026 17.143924      NaN    -73   168 c    0   1.05 281.55983 35.9687  3381.87  8507.72 2.97 2.44  44.4 -0.444    17.31 18.11 02a58704o0019c 0x100002  -0.434524
58704.239445 18.125925      NaN    -63    68 c    0   1.18 281.55983 35.9687  3405.18  8541.88 2.47 2.43  75.2 -0.421    18.12 18.91 02a58704o0026c 0x100002  -0.926471
58704.246031 19.401649      NaN    -24    21 c    0   1.52 281.55983 35.9687  3339.87  8471.45 2.43 2.42 -76.0 -0.394    18.84 19.84 02a58704o0039c 0x000000  -1.142857
58704.259089 19.766969      NaN     -4    15 c    0   1.23 281.55983 35.9687  3322.00  8585.69 2.73 2.44  48.5 -0.364    19.19 20.39 02a58704o0065c 0x000000  -0.266667
58707.485003 18.649074      NaN    -10    42 c    0   0.93 281.55983 35.9687  1417.56  8410.45 2.52 2.46  29.9 -0.408    18.42 19.38 02a58707o0524c 0x100002  -0.238095
58707.488279 18.615142      NaN     22    36 c    0   1.33 281.55983 35.9687  1402.63  8368.70 2.41 2.39  29.8 -0.422    18.43 19.36 02a58707o0531c 0x100002   0.611111
58707.498223 18.574166      NaN     -1    45 c    0   0.92 281.55983 35.9687  1468.32  8444.99 2.52 2.50  11.0 -0.415    18.33 19.30 02a58707o0550c 0x100002  -0.022222
58707.511503 18.649074      NaN    -24    42 c    0   1.18 281.55983 35.9687  1486.56  8333.29 2.60 2.44  45.1 -0.400    18.28 19.21 02a58707o0577c 0x100002  -0.571429
58720.228066 18.058851      NaN     16    67 c    0   1.29 281.55983 35.9687  1160.80  6527.27 2.36 2.28  36.1 -0.441    17.44 18.21 02a58720o0021c 0x100002   0.238806
58720.232175 19.334813      NaN      1    22 c    0   1.60 281.55983 35.9687  1176.49  6566.03 2.38 2.25  31.2 -0.414    18.51 19.39 02a58720o0029c 0x000000   0.045455
58720.237630 19.868040      NaN      8    11 c    0   0.90 281.55983 35.9687  1118.15  6488.96 2.33 2.32  31.0 -0.419    19.43 20.72 02a58720o0040c 0x000000   0.727273
58720.248453 20.449472      NaN     -9     8 c    0   1.14 281.55983 35.9687  1097.08  6603.33 2.43 2.39  71.4 -0.422    19.70 21.67 02a58720o0062c 0x000000  -1.125000
58723.460393 19.979496      NaN      4    11 c    0   0.96 281.55983 35.9687  9344.65 10086.02 2.82 2.74  15.7 -0.383    19.67 21.55 02a58723o0436c 0x000000   0.363636
58723.464074 19.841877      NaN      6    12 c    0   0.85 281.55983 35.9687  9324.76 10046.32 2.81 2.71  26.1 -0.382    19.60 21.52 02a58723o0444c 0x000000   0.500000
58723.470547 19.922338      NaN    -13    13 c    0   0.82 281.55983 35.9687  9384.12 10126.55 2.89 2.82  15.3 -0.373    19.59 21.49 02a58723o0458c 0x000000  -1.000000
58723.485965 19.841877      NaN    -19    14 c    0   0.89 281.55983 35.9687  9401.89 10012.35 3.64 2.90 -48.3 -0.361    19.47 21.35 02a58723o0489c 0x000000  -1.357143
58727.378904 20.103715      NaN    -17    11 c    0   0.83 281.55983 35.9687  9347.99 10084.35 2.73 2.72 -74.5 -0.381    19.75 21.73 02a58727o0278c 0x000000  -1.545455
58727.388483 20.282105      NaN      1     9 c    0   1.20 281.55983 35.9687  9326.97 10043.70 2.77 2.72 -33.3 -0.383    19.81 21.71 02a58727o0295c 0x000000   0.111111
58727.391633 20.207197      NaN    -16    10 c    0   0.95 281.55983 35.9687  9392.64 10124.37 2.83 2.73 -49.7 -0.382    19.78 21.70 02a58727o0301c 0x000000  -1.600000
58752.287040 20.449472      NaN     -5     8 c    0   1.11 281.55983 35.9687  5197.64  6214.04 2.38 2.21  34.8 -0.402    19.82 21.66 02a58752o0145c 0x000000  -0.625000
58752.289842 20.449472      NaN     -2     8 c    0   1.33 281.55983 35.9687  5177.85  6175.67 2.38 2.20  38.4 -0.399    19.83 21.64 02a58752o0151c 0x000000  -0.250000
58752.295421 20.405150      NaN      1     8 c    0   1.03 281.55983 35.9687  5234.60  6253.11 2.31 2.25  32.2 -0.403    19.80 21.63 02a58752o0163c 0x000000   0.125000
58752.306237 20.594452      NaN     -2     7 c    0   1.07 281.55983 35.9687  5251.33  6135.05 2.32 2.23  32.7 -0.405    19.81 21.65 02a58752o0186c 0x000000  -0.285714
58756.307107 20.009244      NaN     12     8 c    0   2.13 281.55983 35.9687  1334.53  6460.77 2.62 2.48 -42.7 -0.407    19.54 21.36 02a58756o0239c 0x000000   1.500000
58756.310313 19.922338      NaN     -9    13 c    0   0.67 281.55983 35.9687  1315.51  6424.16 2.59 2.52 -40.9 -0.407    19.53 21.37 02a58756o0246c 0x000000  -0.692308
58756.315687 20.103715      NaN     -9    11 c    0   1.10 281.55983 35.9687  1372.49  6497.76 2.88 2.76 -46.2 -0.397    19.43 21.36 02a58756o0257c 0x000000  -0.818182
58756.327202 20.207197      NaN     -8    10 c    0   1.01 281.55983 35.9687  1393.01  6380.47 2.71 2.60 -47.0 -0.400    19.48 21.32 02a58756o0282c 0x000000  -0.800000
58775.242636 19.652575      NaN      2    16 c    0   0.74 281.55983 35.9687  9074.16  8016.06 2.68 2.63  45.8 -0.393    19.28 20.92 02a58775o0114c 0x000000   0.125000
58775.245513 20.009244      NaN     -6    12 c    0   1.52 281.55983 35.9687  9054.54  7976.25 2.66 2.62  72.1 -0.393    19.36 20.98 02a58775o0120c 0x000000  -0.500000
58775.252549 20.207197      NaN      0    10 c    0   1.05 281.55983 35.9687  9111.72  8054.41 2.62 2.59  46.4 -0.400    19.69 21.40 02a58775o0135c 0x000000   0.000000
58775.264605 19.922338      NaN    -22    13 c    0   0.96 281.55983 35.9687  9129.73  7938.32 2.67 2.65 -38.4 -0.396    19.49 21.13 02a58775o0160c 0x000000  -1.692308
58780.264542 20.103715      NaN      6     9 c    0   0.98 281.55983 35.9687  5038.17  1660.00 2.30 2.23  71.6 -0.403    19.70 21.39 02a58780o0172c 0x000000   0.666667
58780.267801 20.207197      NaN      6     8 c    0   1.54 281.55983 35.9687  5018.24  1621.13 2.31 2.24  74.9 -0.401    19.62 21.32 02a58780o0179c 0x000000   0.750000
58780.273970 20.321591      NaN     -1     9 c    0   0.92 281.55983 35.9687  5077.50  1699.84 2.27 2.22  89.6 -0.404    19.60 21.34 02a58780o0192c 0x000000  -0.111111
58780.285112 20.449472      NaN     -5     8 c    0   1.18 281.55983 35.9687  5098.26  1580.28 2.32 2.27  81.1 -0.403    19.60 21.29 02a58780o0216c 0x000000  -0.625000
58784.196846 18.933071      NaN     37    20 c    0   1.19 281.55983 35.9687  5054.88  1660.25 2.53 2.43 -69.1 -0.398    18.83 19.85 02a58784o0037c 0x000000   1.850000
58784.200070 19.791368      NaN      2    14 c    0   0.92 281.55983 35.9687  5034.16  1620.41 2.57 2.45 -62.0 -0.397    19.29 20.55 02a58784o0044c 0x000000   0.142857
58784.205589 20.009244      NaN      3    11 c    0   0.83 281.55983 35.9687  5092.31  1696.34 2.66 2.53 -58.2 -0.404    19.53 21.22 02a58784o0056c 0x000000   0.272727
58784.239297 19.816329      NaN     13    10 c    0   0.82 281.55983 35.9687  5109.05  1577.30 2.42 2.32  65.5 -0.401    19.67 21.36 02a58784o0073c 0x000000   1.300000
58932.611265 20.321591      NaN     -9     9 c    0   1.00 281.55983 35.9687  5196.67  6871.77 2.66 2.58  -3.3 -0.404    19.59 21.52 02a58932o0835c 0x000000  -1.000000
58932.617085 20.321591      NaN     -9     9 c    0   1.13 281.55983 35.9687  5214.95  6906.00 2.84 2.42  39.6 -0.383    19.63 21.52 02a58932o0847c 0x000000  -1.000000
58932.619983 20.321591      NaN    -14     9 c    0   0.96 281.55983 35.9687  5156.39  6832.29 2.65 2.52  20.1 -0.401    19.58 21.52 02a58932o0853c 0x000000  -1.555556
58932.640022 20.321591      NaN     -6     9 c    0   1.36 281.55983 35.9687  5137.42  6951.78 2.53 2.45 -37.1 -0.417    19.55 21.32 02a58932o0894c 0x000000  -0.666667
58964.531268 19.791368      NaN      5    13 c    0   0.90 281.55983 35.9687  9521.53  8668.62 2.99 2.92  24.3 -0.364    19.48 21.43 02a58964o0643c 0x000000   0.384615
58964.535544 19.743105      NaN     10    12 c    0   0.89 281.55983 35.9687  9543.85  8704.33 2.97 2.92 -60.6 -0.362    19.51 21.48 02a58964o0652c 0x000000   0.833333
58964.547563 20.009244      NaN     -5    12 c    0   1.00 281.55983 35.9687  9485.69  8629.64 2.96 2.87  17.2 -0.372    19.62 21.60 02a58964o0678c 0x000000  -0.416667
58964.553230 19.510313      NaN    -15    19 c    0   1.15 281.55983 35.9687  9467.44  8747.21 2.93 2.89 -49.7 -0.364    19.14 20.95 02a58964o0690c 0x000000  -0.789474
58968.508625 20.207197      NaN    -15    10 c    0   1.08 281.55983 35.9687  9519.53  8663.56 2.85 2.68  34.7 -0.380    19.65 21.54 02a58968o0587c 0x000000  -1.500000
58968.511854 20.103715      NaN    -10    11 c    0   1.02 281.55983 35.9687  9541.16  8703.23 2.76 2.67  35.5 -0.381    19.70 21.56 02a58968o0594c 0x000000  -0.909091
58968.514603 20.321591      NaN     -8     9 c    0   1.39 281.55983 35.9687  9479.67  8626.52 2.82 2.58  36.8 -0.384    19.67 21.57 02a58968o0600c 0x000000  -0.888889
58968.521577 20.207197      NaN    -12    10 c    0   1.07 281.55983 35.9687  9460.33  8745.46 2.82 2.71  36.8 -0.383    19.69 21.61 02a58968o0615c 0x000000  -1.200000
58971.542186 20.282105      NaN      1     9 c    0   1.15 281.55983 35.9687  1512.68  2567.91 2.50 2.39  65.6 -0.404    19.67 21.54 02a58971o0636c 0x000000   0.111111
58971.544031 20.321591      NaN    -14     9 c    0   0.78 281.55983 35.9687  1532.86  2607.29 2.47 2.38  74.0 -0.410    19.70 21.53 02a58971o0640c 0x000000  -1.555556
58971.547248 20.449472      NaN     -4     8 c    0   1.34 281.55983 35.9687  1476.10  2528.84 2.44 2.31  60.1 -0.411    19.66 21.54 02a58971o0647c 0x000000  -0.500000
58971.552426 20.321591      NaN      0     9 c    0   1.06 281.55983 35.9687  1462.25  2643.79 2.43 2.31  72.3 -0.416    19.73 21.54 02a58971o0657c 0x000000   0.000000
58991.559396 20.321591      NaN    -16     9 c    0   1.09 281.55983 35.9687  3329.61  8259.19 2.43 2.27 -58.9 -0.412    19.81 21.84 02a58991o0194c 0x000000  -1.777778
58991.563530 20.321591      NaN    -11     9 c    0   0.99 281.55983 35.9687  3308.60  8220.98 2.46 2.31 -53.8 -0.407    19.84 21.85 02a58991o0203c 0x000000  -1.222222
58991.584218 20.071303      NaN      7     9 c    0   1.32 281.55983 35.9687  3366.23  8294.53 2.57 2.41 -53.7 -0.402    19.76 21.88 02a58991o0245c 0x000000   0.777778
58991.590193 20.244005      NaN      2     9 c    0   1.10 281.55983 35.9687  3386.40  8180.53 2.49 2.27 -53.8 -0.416    19.77 21.89 02a58991o0258c 0x000000   0.222222
59000.488439 20.103715      NaN     -2    11 c    0   0.90 281.55983 35.9687  9127.88  6640.60 2.76 2.46  43.6 -0.389    19.63 21.24 02a59000o0519c 0x000000  -0.181818
59000.490830 20.207197      NaN    -19    10 c    0   1.11 281.55983 35.9687  9145.83  6679.84 2.74 2.47  44.6 -0.391    19.66 21.33 02a59000o0524c 0x000000  -1.900000
59000.494949 20.321591      NaN    -15     9 c    0   1.19 281.55983 35.9687  9088.07  6603.73 2.66 2.48  46.7 -0.396    19.72 21.50 02a59000o0533c 0x000000  -1.666667
59000.500078 20.321591      NaN     -4     9 c    0   1.08 281.55983 35.9687  9070.12  6722.22 2.65 2.53  51.9 -0.400    19.74 21.68 02a59000o0544c 0x000000  -0.444444
59015.409281 20.321591      NaN     -4     9 c    0   0.95 281.55983 35.9687  7528.99  8804.25 2.82 2.73  53.6 -0.393    19.68 21.88 02a59015o0363c 0x000000  -0.444444
59015.412093 20.321591      NaN    -29     9 c    0   1.24 281.55983 35.9687  7552.41  8843.98 2.86 2.68  47.4 -0.391    19.72 21.89 02a59015o0369c 0x000000  -3.222222
59015.442255 20.321591      NaN      0     9 c    0   1.33 281.55983 35.9687  7499.75  8769.08 2.75 2.61  56.5 -0.400    19.79 21.89 02a59015o0433c 0x000000   0.000000
59015.447789 20.207197      NaN     -2    10 c    0   1.04 281.55983 35.9687  7480.38  8890.08 2.94 2.64  49.9 -0.390    19.72 21.90 02a59015o0445c 0x000000  -0.200000
59020.446680 18.684100      NaN     50    24 c    0   0.78 281.55983 35.9687  3470.20  4456.99 2.59 2.39  47.6 -0.389    18.61 20.35 02a59020o0383c 0x100002   2.083333
59020.448517 18.933071      NaN     31    22 c    0   1.05 281.55983 35.9687  3491.00  4496.00 2.54 2.32  46.3 -0.395    18.53 20.25 02a59020o0387c 0x000000   1.409091
59020.451721 18.978793      NaN     30    21 c    0   0.69 281.55983 35.9687  3433.87  4418.10 2.65 2.32  42.9 -0.390    18.97 20.74 02a59020o0394c 0x000000   1.428571
59020.457667 19.766969      NaN    -10    15 c    0   1.19 281.55983 35.9687  3415.50  4534.70 2.63 2.30  42.6 -0.390    18.92 20.72 02a59020o0407c 0x000000  -0.666667
59023.376187 20.071303      NaN     10     8 c    0   1.24 281.55983 35.9687  3460.06  4450.74 2.29 2.27 -81.3 -0.415    19.75 21.80 02a59023o0274c 0x000000   1.250000
59023.381395 20.449472      NaN      3     7 c    0   1.14 281.55983 35.9687  3481.93  4488.50 2.33 2.29 -73.1 -0.414    19.74 21.81 02a59023o0284c 0x000000   0.428571
59023.403394 20.449472      NaN     -2     8 c    0   1.39 281.55983 35.9687  3424.89  4414.19 2.54 2.47  84.6 -0.403    19.71 21.85 02a59023o0327c 0x000000  -0.250000
59023.405315 20.594452      NaN    -26     7 c    0   1.14 281.55983 35.9687  3405.11  4530.28 2.52 2.44  85.0 -0.403    19.72 21.86 02a59023o0331c 0x000000  -3.714286
59027.462433 20.321591      NaN     -4     9 c    0   1.02 281.55983 35.9687  7442.78 10115.82 2.87 2.58 -60.2 -0.401    19.81 21.98 02a59027o0451c 0x000000  -0.444444
59027.490603 20.103715      NaN     -6    11 c    0   0.79 281.55983 35.9687  7418.77 10077.65 2.86 2.63 -62.5 -0.395    19.81 21.95 02a59027o0507c 0x000000  -0.545455
59027.519076 20.321591      NaN    -11     9 c    0   1.46 281.55983 35.9687  7472.33 10157.26 2.81 2.50 -53.5 -0.406    19.78 21.88 02a59027o0566c 0x000000  -1.222222
59027.522275 20.137125      NaN      5     9 c    0   1.41 281.55983 35.9687  7495.13 10041.71 2.83 2.60 -49.4 -0.403    19.76 21.87 02a59027o0572c 0x000000   0.555556
59047.433366 20.207197      NaN    -25    10 c    0   0.89 281.55983 35.9687  7136.10  8067.73 2.55 2.44  47.6 -0.412    19.77 21.75 02a59047o0301c 0x000000  -2.500000
59047.437034 20.449472      NaN    -11     8 c    0   1.52 281.55983 35.9687  7116.60  8028.42 2.54 2.46  50.2 -0.412    19.70 21.70 02a59047o0309c 0x000000  -1.375000
59047.454709 20.207197      NaN     -7    10 c    0   1.27 281.55983 35.9687  7170.52  8106.54 2.65 2.51  42.7 -0.403    19.69 21.67 02a59047o0346c 0x000000  -0.700000
59047.460925 20.321591      NaN     -8     9 c    0   1.38 281.55983 35.9687  7187.99  7986.44 2.49 2.45  61.0 -0.408    19.73 21.68 02a59047o0359c 0x000000  -0.888889
59052.550444 20.321591      NaN    -19     9 c    0   1.15 281.55983 35.9687  9168.03  1988.88 2.35 2.22 -52.4 -0.408    19.63 21.48 02a59052o0011c 0x000000  -2.111111
59052.553647 20.321591      NaN    -15     9 c    0   1.19 281.55983 35.9687  9148.43  1945.73 2.32 2.26 -21.1 -0.405    19.62 21.45 02a59052o0018c 0x000000  -1.666667
59052.560072 20.207197      NaN     -2    10 c    0   1.07 281.55983 35.9687  9207.29  2023.30 2.32 2.19 -40.6 -0.406    19.65 21.40 02a59052o0032c 0x000000  -0.200000
59052.572100 19.816329      NaN     10    11 c    0   0.98 281.55983 35.9687  9221.84  1912.45 2.36 2.19 -41.1 -0.413    19.56 21.29 02a59052o0058c 0x000000   0.909091
59071.337979 20.321591      NaN     -3     9 c    0   1.04 281.55983 35.9687  1614.78  9971.73 2.64 2.07 -51.2 -0.454    19.81 21.96 02a59071o0224c 0x000000  -0.333333
59071.341201 20.321591      NaN    -10     9 c    0   1.16 281.55983 35.9687  1595.25  9932.39 2.61 2.07 -51.9 -0.455    19.79 21.96 02a59071o0231c 0x000000  -1.111111
59071.361587 19.816329      NaN     10    11 c    0   0.98 281.55983 35.9687  1649.55 10011.94 2.70 2.12 -50.6 -0.458    19.80 21.98 02a59071o0273c 0x000000   0.909091
59071.380089 20.207197      NaN    -28    10 c    0   1.26 281.55983 35.9687  1667.87  9892.96 2.59 2.10 -49.1 -0.462    19.79 21.74 02a59071o0309c 0x000000  -2.800000
59072.329954 20.362567      NaN      2     8 c    0   1.51 281.55983 35.9687  1611.15  9973.61 2.72 2.06 -50.2 -0.448    19.79 21.86 02a59072o0219c 0x000000   0.250000
59072.333162 20.449472      NaN      0     8 c    0   1.30 281.55983 35.9687  1592.66  9934.43 2.63 2.09 -53.3 -0.456    19.77 21.84 02a59072o0226c 0x000000   0.000000
59072.339604 20.449472      NaN     -6     8 c    0   1.49 281.55983 35.9687  1647.18 10010.56 2.67 2.08 -52.1 -0.456    19.79 21.83 02a59072o0240c 0x000000  -0.750000
59072.350665 20.321591      NaN     -1     9 c    0   1.27 281.55983 35.9687  1666.20  9891.59 2.67 2.10 -52.5 -0.458    19.77 21.80 02a59072o0264c 0x000000  -0.111111
59076.356004 20.103715      NaN      6     9 c    0   1.19 281.55983 35.9687  9036.96  6070.47 2.49 2.42 -88.7 -0.405    19.77 21.81 02a59076o0229c 0x000000   0.666667
59076.359706 20.321591      NaN    -12     9 c    0   1.34 281.55983 35.9687  9020.69  6033.18 2.54 2.49 -85.6 -0.400    19.69 21.73 02a59076o0237c 0x000000  -1.333333
59076.366599 20.449472      NaN    -13     8 c    0   1.15 281.55983 35.9687  9077.88  6111.70 2.52 2.47  72.8 -0.399    19.77 21.81 02a59076o0252c 0x000000  -1.625000
59076.376741 20.071303      NaN      7     9 c    0   1.20 281.55983 35.9687  9097.61  5996.06 2.53 2.48  63.1 -0.399    19.74 21.78 02a59076o0274c 0x000000   0.777778
59079.317663 20.449472      NaN     -3     8 c    0   1.26 281.55983 35.9687  9049.67  6077.63 2.47 2.35  44.5 -0.403    19.82 21.84 02a59079o0190c 0x000000  -0.375000
59079.321848 20.449472      NaN     -1     8 c    0   1.39 281.55983 35.9687  9029.82  6038.71 2.43 2.37  47.3 -0.403    19.81 21.85 02a59079o0199c 0x000000  -0.125000
59079.328216 20.321591      NaN     -6     9 c    0   1.08 281.55983 35.9687  9089.77  6120.12 2.44 2.38  56.2 -0.404    19.79 21.85 02a59079o0212c 0x000000  -0.666667
59079.338753 20.321591      NaN     -9     9 c    0   0.85 281.55983 35.9687  9108.84  6002.97 2.45 2.43  69.9 -0.407    19.79 21.87 02a59079o0234c 0x000000  -1.000000
59080.333956 19.979496      NaN     13     8 c    0   1.14 281.55983 35.9687  9043.97  6073.84 2.56 2.47  43.8 -0.398    19.76 21.88 02a59080o0229c 0x000000   1.625000
59080.337630 20.207197      NaN    -16    10 c    0   0.68 281.55983 35.9687  9024.47  6034.07 2.54 2.49  53.6 -0.402    19.75 21.88 02a59080o0237c 0x000000  -1.600000
59080.343121 19.696897      NaN     15    11 c    0   1.05 281.55983 35.9687  9081.59  6112.77 2.57 2.54  47.8 -0.397    19.76 21.88 02a59080o0249c 0x000000   1.363636
59080.353646 20.207197      NaN     -2    10 c    0   0.97 281.55983 35.9687  9099.24  5997.02 2.54 2.49  49.8 -0.400    19.76 21.89 02a59080o0272c 0x000000  -0.200000
59084.359773 20.321591      NaN      3     8 c    0   1.53 281.55983 35.9687  7319.13  3620.00 2.53 2.31  34.6 -0.393    19.78 21.89 02a59084o0283c 0x000000   0.375000
59084.362976 20.449472      NaN     -7     8 c    0   0.73 281.55983 35.9687  7299.92  3580.65 2.58 2.29  35.4 -0.394    19.76 21.89 02a59084o0290c 0x000000  -0.875000
59084.369026 20.594452      NaN     -9     7 c    0   1.23 281.55983 35.9687  7359.38  3658.79 2.50 2.28  37.0 -0.396    19.78 21.88 02a59084o0303c 0x000000  -1.285714
59084.379583 20.321591      NaN    -12     9 c    0   1.08 281.55983 35.9687  7379.98  3541.88 2.45 2.30  39.8 -0.397    19.80 21.86 02a59084o0326c 0x000000  -1.333333
59100.270049 20.244005      NaN      5     8 c    0   1.25 281.55983 35.9687  7188.10  2061.26 2.36 2.28 -64.0 -0.403    19.78 21.66 02a59100o0117c 0x000000   0.625000
59100.273323 19.950541      NaN     14     8 c    0   1.33 281.55983 35.9687  7168.38  2022.40 2.36 2.26 -53.9 -0.400    19.78 21.68 02a59100o0124c 0x000000   1.750000
59100.286229 19.950541      NaN     14     8 c    0   1.35 281.55983 35.9687  7226.10  2100.64 2.43 2.35 -61.0 -0.397    19.78 21.74 02a59100o0152c 0x000000   1.750000
59100.293615 20.321591      NaN     -1     9 c    0   0.73 281.55983 35.9687  7246.88  1984.42 2.44 2.32 -60.9 -0.398    19.80 21.76 02a59100o0168c 0x000000  -0.111111
59103.397061 20.449472      NaN     -6     8 c    0   1.05 281.55983 35.9687  7182.67  2058.76 2.53 2.37 -51.8 -0.392    19.63 21.58 02a59103o0399c 0x000000  -0.750000
59103.416668 20.103715      NaN      3    10 c    0   1.20 281.55983 35.9687  7157.99  2024.75 2.57 2.53 -62.3 -0.384    19.57 21.44 02a59103o0441c 0x000000   0.300000
59103.422216 20.207197      NaN     -6    10 c    0   1.07 281.55983 35.9687  7221.07  2099.81 2.56 2.49 -54.0 -0.383    19.53 21.40 02a59103o0453c 0x000000  -0.600000
59103.425470 20.103715      NaN     -7    11 c    0   0.89 281.55983 35.9687  7241.01  1981.69 2.65 2.44 -50.5 -0.389    19.55 21.38 02a59103o0460c 0x000000  -0.636364
59104.315111 20.321591      NaN    -12     9 c    0   0.89 281.55983 35.9687  7180.32  2060.08 2.38 2.29  72.0 -0.397    19.79 21.85 02a59104o0222c 0x000000  -1.333333
59104.318362 20.594452      NaN     -5     7 c    0   1.45 281.55983 35.9687  7161.26  2020.95 2.38 2.27 -71.8 -0.398    19.77 21.84 02a59104o0229c 0x000000  -0.714286
59104.324397 20.449472      NaN    -12     8 c    0   1.15 281.55983 35.9687  7224.56  2101.67 2.57 2.48 -64.0 -0.389    19.71 21.83 02a59104o0242c 0x000000  -1.500000
59104.336952 20.449472      NaN     -1     8 c    0   1.22 281.55983 35.9687  7244.23  1983.51 2.42 2.36  86.0 -0.397    19.76 21.82 02a59104o0269c 0x000000  -0.125000
59107.345682 20.321591      NaN     -8     9 c    0   1.39 281.55983 35.9687  1418.72  8406.49 2.50 2.35 -43.9 -0.427    19.63 21.58 02a59107o0254c 0x000000  -0.888889
59107.351200 20.009244      NaN      3    11 c    0   1.25 281.55983 35.9687  1401.67  8367.03 2.50 2.29 -47.0 -0.437    19.64 21.57 02a59107o0266c 0x000000   0.272727
59107.355348 20.207197      NaN     -2    10 c    0   1.16 281.55983 35.9687  1456.76  8443.92 2.43 2.29 -44.6 -0.430    19.65 21.55 02a59107o0275c 0x000000  -0.200000
59107.365471 19.674510      NaN     19    10 c    0   1.17 281.55983 35.9687  1478.39  8323.21 2.48 2.24 -45.3 -0.436    19.64 21.54 02a59107o0297c 0x000000   1.900000
59111.285750 19.631075      NaN     -6    17 c    0   1.25 281.55983 35.9687  1433.41  8405.68 2.53 2.27 -45.5 -0.422    18.91 20.69 02a59111o0157c 0x000000  -0.352941
59111.288950 18.417189      NaN    -28    52 c    0   1.26 281.55983 35.9687  1414.34  8367.24 2.61 2.37 -46.9 -0.418    17.64 19.16 02a59111o0164c 0x100002  -0.538462
59111.299087 14.901930      NaN    623  1117 c    0   1.57 281.55983 35.9687  1471.23  8443.70 2.46 2.26 -45.3 -0.403    14.23 15.50 02a59111o0186c 0x100002   0.557744
59111.306867 14.761914      NaN  -2039  1507 c    0   0.81 281.55983 35.9687  1490.99  8326.14 2.45 2.33 -38.8 -0.386    14.08 15.37 02a59111o0203c 0x100002  -1.353019
59131.337739 20.071303      NaN      4    10 c    0   0.95 281.55983 35.9687  5378.09  3698.36 2.49 2.48  -7.6 -0.396    19.54 21.36 02a59131o0309c 0x000000   0.400000
59131.340982 20.449472      NaN    -13     8 c    0   1.81 281.55983 35.9687  5358.62  3659.88 2.47 2.46 -29.7 -0.399    19.54 21.35 02a59131o0316c 0x000000  -1.625000
59131.347924 20.039830      NaN      5    10 c    0   1.31 281.55983 35.9687  5415.50  3737.29 2.63 2.45  41.7 -0.394    19.50 21.29 02a59131o0331c 0x000000   0.500000
59131.365472 20.103715      NaN    -14    11 c    0   1.30 281.55983 35.9687  5432.72  3623.57 2.71 2.62  -1.1 -0.381    19.33 21.14 02a59131o0369c 0x000000  -1.272727
59132.267613 20.321591      NaN     -4     9 c    0   1.24 281.55983 35.9687  5371.95  3703.68 2.72 2.53  41.6 -0.398    19.59 21.59 02a59132o0155c 0x000000  -0.444444
59132.273157 20.449472      NaN     -4     8 c    0   1.71 281.55983 35.9687  5352.67  3662.16 2.54 2.49 -52.4 -0.405    19.60 21.55 02a59132o0167c 0x000000  -0.500000
59132.276398 20.449472      NaN    -18     8 c    0   1.24 281.55983 35.9687  5411.19  3739.51 2.64 2.55  43.8 -0.400    19.62 21.55 02a59132o0174c 0x000000  -2.250000
59132.291532 20.321591      NaN    -10     9 c    0   0.91 281.55983 35.9687  5433.43  3620.41 2.42 2.40 -74.1 -0.402    19.68 21.54 02a59132o0207c 0x000000  -1.111111
59136.251287 20.009244      NaN      0    12 c    0   1.37 281.55983 35.9687  5370.46  3703.66 2.48 2.41 -64.8 -0.409    19.29 20.95 02a59136o0188c 0x000000   0.000000
59136.254490 20.207197      NaN      0    10 c    0   1.23 281.55983 35.9687  5351.66  3664.65 2.32 2.29  81.7 -0.413    19.44 21.13 02a59136o0195c 0x000000   0.000000
59136.262292 20.321591      NaN     -4     9 c    0   1.17 281.55983 35.9687  5412.83  3740.50 2.34 2.28 -63.5 -0.411    19.53 21.18 02a59136o0212c 0x000000  -0.444444
59136.271600 17.085221      NaN     82   150 c    0   0.89 281.55983 35.9687  5431.39  3623.05 2.67 2.48  35.6 -0.390    17.18 18.81 02a59136o0232c 0x100002   0.546667
59139.287767 20.321591      NaN      0     9 c    0   1.29 281.55983 35.9687  5556.28 10208.53 2.62 2.42 -43.5 -0.414    19.71 21.45 02a59139o0191c 0x000000   0.000000
59139.290544 20.137125      NaN      2    10 c    0   1.33 281.55983 35.9687  5538.65 10167.71 2.66 2.41 -41.5 -0.410    19.67 21.44 02a59139o0197c 0x000000   0.200000
59139.296962 20.321591      NaN     -3     9 c    0   1.55 281.55983 35.9687  5595.02 10246.31 2.65 2.41 -41.2 -0.418    19.67 21.42 02a59139o0211c 0x000000  -0.333333
59139.310270 19.569016      NaN     18    12 c    0   1.25 281.55983 35.9687  5617.40 10125.54 2.57 2.43 -35.0 -0.409    19.64 21.34 02a59139o0240c 0x000000   1.500000
59140.277880 14.438100      NaN    752  1780 c    0   1.73 281.55983 35.9687  6944.93    41.58 2.53 2.35 -66.2 -0.383    15.35 16.72 02a59140o0189c 0x100002   0.422472
59171.227314 13.414269      NaN  -5578  5214 c    0   1.15 281.55983 35.9687  9043.47  7974.91 2.86 2.63  36.7 -0.395    15.25 16.26 02a59171o0101c 0x100002  -1.069812
59171.248879 15.896507      NaN  -1146   530 c    0   1.29 281.55983 35.9687  9118.94  7939.09 3.07 2.84  28.8 -0.385    15.88 17.03 02a59171o0148c 0x100002  -2.162264
59256.645760 20.207197      NaN     -4    10 c    0   1.06 281.55983 35.9687  1392.13  8593.73 2.74 2.58 -44.8 -0.410    19.54 21.51 02a59256o0948c 0x000000  -0.400000
59256.650912 20.103715      NaN      3    10 c    0   1.11 281.55983 35.9687  1409.75  8632.18 2.45 2.45  63.5 -0.421    19.59 21.53 02a59256o0959c 0x000000   0.300000
59256.663382 19.841877      NaN      0    14 c    0   0.95 281.55983 35.9687  1351.73  8552.54 2.51 2.40 -47.2 -0.419    19.30 20.83 02a59256o0986c 0x000000   0.000000
59256.668062 19.169763      NaN    -41    26 c    0   1.34 281.55983 35.9687  1329.86  8667.66 2.48 2.46 -36.6 -0.425    18.69 19.84 02a59256o0996c 0x100002  -1.576923
59262.613500 19.979496      NaN      1    12 c    0   0.85 281.55983 35.9687  1075.73  1890.51 2.84 2.67  21.2 -0.369    19.46 21.54 01a59262o0865c 0x000000   0.083333
59262.620410 20.207197      NaN     -4    10 c    0   1.42 281.55983 35.9687  1054.07  1848.48 2.70 2.53  27.2 -0.383    19.38 21.39 01a59262o0880c 0x000000  -0.400000
59262.624562 20.103715      NaN     -2    11 c    0   0.88 281.55983 35.9687  1113.25  1926.18 2.54 2.41  40.7 -0.390    19.53 21.48 01a59262o0889c 0x000000  -0.181818
59262.644859 20.207197      NaN    -19    10 c    0   1.38 281.55983 35.9687  1126.23  1808.46 2.63 2.54  16.3 -0.373    19.49 21.48 01a59262o0932c 0x000000  -1.900000
59288.613416 19.979496      NaN     10     9 c    0   1.28 281.55983 35.9687  3233.58  6966.54 2.65 2.35  42.0 -0.377    19.65 21.59 02a59288o0853c 0x000000   1.111111
59288.616625 20.449472      NaN     -9     8 c    0   1.32 281.55983 35.9687  3253.21  7005.44 2.71 2.39  44.3 -0.373    19.65 21.61 02a59288o0860c 0x000000  -1.125000
59288.635018 20.103715      NaN      6     9 c    0   1.44 281.55983 35.9687  3196.12  6928.97 2.63 2.35  43.8 -0.382    19.68 21.61 02a59288o0899c 0x000000   0.666667
59288.646518 20.207197      NaN    -12    10 c    0   0.98 281.55983 35.9687  3177.63  7042.09 2.78 2.36  44.7 -0.366    19.54 21.30 02a59288o0923c 0x000000  -1.200000
59292.557752 18.836735      NaN     40    22 c    0   0.78 281.55983 35.9687  5697.37 10485.86 2.86 2.67 -44.2 -0.399    19.55 21.53 02a59292o0724c 0x000000   1.818182
59292.561927 21.514394      NaN    -93     3 c    0 330.41 281.55983 35.9687  5717.12 10525.27 2.75 2.59 -43.1 -0.407    19.63 21.57 02a59292o0733c 0x100001 -31.000000
59292.568862 19.351140      NaN     24    14 c    0   0.76 281.55983 35.9687  5654.88 10446.05 2.80 2.73 -33.9 -0.396    19.55 21.60 02a59292o0748c 0x000000   1.714286
59292.622728 20.207197      NaN     -9    10 c    0   1.08 281.55983 35.9687  6888.12   265.27 2.50 2.26 -61.7 -0.422    19.69 21.75 02a59292o0863c 0x000000  -0.900000
59292.626447 20.321591      NaN    -12     9 c    0   1.00 281.55983 35.9687  6907.20   304.88 2.46 2.28 -84.3 -0.408    19.65 21.76 02a59292o0871c 0x000000  -1.333333
59292.635008 20.103715      NaN     -8    11 c    0   0.75 281.55983 35.9687  6853.41   227.05 2.36 2.18 -82.2 -0.419    19.69 21.76 02a59292o0889c 0x000000  -0.727273
59292.642756 20.207197      NaN    -25    10 c    0   1.00 281.55983 35.9687  6836.76   345.83 2.43 2.20 -67.1 -0.415    19.68 21.54 02a59292o0905c 0x000000  -2.500000
59314.594979 20.137125      NaN     11     7 c    0   1.51 281.55983 35.9687  7123.05  6102.20 2.30 2.20 -78.7 -0.384    19.94 21.69 01a59314o0806c 0x000000   1.571429
59314.598211 20.761819      NaN     -8     6 c    0   1.42 281.55983 35.9687  7104.06  6063.39 2.31 2.22 -87.6 -0.387    19.95 21.68 01a59314o0813c 0x000000  -1.333333
59314.619332 20.405150      NaN      7     6 c    0   2.14 281.55983 35.9687  7162.01  6140.69 2.36 2.26 -86.6 -0.386    19.94 21.71 01a59314o0858c 0x000000   1.166667
59314.631109 20.449472      NaN    -13     8 c    0   1.17 281.55983 35.9687  7179.35  6023.92 2.38 2.36  60.2 -0.380    19.79 21.29 01a59314o0882c 0x000000  -1.625000
59318.578759 20.594452      NaN    -11     7 c    0   1.13 281.55983 35.9687  7121.58  6105.34 2.38 2.31  70.3 -0.371    19.84 21.46 01a59318o0766c 0x000000  -1.571429
59318.584287 20.362567      NaN      2     8 c    0   0.90 281.55983 35.9687  7100.17  6065.70 2.35 2.22 -83.3 -0.381    19.87 21.44 01a59318o0778c 0x000000   0.250000
59318.587982 20.321591      NaN      6     7 c    0   1.36 281.55983 35.9687  7159.61  6142.54 2.33 2.18 -85.6 -0.388    19.89 21.43 01a59318o0786c 0x000000   0.857143
59318.608479 20.594452      NaN    -12     7 c    0   1.16 281.55983 35.9687  7178.51  6027.29 2.50 2.46  74.6 -0.365    19.79 21.48 01a59318o0830c 0x000000  -1.714286
59321.562043 20.449472      NaN     -5     8 c    0   0.99 281.55983 35.9687  7460.12 10097.53 2.63 2.52 -82.8 -0.349    19.78 21.63 01a59321o0669c 0x000000  -0.625000
59321.565271 20.244005      NaN      8     7 c    0   1.45 281.55983 35.9687  7442.49 10058.20 2.66 2.57  84.8 -0.345    19.77 21.65 01a59321o0676c 0x000000   1.142857
59321.576390 20.449472      NaN     -3     8 c    0   1.01 281.55983 35.9687  7501.23 10137.33 2.56 2.45 -84.5 -0.358    19.84 21.69 01a59321o0697c 0x000000  -0.375000
59321.586750 20.449472      NaN    -14     8 c    0   1.11 281.55983 35.9687  7521.91 10019.93 3.08 2.95  81.9 -0.315    19.65 21.72 01a59321o0719c 0x000000  -1.750000
59343.481181 19.868040      NaN     14     9 c    0   0.96 281.55983 35.9687  5018.28   373.92 2.40 2.20 -69.8 -0.411    19.66 21.56 02a59343o0503c 0x000000   1.555556
59343.485631 20.449472      NaN     -9     8 c    0   1.74 281.55983 35.9687  5031.27   414.01 2.41 2.22 -66.0 -0.409    19.71 21.55 02a59343o0511c 0x000000  -1.125000
59343.493230 20.207197      NaN    -15    10 c    0   0.89 281.55983 35.9687  4987.63   332.12 2.37 2.16 -70.7 -0.407    19.71 21.52 02a59343o0526c 0x000000  -1.500000
59343.499749 20.321591      NaN     -3     9 c    0   1.18 281.55983 35.9687  4960.59   452.15 2.39 2.22 -66.9 -0.415    19.69 21.53 02a59343o0540c 0x000000  -0.333333
59348.589593 20.244005      NaN      2     9 c    0   0.88 281.55983 35.9687  5183.84  6209.66 2.40 2.21  34.3 -0.403    19.76 21.58 02a59348o0257c 0x000000   0.222222
59348.595692 20.321591      NaN      0     9 c    0   0.91 281.55983 35.9687  5164.80  6170.53 2.44 2.19  35.0 -0.402    19.72 21.57 02a59348o0270c 0x000000   0.000000
59348.605525 20.321591      NaN      0     9 c    0   1.41 281.55983 35.9687  5225.16  6252.39 2.41 2.19  36.3 -0.402    19.71 21.53 02a59348o0291c 0x000000   0.000000
59348.613917 19.950541      NaN      8    10 c    0   0.85 281.55983 35.9687  5242.89  6134.16 2.38 2.16  33.8 -0.402    19.62 21.14 02a59348o0309c 0x000000   0.800000
59348.622346 19.256669      NaN    -42    24 c    0   0.97 281.55983 35.9687  5202.34  6190.23 2.51 2.25  38.3 -0.389    18.67 19.75 02a59348o0327c 0x100002  -1.750000
59370.487737 20.207197      NaN      6     8 c    0   1.30 281.55983 35.9687  9041.17  6034.23 2.66 2.55  87.0 -0.374    19.91 21.95 01a59370o0538c 0x000000   0.750000
59370.490511 20.449472      NaN    -10     8 c    0   1.31 281.55983 35.9687  9021.29  5994.44 2.58 2.51 -84.5 -0.377    19.94 21.96 01a59370o0544c 0x000000  -1.250000
59370.493276 20.594452      NaN     -2     7 c    0   1.83 281.55983 35.9687  9079.67  6073.51 2.56 2.45  87.8 -0.379    19.93 21.97 01a59370o0550c 0x000000  -0.285714
59370.503869 20.594452      NaN     -7     7 c    0   1.35 281.55983 35.9687  9097.57  5957.18 2.51 2.35 -79.8 -0.394    20.03 22.00 01a59370o0573c 0x000000  -1.000000
59374.382129 20.321591      NaN    -16     9 c    0   1.18 281.55983 35.9687  9038.46  6047.86 2.84 2.79  66.5 -0.338    19.78 21.88 01a59374o0313c 0x000000  -1.777778
59374.396461 20.137125      NaN      5     9 c    0   0.77 281.55983 35.9687  9010.59  6000.08 2.62 2.27 -87.3 -0.394    19.90 21.91 01a59374o0341c 0x000000   0.555556
59374.424998 20.039830      NaN     11     8 c    0   0.96 281.55983 35.9687  9078.72  6079.67 2.57 2.37  83.5 -0.384    19.92 22.00 01a59374o0401c 0x000000   1.375000
59374.428517 19.841877      NaN     15     9 c    0   0.90 281.55983 35.9687  9094.37  5961.32 2.70 2.43  88.4 -0.379    19.92 22.01 01a59374o0408c 0x000000   1.666667
59378.388989 20.761819      NaN      0     6 c    0   1.60 281.55983 35.9687  7319.93  3599.20 2.38 2.19 -78.5 -0.386    19.99 21.93 01a59378o0325c 0x000000   0.000000
59378.395218 20.594452      NaN     -8     7 c    0   1.00 281.55983 35.9687  7300.26  3559.33 2.38 2.16 -78.4 -0.386    20.01 21.98 01a59378o0337c 0x000000  -1.142857
59378.402390 20.103715      NaN      9     8 c    0   0.51 281.55983 35.9687  7358.77  3637.03 2.31 2.09 -79.7 -0.399    20.04 22.00 01a59378o0351c 0x000000   1.125000
59378.427113 20.594452      NaN     -1     7 c    0   1.20 281.55983 35.9687  7376.71  3516.24 2.33 2.23 -74.1 -0.395    20.04 22.02 01a59378o0404c 0x000000  -0.142857
59382.519270 20.594452      NaN     -1     7 c    0   1.04 281.55983 35.9687  3248.13  6998.67 2.27 2.14 -57.2 -0.388    19.93 21.86 01a59382o0415c 0x000000  -0.142857
59382.522503 20.594452      NaN     -9     7 c    0   0.94 281.55983 35.9687  3269.01  7037.11 2.26 2.15 -45.5 -0.381    19.94 21.86 01a59382o0422c 0x000000  -1.285714
59382.528041 20.594452      NaN     -6     7 c    0   1.20 281.55983 35.9687  3210.90  6958.53 2.31 2.22 -29.2 -0.375    19.90 21.89 01a59382o0434c 0x000000  -0.857143
59382.538636 20.321591      NaN      6     7 c    0   1.24 281.55983 35.9687  3195.02  7072.95 2.30 2.19 -57.8 -0.384    19.94 21.92 01a59382o0457c 0x000000   0.857143
59404.419128 20.321591      NaN     -8     9 c    0   0.74 281.55983 35.9687  3413.36  3796.44 2.32 2.27  22.7 -0.407    19.75 21.65 02a59404o0375c 0x000000  -0.888889
59404.422342 20.449472      NaN     -2     8 c    0   1.08 281.55983 35.9687  3393.12  3758.47 2.35 2.28  39.3 -0.406    19.74 21.66 02a59404o0382c 0x000000  -0.250000
59404.456135 20.449472      NaN      0     8 c    0   1.07 281.55983 35.9687  3448.12  3836.74 2.36 2.24  38.6 -0.406    19.73 21.62 02a59404o0454c 0x000000   0.000000
59404.462119 20.321591      NaN    -13     9 c    0   1.07 281.55983 35.9687  3468.36  3720.72 2.34 2.24  32.2 -0.408    19.77 21.62 02a59404o0467c 0x000000  -1.444444
59408.466647 20.449472      NaN    -12     8 c    0   1.42 281.55983 35.9687  3409.12  3797.00 2.44 2.35  52.7 -0.403    19.71 21.63 02a59408o0474c 0x000000  -1.500000
59408.472713 20.449472      NaN     -1     8 c    0   1.18 281.55983 35.9687  3389.47  3758.88 2.43 2.33  40.2 -0.406    19.75 21.63 02a59408o0487c 0x000000  -0.125000
59408.476453 20.449472      NaN     -5     8 c    0   1.63 281.55983 35.9687  3449.91  3837.05 2.45 2.36  43.9 -0.395    19.70 21.62 02a59408o0495c 0x000000  -0.625000
59408.499643 20.321591      NaN     -1     9 c    0   1.12 281.55983 35.9687  3466.17  3718.90 2.59 2.28  40.2 -0.400    19.64 21.58 02a59408o0544c 0x000000  -0.111111
59412.437574 20.321591      NaN     -4     9 c    0   1.09 281.55983 35.9687  3038.36  1763.07 2.62 2.48 -60.4 -0.399    19.66 21.87 02a59412o0412c 0x000000  -0.444444
59412.440789 20.362567      NaN      5     7 c    0   1.44 281.55983 35.9687  3018.39  1723.71 2.64 2.49 -61.6 -0.400    19.68 21.87 02a59412o0419c 0x000000   0.714286
59412.446870 20.594452      NaN     -2     7 c    0   1.26 281.55983 35.9687  3076.77  1802.07 2.40 2.32  65.8 -0.411    19.77 21.86 02a59412o0432c 0x000000  -0.285714
59412.459259 20.594452      NaN    -12     7 c    0   1.38 281.55983 35.9687  3096.92  1683.21 2.40 2.28 -65.3 -0.416    19.76 21.82 02a59412o0459c 0x000000  -1.714286
59426.370645 20.761819      NaN      0     6 c    0   1.37 281.55983 35.9687  5191.83  6885.24 2.19 2.05 -80.2 -0.387    20.00 22.03 01a59426o0293c 0x000000   0.000000
59426.373872 20.594452      NaN    -14     7 c    0   1.01 281.55983 35.9687  5212.41  6923.36 2.24 2.12 -78.3 -0.379    19.94 22.04 01a59426o0300c 0x000000  -2.000000
59426.398987 20.761819      NaN    -13     6 c    0   1.05 281.55983 35.9687  5159.19  6840.56 2.37 2.20 -77.1 -0.367    19.93 22.05 01a59426o0350c 0x000000  -2.166667
59426.406690 20.449472      NaN    -25     8 c    0   1.64 281.55983 35.9687  5142.62  6956.94 2.36 2.19 -73.3 -0.376    19.21 21.31 01a59426o0365c 0x000000  -3.125000
59430.348420 20.761819      NaN     -2     6 c    0   1.65 281.55983 35.9687  5190.64  6888.40 2.26 2.07 -83.8 -0.387    19.98 22.02 01a59430o0249c 0x000000  -0.333333
59430.352108 20.594452      NaN      0     7 c    0   0.82 281.55983 35.9687  5211.58  6926.62 2.26 2.10 -80.6 -0.383    19.94 22.02 01a59430o0257c 0x000000   0.000000
59430.359111 20.594452      NaN     -4     7 c    0   1.02 281.55983 35.9687  5153.88  6847.45 2.25 2.09 -76.2 -0.381    19.96 22.02 01a59430o0272c 0x000000  -0.571429
59430.372492 20.761819      NaN    -18     6 c    0   1.36 281.55983 35.9687  5140.65  6962.14 2.21 2.07 -75.3 -0.387    19.97 21.95 01a59430o0301c 0x000000  -3.000000
59433.509327 20.321591      NaN      0     9 c    0   1.27 281.55983 35.9687  4971.27   377.78 2.81 2.77 -27.1 -0.352    19.55 21.57 01a59433o0583c 0x000000   0.000000
59433.512558 20.071303      NaN     10     8 c    0   1.46 281.55983 35.9687  4990.97   417.28 2.65 2.61 -23.2 -0.367    19.60 21.55 01a59433o0590c 0x000000   1.250000
59433.518845 20.171596      NaN      1    10 c    0   1.03 281.55983 35.9687  4929.98   340.93 2.85 2.82  34.6 -0.362    19.51 21.48 01a59433o0602c 0x000000   0.100000
59433.554430 20.071303      NaN      4    10 c    0   1.15 281.55983 35.9687  4917.40   461.76 2.76 2.64  -6.1 -0.351    19.46 21.37 01a59433o0674c 0x000000   0.400000
59456.313135 20.171596      NaN      4     9 c    0   0.94 281.55983 35.9687  9173.59  1980.05 2.62 2.12 -58.9 -0.414    19.77 21.66 02a59456o0199c 0x000000   0.444444
59456.315900 20.321591      NaN    -19     9 c    0   1.19 281.55983 35.9687  9153.83  1941.77 2.60 2.16 -61.0 -0.414    19.73 21.67 02a59456o0205c 0x000000  -2.111111
59456.322352 20.594452      NaN      0     7 c    0   1.84 281.55983 35.9687  9213.56  2021.07 2.52 2.17 -58.8 -0.409    19.76 21.63 02a59456o0219c 0x000000   0.000000
59456.333836 20.321591      NaN    -12     9 c    0   1.18 281.55983 35.9687  9234.44  1903.81 2.61 2.12 -61.7 -0.409    19.72 21.57 02a59456o0244c 0x000000  -1.333333
59460.326428 20.207197      NaN      0    10 c    0   1.15 281.55983 35.9687  3254.88  6313.43 2.82 2.69 -58.1 -0.382    19.60 21.68 02a59460o0111c 0x000000   0.000000
59460.329630 18.978793      NaN      6    29 c    0   1.28 281.55983 35.9687  3235.18  6274.11 2.56 2.47 -60.1 -0.382    18.32 20.07 02a59460o0118c 0x100002   0.206897
59464.312912 20.039830      NaN     11     8 c    0   1.10 281.55983 35.9687  3259.63  6317.09 2.25 2.22  15.6 -0.401    19.78 21.73 02a59464o0162c 0x000000   1.375000
59464.316119 20.321591      NaN    -17     9 c    0   1.12 281.55983 35.9687  3239.59  6279.29 2.23 2.20 -40.5 -0.410    19.79 21.73 02a59464o0169c 0x000000  -1.888889
59464.322177 20.362567      NaN      2     8 c    0   1.04 281.55983 35.9687  3296.61  6355.41 2.31 2.28 -15.9 -0.401    19.75 21.70 02a59464o0182c 0x000000   0.250000
59464.332362 20.103715      NaN    -11    11 c    0   0.70 281.55983 35.9687  3315.15  6238.72 2.29 2.27  31.7 -0.402    19.74 21.66 02a59464o0204c 0x000000  -1.000000
59467.286500 19.652575      NaN     14    12 c    0   0.99 281.55983 35.9687  1615.34  9964.36 2.70 2.10 -48.4 -0.455    19.77 21.68 02a59467o0155c 0x000000   1.166667
59467.289711 19.816329      NaN     13    10 c    0   1.00 281.55983 35.9687  1597.38  9925.41 2.59 2.05 -52.2 -0.473    19.78 21.69 02a59467o0162c 0x000000   1.300000
59467.301037 20.207197      NaN    -15    10 c    0   1.11 281.55983 35.9687  1652.00 10000.86 2.64 2.10 -48.2 -0.459    19.75 21.71 02a59467o0186c 0x000000  -1.500000
59467.307085 20.039830      NaN      5    10 c    0   1.12 281.55983 35.9687  1673.22  9883.57 2.60 2.04 -49.3 -0.473    19.78 21.72 02a59467o0199c 0x000000   0.500000
59516.226995 18.163834      NaN     23    58 c    0   1.28 281.55983 35.9687  9407.41  4041.21 2.70 2.63 -16.5 -0.390    17.72 19.12 02a59516o0098c 0x100002   0.396552
59516.230193 18.748255      NaN     31    28 c    0   0.98 281.55983 35.9687  9389.52  4001.72 2.40 2.35 -47.3 -0.393    18.51 19.81 02a59516o0105c 0x100002   1.107143
59516.236163 16.573901      NaN    -73   284 c    0   1.01 281.55983 35.9687  9447.55  4079.25 2.42 2.40 -59.9 -0.393    16.56 17.73 02a59516o0118c 0x100002  -0.257042
59516.249911 19.674510      NaN      4    15 c    0   0.97 281.55983 35.9687  9467.43  3962.10 2.39 2.36 -32.7 -0.399    19.19 20.64 02a59516o0148c 0x000000   0.266667
59523.242537 19.922338      NaN     -9    13 c    0   1.12 281.55983 35.9687  9342.31 10077.15 3.16 3.02 -44.5 -0.352    19.45 21.24 02a59523o0138c 0x000000  -0.692308
59523.246216 19.841877      NaN    -30    14 c    0   1.02 281.55983 35.9687  9323.69 10035.39 3.39 3.14 -46.3 -0.341    19.39 21.23 02a59523o0146c 0x000000  -2.142857
59523.251752 19.841877      NaN     -7    14 c    0   0.89 281.55983 35.9687  9381.41 10116.49 3.35 3.12 -49.1 -0.349    19.36 21.19 02a59523o0158c 0x000000  -0.500000
59523.264639 19.367717      NaN     14    17 c    0   0.94 281.55983 35.9687  9401.59  9996.66 3.72 3.49 -46.6 -0.338    19.20 21.12 02a59523o0186c 0x000000   0.823529