         MJD         m       dm  uJy  duJy F  err  chi/N       RA      Dec       x        y  maj  min   phi  apfit  mag5sig   Sky            Obs     Mask  __tmp_SN
57745.671909 18.280067      NaN  -77    59 c    0   0.91 204.8337 34.68881 6076.41  1324.28 4.02 3.82 -79.0 -0.392    18.32 19.02 02a57745o0855c 0x100002 -1.305085
57753.656806 19.302877      NaN  -30    23 c    0   0.91 204.8337 34.68881 8374.45   555.45 3.84 3.72  37.8 -0.433    19.68 21.69 02a57753o0705c 0x100002 -1.304348
57753.672938 17.845990      NaN -164    88 c    0   1.21 204.8337 34.68881 8400.53   594.09 3.99 3.91  86.8 -0.406    17.84 19.03 02a57753o0728c 0x100002 -1.863636
57757.649681 19.922338      NaN  -29    13 c    0   1.42 204.8337 34.68881 6062.88   548.15 3.82 3.75 -62.3 -0.416    19.87 21.95 02a57757o0796c 0x000000 -2.230769
57757.665840 19.696897      NaN  -56    16 c    0   0.89 204.8337 34.68881 6090.15   588.49 3.77 3.64 -62.4 -0.418    19.57 21.28 02a57757o0819c 0x000000 -3.500000
57777.610122 19.652575      NaN    8    14 c    0   0.89 204.8337 34.68881 8738.85  2003.60 3.96 3.75  73.9 -0.405    19.89 22.08 02a57777o0762c 0x000000  0.571429
57777.627843 19.674510      NaN    7    14 c    0   1.06 204.8337 34.68881 8756.26  2044.78 3.88 3.68  76.8 -0.407    19.88 22.03 02a57777o0788c 0x000000  0.500000
57777.645731 19.569016      NaN    9    15 c    0   1.04 204.8337 34.68881 8711.51  1968.27 3.86 3.71  71.6 -0.403    19.87 22.00 02a57777o0814c 0x000000  0.600000
57777.662734 19.841877      NaN    0    14 c    0   1.16 204.8337 34.68881 8699.62  2089.40 3.91 3.70  61.5 -0.404    19.75 21.81 02a57777o0840c 0x000000  0.000000
57777.680391 16.991430      NaN   16   188 c    0   1.32 204.8337 34.68881 1763.68  8425.04 3.86 3.69  40.9 -0.441    17.98 18.35 02a57777o0866c 0x100002  0.085106
57778.568021 19.696897      NaN  -50    16 c    0   1.07 204.8337 34.68881 4753.77  9301.68 3.80 3.76  37.9 -0.430    19.82 21.91 02a57778o0563c 0x000000 -3.125000
57778.581374 19.384550      NaN   22    14 c    0   1.34 204.8337 34.68881 4769.78  9342.41 3.71 3.69  54.1 -0.434    19.82 21.88 02a57778o0587c 0x000000  1.571429
57778.594186 19.766969      NaN  -14    15 c    0   1.00 204.8337 34.68881 4709.59  9265.57 3.76 3.75  64.3 -0.431    19.81 21.89 02a57778o0611c 0x000000 -0.933333
57778.606978 19.766969      NaN  -22    15 c    0   1.11 204.8337 34.68881 4693.44  9384.76 3.74 3.69   1.2 -0.420    19.84 21.93 02a57778o0635c 0x000000 -1.466667
57778.619953 19.766969      NaN   -2    15 c    0   1.13 204.8337 34.68881 4739.66  9328.54 3.63 3.55   7.6 -0.424    19.85 21.91 02a57778o0659c 0x000000 -0.133333
57781.596344 20.009244      NaN  -14    12 c    0   1.50 204.8337 34.68881 8405.64  1735.31 4.01 3.71 -89.5 -0.395    19.92 22.13 02a57781o0674c 0x000000 -1.166667
57781.618255 19.894850      NaN    4    12 c    0   1.37 204.8337 34.68881 8424.77  1777.66 3.84 3.56 -87.0 -0.408    19.96 22.11 02a57781o0709c 0x000000  0.333333
57781.636000 19.696897      NaN  -11    16 c    0   0.80 204.8337 34.68881 8362.06  1702.29 3.85 3.61 -84.7 -0.401    19.94 22.08 02a57781o0735c 0x000000 -0.687500
57781.654621 19.841877      NaN  -39    14 c    0   1.17 204.8337 34.68881 2152.27  8629.64 3.60 3.31  10.0 -0.427    19.92 22.03 02a57781o0761c 0x000000 -2.785714
57781.671997 18.806434      NaN   34    25 c    0   1.41 204.8337 34.68881 2101.59  8689.26 3.61 3.32  12.6 -0.426    19.04 20.28 02a57781o0787c 0x100002  1.360000
57782.557267 19.631075      NaN  -17    17 c    0   1.02 204.8337 34.68881 5228.62 10318.18 3.52 3.22  -6.4 -0.400    19.88 21.98 02a57782o0702c 0x000000 -1.000000
57782.571857 19.569016      NaN   -1    18 c    0   1.25 204.8337 34.68881 5242.20 10360.97 3.75 3.53   3.9 -0.367    19.86 22.01 02a57782o0728c 0x000000 -0.055556
57782.585736 19.569016      NaN  -13    18 c    0   0.95 204.8337 34.68881 5192.84 10285.17 3.69 3.49   1.4 -0.378    19.89 22.04 02a57782o0754c 0x000000 -0.722222
57782.599842 19.436675      NaN   16    15 c    0   1.30 204.8337 34.68881 5161.58 10406.11 3.96 3.82  10.4 -0.402    19.84 22.03 02a57782o0780c 0x000000  1.066667
57782.613824 19.631075      NaN  -23    17 c    0   0.93 204.8337 34.68881 5210.42 10349.95 4.09 3.92  25.9 -0.407    19.79 21.98 02a57782o0806c 0x000000 -1.352941
57786.558298 19.841877      NaN    3    13 c    0   1.36 204.8337 34.68881 4977.99  9033.11 3.62 3.60  57.9 -0.443    19.84 21.94 02a57786o0497c 0x000000  0.230769
57786.570998 19.766969      NaN   -7    15 c    0   1.20 204.8337 34.68881 4992.97  9073.01 3.67 3.61  36.4 -0.435    19.84 21.96 02a57786o0521c 0x000000 -0.466667
57786.583641 19.652575      NaN    8    14 c    0   1.56 204.8337 34.68881 4929.48  8996.68 3.67 3.59  39.8 -0.440    19.88 22.02 02a57786o0545c 0x000000  0.571429
57786.596533 19.014394      NaN   21    23 c    0   0.92 204.8337 34.68881 4912.97  9115.39 3.63 3.58  16.1 -0.435    19.45 21.53 02a57786o0569c 0x100002  0.913043
57786.609552 19.922338      NaN  -15    13 c    0   1.38 204.8337 34.68881 4943.90  9059.64 3.69 3.62  28.2 -0.433    19.88 22.02 02a57786o0593c 0x000000 -1.153846
57806.523137 19.569016      NaN    9    15 c    0   1.19 204.8337 34.68881 6174.32 10282.56 3.82 3.80  77.8 -0.432    19.78 21.87 02a57806o0570c 0x000000  0.600000
57806.536518 19.841877      NaN  -12    14 c    0   1.32 204.8337 34.68881 6187.70 10322.58 3.82 3.78  40.0 -0.428    19.80 21.88 02a57806o0594c 0x000000 -0.857143
57806.550060 19.569016      NaN    6    16 c    0   0.88 204.8337 34.68881 6139.53 10246.12 3.93 3.90 -84.1 -0.418    19.79 21.90 02a57806o0619c 0x000000  0.375000
57806.566772 19.766969      NaN  -14    15 c    0   1.05 204.8337 34.68881 6107.64 10369.44 3.80 3.72  25.6 -0.431    19.83 21.93 02a57806o0649c 0x000000 -0.933333
57806.580841 19.766969      NaN  -21    15 c    0   1.05 204.8337 34.68881 6154.22 10309.59 3.81 3.74  34.0 -0.424    19.79 21.86 02a57806o0675c 0x000000 -1.400000
57809.562957 18.396507      NaN -109    53 c    0   0.96 204.8337 34.68881 7902.36  1732.17 3.76 3.58  89.0 -0.409    18.30 20.17 02a57809o0619c 0x100002 -2.056604
57809.574113 18.396507      NaN  -94    53 c    0   1.77 204.8337 34.68881 2580.03  8688.00 3.69 3.51  18.4 -0.441    18.17 20.02 02a57809o0639c 0x100002 -1.773585
57809.575607 17.152575 0.295320  500   136 c    0   1.10 204.8337 34.68881 2645.00  8766.49 3.68 3.46  12.2 -0.419    17.37 19.14 02a57809o0642c 0x100002  3.676471
57817.499740 19.766969      NaN  -18    15 c    0   1.02 204.8337 34.68881 7336.70  2178.42 3.91 3.84  68.2 -0.395    19.70 21.88 02a57817o0438c 0x000000 -1.200000
57817.509386 19.719755      NaN    5    14 c    0   1.21 204.8337 34.68881 7352.54  2217.14 3.79 3.71  68.4 -0.403    19.67 21.81 02a57817o0455c 0x000000  0.357143
57817.526504 19.922338      NaN  -12    13 c    0   1.14 204.8337 34.68881 7310.23  2146.58 3.77 3.67  76.4 -0.405    19.83 21.98 02a57817o0484c 0x000000 -0.923077
57817.544607 19.922338      NaN  -16    13 c    0   1.04 204.8337 34.68881 3219.44  8190.94 3.75 3.72  44.2 -0.421    19.82 21.99 02a57817o0512c 0x000000 -1.230769
57817.562824 19.302877      NaN   27    14 c    0   1.21 204.8337 34.68881 3166.65  8250.05 3.75 3.71  36.3 -0.425    19.81 21.98 02a57817o0545c 0x000000  1.928571
57833.503515 19.401649      NaN  -65    21 c    0   1.16 204.8337 34.68881 2707.22  7816.45 3.83 3.69  40.4 -0.405    18.92 20.74 02a57833o0499c 0x000000 -3.095238
57833.536701 18.933071      NaN   34    21 c    0   1.13 204.8337 34.68881 2686.61  7777.38 3.65 3.42   1.7 -0.439    18.89 20.55 02a57833o0556c 0x000000  1.619048
57833.538822 19.271854      NaN   11    20 c    0   1.37 204.8337 34.68881 2751.51  7855.13 3.72 3.46  -5.7 -0.434    18.87 20.54 02a57833o0560c 0x000000  0.550000
57833.559740 19.256669      NaN   -2    24 c    0   1.09 204.8337 34.68881 2768.94  7736.51 4.15 3.47   0.7 -0.440    18.78 20.48 02a57833o0596c 0x100002 -0.083333
57833.580471 19.256669      NaN  -13    24 c    0   1.06 204.8337 34.68881 2736.20  7795.23 3.73 3.54  14.0 -0.446    18.80 20.43 02a57833o0632c 0x100002 -0.541667
57837.502568 19.454622      NaN   -1    20 c    0   0.89 204.8337 34.68881 1978.45  8937.74 3.76 3.36   3.9 -0.411    19.12 21.15 02a57837o0429c 0x000000 -0.050000
57837.514365 19.454622      NaN  -42    20 c    0   1.13 204.8337 34.68881 1962.60  8898.43 3.87 3.43   4.9 -0.412    19.10 21.13 02a57837o0449c 0x000000 -2.100000
57837.536400 19.631075      NaN  -51    17 c    0   1.37 204.8337 34.68881 2026.15  8975.39 4.30 3.60   6.4 -0.397    19.02 21.14 02a57837o0486c 0x000000 -3.000000
57837.539500 19.510313      NaN  -11    19 c    0   1.18 204.8337 34.68881 2044.06  8858.45 3.89 3.62  21.9 -0.422    19.09 21.13 02a57837o0492c 0x000000 -0.578947
57837.564642 19.401649      NaN  -25    21 c    0   1.00 204.8337 34.68881 2011.40  8916.35 4.30 4.04  37.3 -0.417    18.98 21.10 02a57837o0534c 0x000000 -1.190476
57838.473359 19.510313      NaN  -46    19 c    0   1.05 204.8337 34.68881 5959.01  9037.12 3.96 3.89  68.3 -0.404    19.10 21.27 02a57838o0418c 0x000000 -2.421053
57838.486462 19.696897      NaN  -26    16 c    0   1.23 204.8337 34.68881 4515.11  1382.71 4.27 4.15 -11.5 -0.374    19.00 21.25 02a57838o0443c 0x000000 -1.625000
57838.510499 19.491430      NaN    7    17 c    0   1.08 204.8337 34.68881 4580.12  1461.95 4.28 4.15 -30.1 -0.367    19.01 21.20 02a57838o0488c 0x000000  0.411765
57838.518968 19.631075      NaN  -15    17 c    0   1.05 204.8337 34.68881 4593.30  1344.39 4.15 4.03 -21.2 -0.376    19.05 21.18 02a57838o0504c 0x000000 -0.882353
57838.533361 19.569016      NaN   -3    18 c    0   1.01 204.8337 34.68881 4565.45  1402.47 4.81 3.97  -2.1 -0.371    18.96 21.16 02a57838o0531c 0x000000 -0.166667
57841.473438 19.183773      NaN   17    20 c    0   1.13 204.8337 34.68881 1955.40 10290.82 3.88 3.43   6.9 -0.404    19.05 21.02 02a57841o0459c 0x000000  0.850000
57841.507492 19.302877      NaN  -15    23 c    0   1.02 204.8337 34.68881 1922.11 10252.69 4.56 3.35   2.4 -0.406    18.91 20.92 02a57841o0518c 0x100002 -0.652174
57841.509049 19.302877      NaN  -24    23 c    0   0.89 204.8337 34.68881 1986.61 10331.09 4.55 3.44   3.7 -0.389    18.91 20.92 02a57841o0521c 0x100002 -1.043478
57841.529468 18.955691      NaN   32    21 c    0   1.18 204.8337 34.68881 2002.84 10211.17 4.57 3.41  -2.2 -0.416    18.89 20.89 02a57841o0555c 0x000000  1.523810
57841.552871 19.128787      NaN   24    19 c    0   1.40 204.8337 34.68881 1969.89 10269.30 3.69 3.28   5.0 -0.436    19.00 20.85 02a57841o0594c 0x000000  1.263158
57869.557729 19.696897      NaN   12    12 c    0   1.42 204.8337 34.68881 4693.33   775.02 3.54 2.81  23.9 -0.463    19.34 20.48 02a57869o0422c 0x000000  1.000000
57869.567788 19.089302      NaN -123    28 c    0   0.74 204.8337 34.68881 1848.78 10508.43 3.08 2.65   0.5 -0.415    19.24 20.36 02a57869o0441c 0x100002 -4.392857
57869.572478 19.384550      NaN   22    14 c    0   0.99 204.8337 34.68881 4677.07   737.38 3.73 2.91  23.2 -0.457    19.21 20.39 02a57869o0450c 0x000000  1.571429
57869.587256 19.841877      NaN  -27    14 c    0   1.20 204.8337 34.68881 4741.24   817.20 3.88 3.11  25.3 -0.440    19.10 20.30 02a57869o0478c 0x000000 -1.928571
57869.597206 19.569016      NaN  -27    18 c    0   1.30 204.8337 34.68881 1931.20 10470.44 3.19 2.81  -1.7 -0.427    19.02 20.13 02a57869o0497c 0x000000 -1.500000
57869.601876 19.766969      NaN  -11    15 c    0   1.09 204.8337 34.68881 4758.31   701.45 3.85 2.96  24.1 -0.460    19.07 20.14 02a57869o0506c 0x000000 -0.733333
57869.616558 19.696897      NaN  -63    16 c    0   1.24 204.8337 34.68881 4724.79   764.12 4.03 3.17  23.5 -0.430    18.89 19.92 02a57869o0534c 0x000000 -3.937500
57894.395745 20.207197      NaN  -10    10 c    0   1.14 204.8337 34.68881 4356.31   775.89 3.60 2.53  30.6 -0.461    19.78 21.59 02a57894o0309c 0x000000 -1.000000
57894.398884 19.979496      NaN    1    12 c    0   1.09 204.8337 34.68881 4341.20   735.74 3.64 2.52  30.9 -0.456    19.74 21.60 02a57894o0315c 0x000000  0.083333
57894.411145 19.979496      NaN    7    10 c    0   1.42 204.8337 34.68881 4406.97   813.42 3.65 2.52  31.4 -0.463    19.84 21.77 02a57894o0338c 0x000000  0.700000
57894.430278 19.950541 0.285720   38    10 c    0   2.00 204.8337 34.68881 4426.98   697.13 3.78 2.61  31.7 -0.460    19.73 21.60 02a57894o0374c 0x000000  3.800000
57894.446504 20.009244      NaN  -21    12 c    0   1.20 204.8337 34.68881 4381.30   751.63 3.76 2.59  31.4 -0.457    19.67 21.47 02a57894o0405c 0x000000 -1.750000
57901.363909 20.171596      NaN    7     8 c    0   1.70 204.8337 34.68881 2598.81  9665.74 2.63 2.34  14.6 -0.487    19.90 21.80 02a57901o0166c 0x000000  0.875000
57901.373206 20.207197      NaN   -8    10 c    0   1.63 204.8337 34.68881 2581.69  9624.38 2.63 2.32  15.9 -0.486    19.89 21.77 02a57901o0184c 0x000000 -0.800000
57901.395714 19.841877      NaN   12    10 c    0   1.50 204.8337 34.68881 2632.63  9702.09 2.67 2.35  11.6 -0.503    19.84 21.73 02a57901o0226c 0x000000  1.200000
57901.413725 20.207197      NaN  -20    10 c    0   1.04 204.8337 34.68881 2648.04  9583.39 2.65 2.31  11.4 -0.494    19.83 21.64 02a57901o0260c 0x000000 -2.000000
57901.435066 20.321591      NaN   -4     9 c    0   1.70 204.8337 34.68881 2617.35  9640.33 2.67 2.32  13.0 -0.503    19.79 21.59 02a57901o0299c 0x000000 -0.444444
57905.265411 20.009244      NaN   -9    12 c    0   1.20 204.8337 34.68881 7441.09   683.80 3.02 2.83  79.7 -0.398    19.43 20.71 02a57905o0056c 0x000000 -0.750000
58163.640212 19.841877      NaN   -3    14 c    0   1.67 204.8337 34.68881 4993.96  6011.28 2.50 2.31  -7.3 -0.415    19.07 21.36 02a58163o0787c 0x000000 -0.214286
58163.651515 17.813578      NaN    2    90 c    0   0.79 204.8337 34.68881 4977.53  5970.18 2.46 2.31 -10.5 -0.423    17.28 19.32 02a58163o0806c 0x100002  0.022222
58163.662110 20.103715      NaN    6     9 c    0   1.47 204.8337 34.68881 5041.74  6047.60 2.49 2.38 -11.2 -0.414    19.72 21.73 02a58163o0826c 0x000000  0.666667
58163.675077 18.298627      NaN  -61    58 c    0   1.51 204.8337 34.68881 5057.48  5930.64 2.44 2.38 -28.7 -0.462    17.59 18.75 02a58163o0845c 0x100002 -1.051724
58167.624455 18.417189      NaN  -16    52 c    0   1.25 204.8337 34.68881 5582.33  3401.99 2.48 2.21  22.7 -0.424    17.64 20.00 02a58167o0860c 0x100002 -0.307692
58167.634488 17.833722      NaN  -76    89 c    0   0.96 204.8337 34.68881 5566.50  3362.48 2.51 2.27  18.4 -0.414    17.29 19.51 02a58167o0880c 0x100002 -0.853933
58167.654634 17.751519      NaN  -62    96 c    0   1.02 204.8337 34.68881 5630.93  3439.23 2.46 2.35  35.6 -0.420    16.98 18.88 02a58167o0919c 0x100002 -0.645833
58167.667385 15.087712      NaN  934   805 c    0   1.45 204.8337 34.68881 5647.25  3322.10 2.53 2.41  51.8 -0.441    14.67 16.17 02a58167o0940c 0x100002  1.160248
58171.594435 19.419021      NaN    2    20 c    0   2.06 204.8337 34.68881 4281.52  3596.31 2.50 2.37  50.5 -0.416    18.48 20.22 02a58171o0571c 0x000000  0.100000
58171.605097 18.786693      NaN  -52    37 c    0   1.56 204.8337 34.68881 4262.61  3555.84 2.57 2.42  47.4 -0.411    18.13 19.83 02a58171o0591c 0x100002 -1.405405
58171.638483 16.200239      NaN  377   275 c    0   1.03 204.8337 34.68881 4342.48  3516.50 2.54 2.41  53.1 -0.428    16.11 17.57 02a58171o0652c 0x100002  1.370909
58194.538903 20.449472      NaN   -1     8 c    0   1.46 204.8337 34.68881 2512.21  9736.51 2.52 2.37  10.3 -0.444    19.81 21.67 02a58194o0683c 0x000000 -0.125000
58194.550592 20.594452      NaN   -9     7 c    0   1.79 204.8337 34.68881 2495.69  9697.00 2.52 2.38  10.2 -0.461    19.83 21.64 02a58194o0701c 0x000000 -1.285714
58194.562223 20.449472      NaN   -3     8 c    0   1.60 204.8337 34.68881 2536.42  9749.93 2.56 2.35   5.4 -0.445    19.78 21.62 02a58194o0720c 0x000000 -0.375000
58194.574190 20.137125      NaN    2    10 c    0   1.15 204.8337 34.68881 2552.34  9632.26 2.80 2.54   1.6 -0.454    19.69 21.62 02a58194o0738c 0x000000  0.200000
58227.480262 18.978793      NaN   33    20 c    0   1.13 204.8337 34.68881 5798.78  3339.29 2.50 2.42  73.7 -0.412    18.77 20.44 02a58227o0357c 0x000000  1.650000
58227.489554 15.884285      NaN -130   536 c    0   1.18 204.8337 34.68881 5783.17  3299.47 2.52 2.48  68.2 -0.444    15.22 16.72 02a58227o0376c 0x100002 -0.242537
58227.526618 17.112082      NaN  -36   173 c    0   1.18 204.8337 34.68881 5863.19  3259.96 2.65 2.59 -85.7 -0.411    16.35 17.86 02a58227o0451c 0x100002 -0.208092
58251.565322 20.103715      NaN  -15    11 c    0   1.23 204.8337 34.68881 4820.88  4625.73 2.74 2.50 -50.7 -0.387    19.47 21.24 02a58251o0706c 0x000000 -1.363636
58251.571387 20.103715      NaN   -7    11 c    0   1.25 204.8337 34.68881 4820.66  4629.25 2.80 2.52 -53.9 -0.388    19.42 21.15 02a58251o0718c 0x000000 -0.636364
58251.579494 19.922338      NaN    6    11 c    0   1.98 204.8337 34.68881 4804.22  4630.30 2.79 2.58 -51.5 -0.395    19.32 21.06 02a58251o0734c 0x000000  0.545455
58252.556091 20.103715      NaN   -5    11 c    0   1.29 204.8337 34.68881 4820.59  4624.18 2.53 2.39 -51.1 -0.403    19.47 21.06 02a58252o0653c 0x000000 -0.454545
58252.564335 20.009244      NaN  -20    12 c    0   1.22 204.8337 34.68881 4820.53  4626.16 2.63 2.48 -53.4 -0.400    19.33 20.94 02a58252o0669c 0x000000 -1.666667
58252.573490 19.868040      NaN    5    12 c    0   1.36 204.8337 34.68881 4803.72  4628.75 2.62 2.47 -48.9 -0.398    19.30 20.90 02a58252o0687c 0x000000  0.416667
58259.396176 19.950541      NaN    8    10 c    0   1.35 204.8337 34.68881 6449.83  4278.79 2.62 2.55  57.1 -0.412    19.54 21.18 02a58259o0111c 0x000000  0.800000
58259.415969 19.894850      NaN   13     9 c    0   1.15 204.8337 34.68881 6432.27  4237.91 2.55 2.52  65.0 -0.414    19.60 21.28 02a58259o0149c 0x000000  1.444444
58259.427501 20.449472      NaN  -20     8 c    0   1.63 204.8337 34.68881 6495.49  4315.68 2.95 2.85  52.6 -0.397    19.51 21.47 02a58259o0173c 0x000000 -2.500000
58259.443785 20.449472      NaN   -8     8 c    0   1.65 204.8337 34.68881 6512.38  4198.00 3.06 3.01  44.6 -0.399    19.57 21.77 02a58259o0206c 0x000000 -1.000000
58279.406877 19.719755      NaN   20     9 c    0   1.86 204.8337 34.68881 6414.05  4175.22 2.62 2.55 -47.1 -0.412    19.47 21.41 02a58279o0344c 0x000000  2.222222
58279.418417 19.979496      NaN   10     9 c    0   1.74 204.8337 34.68881 6430.49  4058.33 2.63 2.54 -46.9 -0.406    19.48 21.40 02a58279o0367c 0x000000  1.111111
58287.358985 19.922338      NaN   15     8 c    0   1.94 204.8337 34.68881 3634.26  4307.33 2.77 2.41 -81.8 -0.386    19.59 21.34 02a58287o0239c 0x000000  1.875000
58287.370100 20.321591      NaN    6     7 c    0   2.86 204.8337 34.68881 3618.38  4267.96 2.46 2.36 -44.0 -0.402    19.72 21.47 02a58287o0261c 0x000000  0.857143
58287.380962 20.321591      NaN   -1     9 c    0   1.04 204.8337 34.68881 3666.04  4344.30 2.46 2.35 -44.3 -0.409    19.72 21.56 02a58287o0282c 0x000000 -0.111111
58287.392347 20.321591      NaN   -6     9 c    0   1.38 204.8337 34.68881 3696.64  4227.70 2.53 2.42 -43.6 -0.400    19.66 21.57 02a58287o0304c 0x000000 -0.666667
58307.363167 20.449472      NaN   -8     8 c    0   1.75 204.8337 34.68881 4314.50  4211.30 2.65 2.54 -51.2 -0.396    19.62 21.52 02a58307o0182c 0x000000 -1.000000
58307.376090 20.321591      NaN  -17     9 c    0   1.35 204.8337 34.68881 4325.44  4094.85 2.62 2.49 -47.6 -0.398    19.61 21.47 02a58307o0206c 0x000000 -1.888889
58311.345236 20.207197      NaN   -8    10 c    0   1.23 204.8337 34.68881 3227.26  6523.19 2.62 2.39 -42.8 -0.395    19.66 21.46 02a58311o0216c 0x000000 -0.800000
58311.356331 19.791368      NaN   17     9 c    0   1.51 204.8337 34.68881 3212.58  6483.91 2.64 2.42 -41.6 -0.393    19.63 21.36 02a58311o0239c 0x000000  1.888889
58311.367433 20.103715      NaN  -26    11 c    0   1.45 204.8337 34.68881 3261.25  6560.47 2.67 2.49 -38.7 -0.405    19.55 21.26 02a58311o0262c 0x000000 -2.363636
58311.378741 20.137125      NaN    2    10 c    0   1.56 204.8337 34.68881 3295.12  6440.80 2.69 2.48 -42.3 -0.410    19.49 21.20 02a58311o0285c 0x000000  0.200000
58315.332474 20.207197      NaN  -11    10 c    0   0.99 204.8337 34.68881 5189.20  3516.07 2.62 2.49 -56.8 -0.400    19.61 21.51 02a58315o0191c 0x000000 -1.100000
58315.342962 20.039830      NaN    8     9 c    0   1.70 204.8337 34.68881 5174.78  3476.97 2.66 2.48 -53.3 -0.404    19.54 21.40 02a58315o0213c 0x000000  0.888889
58315.354000 20.207197      NaN   -5    10 c    0   1.48 204.8337 34.68881 5239.87  3552.66 2.64 2.49 -52.8 -0.403    19.47 21.31 02a58315o0236c 0x000000 -0.500000
58315.364661 20.103715      NaN  -10    11 c    0   1.37 204.8337 34.68881 5257.19  3435.55 2.62 2.50 -46.5 -0.401    19.45 21.27 02a58315o0258c 0x000000 -0.909091
58331.336605 15.326427      NaN  246   814 c    0   1.12 204.8337 34.68881 4814.69  3766.14 3.08 2.88 -58.2 -0.379    14.90 16.18 02a58331o0208c 0x100002  0.302211
58331.346930 16.912039      NaN -400   208 c    0   1.08 204.8337 34.68881 4800.79  3731.26 3.10 2.82 -57.6 -0.381    16.06 17.24 02a58331o0229c 0x100002 -1.923077
58331.357089 16.510781      NaN -272   301 c    0   1.02 204.8337 34.68881 4849.94  3815.09 3.15 2.90 -57.4 -0.400    15.81 16.97 02a58331o0250c 0x100002 -0.903654
58335.302270 20.207197      NaN   -5    10 c    0   1.63 204.8337 34.68881 5936.43  6299.05 2.81 2.53 -50.0 -0.395    19.55 21.37 02a58335o0149c 0x000000 -0.500000
58335.312479 20.009244      NaN   -3    12 c    0   0.98 204.8337 34.68881 5921.10  6259.48 2.79 2.53 -46.3 -0.392    19.50 21.32 02a58335o0170c 0x000000 -0.250000
58335.322648 20.103715      NaN   -4    11 c    0   1.28 204.8337 34.68881 5984.92  6337.96 2.78 2.62 -34.9 -0.407    19.42 21.25 02a58335o0191c 0x000000 -0.363636
58335.332861 19.922338      NaN  -44    13 c    0   0.94 204.8337 34.68881 6002.20  6222.70 2.92 2.62 -48.7 -0.387    19.35 21.14 02a58335o0212c 0x000000 -3.384615
58339.295838 15.990606      NaN  681   259 c    0   1.13 204.8337 34.68881 5350.46  6023.16 2.78 2.50 -45.1 -0.393    16.30 17.51 02a58339o0140c 0x100002  2.629344
58339.306258 16.514394      NaN  -93   300 c    0   1.06 204.8337 34.68881 5334.25  5985.85 2.94 2.58 -47.2 -0.370    16.25 17.61 02a58339o0162c 0x100002 -0.310000
58339.317348 16.540028      NaN -151   293 c    0   1.09 204.8337 34.68881 5384.33  6062.46 2.89 2.55 -47.9 -0.385    16.24 17.61 02a58339o0185c 0x100002 -0.515358
58487.661541 18.232071 0.058688  185    10 c    0   2.01 204.8337 34.68881 2557.70  3911.04 2.64 2.55 -77.6 -0.391    19.59 21.57 02a58487o0931c 0x000000 18.500000
58487.670254 18.079051 0.096850  213    19 c    0   0.75 204.8337 34.68881 2591.19  3950.97 2.59 2.52 -74.8 -0.395    19.08 20.31 02a58487o0948c 0x000000 11.210526
58487.679947 17.751519      NaN   -4    96 c    0   1.62 204.8337 34.68881 2528.27  3873.03 2.65 2.56 -81.0 -0.467    16.92 17.66 02a58487o0965c 0x100002 -0.041667
58519.590079 18.910912 0.087736   99     8 c    0   1.42 204.8337 34.68881 9540.52  1927.19 2.71 2.58  42.7 -0.446    19.86 22.15 02a58519o0780c 0x000000 12.375000
58519.606866 18.826541 0.081177  107     8 c    0   1.82 204.8337 34.68881 9514.28  1893.31 2.66 2.60  79.8 -0.434    19.88 22.15 02a58519o0813c 0x000000 13.375000
58519.607780 18.944322 0.090478   96     8 c    0   1.89 204.8337 34.68881  259.07  1903.88 2.60 2.37  32.3 -0.489    19.85 22.16 02a58519o0815c 0x000000 12.000000
58519.608241 19.002397 0.095449   91     8 c    0   1.39 204.8337 34.68881 9577.42  1970.10 2.67 2.57  43.2 -0.435    19.87 22.15 02a58519o0816c 0x000000 11.375000
58519.612335 18.796518 0.078963  110     8 c    0   1.95 204.8337 34.68881  275.72  1943.67 2.55 2.33  32.1 -0.475    19.87 22.17 02a58519o0823c 0x000000 13.750000
58519.618404 19.089302 0.090478   84     7 c    0   1.92 204.8337 34.68881 9496.83  2014.27 2.64 2.54  51.8 -0.439    19.89 22.15 02a58519o0834c 0x000000 12.000000
58519.621605 19.169763 0.111358   78     8 c    0   1.86 204.8337 34.68881  212.04  1862.68 2.53 2.26  33.3 -0.490    19.88 22.17 02a58519o0840c 0x000000  9.750000
58519.631331 19.155932 0.109948   79     8 c    0   1.86 204.8337 34.68881  197.03  1980.17 2.61 2.35  35.8 -0.478    19.85 22.16 02a58519o0858c 0x000000  9.875000
58575.500193 19.631075      NaN  -73    17 c    0   1.97 204.8337 34.68881 5059.21 10495.69 2.71 2.44 -43.3 -0.420    19.76 21.82 02a58575o0355c 0x000000 -4.294118
58575.518864 19.089302      NaN   33    17 c    0   1.37 204.8337 34.68881 5133.82 10457.37 2.78 2.48 -44.3 -0.417    19.69 21.70 02a58575o0392c 0x000000  1.941176
58576.543054 20.137125 0.305363   32     9 c    0   1.58 204.8337 34.68881 7707.73   833.01 2.48 2.19 -56.1 -0.424    19.79 21.85 02a58576o0689c 0x000000  3.555556
58576.547918 19.719755      NaN   23     8 c    0   1.40 204.8337 34.68881 7691.37   792.92 2.52 2.19 -54.0 -0.419    19.77 21.85 02a58576o0699c 0x000000  2.875000
58576.567057 19.791368 0.222082   44     9 c    0   1.39 204.8337 34.68881 7752.73   871.64 2.50 2.22 -57.1 -0.423    19.80 21.81 02a58576o0740c 0x000000  4.888889
58576.582332 20.321591 0.321700   27     8 c    0   2.74 204.8337 34.68881 7770.72   754.66 2.54 2.23 -53.0 -0.414    19.78 21.76 02a58576o0773c 0x000000  3.375000
58579.477784 19.791368      NaN   14    10 c    0   1.08 204.8337 34.68881 4623.89  8583.77 2.46 2.45  28.9 -0.417    19.75 21.76 02a58579o0542c 0x000000  1.400000
58579.486449 19.719755      NaN   20     9 c    0   1.33 204.8337 34.68881 4588.44  8543.52 2.46 2.39  33.8 -0.405    19.79 21.74 02a58579o0559c 0x000000  2.222222
58579.505478 20.137125 0.305363   32     9 c    0   1.33 204.8337 34.68881 4644.45  8622.18 2.53 2.44  30.5 -0.410    19.75 21.70 02a58579o0596c 0x000000  3.555556
58583.444036 20.039830 0.279189   35     9 c    0   1.45 204.8337 34.68881 6418.78  4711.82 2.91 2.74 -43.5 -0.383    19.50 21.65 02a58583o0376c 0x000000  3.888889
58583.453756 19.841877 0.232658   42     9 c    0   1.36 204.8337 34.68881 6382.26  4670.71 2.91 2.69 -39.0 -0.387    19.51 21.68 02a58583o0393c 0x000000  4.666667
58583.473195 20.405150 0.347436   25     8 c    0   1.91 204.8337 34.68881 6444.32  4750.52 2.50 2.30 -47.8 -0.403    19.67 21.66 02a58583o0429c 0x000000  3.125000
58583.477007 20.071303 0.287401   34     9 c    0   1.34 204.8337 34.68881 6451.51  4629.30 2.82 2.63 -59.2 -0.383    19.53 21.68 02a58583o0436c 0x000000  3.777778
58603.444078 19.766969      NaN   21     8 c    0   2.37 204.8337 34.68881 8018.34  4734.55 2.47 2.29 -59.6 -0.405    19.66 21.58 02a58603o0459c 0x000000  2.625000
58603.453365 19.743105      NaN   19     9 c    0   1.86 204.8337 34.68881 7984.43  4693.47 2.44 2.31 -70.0 -0.403    19.70 21.56 02a58603o0478c 0x000000  2.111111
58603.471879 19.979496      NaN   10     9 c    0   1.53 204.8337 34.68881 8046.31  4771.78 2.41 2.31 -66.7 -0.408    19.67 21.56 02a58603o0515c 0x000000  1.111111
58603.475223 20.321591      NaN    0     9 c    0   1.31 204.8337 34.68881 8062.43  4655.50 2.46 2.32 -64.8 -0.402    19.63 21.54 02a58603o0522c 0x000000  0.000000
58607.435704 17.707197      NaN  -64   100 c    0   0.66 204.8337 34.68881 3159.31 10522.30 3.07 2.40 -41.6 -0.426    19.70 21.78 02a58607o0436c 0x100002 -0.640000
58607.460250 19.696897      NaN  -99    16 c    0   1.38 204.8337 34.68881 3241.08 10481.55 3.22 2.59 -41.1 -0.411    19.64 21.77 02a58607o0482c 0x000000 -6.187500
58635.355458 20.495680 0.330441   23     7 c    0   1.38 204.8337 34.68881 8843.12  5732.98 2.52 2.42  49.9 -0.399    19.87 22.00 02a58635o0267c 0x000000  3.285714
58635.363891 20.405150      NaN    1     8 c    0   1.67 204.8337 34.68881 8821.62  5692.53 2.56 2.44  51.9 -0.402    19.84 21.97 02a58635o0284c 0x000000  0.125000
58635.366677 20.321591 0.321700   27     8 c    0   1.58 204.8337 34.68881 8879.40  5771.60 2.54 2.44  40.9 -0.401    19.89 21.94 02a58635o0290c 0x000000  3.375000
58635.379620 19.894850      NaN   16     8 c    0   1.70 204.8337 34.68881 8895.83  5656.52 2.54 2.43  45.7 -0.397    19.86 21.88 02a58635o0317c 0x000000  2.000000
58639.419667 20.009244      NaN   12     8 c    0   1.54 204.8337 34.68881 8822.35  5727.21 2.63 2.52 -75.1 -0.399    19.77 21.74 02a58639o0340c 0x000000  1.500000
58639.429368 19.719755      NaN   20     9 c    0   1.48 204.8337 34.68881 8804.07  5686.66 2.59 2.43  38.8 -0.401    19.74 21.71 02a58639o0357c 0x000000  2.222222
58664.291640 20.449472      NaN  -17     8 c    0   1.90 204.8337 34.68881 6828.94  3854.54 2.33 2.25  46.9 -0.405    19.83 21.65 02a58664o0118c 0x000000 -2.125000
58664.294460 20.103715      NaN    9     8 c    0   1.93 204.8337 34.68881 6808.61  3815.51 2.46 2.24  43.4 -0.399    19.79 21.66 02a58664o0124c 0x000000  1.125000
58664.299968 19.979496      NaN   13     8 c    0   1.83 204.8337 34.68881 6865.17  3893.09 2.46 2.26  46.1 -0.392    19.82 21.70 02a58664o0136c 0x000000  1.625000
58664.311497 20.362567      NaN    2     8 c    0   1.66 204.8337 34.68881 6882.53  3778.53 2.36 2.28  45.3 -0.393    19.83 21.73 02a58664o0161c 0x000000  0.250000
58691.353133 19.384550      NaN   31    11 c    0   1.14 204.8337 34.68881 9260.78  7882.75 2.83 2.65  29.6 -0.391    19.58 21.45 02a58691o0156c 0x000000  2.818182
58691.356335 19.491430      NaN   19    13 c    0   0.76 204.8337 34.68881 9241.74  7843.65 2.84 2.65  30.1 -0.391    19.53 21.43 02a58691o0163c 0x000000  1.461538
58691.375068 19.922338      NaN   -6    13 c    0   1.21 204.8337 34.68881 9294.84  7929.68 3.21 2.70 -50.2 -0.394    19.39 21.21 02a58691o0200c 0x000000 -0.461538
58691.380579 19.791368      NaN    2    14 c    0   0.99 204.8337 34.68881 9314.99  7809.83 2.77 2.70  -2.9 -0.398    19.40 21.14 02a58691o0212c 0x000000  0.142857
58707.307923 18.944322      NaN  -70    32 c    0   1.31 204.8337 34.68881 4972.00  5885.48 2.73 2.43  38.9 -0.365    18.29 19.22 02a58707o0171c 0x100002 -2.187500
58707.310931 18.504094      NaN   54    30 c    0   1.14 204.8337 34.68881 4952.85  5846.83 2.79 2.46  39.4 -0.358    18.25 19.19 02a58707o0177c 0x100002  1.800000
58707.316703 18.878500      NaN  -25    34 c    0   1.12 204.8337 34.68881 5016.54  5920.42 2.58 2.44  31.5 -0.385    18.23 19.13 02a58707o0189c 0x100002 -0.735294
58707.332452 18.757738      NaN   -6    38 c    0   1.46 204.8337 34.68881 5033.32  5810.67 2.68 2.50 -44.5 -0.396    17.98 18.91 02a58707o0220c 0x100002 -0.157895
58871.583441 20.449472      NaN   -4     8 c    0   1.29 204.8337 34.68881 3396.38  3134.55 2.36 2.31  50.0 -0.405    19.83 21.78 02a58871o0778c 0x000000 -0.500000
58871.590759 20.449472      NaN  -27     8 c    0   1.52 204.8337 34.68881 3425.67  3173.22 2.34 2.28 -80.7 -0.407    19.81 21.74 02a58871o0792c 0x000000 -3.375000
58871.595451 20.449472      NaN  -12     8 c    0   2.20 204.8337 34.68881 3360.29  3096.59 2.38 2.31  43.4 -0.405    19.81 21.77 02a58871o0802c 0x000000 -1.500000
58871.612802 20.449472      NaN   -2     8 c    0   1.99 204.8337 34.68881 3351.37  3211.98 2.34 2.26 -79.8 -0.406    19.82 21.73 02a58871o0837c 0x000000 -0.250000
58876.620231 20.594452      NaN  -13     7 c    0   1.55 204.8337 34.68881 7786.16  7006.22 2.69 2.51  45.9 -0.398    19.78 22.07 02a58876o0862c 0x000000 -1.857143
58876.623631 20.321591      NaN    3     8 c    0   1.41 204.8337 34.68881 7806.75  7045.24 2.68 2.50  50.1 -0.392    19.75 22.01 02a58876o0869c 0x000000  0.375000
58876.629948 20.171596      NaN    4     9 c    0   1.52 204.8337 34.68881 7749.27  6968.86 2.67 2.49  45.2 -0.399    19.70 21.90 02a58876o0882c 0x000000  0.444444
58876.640703 20.495680      NaN    2     7 c    0   1.64 204.8337 34.68881 2858.34  3486.42 2.39 2.33 -53.2 -0.404    19.84 22.03 02a58876o0904c 0x000000  0.285714
58879.601510 17.210554      NaN   -5   158 c    0   1.16 204.8337 34.68881 7774.89  7009.11 2.57 2.52  52.7 -0.428    16.45 18.15 02a58879o0816c 0x100002 -0.031646
58879.615954 18.452558      NaN   13    46 c    0   1.13 204.8337 34.68881 7801.23  7051.33 2.61 2.46  47.3 -0.395    17.97 19.70 02a58879o0846c 0x100002  0.282609
58879.619003 16.798167      NaN   96   199 c    0   0.96 204.8337 34.68881 7743.10  6975.05 2.60 2.48  42.4 -0.423    16.12 17.72 02a58879o0852c 0x100002  0.482412
58879.626401 19.401649      NaN  -15    21 c    0   1.32 204.8337 34.68881 2863.16  3483.12 2.37 2.32 -49.2 -0.400    18.61 20.39 02a58879o0867c 0x000000 -0.714286
58884.582750 19.841877      NaN   12    10 c    0   1.25 204.8337 34.68881 1698.42  9420.89 2.36 2.15 -43.6 -0.437    19.85 21.94 02a58884o0804c 0x000000  1.200000
58884.587964 20.244005      NaN    5     8 c    0   2.20 204.8337 34.68881 1718.83  9461.09 2.39 2.18 -45.0 -0.434    19.83 22.01 02a58884o0815c 0x000000  0.625000
58884.591008 20.321591      NaN  -20     9 c    0   1.84 204.8337 34.68881 1659.35  9382.24 2.43 2.22 -41.9 -0.435    19.85 22.02 02a58884o0821c 0x000000 -2.222222
58884.604940 19.791368      NaN   20     8 c    0   1.90 204.8337 34.68881 1639.02  9501.61 2.41 2.16 -42.3 -0.437    19.87 22.02 02a58884o0850c 0x000000  2.500000
58903.584003 20.321591      NaN   -4     9 c    0   1.28 204.8337 34.68881 1225.10   752.52 3.06 2.44 -54.2 -0.407    19.82 22.00 02a58903o0697c 0x000000 -0.444444
58903.587172 20.103715      NaN    6     9 c    0   1.12 204.8337 34.68881 1245.56   798.66 3.04 2.44 -56.5 -0.405    19.83 22.00 02a58903o0703c 0x000000  0.666667
58903.593713 20.449472      NaN  -31     8 c    0   1.31 204.8337 34.68881 1190.27   717.70 2.98 2.75 -70.1 -0.397    19.67 21.99 02a58903o0715c 0x000000 -3.875000
58903.604879 20.321591      NaN  -35     9 c    0   1.49 204.8337 34.68881 9415.09  9748.75 3.35 2.69 -55.3 -0.379    19.84 21.99 02a58903o0737c 0x000000 -3.888889
58911.542104 20.761819      NaN  -24     6 c    0   1.88 204.8337 34.68881 5648.41  4739.60 2.27 2.22 -47.3 -0.411    19.87 21.95 02a58911o0524c 0x000000 -4.000000
58911.546076 20.959772      NaN  -36     5 c    0   3.44 204.8337 34.68881 5592.49  4663.02 2.38 2.28 -54.0 -0.404    19.83 21.95 02a58911o0532c 0x000000 -7.200000
58911.552364 20.594452      NaN   -4     7 c    0   1.74 204.8337 34.68881 5574.02  4781.85 2.35 2.26 -53.8 -0.406    19.84 21.95 02a58911o0545c 0x000000 -0.571429
58932.501170 20.321591      NaN  -20     9 c    0   1.34 204.8337 34.68881 6871.28  1230.55 2.55 2.28 -54.2 -0.413    19.80 21.76 02a58932o0606c 0x000000 -2.222222
58932.504393 20.449472      NaN  -16     8 c    0   2.10 204.8337 34.68881 6851.94  1191.48 2.57 2.31 -53.2 -0.414    19.77 21.78 02a58932o0613c 0x000000 -2.000000
58932.510366 20.449472      NaN  -23     8 c    0   2.05 204.8337 34.68881 6911.42  1269.60 2.57 2.30 -55.4 -0.411    19.76 21.76 02a58932o0626c 0x000000 -2.875000
58932.520496 20.449472      NaN   -6     8 c    0   1.67 204.8337 34.68881 6931.53  1152.00 2.58 2.27 -57.4 -0.411    19.75 21.74 02a58932o0648c 0x000000 -0.750000
58956.399477 20.449472      NaN  -11     8 c    0   1.78 204.8337 34.68881 5729.49  6628.18 2.53 2.44  48.7 -0.409    19.77 21.85 02a58956o0363c 0x000000 -1.375000
58956.402973 20.103715      NaN    9     8 c    0   1.94 204.8337 34.68881 5750.07  6668.55 2.62 2.52  51.0 -0.402    19.72 21.83 02a58956o0370c 0x000000  1.125000
58956.408346 20.405150      NaN    1     8 c    0   1.71 204.8337 34.68881 5693.31  6591.61 2.59 2.45  40.3 -0.403    19.76 21.83 02a58956o0381c 0x000000  0.125000
58956.420474 20.449472      NaN  -13     8 c    0   1.33 204.8337 34.68881 4908.69  3864.39 2.42 2.40 -41.8 -0.403    19.76 21.86 02a58956o0406c 0x000000 -1.625000
58959.414105 20.449472      NaN  -14     8 c    0   1.71 204.8337 34.68881 4853.39  3948.63 2.50 2.27  38.0 -0.403    19.73 21.53 02a58959o0380c 0x000000 -1.750000
58959.419380 20.321591      NaN   -7     9 c    0   1.56 204.8337 34.68881 4833.53  3906.89 2.53 2.30  41.3 -0.396    19.72 21.51 02a58959o0390c 0x000000 -0.777778
58959.423822 20.405150      NaN    1     8 c    0   1.45 204.8337 34.68881 4893.22  3989.09 2.50 2.28  35.7 -0.399    19.72 21.51 02a58959o0399c 0x000000  0.125000
58959.433597 20.449472      NaN  -14     8 c    0   1.32 204.8337 34.68881 4913.83  3873.99 2.45 2.25  37.8 -0.403    19.76 21.49 02a58959o0419c 0x000000 -1.750000
58960.426036 20.039830      NaN    8     9 c    0   1.40 204.8337 34.68881 5734.81  6628.68 2.66 2.42  41.3 -0.400    19.72 21.63 02a58960o0418c 0x000000  0.888889
58960.429504 20.449472      NaN  -17     8 c    0   1.34 204.8337 34.68881 4827.75  3909.32 2.37 2.26  30.4 -0.402    19.78 21.66 02a58960o0425c 0x000000 -2.125000
58960.435713 20.594452      NaN  -29     7 c    0   2.82 204.8337 34.68881 4885.15  3984.81 2.38 2.29  27.1 -0.407    19.78 21.66 02a58960o0438c 0x000000 -4.142857
58960.472494 20.594452      NaN   -4     7 c    0   1.87 204.8337 34.68881 4902.99  3867.32 2.58 2.31  33.4 -0.398    19.75 21.69 02a58960o0461c 0x000000 -0.571429
58963.436756 17.133206      NaN  161   116 c    0   1.65 204.8337 34.68881 3386.89  9580.52 2.53 2.45 -32.9 -0.383    16.88 18.42 02a58963o0453c 0x100002  1.387931
58963.444628 16.370017      NaN  206   274 c    0   0.88 204.8337 34.68881 3365.44  9538.20 2.49 2.45 -63.7 -0.390    16.25 17.75 02a58963o0469c 0x100002  0.751825
58967.407116 20.103715      NaN   -2    11 c    0   0.95 204.8337 34.68881 3386.26  9582.03 2.52 2.40 -53.0 -0.410    19.75 21.74 02a58967o0375c 0x000000 -0.181818
58967.410383 19.922338      NaN    9    10 c    0   1.56 204.8337 34.68881 3367.70  9541.42 2.50 2.40 -55.5 -0.409    19.80 21.74 02a58967o0382c 0x000000  0.900000
58967.416623 20.449472      NaN   -4     8 c    0   1.87 204.8337 34.68881 3425.04  9620.17 2.49 2.34 -55.6 -0.417    19.78 21.71 02a58967o0394c 0x000000 -0.500000
58967.427740 20.207197      NaN  -26    10 c    0   1.32 204.8337 34.68881 3443.90  9502.97 2.49 2.38 -49.9 -0.409    19.75 21.72 02a58967o0416c 0x000000 -2.600000
58983.363096 20.207197      NaN  -23    10 c    0   1.20 204.8337 34.68881 7172.49  9387.53 2.83 2.38 -51.7 -0.413    19.77 21.77 02a58983o0259c 0x000000 -2.300000
58983.366459 20.449472      NaN  -13     8 c    0   1.50 204.8337 34.68881 7153.63  9349.36 2.78 2.40 -52.8 -0.419    19.78 21.76 02a58983o0266c 0x000000 -1.625000
58983.399980 20.321591      NaN   -8     9 c    0   1.12 204.8337 34.68881 7205.67  9429.08 2.88 2.45 -52.2 -0.409    19.76 21.78 02a58983o0335c 0x000000 -0.888889
58983.408686 19.979496      NaN   10     9 c    0   0.98 204.8337 34.68881 7225.43  9312.33 2.86 2.38 -55.1 -0.416    19.77 21.80 02a58983o0352c 0x000000  1.111111
58987.419851 20.449472      NaN   -8     8 c    0   1.62 204.8337 34.68881 6877.47  5790.64 2.61 2.57  47.8 -0.396    19.71 21.72 02a58987o0404c 0x000000 -1.000000
58987.426780 20.449472      NaN  -17     8 c    0   1.15 204.8337 34.68881 6857.44  5750.67 2.67 2.57  47.9 -0.395    19.68 21.70 02a58987o0419c 0x000000 -2.125000
58987.430025 20.207197      NaN  -28    10 c    0   1.05 204.8337 34.68881 6915.58  5829.02 2.59 2.53  61.8 -0.400    19.70 21.68 02a58987o0426c 0x000000 -2.800000
58987.444777 20.009244      NaN    6    10 c    0   1.19 204.8337 34.68881 6933.80  5712.18 2.79 2.72  49.2 -0.385    19.60 21.64 02a58987o0458c 0x000000  0.600000
59011.368018 20.321591      NaN   -5     9 c    0   1.56 204.8337 34.68881 5274.30  9464.22 3.07 2.92 -56.6 -0.370    19.61 21.95 02a59011o0271c 0x000000 -0.555556
59011.371230 20.103715      NaN  -43    11 c    0   1.74 204.8337 34.68881 5253.93  9427.57 3.50 3.34 -50.2 -0.380    19.41 21.94 02a59011o0278c 0x000000 -3.909091
59011.394865 20.207197      NaN  -21    10 c    0   1.24 204.8337 34.68881 5307.84  9504.49 2.95 2.86 -49.4 -0.381    19.63 21.89 02a59011o0327c 0x000000 -2.100000
59011.408233 20.103715      NaN  -27    11 c    0   1.51 204.8337 34.68881 5328.47  9388.54 2.87 2.64 -51.3 -0.394    19.55 21.43 02a59011o0355c 0x000000 -2.454545
59020.302660 19.510313      NaN   -1    19 c    0   1.17 204.8337 34.68881  824.52  3699.23 2.45 2.42  29.9 -0.396    18.42 20.12 02a59020o0071c 0x000000 -0.052632
59020.306343 18.847027      NaN -112    35 c    0   1.07 204.8337 34.68881  804.61  3660.78 2.42 2.36  34.6 -0.403    18.10 19.68 02a59020o0079c 0x100002 -3.200000
59020.311920 18.606822      NaN   62    23 c    0   1.01 204.8337 34.68881  863.54  3737.30 2.44 2.27  33.5 -0.397    18.68 20.35 02a59020o0091c 0x100002  2.695652
59020.322448 19.256669      NaN -186    24 c    0   1.47 204.8337 34.68881  882.13  3618.01 2.44 2.31  41.0 -0.395    17.86 19.64 02a59020o0114c 0x100002 -7.750000
59043.333948 20.207197      NaN   -7    10 c    0   1.66 204.8337 34.68881  847.82  5645.94 2.41 2.37 -82.8 -0.408    19.62 21.51 02a59043o0137c 0x000000 -0.700000
59043.338119 20.071303      NaN    4    10 c    0   1.13 204.8337 34.68881  829.56  5606.12 2.49 2.42 -67.7 -0.408    19.55 21.49 02a59043o0146c 0x000000  0.400000
59043.344549 20.207197      NaN   -9    10 c    0   1.35 204.8337 34.68881  888.83  5680.55 2.41 2.29 -57.4 -0.419    19.51 21.32 02a59043o0160c 0x000000 -0.900000
59043.360611 20.103715      NaN  -16    11 c    0   0.87 204.8337 34.68881  916.19  5560.27 2.31 2.30 -63.0 -0.413    19.54 21.27 02a59043o0195c 0x000000 -1.454545
59047.297197 20.009244      NaN  -14    12 c    0   0.96 204.8337 34.68881  856.53  5648.64 2.92 2.47  41.9 -0.432    19.17 21.19 02a59047o0007c 0x000000 -1.166667
59047.300430 20.103715      NaN  -12    11 c    0   2.11 204.8337 34.68881  836.63  5610.10 2.77 2.41  36.2 -0.385    18.57 20.62 02a59047o0014c 0x000000 -1.090909
59047.309148 20.009244      NaN  -28    12 c    0   1.02 204.8337 34.68881  896.24  5684.77 2.57 2.34  32.6 -0.400    19.42 21.37 02a59047o0033c 0x000000 -2.333333
59047.320164 20.009244      NaN    6    10 c    0   1.77 204.8337 34.68881  915.98  5566.54 2.41 2.31  30.4 -0.407    19.51 21.47 02a59047o0057c 0x000000  0.600000
59051.285095 20.207197      NaN  -18    10 c    0   1.30 204.8337 34.68881 1474.97  9718.29 2.37 2.08 -44.7 -0.439    19.71 21.39 02a59051o0094c 0x000000 -1.800000
59051.288297 19.674510      NaN   13    12 c    0   0.95 204.8337 34.68881 1455.83  9679.24 2.40 2.11 -46.0 -0.433    19.68 21.39 02a59051o0101c 0x000000  1.083333
59051.298439 20.103715      NaN  -46    11 c    0   1.14 204.8337 34.68881 1511.75  9755.83 2.43 2.11 -44.5 -0.438    19.65 21.39 02a59051o0123c 0x000000 -4.181818
59051.304880 20.207197      NaN  -11    10 c    0   1.14 204.8337 34.68881 1532.81  9637.05 2.36 2.12 -41.3 -0.434    19.65 21.39 02a59051o0137c 0x000000 -1.100000
59103.223610 17.664614      NaN  -54   104 c    0   1.09 204.8337 34.68881 9363.42  9839.16 2.96 2.78  23.3 -0.358    17.31 18.47 02a59103o0023c 0x100002 -0.519231
59103.226809 18.417189      NaN  -46    52 c    0   1.17 204.8337 34.68881 9342.82  9798.85 2.90 2.71  20.9 -0.363    18.13 19.29 02a59103o0030c 0x100002 -0.884615
59103.234145 19.696897      NaN   -7    16 c    0   1.74 204.8337 34.68881 9398.70  9878.46 2.92 2.81 -18.2 -0.367    19.18 20.55 02a59103o0046c 0x000000 -0.437500
59103.246063 19.766969      NaN  -11    15 c    0   1.44 204.8337 34.68881 9414.37  9762.51 2.89 2.75 -23.3 -0.373    19.28 20.85 02a59103o0072c 0x000000 -0.733333
59205.622673 20.761819      NaN  -33     6 c    0   1.71 204.8337 34.68881 4970.14  5862.88 2.48 2.34 -71.8 -0.367    19.85 21.69 01a59205o0850c 0x000000 -5.500000
59205.628750 20.761819      NaN  -13     6 c    0   1.82 204.8337 34.68881 4951.90  5823.65 2.40 2.25 -66.5 -0.368    19.87 21.71 01a59205o0861c 0x000000 -2.166667
59205.645908 20.449472      NaN    6     6 c    0   2.17 204.8337 34.68881 5010.79  5902.90 2.35 2.18 -72.6 -0.373    19.96 21.79 01a59205o0898c 0x000000  1.000000
59205.653125 20.449472      NaN   -3     8 c    0   1.21 204.8337 34.68881 5030.23  5786.23 2.42 2.29 -75.1 -0.371    19.87 21.71 01a59205o0912c 0x000000 -0.375000
59206.638818 20.449472      NaN   -2     8 c    0   1.32 204.8337 34.68881 4979.68  5861.71 3.03 2.49  19.8 -0.366    19.63 21.90 01a59206o0945c 0x000000 -0.250000
59206.648676 20.321591      NaN   -1     9 c    0   1.07 204.8337 34.68881 4958.43  5821.03 2.62 2.55 -27.1 -0.362    19.70 21.86 01a59206o0966c 0x000000 -0.111111
59206.656612 19.791368      NaN   14    10 c    0   1.04 204.8337 34.68881 5016.03  5899.34 3.11 2.49   4.9 -0.345    19.53 21.53 01a59206o0983c 0x000000  1.400000
59206.663139 19.922338      NaN  -28    13 c    0   1.14 204.8337 34.68881 5034.78  5782.63 3.10 2.46   5.3 -0.332    19.13 20.46 01a59206o0997c 0x000000 -2.153846
59208.629308 20.171596      NaN    4     9 c    0   1.38 204.8337 34.68881 5679.57  9254.64 2.66 2.56  36.0 -0.394    19.72 21.60 02a59208o0939c 0x000000  0.444444
59208.647686 20.321591      NaN   -4     9 c    0   1.56 204.8337 34.68881 5703.47  9294.38 2.62 2.52  41.4 -0.398    19.72 21.69 02a59208o0979c 0x000000 -0.444444
59208.656877 20.449472      NaN   -7     8 c    0   1.67 204.8337 34.68881 5642.72  9217.55 2.71 2.55  47.3 -0.395    19.69 21.62 02a59208o0999c 0x000000 -0.875000
59208.666098 19.816329      NaN    1    14 c    0   1.02 204.8337 34.68881 5623.29  9335.22 2.65 2.51  40.7 -0.391    19.36 20.67 02a59208o1019c 0x000000  0.071429
59226.620931 20.449472      NaN  -16     8 c    0   1.40 204.8337 34.68881 6878.48  1204.98 2.91 2.78 -54.3 -0.370    19.73 22.23 01a59226o0881c 0x000000 -2.000000
59226.624158 20.594452      NaN  -32     7 c    0   1.59 204.8337 34.68881 6857.37  1165.66 2.75 2.63 -68.9 -0.381    19.81 22.23 01a59226o0888c 0x000000 -4.571429
59226.631136 20.449472      NaN  -12     8 c    0   1.41 204.8337 34.68881 6914.20  1245.55 2.50 2.41 -58.6 -0.389    19.90 22.23 01a59226o0903c 0x000000 -1.500000
59226.652104 20.449472      NaN  -34     8 c    0   1.23 204.8337 34.68881 6930.07  1128.54 2.68 2.56 -48.5 -0.395    19.82 22.23 01a59226o0947c 0x000000 -4.250000
59230.591643 20.761819      NaN   -6     6 c    0   1.92 204.8337 34.68881 6880.08  1206.31 2.68 2.51  89.4 -0.411    19.79 22.27 01a59230o0845c 0x000000 -1.000000
59230.595892 20.594452      NaN  -18     7 c    0   1.32 204.8337 34.68881 6860.17  1167.80 2.76 2.61 -88.4 -0.410    19.79 22.30 01a59230o0854c 0x000000 -2.571429
59230.601429 20.449472      NaN  -21     8 c    0   1.52 204.8337 34.68881 6917.96  1246.00 2.79 2.56  85.7 -0.413    19.80 22.34 01a59230o0866c 0x000000 -2.625000
59230.611663 20.761819      NaN   -8     6 c    0   2.05 204.8337 34.68881 6937.34  1131.95 2.69 2.62  65.1 -0.412    19.81 22.38 01a59230o0888c 0x000000 -1.333333
59231.564330 20.449472      NaN  -20     8 c    0   1.53 204.8337 34.68881 7226.61  2950.16 2.46 2.42  43.0 -0.390    19.79 21.97 02a59231o0753c 0x000000 -2.500000
59231.566159 20.449472      NaN   -5     8 c    0   1.95 204.8337 34.68881 7245.81  2989.18 2.42 2.35 -79.8 -0.394    19.82 21.97 02a59231o0757c 0x000000 -0.625000
59231.571693 20.594452      NaN  -26     7 c    0   1.57 204.8337 34.68881 7188.31  2911.69 2.46 2.41 -83.2 -0.391    19.81 21.98 02a59231o0769c 0x000000 -3.714286
59231.581958 20.594452      NaN  -14     7 c    0   1.78 204.8337 34.68881 7169.69  3028.81 2.40 2.36  76.8 -0.391    19.87 22.00 02a59231o0790c 0x000000 -2.000000
59254.572309 20.594452      NaN  -45     7 c    0   1.85 204.8337 34.68881 4856.57  3934.70 2.46 2.22 -84.8 -0.388    19.88 22.23 01a59254o0788c 0x000000 -6.428571
59254.574616 20.959772      NaN  -29     5 c    0   2.42 204.8337 34.68881 4837.28  3895.18 2.54 2.29 -87.0 -0.388    19.84 22.24 01a59254o0793c 0x000000 -5.800000
59254.577378 20.761819      NaN  -20     6 c    0   1.93 204.8337 34.68881 4895.47  3972.24 2.51 2.28 -86.5 -0.383    19.85 22.25 01a59254o0799c 0x000000 -3.333333
59254.583776 20.594452      NaN  -26     7 c    0   1.32 204.8337 34.68881 4913.99  3856.39 2.53 2.34 -84.8 -0.382    19.83 22.25 01a59254o0812c 0x000000 -3.714286
59255.526541 20.594452      NaN  -42     7 c    0   1.35 204.8337 34.68881 9086.03   860.42 2.58 2.32 -52.0 -0.401    19.79 22.06 02a59255o0660c 0x000000 -6.000000
59255.529291 20.594452      NaN  -30     7 c    0   2.09 204.8337 34.68881 9106.33   899.29 2.63 2.38 -54.2 -0.398    19.75 22.06 02a59255o0666c 0x000000 -4.285714
59255.532109 20.761819      NaN  -40     6 c    0   2.52 204.8337 34.68881 9048.32   822.35 2.54 2.28 -55.8 -0.397    19.81 22.07 02a59255o0672c 0x000000 -6.666667
59255.546829 20.449472      NaN   -7     8 c    0   1.38 204.8337 34.68881 9034.21   941.24 2.62 2.41 -57.7 -0.391    19.80 22.09 02a59255o0702c 0x000000 -0.875000
59257.566872 20.761819      NaN  -17     6 c    0   2.04 204.8337 34.68881 3402.09  9562.57 2.47 2.32 -65.3 -0.387    19.84 22.29 01a59257o0763c 0x000000 -2.833333
59257.568714 20.449472      NaN  -16     8 c    0   1.39 204.8337 34.68881 3382.85  9524.02 2.41 2.26 -62.7 -0.386    19.88 22.29 01a59257o0767c 0x000000 -2.000000
59257.591368 20.761819      NaN   -2     6 c    0   2.10 204.8337 34.68881 3441.80  9601.67 2.39 2.21 -62.6 -0.392    19.93 22.30 01a59257o0811c 0x000000 -0.333333
59257.594590 20.362567      NaN    5     7 c    0   1.60 204.8337 34.68881 3459.93  9484.08 2.46 2.30 -58.8 -0.390    19.86 22.31 01a59257o0818c 0x000000  0.714286
59261.492054 20.449472      NaN  -15     8 c    0   1.36 204.8337 34.68881 3396.48  9555.51 2.22 2.01 -62.4 -0.400    19.90 21.98 01a59261o0588c 0x000000 -1.875000
59261.495281 20.761819      NaN  -14     6 c    0   1.88 204.8337 34.68881 3378.27  9517.58 2.23 2.02 -65.7 -0.398    19.92 21.99 01a59261o0595c 0x000000 -2.333333
59261.498047 20.594452      NaN   -7     7 c    0   1.81 204.8337 34.68881 3435.04  9595.02 2.23 2.04 -63.1 -0.396    19.90 21.99 01a59261o0601c 0x000000 -1.000000
59261.511431 20.594452      NaN  -37     7 c    0   1.82 204.8337 34.68881 3458.56  9478.70 2.24 2.06 -67.7 -0.394    19.88 22.02 01a59261o0626c 0x000000 -5.285714
59267.620535 20.449472      NaN   -1     8 c    0   1.05 204.8337 34.68881 7171.49  7433.25 2.70 2.44  43.1 -0.397    19.83 22.02 02a59267o0822c 0x000000 -0.125000
59267.623597 20.594452      NaN  -22     7 c    0   1.59 204.8337 34.68881 7151.92  7392.23 2.68 2.41  40.3 -0.396    19.84 22.02 02a59267o0828c 0x000000 -3.142857
59267.640137 20.449472      NaN  -12     8 c    0   1.51 204.8337 34.68881 7200.09  7469.09 2.87 2.63  38.6 -0.388    19.74 21.96 02a59267o0860c 0x000000 -1.500000
59267.653295 20.207197      NaN   -1    10 c    0   0.99 204.8337 34.68881 7221.45  7354.24 2.88 2.66  36.8 -0.383    19.64 21.81 02a59267o0884c 0x000000 -0.100000
59267.664174 19.696897      NaN  -28    16 c    0   1.19 204.8337 34.68881 7183.13  7411.09 2.72 2.49  40.1 -0.388    19.18 20.42 02a59267o0905c 0x000000 -1.750000
59288.445742 20.207197      NaN  -32    10 c    0   1.16 204.8337 34.68881 1702.96  9419.36 2.43 2.39 -72.9 -0.424    19.73 21.99 02a59288o0495c 0x000000 -3.200000
59288.447573 19.868040      NaN   17     8 c    0   1.77 204.8337 34.68881 1723.34  9458.80 2.41 2.27 -60.5 -0.432    19.79 21.96 02a59288o0499c 0x000000  2.125000
59288.472245 20.321591      NaN  -15     9 c    0   1.32 204.8337 34.68881 1665.79  9383.61 2.38 2.30 -49.2 -0.429    19.81 21.95 02a59288o0552c 0x000000 -1.666667
59288.477336 20.449472      NaN  -13     8 c    0   1.62 204.8337 34.68881 1643.06  9496.19 2.41 2.30 -73.8 -0.433    19.80 21.93 02a59288o0563c 0x000000 -1.625000
59291.550640 20.449472      NaN  -26     8 c    0   1.40 204.8337 34.68881 9253.03  7868.63 2.71 2.53  38.6 -0.396    19.80 21.83 02a59291o0465c 0x000000 -3.250000
59291.602474 20.103715      NaN   -8    11 c    0   1.09 204.8337 34.68881 9222.51  7827.20 3.19 3.05  21.1 -0.390    19.55 21.72 02a59291o0525c 0x000000 -0.727273
59309.435513 20.594452      NaN   -8     7 c    0   1.28 204.8337 34.68881 5294.75  9451.46 2.27 2.21 -57.7 -0.385    20.01 22.05 01a59309o0276c 0x000000 -1.142857
59309.437356 20.761819      NaN  -17     6 c    0   2.18 204.8337 34.68881 5276.32  9412.43 2.44 2.32 -63.1 -0.379    20.00 22.05 01a59309o0280c 0x000000 -2.833333
59309.472561 20.761819      NaN  -17     6 c    0   1.93 204.8337 34.68881 5333.16  9488.73 2.50 2.30 -60.3 -0.376    19.99 22.09 01a59309o0351c 0x000000 -2.833333
59309.497971 20.761819      NaN  -38     6 c    0   1.74 204.8337 34.68881 5162.84  1204.72 2.37 2.34 -58.4 -0.395    20.04 22.08 01a59309o0401c 0x000000 -6.333333
59310.517016 20.959772      NaN  -32     5 c    0   2.59 204.8337 34.68881 5224.58  1125.10 2.52 2.41 -68.1 -0.400    19.94 21.94 01a59310o0568c 0x000000 -6.400000
59310.536520 20.449472      NaN  -29     8 c    0   1.31 204.8337 34.68881 5251.02  1163.45 2.74 2.60 -13.4 -0.366    19.86 21.82 01a59310o0609c 0x000000 -3.625000
59310.539033 20.594452      NaN  -25     7 c    0   1.68 204.8337 34.68881 5191.49  1085.10 2.49 2.45 -37.0 -0.406    19.89 21.80 01a59310o0614c 0x000000 -3.571429
59310.544704 20.594452      NaN  -42     7 c    0   1.87 204.8337 34.68881 5174.54  1200.24 2.42 2.39 -36.2 -0.400    19.87 21.74 01a59310o0625c 0x000000 -6.000000
59313.473602 20.594452      NaN    0     7 c    0   1.40 204.8337 34.68881 9725.59  6840.16 2.51 2.38  76.3 -0.387    20.02 21.88 01a59313o0537c 0x000000  0.000000
59313.482369 20.449472      NaN   -4     8 c    0   1.34 204.8337 34.68881 9747.53  6876.38 2.60 2.53  84.4 -0.372    19.99 21.85 01a59313o0556c 0x000000 -0.500000
59313.493162 20.594452      NaN  -12     7 c    0   2.16 204.8337 34.68881 9688.87  6799.44 2.60 2.47  87.1 -0.383    20.00 21.88 01a59313o0579c 0x000000 -1.714286
59313.504009 20.594452      NaN   -2     7 c    0   1.91 204.8337 34.68881 9672.78  6915.03 2.58 2.47  86.1 -0.372    20.00 21.86 01a59313o0602c 0x000000 -0.285714
59314.405137 20.761819      NaN  -25     6 c    0   2.03 204.8337 34.68881  822.71  3706.55 2.23 2.15  85.9 -0.397    19.94 21.78 01a59314o0398c 0x000000 -4.166667
59314.438536 20.647425      NaN    2     6 c    0   1.77 204.8337 34.68881 9742.53  6883.41 2.51 2.40  57.6 -0.377    20.06 21.94 01a59314o0470c 0x000000  0.333333
59314.442306 20.362567      NaN    5     7 c    0   1.37 204.8337 34.68881 9682.67  6807.68 2.53 2.35  72.3 -0.387    20.05 21.92 01a59314o0478c 0x000000  0.714286
59314.470801 20.449472      NaN  -19     8 c    0   1.22 204.8337 34.68881 9670.14  6918.23 2.54 2.44  68.3 -0.374    20.03 21.93 01a59314o0539c 0x000000 -2.375000
59317.457854 20.594452      NaN   -4     7 c    0   1.20 204.8337 34.68881 9728.15  6838.51 2.83 2.53  89.9 -0.376    19.92 21.89 01a59317o0126c 0x000000 -0.571429
59317.468950 20.321591      NaN  -27     9 c    0   0.99 204.8337 34.68881 9749.76  6874.34 2.73 2.49  88.4 -0.385    19.91 21.85 01a59317o0149c 0x000000 -3.000000
59317.471796 20.449472      NaN  -10     8 c    0   1.31 204.8337 34.68881 9689.78  6797.07 2.79 2.45  86.8 -0.386    19.95 21.86 01a59317o0155c 0x000000 -1.250000
59317.491106 20.449472      NaN  -14     8 c    0   1.58 204.8337 34.68881 9675.19  6912.64 2.74 2.45  88.6 -0.375    19.92 21.85 01a59317o0192c 0x000000 -1.750000
59318.344753 20.449472      NaN  -50     8 c    0   1.09 204.8337 34.68881  830.70  3703.71 2.37 2.31  65.2 -0.384    19.88 21.63 01a59318o0271c 0x000000 -6.250000
59318.355740 20.594452      NaN  -14     7 c    0   1.82 204.8337 34.68881  803.98  3664.32 2.29 2.16  77.6 -0.394    19.96 21.65 01a59318o0293c 0x000000 -2.000000
59318.373557 20.761819      NaN  -44     6 c    0   1.87 204.8337 34.68881  862.59  3744.59 2.29 2.15  76.5 -0.397    19.96 21.66 01a59318o0328c 0x000000 -7.333333
59318.382896 20.761819      NaN  -38     6 c    0   2.50 204.8337 34.68881  883.67  3629.71 2.34 2.24  74.8 -0.392    19.93 21.66 01a59318o0348c 0x000000 -6.333333
59321.401500 20.449472      NaN    6     6 c    0   1.97 204.8337 34.68881 3346.96  7627.04 2.36 2.23 -59.2 -0.389    20.00 21.85 01a59321o0348c 0x000000  1.000000
59321.403375 20.594452      NaN   -6     7 c    0   1.12 204.8337 34.68881 3327.30  7588.44 2.41 2.29 -61.7 -0.390    19.96 21.86 01a59321o0352c 0x000000 -0.857143
59321.426757 20.594452      NaN   -7     7 c    0   1.53 204.8337 34.68881 7128.40  2915.83 2.58 2.48 -62.3 -0.377    19.95 21.88 01a59321o0399c 0x000000 -1.000000
59321.453046 20.761819      NaN  -40     6 c    0   1.49 204.8337 34.68881 7116.58  3025.66 2.87 2.67 -65.7 -0.357    19.86 21.89 01a59321o0452c 0x000000 -6.666667
59343.396835 20.321591      NaN  -13     9 c    0   1.53 204.8337 34.68881 1425.49  7776.05 2.27 2.25 -44.6 -0.420    19.77 21.71 02a59343o0334c 0x000000 -1.444444
59343.400125 20.594452      NaN  -10     7 c    0   2.16 204.8337 34.68881 1407.67  7737.55 2.27 2.23 -38.8 -0.422    19.79 21.70 02a59343o0341c 0x000000 -1.428571
59343.405620 20.321591      NaN  -23     9 c    0   1.61 204.8337 34.68881 1465.60  7813.95 2.27 2.22 -34.8 -0.419    19.80 21.70 02a59343o0353c 0x000000 -2.555556
59343.415520 20.207197      NaN  -56    10 c    0   0.82 204.8337 34.68881 1487.49  7698.61 2.32 2.27 -15.9 -0.409    19.77 21.70 02a59343o0372c 0x000000 -5.600000
59347.463577 20.039830      NaN    5    10 c    0   1.09 204.8337 34.68881 8770.66  3790.09 2.52 2.48 -68.5 -0.390    19.70 21.72 02a59347o0491c 0x000000  0.500000
59347.468466 20.362567      NaN    5     7 c    0   1.65 204.8337 34.68881 8752.95  3753.27 2.47 2.44  37.2 -0.386    19.75 21.73 02a59347o0501c 0x000000  0.714286
59347.477861 20.321591      NaN   -1     9 c    0   1.31 204.8337 34.68881 8813.75  3835.30 2.45 2.44  36.8 -0.392    19.69 21.67 02a59347o0519c 0x000000 -0.111111
59347.488428 19.743105      NaN   22     8 c    0   1.68 204.8337 34.68881 8834.22  3715.23 2.51 2.50  31.9 -0.390    19.66 21.63 02a59347o0538c 0x000000  2.750000
59370.334710 20.594452      NaN  -19     7 c    0   1.51 204.8337 34.68881 7771.86  6982.50 2.34 2.28 -68.6 -0.385    20.03 22.11 01a59370o0214c 0x000000 -2.714286
59370.337934 20.761819      NaN  -36     6 c    0   1.17 204.8337 34.68881 7792.62  7021.47 2.37 2.27 -80.1 -0.386    20.06 22.11 01a59370o0221c 0x000000 -6.000000
59370.343930 20.761819      NaN   -4     6 c    0   1.39 204.8337 34.68881 7733.59  6944.01 2.45 2.28 -78.4 -0.388    20.05 22.13 01a59370o0234c 0x000000 -0.666667
59370.355468 20.594452      NaN  -22     7 c    0   1.17 204.8337 34.68881 7716.62  7059.40 2.44 2.18 -83.2 -0.400    20.08 22.16 01a59370o0259c 0x000000 -3.142857
59374.318800 20.594452      NaN  -22     7 c    0   1.35 204.8337 34.68881 7771.40  6982.28 2.42 2.24 -79.2 -0.397    20.02 21.94 01a59374o0177c 0x000000 -3.142857
59374.322024 20.594452      NaN  -13     7 c    0   1.68 204.8337 34.68881 7792.20  7020.74 2.38 2.20 -80.2 -0.396    20.05 21.96 01a59374o0184c 0x000000 -1.857143
59374.327550 20.594452      NaN   -1     7 c    0   1.79 204.8337 34.68881 7733.07  6944.41 2.33 2.16 -85.7 -0.401    20.05 21.98 01a59374o0196c 0x000000 -0.142857
59374.339989 20.449472      NaN  -10     8 c    0   1.01 204.8337 34.68881 7716.92  7059.11 2.43 2.30 -80.2 -0.384    20.02 22.03 01a59374o0223c 0x000000 -1.250000
59378.322634 20.594452      NaN    3     6 c    0   3.51 204.8337 34.68881 1719.24  9458.04 2.21 1.89 -66.9 -0.410    20.02 21.76 01a59378o0184c 0x000000  0.500000
59378.325866 20.594452      NaN    3     6 c    0   2.64 204.8337 34.68881 1740.21  9497.59 2.16 1.89 -64.4 -0.414    20.02 21.76 01a59378o0191c 0x000000  0.500000
59378.331400 20.594452      NaN    0     7 c    0   1.94 204.8337 34.68881 1680.36  9417.91 2.19 1.92 -65.2 -0.411    20.01 21.79 01a59378o0203c 0x000000  0.000000
59378.341534 20.449472      NaN    3     7 c    0   2.35 204.8337 34.68881 1662.21  9533.43 2.18 1.89 -67.0 -0.412    20.02 21.88 01a59378o0225c 0x000000  0.428571
59404.266730 20.321591      NaN   -2     9 c    0   1.52 204.8337 34.68881 4886.90  1319.98 2.42 2.19 -62.9 -0.415    19.73 21.45 02a59404o0050c 0x000000 -0.222222
59404.270398 20.449472      NaN  -10     8 c    0   1.43 204.8337 34.68881 4866.11  1280.14 2.55 2.17 -52.7 -0.420    19.72 21.51 02a59404o0058c 0x000000 -1.250000
59404.275918 20.594452      NaN    0     7 c    0   1.71 204.8337 34.68881 4926.17  1357.18 2.43 2.13 -52.7 -0.415    19.74 21.55 02a59404o0070c 0x000000  0.000000
59404.286924 20.207197      NaN  -10    10 c    0   0.94 204.8337 34.68881 4945.01  1238.45 2.40 2.19 -60.1 -0.419    19.77 21.57 02a59404o0094c 0x000000 -1.000000
59408.260246 20.103715      NaN    3    10 c    0   1.57 204.8337 34.68881 4890.94  1320.84 2.45 2.14 -55.7 -0.413    19.56 21.02 02a59408o0037c 0x000000  0.300000
59408.263489 20.321591      NaN  -15     9 c    0   1.16 204.8337 34.68881 4871.28  1282.20 2.41 2.16 -56.1 -0.416    19.65 21.25 02a59408o0044c 0x000000 -1.666667
59408.269009 20.207197      NaN  -16    10 c    0   0.94 204.8337 34.68881 4929.92  1358.76 2.44 2.18 -55.2 -0.410    19.69 21.39 02a59408o0056c 0x000000 -1.600000
59408.280513 20.594452      NaN  -10     7 c    0   2.49 204.8337 34.68881 4950.48  1240.31 2.46 2.21 -57.7 -0.417    19.70 21.43 02a59408o0081c 0x000000 -1.428571
59426.244784 19.631075      NaN  -20    17 c    0   1.37 204.8337 34.68881 3719.08  9349.30 2.28 1.96 -71.3 -0.399    19.05 19.74 01a59426o0021c 0x000000 -1.176471
59426.248058 20.207197      NaN  -24    10 c    0   1.12 204.8337 34.68881 3739.63  9387.59 2.28 1.96 -75.3 -0.406    19.48 20.45 01a59426o0028c 0x000000 -2.400000
59426.263412 20.321591      NaN   -8     9 c    0   0.80 204.8337 34.68881 3678.65  9308.05 2.35 2.04 -75.3 -0.406    19.83 21.65 01a59426o0061c 0x000000 -0.888889
59426.268571 20.449472      NaN  -11     8 c    0   1.96 204.8337 34.68881 3659.00  9426.26 2.24 1.97 -73.6 -0.410    19.86 21.62 01a59426o0072c 0x000000 -1.375000
59430.243571 19.510313      NaN  -30    19 c    0   1.56 204.8337 34.68881 3722.39  9350.64 2.20 1.93 -72.4 -0.406    18.91 19.48 01a59430o0023c 0x000000 -1.578947
59430.246847 19.922338      NaN  -12    13 c    0   1.44 204.8337 34.68881 3743.26  9389.12 2.18 1.92 -75.4 -0.409    19.37 20.27 01a59430o0030c 0x000000 -0.923077
59430.253340 20.449472      NaN  -10     8 c    0   1.59 204.8337 34.68881 3683.97  9309.76 2.23 1.94 -74.7 -0.402    19.79 21.25 01a59430o0044c 0x000000 -1.250000
59430.264485 20.207197      NaN    6     8 c    0   1.16 204.8337 34.68881 3662.10  9426.69 2.20 1.95 -76.1 -0.411    19.88 21.57 01a59430o0068c 0x000000  0.750000
59433.256036 20.449472      NaN  -31     8 c    0   1.89 204.8337 34.68881 9111.92  2769.74 2.60 2.30 -71.3 -0.382    19.73 21.33 01a59433o0053c 0x000000 -3.875000
59433.260194 20.321591      NaN  -19     9 c    0   0.94 204.8337 34.68881 9132.25  2808.69 2.66 2.34 -74.1 -0.382    19.77 21.39 01a59433o0062c 0x000000 -2.111111
59433.268514 20.207197      NaN  -29    10 c    0   0.98 204.8337 34.68881 9075.51  2733.85 2.70 2.35 -76.0 -0.385    19.71 21.36 01a59433o0080c 0x000000 -2.900000
59433.283269 20.321591      NaN   -7     9 c    0   1.45 204.8337 34.68881 9056.77  2853.30 2.55 2.24 -76.5 -0.398    19.68 21.21 01a59433o0112c 0x000000 -0.777778
59587.622857 20.449472      NaN  -13     8 c    0   1.67 204.8337 34.68881 3691.55  4788.81 2.56 2.34  44.5 -0.415    19.66 21.87 02a59587o0914c 0x000000 -1.625000
59587.626058 20.321591      NaN  -22     9 c    0   1.15 204.8337 34.68881 3710.40  4827.82 2.60 2.37  43.9 -0.413    19.66 21.87 02a59587o0921c 0x000000 -2.444444
59587.658568 20.449472      NaN   -9     8 c    0   1.73 204.8337 34.68881 3651.47  4753.67 2.61 2.35  43.4 -0.411    19.66 21.76 02a59587o0984c 0x000000 -1.125000
59587.674957 19.212347      NaN  -38    25 c    0   1.18 204.8337 34.68881 3637.86  4866.62 2.69 2.37  36.8 -0.395    18.55 19.39 02a59587o1015c 0x100002 -1.520000
59588.633160 20.321591      NaN  -18     9 c    0   1.18 204.8337 34.68881 3690.97  4789.75 2.56 2.36  46.0 -0.410    19.66 21.84 02a59588o0961c 0x000000 -2.000000
59588.636595 20.449472      NaN  -17     8 c    0   1.67 204.8337 34.68881 3703.75  4830.73 2.58 2.36  43.8 -0.410    19.66 21.84 02a59588o0968c 0x000000 -2.125000
59588.645557 20.449472      NaN   -9     8 c    0   1.23 204.8337 34.68881 3652.21  4752.62 2.62 2.35  46.2 -0.411    19.68 21.84 02a59588o0987c 0x000000 -1.125000
59588.658998 20.321591      NaN  -43     9 c    0   1.02 204.8337 34.68881 3633.35  4866.84 2.59 2.32  45.8 -0.412    19.66 21.78 02a59588o1016c 0x000000 -4.777778
59588.673865 19.454622      NaN  -37    20 c    0   1.30 204.8337 34.68881 3673.75  4812.16 2.61 2.33  43.9 -0.402    18.81 19.71 02a59588o1047c 0x000000 -1.850000