         MJD         m       dm   uJy  duJy F  err   chi/N        RA     Dec        x        y  maj  min   phi  apfit  mag5sig   Sky            Obs     Mask   __tmp_SN
57756.621386 19.631075      NaN  -228    17 c    0    1.67 167.68551 4.84744  7614.44  8264.49 3.42 3.09 -52.6 -0.401    19.71 21.61 02a57756o0780c 0x000000 -13.411765
57756.642544 19.841877      NaN  -198    14 c    0    1.99 167.68551 4.84744  7597.81  8228.32 3.44 3.16 -53.0 -0.397    19.71 21.63 02a57756o0819c 0x000000 -14.142857
57756.655177 19.766969      NaN  -211    15 c    0    1.83 167.68551 4.84744  7653.56  8304.31 3.45 3.14 -59.1 -0.404    19.70 21.61 02a57756o0841c 0x000000 -14.066667
57756.666568 19.510313      NaN  -219    19 c    0    2.02 167.68551 4.84744  7674.60  8190.29 3.43 3.12 -52.1 -0.394    19.37 20.92 02a57756o0862c 0x000000 -11.526316
57776.604589 19.841877      NaN  -221    14 c    0    1.67 167.68551 4.84744  6177.74  9031.53 3.66 3.62 -83.7 -0.447    19.72 21.69 02a57776o0744c 0x000000 -15.785714
57776.615596 19.631075      NaN  -200    17 c    0    1.43 167.68551 4.84744  6160.93  8993.89 3.69 3.64  83.6 -0.451    19.70 21.65 02a57776o0763c 0x000000 -11.764706
57776.636197 19.569016      NaN  -159    18 c    0    1.23 167.68551 4.84744  6222.17  9071.74 3.72 3.68  73.2 -0.436    19.65 21.57 02a57776o0805c 0x000000  -8.833333
57776.651760 19.766969      NaN  -179    15 c    0    1.86 167.68551 4.84744  6243.33  8953.95 3.87 3.81  73.5 -0.412    19.59 21.50 02a57776o0836c 0x000000 -11.933333
57776.663978 19.569016      NaN  -185    18 c    0    1.55 167.68551 4.84744  6204.71  9009.63 3.77 3.72  59.2 -0.429    19.49 21.27 02a57776o0857c 0x000000 -10.277778
57780.603185 19.766969      NaN  -214    15 c    0    1.51 167.68551 4.84744  8901.99   866.22 3.81 3.64  87.8 -0.425    19.80 21.79 02a57780o0735c 0x000000 -14.266667
57780.623215 19.841877      NaN  -193    14 c    0    1.46 167.68551 4.84744  8884.51   829.21 3.86 3.71  87.7 -0.421    19.77 21.79 02a57780o0770c 0x000000 -13.785714
57780.632301 19.766969      NaN  -190    15 c    0    1.73 167.68551 4.84744  8943.12   905.83 3.87 3.71  83.2 -0.421    19.77 21.76 02a57780o0789c 0x000000 -12.666667
57780.648554 18.776955      NaN    22    30 c    0    1.92 167.68551 4.84744  6088.77 10499.00 3.76 3.45  -3.8 -0.395    19.72 21.75 02a57780o0821c 0x100002   0.733333
57780.653906 19.696897      NaN  -221    16 c    0    1.33 167.68551 4.84744  8970.29   787.14 4.00 3.93 -85.5 -0.410    19.68 21.70 02a57780o0830c 0x000000 -13.812500
57780.670560 19.169763      NaN  -237    26 c    0    1.23 167.68551 4.84744  8931.65   845.14 4.00 3.93 -77.7 -0.412    18.97 20.30 02a57780o0858c 0x000000  -9.115385
57784.581569 19.766969      NaN  -188    15 c    0    1.34 167.68551 4.84744  7727.93  8746.56 3.88 3.69  87.2 -0.427    19.77 21.87 02a57784o0511c 0x000000 -12.533333
57784.596839 19.841877      NaN  -145    14 c    0    1.83 167.68551 4.84744  7709.22  8708.59 3.79 3.57 -88.0 -0.439    19.77 21.84 02a57784o0539c 0x000000 -10.357143
57784.612590 19.766969      NaN  -173    15 c    0    1.52 167.68551 4.84744  7768.34  8785.61 3.92 3.72  88.0 -0.421    19.73 21.81 02a57784o0571c 0x000000 -11.533333
57784.628407 19.510313      NaN  -205    19 c    0    1.74 167.68551 4.84744  7791.19  8669.62 3.94 3.74 -89.7 -0.416    19.40 21.42 02a57784o0602c 0x000000 -10.789474
57784.645250 19.631075      NaN  -193    17 c    0    1.68 167.68551 4.84744  7756.19  8725.07 3.90 3.72  89.5 -0.417    19.60 21.63 02a57784o0630c 0x000000 -11.352941
57804.543860 16.608865      NaN  -788   275 c    0    1.04 167.68551 4.84744  7666.34  1378.95 4.09 3.89 -80.6 -0.387    16.26 18.03 02a57804o0641c 0x100002  -2.865455
57804.576731 19.302877      NaN  -114    23 c    0    1.62 167.68551 4.84744  7707.55  1419.04 3.93 3.85  79.2 -0.401    19.05 20.68 02a57804o0699c 0x000000  -4.956522
57804.589921 19.510313      NaN  -188    19 c    0    1.46 167.68551 4.84744  7729.15  1300.62 3.92 3.83  77.4 -0.402    19.33 21.04 02a57804o0724c 0x000000  -9.894737
57804.607621 19.454622      NaN  -192    20 c    0    1.56 167.68551 4.84744  7693.33  1358.58 3.88 3.82  76.2 -0.406    19.30 20.97 02a57804o0758c 0x000000  -9.600000
57808.524886 19.631075      NaN  -203    17 c    0    1.63 167.68551 4.84744  4911.91  9814.59 3.70 3.52   8.3 -0.411    19.65 21.56 02a57808o0584c 0x000000 -11.941176
57808.529884 19.569016      NaN  -184    18 c    0    1.68 167.68551 4.84744  7771.64   106.42 3.84 3.70   6.3 -0.430    19.64 21.52 02a57808o0593c 0x000000 -10.222222
57808.542292 19.696897      NaN  -238    16 c    0    1.82 167.68551 4.84744  4894.63  9774.13 3.72 3.57   6.9 -0.414    19.61 21.49 02a57808o0616c 0x000000 -14.875000
57808.547082 19.351140      NaN  -225    22 c    0    2.91 167.68551 4.84744  7754.94    66.56 3.84 3.72   5.0 -0.445    19.60 21.43 02a57808o0625c 0x000000 -10.227273
57808.556235 19.569016      NaN  -173    18 c    0    1.68 167.68551 4.84744  4954.08  9851.59 3.66 3.51   5.1 -0.412    19.58 21.42 02a57808o0642c 0x000000  -9.611111
57808.564042 19.569016      NaN  -201    18 c    0    1.93 167.68551 4.84744  7815.73   144.04 3.91 3.74  13.8 -0.435    19.53 21.36 02a57808o0657c 0x000000 -11.166667
57808.574471 19.510313      NaN  -196    19 c    0    1.73 167.68551 4.84744  4975.41  9732.39 3.68 3.57   3.2 -0.423    19.49 21.31 02a57808o0676c 0x000000 -10.315789
57808.590371 18.417189      NaN    24    44 c    0    1.42 167.68551 4.84744  7800.96    81.34 3.90 3.75   7.5 -0.437    18.94 20.73 02a57808o0707c 0x100002   0.545455
57808.591864 18.459772      NaN  -350    50 c    0    1.47 167.68551 4.84744  4940.79  9787.90 3.77 3.65  20.9 -0.408    18.51 20.33 02a57808o0710c 0x100002  -7.000000
57816.449367 19.922338      NaN  -245    13 c    0    2.15 167.68551 4.84744  7900.95  8301.99 3.67 3.51 -86.3 -0.444    19.68 21.73 02a57816o0389c 0x000000 -18.846154
57816.454681 19.841877      NaN  -154    14 c    0    1.79 167.68551 4.84744  7881.42  8265.20 3.63 3.46 -84.2 -0.456    19.69 21.74 02a57816o0400c 0x000000 -11.000000
57816.477570 19.841877      NaN  -170    14 c    0    1.73 167.68551 4.84744  7941.44  8345.64 3.55 3.33 -75.0 -0.459    19.70 21.75 02a57816o0443c 0x000000 -12.142857
57816.487682 19.922338      NaN  -237    13 c    0    1.88 167.68551 4.84744  7957.97  8228.99 3.64 3.42 -81.8 -0.458    19.69 21.75 02a57816o0461c 0x000000 -18.230769
57816.506311 19.766969      NaN  -198    15 c    0    1.28 167.68551 4.84744  7917.76  8289.74 3.83 3.65  88.5 -0.428    19.66 21.76 02a57816o0496c 0x000000 -13.200000
57836.460845 19.302877      NaN  -149    23 c    0    1.61 167.68551 4.84744  5295.53 10149.05 3.67 3.45   2.0 -0.399    18.95 20.73 02a57836o0440c 0x000000  -6.478261
57836.465761 19.401649      NaN  -215    21 c    0    1.31 167.68551 4.84744  8155.67   441.92 3.82 3.73  30.4 -0.430    18.95 20.72 02a57836o0449c 0x000000 -10.238095
57836.477206 19.351140      NaN  -236    22 c    0    1.89 167.68551 4.84744  5277.89 10108.53 3.59 3.39   1.3 -0.403    18.94 20.70 02a57836o0470c 0x000000 -10.727273
57836.482037 19.454622      NaN  -208    20 c    0    1.98 167.68551 4.84744  8138.26   402.10 3.78 3.74 -11.3 -0.439    18.93 20.68 02a57836o0479c 0x000000 -10.400000
57836.493480 19.510313      NaN   -96    19 c    0    2.16 167.68551 4.84744  5336.73 10187.43 3.57 3.26   0.4 -0.401    18.93 20.67 02a57836o0500c 0x000000  -5.052632
57836.497796 19.256669      NaN  -236    24 c    0    1.43 167.68551 4.84744  8197.66   479.49 3.80 3.77  43.8 -0.430    18.92 20.65 02a57836o0508c 0x000000  -9.833333
57836.514434 19.089302      NaN  -170    28 c    0    0.91 167.68551 4.84744  8219.02   361.51 4.18 4.15 -48.9 -0.407    18.77 20.56 02a57836o0538c 0x100002  -6.071429
57836.526527 19.454622      NaN  -193    20 c    0    2.37 167.68551 4.84744  5319.68 10125.89 3.91 3.81  25.9 -0.422    18.78 20.50 02a57836o0560c 0x000000  -9.650000
57836.531370 19.169763      NaN  -225    26 c    0    1.72 167.68551 4.84744  8180.24   418.83 4.10 4.03   7.8 -0.401    18.75 20.48 02a57836o0569c 0x000000  -8.653846
57840.449584 19.510313      NaN  -232    19 c    0    1.64 167.68551 4.84744  5512.25  9716.95 3.62 3.47   8.0 -0.412    18.98 20.80 02a57840o0420c 0x000000 -12.210526
57840.466700 19.510313      NaN  -217    19 c    0    1.84 167.68551 4.84744  5495.35  9676.94 3.76 3.66  27.1 -0.424    18.95 20.78 02a57840o0452c 0x000000 -11.421053
57840.483875 19.351140      NaN  -232    22 c    0    1.46 167.68551 4.84744  5554.80  9753.98 3.93 3.84  25.6 -0.417    18.89 20.74 02a57840o0484c 0x000000 -10.545455
57840.488803 16.787255      NaN    64   212 c    0    0.14 167.68551 4.84744  8420.11    45.25 3.79 3.72  24.6 -0.442    18.94 20.71 02a57840o0493c 0x100002   0.301887
57840.519430 19.401649      NaN  -218    21 c    0    1.72 167.68551 4.84744  5536.33  9693.02 3.81 3.72  18.9 -0.419    18.82 20.55 02a57840o0550c 0x000000 -10.380952
57844.416763 19.302877      NaN  -278    23 c    0    2.65 167.68551 4.84744   621.59    73.85 4.34 4.27  53.8 -0.369    19.55 21.61 02a57844o0351c 0x000000 -12.086957
57844.422657 19.510313      NaN   -30    19 c    0    1.92 167.68551 4.84744  7610.11  9848.29 3.45 3.27 -34.5 -0.405    19.61 21.60 02a57844o0362c 0x000000  -1.578947
57844.435608 21.202047      NaN   -72     4 c    0 1550.31 167.68551 4.84744   604.32    31.55 4.19 3.90 -86.9 -0.401    19.57 21.55 02a57844o0387c 0x100001 -18.000000
57844.442374 19.256669 0.316673    72    21 c    0    1.55 167.68551 4.84744  7593.69  9807.91 3.47 3.32 -45.2 -0.401    19.58 21.54 02a57844o0400c 0x000000   3.428571
57844.445506 19.454622      NaN  -120    20 c    0    2.25 167.68551 4.84744   684.87   111.67 4.07 3.77 -86.2 -0.415    19.58 21.52 02a57844o0406c 0x000000  -6.000000
57844.453340 19.115465 0.278054    82    21 c    0    1.74 167.68551 4.84744  7650.35  9885.02 3.64 3.55 -50.1 -0.452    19.55 21.53 02a57844o0421c 0x000000   3.904762
57844.485632 16.728389      NaN    46   231 c    0    0.04 167.68551 4.84744   669.55    49.04 4.20 3.97  86.0 -0.396    19.48 21.43 02a57844o0482c 0x100002   0.199134
57868.452361 19.569016      NaN  -239    18 c    0    1.59 167.68551 4.84744  6311.86  8000.72 2.76 2.51  16.3 -0.493    18.81 19.83 02a57868o0213c 0x000000 -13.277778
57896.360622 19.922338      NaN  -101    13 c    0    1.78 167.68551 4.84744  7884.21  9529.89 3.54 3.47  -4.7 -0.398    19.24 21.08 02a57896o0180c 0x000000  -7.769231
57900.333383 19.922338      NaN  -172    13 c    0    3.10 167.68551 4.84744  6538.37  8735.93 2.55 2.45  34.4 -0.496    19.47 21.08 02a57900o0166c 0x000000 -13.230769
57900.350481 20.009244      NaN  -156    12 c    0    2.11 167.68551 4.84744  6599.25  8812.96 2.52 2.44  20.4 -0.494    19.48 21.05 02a57900o0198c 0x000000 -13.000000
57900.385017 20.009244      NaN  -198    12 c    0    2.76 167.68551 4.84744  6583.48  8751.47 2.50 2.38  11.4 -0.490    19.39 20.86 02a57900o0263c 0x000000 -16.500000
57904.282731 18.574166      NaN  -139    45 c    0    1.29 167.68551 4.84744  5412.28  9137.33 2.60 2.51   3.3 -0.459    18.47 19.27 02a57904o0042c 0x100002  -3.088889
58074.640887 20.321591      NaN  -211     9 c    0    3.53 167.68551 4.84744  6546.08  6349.38 2.54 2.37  45.4 -0.457    19.48 20.96 02a58074o0820c 0x000000 -23.444444
58074.648847 20.009244      NaN  -193    12 c    0    2.64 167.68551 4.84744  6563.45  6389.52 2.48 2.34  54.0 -0.455    19.38 20.61 02a58074o0837c 0x000000 -16.083333
58074.656920 18.816441      NaN  -154    36 c    0    1.14 167.68551 4.84744  6503.36  6313.47 2.44 2.30  48.4 -0.455    18.40 19.20 02a58074o0854c 0x100002  -4.277778
58134.624831 18.955691 0.114288    95    10 c    0    2.03 167.68551 4.84744  4686.36  6011.34 2.46 2.41 -48.5 -0.420    19.79 21.76 02a58134o0906c 0x000000   9.500000
58134.634896 19.454622 0.180956    60    10 c    0    3.74 167.68551 4.84744  4667.92  5972.19 2.54 2.50 -26.4 -0.424    19.76 21.75 02a58134o0927c 0x000000   6.000000
58134.644942 18.550302 0.078677   138    10 c    0    2.70 167.68551 4.84744  4726.48  6048.95 2.60 2.56  87.7 -0.418    19.73 21.73 02a58134o0948c 0x000000  13.800000
58134.654901 19.038793 0.111041    88     9 c    0    3.79 167.68551 4.84744  4747.79  5931.90 2.47 2.40  24.4 -0.434    19.77 21.71 02a58134o0969c 0x000000   9.777778
58162.553203 20.594452      NaN   -27     7 c    0    2.90 167.68551 4.84744  3455.69  4579.78 2.38 2.30  53.4 -0.413    19.83 21.74 02a58162o0241c 0x000000  -3.857143
58162.563984 20.449472      NaN   -14     8 c    0    3.51 167.68551 4.84744  3437.34  4539.62 2.41 2.30  45.4 -0.424    19.82 21.72 02a58162o0263c 0x000000  -1.750000
58162.574266 20.321591      NaN   -41     9 c    0    3.20 167.68551 4.84744  3496.99  4615.54 2.38 2.27  38.4 -0.431    19.83 21.69 02a58162o0284c 0x000000  -4.555556
58162.585050 20.449472      NaN   -15     8 c    0    2.63 167.68551 4.84744  3517.24  4499.50 2.42 2.27  36.7 -0.431    19.79 21.71 02a58162o0306c 0x000000  -1.875000
58226.419097 15.594452      NaN -1405   700 c    0    0.75 167.68551 4.84744  5190.78  3620.48 2.65 2.54 -64.1 -0.404    15.42 16.85 02a58226o0210c 0x100002  -2.007143
58226.440710 17.057018      NaN  -756   182 c    0    1.67 167.68551 4.84744  5230.05  3658.52 2.66 2.54 -63.1 -0.400    16.39 17.84 02a58226o0255c 0x100002  -4.153846
58226.451170 18.944322      NaN   -78    32 c    0    1.77 167.68551 4.84744  5251.91  3541.59 2.61 2.52 -68.3 -0.412    18.07 19.58 02a58226o0277c 0x100002  -2.437500
58254.355176 20.207197      NaN  -172    10 c    0    1.61 167.68551 4.84744  5896.86  5542.15 2.81 2.51 -58.8 -0.397    19.56 21.46 02a58254o0033c 0x000000 -17.200000
58254.365885 20.103715      NaN  -185    11 c    0    2.16 167.68551 4.84744  5877.37  5503.31 2.84 2.58 -61.2 -0.403    19.51 21.38 02a58254o0056c 0x000000 -16.818182
58254.376742 20.103715      NaN  -153    11 c    0    2.08 167.68551 4.84744  5933.92  5579.43 2.71 2.45 -63.0 -0.410    19.45 21.27 02a58254o0079c 0x000000 -13.909091
58254.388053 20.207197      NaN  -157    10 c    0    2.95 167.68551 4.84744  5953.50  5462.45 2.72 2.56 -63.7 -0.412    19.35 21.13 02a58254o0102c 0x000000 -15.700000
58278.313982 19.922338      NaN  -161    13 c    0    1.70 167.68551 4.84744  4748.90  4471.03 2.82 2.58 -58.9 -0.400    19.17 20.81 02a58278o0160c 0x000000 -12.384615
58286.293915 20.009244      NaN  -159    12 c    0    1.70 167.68551 4.84744  4880.09  4430.00 2.70 2.49 -64.5 -0.411    19.30 20.68 02a58286o0115c 0x000000 -13.250000
58286.304832 19.922338      NaN  -149    13 c    0    2.00 167.68551 4.84744  4860.36  4391.40 2.77 2.50 -65.3 -0.403    19.28 20.68 02a58286o0138c 0x000000 -11.461538
58286.315670 19.922338      NaN  -129    13 c    0    1.64 167.68551 4.84744  4918.23  4469.87 2.73 2.50 -60.2 -0.409    19.28 20.71 02a58286o0161c 0x000000  -9.923077
58286.326621 19.922338      NaN  -148    13 c    0    1.42 167.68551 4.84744  4939.55  4353.58 2.59 2.47 -59.3 -0.420    19.29 20.73 02a58286o0184c 0x000000 -11.384615
58310.255086 19.212347      NaN  -191    25 c    0    1.76 167.68551 4.84744  4609.69  4726.42 2.75 2.43 -60.1 -0.400    18.42 19.47 02a58310o0029c 0x000000  -7.640000
58310.261789 19.569016      NaN  -114    18 c    0    1.77 167.68551 4.84744  4590.19  4686.97 2.67 2.42 -59.2 -0.403    19.02 20.18 02a58310o0043c 0x000000  -6.333333
58310.271368 19.922338      NaN  -156    13 c    0    2.49 167.68551 4.84744  4647.18  4763.83 2.82 2.51 -55.8 -0.379    19.08 20.41 02a58310o0063c 0x000000 -12.000000
58310.282412 19.922338      NaN  -208    13 c    0    2.23 167.68551 4.84744  4668.65  4646.53 2.76 2.53 -58.7 -0.395    19.07 20.42 02a58310o0086c 0x000000 -16.000000
58458.651719 20.449472      NaN  -203     8 c    0    3.68 167.68551 4.84744  4710.87  1677.24 2.62 2.49  51.0 -0.396    19.63 21.30 02a58458o0623c 0x000000 -25.375000
58458.660662 19.841877      NaN  -185    14 c    0    1.77 167.68551 4.84744  4730.16  1716.73 2.61 2.53  54.9 -0.391    19.15 20.27 02a58458o0641c 0x000000 -13.214286
58458.668921 18.063866      NaN  -198    72 c    0    0.85 167.68551 4.84744  4671.42  1639.05 2.59 2.49  54.8 -0.398    17.53 18.18 02a58458o0658c 0x100002  -2.750000
58462.643370 20.321591      NaN  -237     9 c    0    2.39 167.68551 4.84744  6610.69  9439.62 2.99 2.83  20.4 -0.416    19.63 21.55 02a58462o0941c 0x000000 -26.333333
58462.652199 20.321591      NaN  -205     9 c    0    2.61 167.68551 4.84744  6628.95  9480.20 2.88 2.71  21.9 -0.442    19.59 21.46 02a58462o0959c 0x000000 -22.777778
58462.660643 19.922338      NaN  -209    13 c    0    1.72 167.68551 4.84744  6550.72  9402.13 2.80 2.68  23.4 -0.431    19.33 20.77 02a58462o0976c 0x000000 -16.076923
58462.669591 18.191747      NaN   -84    64 c    0    1.50 167.68551 4.84744  6531.01  9520.09 2.88 2.73  17.0 -0.451    17.88 18.80 02a58462o0994c 0x100002  -1.312500
58486.577310 17.326476      NaN   -97   142 c    0    1.12 167.68551 4.84744 10527.12  3618.18 2.59 2.48  74.8 -0.453    19.71 21.67 02a58486o0805c 0x100002  -0.683099
58486.591821 20.594452      NaN  -155     7 c    0    3.36 167.68551 4.84744   838.69  3603.40 2.35 2.31  23.4 -0.416    19.73 21.64 02a58486o0836c 0x000000 -22.142857
58486.595035 20.594452      NaN  -142     7 c    0    3.94 167.68551 4.84744   859.37  3642.57 2.48 2.41  50.4 -0.427    19.69 21.64 02a58486o0843c 0x000000 -20.285714
58486.602001 20.207197      NaN  -180    10 c    0    6.19 167.68551 4.84744 10484.92  3580.28 2.73 2.61  78.6 -0.445    19.68 21.69 02a58486o0858c 0x000000 -18.000000
58486.604312 20.594452      NaN  -156     7 c    0    4.42 167.68551 4.84744   803.13  3563.06 2.52 2.41  30.1 -0.422    19.68 21.68 02a58486o0863c 0x000000 -22.285714
58486.605304 20.449472      NaN  -157     8 c    0    3.67 167.68551 4.84744 10465.48  3699.64 2.70 2.57  81.1 -0.444    19.65 21.69 02a58486o0865c 0x000000 -19.625000
58486.619682 20.449472      NaN  -165     8 c    0    4.91 167.68551 4.84744   780.57  3679.48 2.43 2.35  44.5 -0.429    19.69 21.66 02a58486o0896c 0x000000 -20.625000
58494.541523 17.546052      NaN   -44   116 c    0    0.42 167.68551 4.84744 10528.97  9466.82 2.83 2.54  41.8 -0.427    19.68 21.85 02a58494o0719c 0x100002  -0.379310
58494.551833 20.321591      NaN  -280     9 c    0    5.88 167.68551 4.84744   812.27  9441.15 2.60 2.40   3.2 -0.440    19.69 21.84 02a58494o0740c 0x000000 -31.111111
58494.559344 20.009244      NaN  -155    12 c    0    2.91 167.68551 4.84744 10490.56  9430.84 2.78 2.53  46.1 -0.446    19.72 21.87 02a58494o0755c 0x000000 -12.916667
58494.560764 20.449472      NaN  -268     8 c    0    6.00 167.68551 4.84744   831.22  9481.76 2.58 2.38  10.7 -0.444    19.73 21.84 02a58494o0758c 0x000000 -33.500000
58494.568243 20.207197      NaN  -147    10 c    0    3.83 167.68551 4.84744 10469.87  9548.54 2.86 2.61  44.8 -0.415    19.72 21.87 02a58494o0773c 0x000000 -14.700000
58494.569769 20.103715      NaN  -248    11 c    0    7.10 167.68551 4.84744   771.92  9404.45 2.62 2.40   9.1 -0.441    19.70 21.84 02a58494o0776c 0x000000 -22.545455
58494.578703 19.922338      NaN  -241    13 c    0    4.69 167.68551 4.84744   749.33  9522.65 2.66 2.41  16.8 -0.438    19.70 21.82 02a58494o0794c 0x000000 -18.538462
58518.531778 20.449472      NaN  -176     8 c    0    2.89 167.68551 4.84744  7844.42  8884.01 2.57 2.45  12.3 -0.426    19.80 21.82 02a58518o0659c 0x000000 -22.000000
58518.540564 20.761819      NaN  -219     6 c    0    6.13 167.68551 4.84744  7823.92  8846.94 2.58 2.44  14.4 -0.420    19.83 21.84 02a58518o0677c 0x000000 -36.500000
58518.548830 20.761819      NaN  -171     6 c    0    3.98 167.68551 4.84744  7881.35  8926.95 2.60 2.47  12.2 -0.432    19.83 21.85 02a58518o0694c 0x000000 -28.500000
58518.557597 20.594452      NaN  -181     7 c    0    2.71 167.68551 4.84744  7899.62  8811.25 2.59 2.52  -4.1 -0.434    19.81 21.85 02a58518o0712c 0x000000 -25.857143
58578.412839 20.449472      NaN  -205     8 c    0    4.18 167.68551 4.84744  1996.59  8891.95 2.48 2.44  63.2 -0.405    19.69 21.71 02a58578o0412c 0x000000 -25.625000
58578.421929 20.594452      NaN  -207     7 c    0    4.03 167.68551 4.84744  1978.35  8852.55 2.41 2.33  61.9 -0.410    19.72 21.70 02a58578o0431c 0x000000 -29.571429
58578.431093 20.449472      NaN  -220     8 c    0    1.92 167.68551 4.84744  2036.57  8930.15 2.60 2.51 -73.8 -0.410    19.66 21.69 02a58578o0450c 0x000000 -27.500000
58578.440286 20.207197      NaN  -174    10 c    0    3.57 167.68551 4.84744  2057.65  8813.77 2.55 2.44 -47.6 -0.404    19.64 21.69 02a58578o0469c 0x000000 -17.400000
58582.410560 20.449472      NaN  -202     8 c    0    2.85 167.68551 4.84744  7837.98  5019.35 2.61 2.49 -69.5 -0.397    19.61 21.48 02a58582o0404c 0x000000 -25.250000
58582.419695 20.449472      NaN  -182     8 c    0    4.39 167.68551 4.84744  7819.67  4980.38 2.57 2.45 -75.8 -0.404    19.55 21.45 02a58582o0423c 0x000000 -22.750000
58582.428800 20.449472      NaN  -189     8 c    0    3.50 167.68551 4.84744  7878.84  5058.13 2.63 2.50 -67.1 -0.393    19.57 21.46 02a58582o0442c 0x000000 -23.625000
58582.437973 20.321591      NaN  -164     9 c    0    2.77 167.68551 4.84744  7899.88  4941.71 2.55 2.39 -63.7 -0.400    19.61 21.44 02a58582o0461c 0x000000 -18.222222
58610.367696 20.594452      NaN  -169     7 c    0    3.61 167.68551 4.84744  3963.20  5016.89 2.44 2.21  52.5 -0.407    19.77 21.48 02a58610o0263c 0x000000 -24.142857
58610.376673 20.449472      NaN  -179     8 c    0    3.49 167.68551 4.84744  3944.67  4977.63 2.49 2.23  50.5 -0.398    19.76 21.46 02a58610o0282c 0x000000 -22.375000
58610.385662 20.959772      NaN  -263     5 c    0    5.98 167.68551 4.84744  4003.94  5054.39 2.43 2.23  53.2 -0.400    19.75 21.40 02a58610o0301c 0x000000 -52.600000
58610.394614 20.761819      NaN  -223     6 c    0    4.58 167.68551 4.84744  4026.24  4937.60 2.41 2.24  49.2 -0.403    19.66 21.34 02a58610o0320c 0x000000 -37.166667
58634.294583 20.449472      NaN  -241     8 c    0    3.63 167.68551 4.84744  7437.98  8908.21 2.71 2.55  59.0 -0.402    19.66 21.35 02a58634o0138c 0x000000 -30.125000
58634.297386 20.321591      NaN  -155     9 c    0    3.68 167.68551 4.84744  7419.15  8869.54 2.71 2.51  55.4 -0.418    19.65 21.35 02a58634o0144c 0x000000 -17.222222
58634.303477 20.207197      NaN  -164    10 c    0    3.54 167.68551 4.84744  7478.94  8945.86 2.68 2.59  56.4 -0.397    19.65 21.32 02a58634o0157c 0x000000 -16.400000
58634.314658 20.103715      NaN  -203    11 c    0    2.25 167.68551 4.84744  7498.79  8830.43 2.70 2.62  64.1 -0.400    19.61 21.32 02a58634o0181c 0x000000 -18.454545
58642.271891 19.766969      NaN  -202    15 c    0    1.56 167.68551 4.84744  9389.98  8827.91 2.90 2.73 -66.2 -0.381    19.35 20.71 02a58642o0086c 0x000000 -13.466667
58642.274651 19.922338      NaN  -214    13 c    0    2.23 167.68551 4.84744  9370.09  8788.42 2.83 2.66 -63.8 -0.378    19.38 20.71 02a58642o0092c 0x000000 -16.461538
58642.281114 19.841877      NaN  -190    14 c    0    2.27 167.68551 4.84744  9428.53  8867.13 2.74 2.62 -76.1 -0.384    19.40 20.71 02a58642o0106c 0x000000 -13.571429
58642.292153 19.922338      NaN  -183    13 c    0    2.61 167.68551 4.84744  9447.88  8749.75 2.80 2.69 -72.8 -0.396    19.34 20.68 02a58642o0130c 0x000000 -14.076923
58790.626770 20.009244      NaN  -216    12 c    0    2.03 167.68551 4.84744  5058.50  1577.64 2.65 2.41  41.9 -0.388    19.08 20.44 02a58790o0930c 0x000000 -18.000000
58790.630006 19.922338      NaN  -229    13 c    0    2.06 167.68551 4.84744  5077.01  1616.03 2.61 2.38  43.4 -0.386    19.11 20.44 02a58790o0937c 0x000000 -17.615385
58790.637081 19.766969      NaN  -221    15 c    0    2.18 167.68551 4.84744  5021.41  1539.24 2.40 2.32  56.0 -0.397    19.15 20.39 02a58790o0951c 0x000000 -14.733333
58790.644898 19.569016      NaN  -230    18 c    0    1.96 167.68551 4.84744  5001.14  1655.78 2.36 2.32 -81.2 -0.400    18.82 19.89 02a58790o0968c 0x000000 -12.777778
58794.649489 19.454622      NaN  -228    20 c    0    1.85 167.68551 4.84744 10253.78  5941.25 2.61 2.58  86.0 -0.412    18.84 19.94 02a58794o0827c 0x000000 -11.400000
58794.652972 18.847027      NaN  -173    35 c    0    1.67 167.68551 4.84744 10273.13  5980.86 2.63 2.62  -0.3 -0.421    18.30 19.26 02a58794o0833c 0x100002  -4.942857
58794.656290 17.909502      NaN  -234    83 c    0    1.27 167.68551 4.84744 10213.80  5902.86 2.69 2.59  32.4 -0.412    17.51 18.48 02a58794o0839c 0x100002  -2.819277
58814.654789 19.922338      NaN  -248    13 c    0    2.96 167.68551 4.84744  6463.27  8081.93 2.54 2.47  44.5 -0.402    19.39 20.74 02a58814o0901c 0x000000 -19.076923
58814.657759 19.696897      NaN  -198    16 c    0    2.32 167.68551 4.84744  6482.25  8121.40 2.53 2.46  45.4 -0.397    19.13 20.30 02a58814o0907c 0x000000 -12.375000
58814.661374 18.910912      NaN  -197    33 c    0    1.59 167.68551 4.84744  6424.08  8044.01 2.49 2.46  39.2 -0.411    18.56 19.52 02a58814o0914c 0x100002  -5.969697
58814.665569 16.881162      NaN   -97   214 c    0    0.88 167.68551 4.84744  6404.86  8161.36 2.54 2.39  28.7 -0.471    17.20 18.13 02a58814o0922c 0x100002  -0.453271
58846.594833 20.761819      NaN  -220     6 c    0    3.35 167.68551 4.84744  1205.74  1743.77 2.93 2.60 -59.7 -0.404    19.67 21.75 02a58846o0857c 0x000000 -36.666667
58846.598614 20.761819      NaN  -226     6 c    0    3.36 167.68551 4.84744  1220.15  1786.45 2.85 2.51 -54.1 -0.398    19.69 21.75 02a58846o0864c 0x000000 -37.666667
58846.605013 20.594452      NaN  -177     7 c    0    2.74 167.68551 4.84744  1168.75  1706.92 2.94 2.60 -55.2 -0.400    19.70 21.76 02a58846o0877c 0x000000 -25.285714
58846.617169 20.321591      NaN  -209     9 c    0    1.81 167.68551 4.84744  1143.33  1829.60 3.02 2.64 -54.2 -0.390    19.63 21.75 02a58846o0902c 0x000000 -23.222222
58874.542397 21.202047      NaN  -232     4 c    0    7.00 167.68551 4.84744  1124.43  6750.45 2.28 2.17 -45.2 -0.439    19.85 21.95 02a58874o0733c 0x000000 -58.000000
58874.546077 20.449472      NaN  -187     8 c    0    3.70 167.68551 4.84744  1105.28  6713.97 2.32 2.20 -47.1 -0.431    19.85 21.94 02a58874o0741c 0x000000 -23.375000
58874.551289 20.761819      NaN  -213     6 c    0    7.03 167.68551 4.84744  1164.55  6791.49 2.40 2.25 -44.0 -0.438    19.82 21.94 02a58874o0751c 0x000000 -35.500000
58874.564787 20.761819      NaN  -204     6 c    0    5.25 167.68551 4.84744  1186.42  6677.52 2.34 2.18 -45.2 -0.441    19.86 21.93 02a58874o0778c 0x000000 -34.000000
58878.433882 20.594452      NaN  -257     7 c    0    4.62 167.68551 4.84744  9440.02  3798.45 2.50 2.38 -63.8 -0.395    19.70 21.56 02a58878o0496c 0x000000 -36.714286
58878.437134 20.321591      NaN  -169     9 c    0    3.06 167.68551 4.84744  9460.63  3838.00 2.55 2.40 -59.2 -0.397    19.59 21.49 02a58878o0503c 0x000000 -18.777778
58878.443643 20.103715      NaN  -211    11 c    0    2.18 167.68551 4.84744  9400.55  3759.91 2.44 2.29 -69.1 -0.400    19.37 21.21 02a58878o0517c 0x000000 -19.181818
58878.455175 20.449472      NaN  -216     8 c    0    3.24 167.68551 4.84744  9377.59  3878.29 2.44 2.36  29.4 -0.390    19.63 21.51 02a58878o0542c 0x000000 -27.000000
58902.378290 20.321591      NaN   -11     9 c    0    4.59 167.68551 4.84744  2053.25  7769.08 2.54 2.12 -50.4 -0.424    19.72 21.58 02a58902o0368c 0x000000  -1.222222
58902.383278 20.321591      NaN    -1     9 c    0    4.88 167.68551 4.84744  2085.71  7803.17 2.53 2.19 -45.3 -0.427    19.73 21.60 02a58902o0378c 0x000000  -0.111111
58902.395930 20.103715      NaN     6     9 c    0    5.51 167.68551 4.84744  2015.87  7730.74 2.42 2.17 -44.3 -0.434    19.77 21.62 02a58902o0403c 0x000000   0.666667
58902.399752 20.207197      NaN   -14    10 c    0    3.75 167.68551 4.84744  2002.97  7840.89 2.52 2.16 -48.9 -0.426    19.77 21.64 02a58902o0411c 0x000000  -1.400000
58930.458037 19.038793      NaN    22    22 c    0    2.42 167.68551 4.84744  4182.28  4433.41 2.32 2.25 -80.5 -0.406    18.69 20.37 02a58930o0454c 0x000000   1.000000
58930.461260 19.631075      NaN   -11    17 c    0    1.85 167.68551 4.84744  4162.76  4397.53 2.28 2.22 -85.6 -0.407    19.04 20.73 02a58930o0461c 0x000000  -0.647059
58930.466814 19.743105      NaN    10    12 c    0    3.15 167.68551 4.84744  4221.18  4474.95 2.29 2.21  55.9 -0.403    19.48 21.23 02a58930o0473c 0x000000   0.833333
58930.477922 20.103715      NaN    -3    11 c    0    3.38 167.68551 4.84744  4242.47  4358.43 2.28 2.22 -74.9 -0.409    19.60 21.32 02a58930o0497c 0x000000  -0.272727
58934.381155 19.631075      NaN   -41    17 c    0    1.66 167.68551 4.84744  6385.25  6126.36 2.77 2.63  -5.4 -0.389    18.89 20.87 02a58934o0348c 0x000000  -2.411765
58934.384371 19.510313      NaN   -13    19 c    0    1.17 167.68551 4.84744  6407.96  6164.75 3.06 3.02 -20.8 -0.384    18.88 21.00 02a58934o0355c 0x000000  -0.684211
58934.392906 19.351140      NaN   -36    22 c    0    1.40 167.68551 4.84744  4228.45  4475.28 2.92 2.91  81.0 -0.381    18.62 20.69 02a58934o0373c 0x000000  -1.636364
58934.406454 19.351140      NaN   -72    22 c    0    1.72 167.68551 4.84744  4250.20  4356.61 3.11 3.04 -61.4 -0.367    18.57 20.69 02a58934o0401c 0x000000  -3.272727
58958.346633 20.207197      NaN    -9    10 c    0    1.68 167.68551 4.84744  3460.73  7144.82 2.52 2.28  45.4 -0.390    19.73 21.51 02a58958o0263c 0x000000  -0.900000
58958.349883 20.449472      NaN   -13     8 c    0    3.91 167.68551 4.84744  3441.56  7106.23 2.52 2.29  44.9 -0.388    19.71 21.51 02a58958o0270c 0x000000  -1.625000
58958.356866 20.282105      NaN     4     8 c    0    4.60 167.68551 4.84744  3500.04  7186.37 2.53 2.32  46.4 -0.388    19.72 21.51 02a58958o0285c 0x000000   0.500000
58958.366689 20.321591      NaN   -24     9 c    0    4.59 167.68551 4.84744  3519.97  7065.90 2.56 2.34  46.7 -0.384    19.71 21.50 02a58958o0306c 0x000000  -2.666667
58962.368583 18.847027      NaN    30    25 c    0    2.26 167.68551 4.84744  2157.58  2594.42 2.44 2.29  56.1 -0.407    18.39 19.93 02a58962o0291c 0x000000   1.200000
58962.372341 19.183773      NaN    35    14 c    0    1.73 167.68551 4.84744  2138.33  2555.09 2.47 2.30  55.7 -0.400    19.23 20.89 02a58962o0299c 0x000000   2.500000
58962.377474 18.649074      NaN   -91    42 c    0    1.48 167.68551 4.84744  2197.77  2633.51 2.50 2.38  62.7 -0.399    17.84 19.41 02a58962o0310c 0x100002  -2.166667
58962.388372 19.351140      NaN    -5    22 c    0    1.45 167.68551 4.84744  2218.39  2515.98 2.45 2.30  54.8 -0.401    18.57 20.18 02a58962o0333c 0x000000  -0.227273
58966.347191 19.841877      NaN    12    10 c    0    3.45 167.68551 4.84744  2157.34  2591.03 2.39 2.31  87.3 -0.410    19.66 21.38 02a58966o0258c 0x000000   1.200000
58966.350407 20.009244      NaN     9     9 c    0    4.26 167.68551 4.84744  2138.32  2551.97 2.40 2.32  84.2 -0.407    19.67 21.39 02a58966o0265c 0x000000   1.000000
58966.359152 20.039830 0.310210    35    10 c    0    3.96 167.68551 4.84744  2197.77  2630.52 2.38 2.30  79.8 -0.407    19.70 21.41 02a58966o0284c 0x000000   3.500000
58966.375782 19.950541      NaN     8    10 c    0    2.47 167.68551 4.84744  2220.88  2513.00 2.44 2.35  83.5 -0.407    19.65 21.42 02a58966o0320c 0x000000   0.800000
58982.311500 19.950541      NaN     2    12 c    0    2.73 167.68551 4.84744  6047.87  2404.21 2.48 2.25 -58.4 -0.400    19.54 21.35 02a58982o0154c 0x000000   0.166667
58982.342269 20.207197      NaN     6     8 c    0    8.04 167.68551 4.84744  6024.69  2367.44 2.44 2.19 -59.3 -0.399    19.69 21.55 02a58982o0220c 0x000000   0.750000
58982.345044 19.436675 0.177990    61    10 c    0    5.30 167.68551 4.84744  6084.28  2445.61 2.47 2.20 -57.9 -0.400    19.71 21.54 02a58982o0226c 0x000000   6.100000
58982.351950 20.207197 0.361912    30    10 c    0    2.88 167.68551 4.84744  6105.99  2328.58 2.47 2.19 -60.1 -0.398    19.70 21.52 02a58982o0241c 0x000000   3.000000
58986.328153 20.207197      NaN   -27    10 c    0    2.34 167.68551 4.84744  5482.65  8994.87 2.60 2.49 -88.9 -0.404    19.66 21.49 02a58986o0208c 0x000000  -2.700000
58986.332286 20.009244      NaN   -43    12 c    0    2.18 167.68551 4.84744  5462.61  8955.33 2.65 2.48  70.3 -0.391    19.68 21.49 02a58986o0217c 0x000000  -3.583333
58986.337812 19.510313      NaN    24    11 c    0    2.43 167.68551 4.84744  5521.35  9034.48 2.59 2.44 -66.9 -0.407    19.70 21.49 02a58986o0229c 0x000000   2.181818
58986.348930 20.207197      NaN   -10    10 c    0    4.13 167.68551 4.84744  5542.11  8915.62 2.55 2.45 -84.3 -0.406    19.67 21.43 02a58986o0253c 0x000000  -1.000000
58990.289776 20.207197      NaN   -11    10 c    0    2.78 167.68551 4.84744  5491.02  8989.09 2.50 2.41  72.8 -0.406    19.68 21.38 02a58990o0121c 0x000000  -1.100000
58990.293047 20.207197      NaN   -21    10 c    0    2.69 167.68551 4.84744  5471.85  8951.10 2.50 2.44  84.7 -0.409    19.67 21.39 02a58990o0128c 0x000000  -2.100000
58990.299040 20.103715      NaN   -17    11 c    0    2.27 167.68551 4.84744  5530.04  9028.15 2.57 2.49  66.0 -0.398    19.69 21.40 02a58990o0141c 0x000000  -1.545455
58990.312860 19.652575      NaN    20    10 c    0    2.27 167.68551 4.84744  5550.58  8913.14 2.58 2.45  60.1 -0.401    19.70 21.41 02a58990o0171c 0x000000   2.000000
58994.316229 20.321591      NaN   -14     9 c    0    3.58 167.68551 4.84744   296.52  4623.95 2.70 2.66 -60.5 -0.360    19.51 21.25 02a58994o0172c 0x000000  -1.555556
58994.319453 20.207197      NaN    -8    10 c    0    3.42 167.68551 4.84744   276.78  4584.62 2.70 2.51  41.5 -0.370    19.46 21.25 02a58994o0179c 0x000000  -0.800000
58994.325504 20.207197      NaN   -27    10 c    0    2.52 167.68551 4.84744   337.73  4661.64 2.64 2.51 -61.1 -0.372    19.49 21.23 02a58994o0192c 0x000000  -2.700000
58994.337503 20.207197      NaN    -7    10 c    0    4.05 167.68551 4.84744   359.32  4544.86 2.51 2.40 -62.6 -0.386    19.54 21.19 02a58994o0218c 0x000000  -0.700000
59022.252543 18.424171      NaN    59    32 c    0    1.70 167.68551 4.84744  9283.33  6877.35 2.57 2.52  78.3 -0.411    18.65 19.52 02a59022o0020c 0x100002   1.843750
59022.255750 19.002397      NaN    37    18 c    0    2.07 167.68551 4.84744  9265.49  6838.15 2.63 2.57  70.5 -0.393    19.11 20.15 02a59022o0027c 0x000000   2.055556
59022.261313 19.841877      NaN    -5    14 c    0    1.53 167.68551 4.84744  9325.66  6915.25 2.57 2.55  69.2 -0.403    19.45 20.83 02a59022o0039c 0x000000  -0.357143
59022.272366 19.719755 0.231008    47    10 c    0    2.47 167.68551 4.84744  9346.44  6798.31 2.63 2.58  40.0 -0.396    19.54 21.11 02a59022o0063c 0x000000   4.700000
59042.255327 18.089294      NaN    31    60 c    0    1.20 167.68551 4.84744  9380.45  8831.12 2.80 2.60  33.2 -0.387    18.14 19.24 02a59042o0026c 0x100002   0.516667
59042.258550 18.474346      NaN    46    34 c    0    1.45 167.68551 4.84744  9360.80  8792.45 2.72 2.61  25.5 -0.367    18.75 19.86 02a59042o0033c 0x100002   1.352941
59042.266871 18.776955      NaN    46    22 c    0    1.40 167.68551 4.84744  9418.64  8870.79 2.75 2.64  22.5 -0.395    19.13 20.41 02a59042o0051c 0x000000   2.090909
59042.277502 19.454622      NaN    -3    20 c    0    2.16 167.68551 4.84744  9437.32  8752.50 3.03 2.69  19.0 -0.363    19.02 20.48 02a59042o0074c 0x000000  -0.150000
59170.626681 20.207197      NaN   -30    10 c    0    2.82 167.68551 4.84744  9354.25  1855.29 2.53 2.47 -15.4 -0.384    19.40 21.00 02a59170o0864c 0x000000  -3.000000
59170.636853 20.207197      NaN   -11    10 c    0    3.89 167.68551 4.84744  9369.62  1895.82 2.49 2.40  19.8 -0.393    19.44 21.00 02a59170o0886c 0x000000  -1.100000
59170.647068 20.103715      NaN   -14    11 c    0    3.16 167.68551 4.84744  9314.02  1817.85 2.50 2.33 -52.7 -0.400    19.43 20.81 02a59170o0908c 0x000000  -1.272727
59170.652103 19.401649      NaN    18    15 c    0    2.10 167.68551 4.84744  9293.95  1935.96 2.45 2.32 -52.9 -0.403    19.16 20.30 02a59170o0919c 0x000000   1.200000
59194.594341 20.321591      NaN   -50     9 c    0    2.99 167.68551 4.84744 10274.33  5937.03 2.61 2.56 -56.7 -0.406    19.69 21.41 02a59194o0887c 0x000000  -5.555556
59194.598492 20.321591      NaN   -43     9 c    0    3.73 167.68551 4.84744 10295.51  5975.68 2.61 2.57 -42.9 -0.403    19.66 21.42 02a59194o0896c 0x000000  -4.777778
59194.610294 20.103715      NaN   -38    11 c    0    3.67 167.68551 4.84744 10239.19  5898.46 2.61 2.56 -55.0 -0.408    19.68 21.38 02a59194o0921c 0x000000  -3.454545
59194.616275 20.321591      NaN   -50     9 c    0    4.07 167.68551 4.84744 10221.13  6015.30 2.61 2.58  -1.2 -0.407    19.67 21.38 02a59194o0934c 0x000000  -5.555556
59196.544518 20.009244      NaN   -56    12 c    0    1.42 167.68551 4.84744  8515.85  2794.54 3.70 3.53   8.4 -0.308    19.24 21.39 01a59196o0326c 0x000000  -4.666667
59196.582621 19.589310      NaN     2    17 c    0    1.37 167.68551 4.84744  8493.08  2751.74 4.81 4.78 -85.8 -0.285    18.95 21.45 01a59196o0342c 0x000000   0.117647
59196.608818 19.922338      NaN   -30    13 c    0    1.41 167.68551 4.84744  8550.24  2822.25 3.76 3.48 -80.2 -0.349    19.33 21.45 01a59196o0396c 0x000000  -2.307692
59196.617193 20.103715      NaN   -20    11 c    0    2.02 167.68551 4.84744  8571.89  2709.32 3.56 3.48 -71.3 -0.365    19.28 21.44 01a59196o0414c 0x000000  -1.818182
59196.663361 18.990530 0.295037    92    25 c    0    1.37 167.68551 4.84744  8530.79  2768.02 3.81 3.58 -63.5 -0.333    18.56 19.79 01a59196o0512c 0x000000   3.680000
59198.578382 19.183773      NaN    32    15 c    0    1.94 167.68551 4.84744 10272.22  5936.53 2.69 2.60  -6.5 -0.400    19.11 20.84 02a59198o0851c 0x000000   2.133333
59198.580211 19.696897      NaN   -36    16 c    0    2.87 167.68551 4.84744 10292.18  5976.68 2.64 2.58 -28.1 -0.401    18.93 20.63 02a59198o0855c 0x000000  -2.250000
59198.582965 19.841877      NaN   -94    14 c    0    2.17 167.68551 4.84744 10232.13  5898.42 2.61 2.56  17.7 -0.400    19.10 20.80 02a59198o0861c 0x000000  -6.714286
59198.585273 19.454622      NaN   -56    20 c    0    2.13 167.68551 4.84744    39.21  5957.56 2.42 2.28 -45.9 -0.351    18.95 20.60 02a59198o0866c 0x000000  -2.800000
59198.588041 18.944322      NaN    39    19 c    0    2.04 167.68551 4.84744 10211.81  6015.57 2.65 2.63  42.9 -0.396    18.97 20.69 02a59198o0872c 0x000000   2.052632
59204.568069 19.950541 0.228576    38     8 c    0    4.31 167.68551 4.84744  3578.06  9085.40 2.28 2.14 -49.0 -0.382    19.83 21.66 01a59204o0750c 0x000000   4.750000
59204.573154 20.207197      NaN   -18    10 c    0    5.77 167.68551 4.84744  3559.90  9047.97 2.26 2.04 -64.9 -0.385    19.85 21.65 01a59204o0761c 0x000000  -1.800000
59204.584135 20.321591      NaN     3     8 c    0    3.92 167.68551 4.84744  3620.91  9127.07 2.31 2.10 -45.8 -0.377    19.80 21.71 01a59204o0784c 0x000000   0.375000
59204.592016 20.103715      NaN     6     9 c    0    9.44 167.68551 4.84744  3644.01  9011.58 2.28 2.08 -57.7 -0.383    19.85 21.68 01a59204o0801c 0x000000   0.666667
59206.562191 20.137125      NaN     2    10 c    0    2.56 167.68551 4.84744  8321.25  6033.98 2.60 2.49  39.2 -0.393    19.69 21.53 02a59206o0792c 0x000000   0.200000
59206.565391 20.207197      NaN    -8    10 c    0    2.84 167.68551 4.84744  8340.90  6073.28 2.57 2.45  55.4 -0.393    19.72 21.52 02a59206o0799c 0x000000  -0.800000
59206.569065 20.282105      NaN     1     9 c    0    3.26 167.68551 4.84744  8282.05  5996.01 2.56 2.43  44.8 -0.396    19.72 21.54 02a59206o0807c 0x000000   0.111111
59206.574110 20.321591      NaN   -28     9 c    0    4.34 167.68551 4.84744  8261.99  6111.82 2.61 2.44  37.5 -0.392    19.76 21.58 02a59206o0818c 0x000000  -3.111111
59208.585198 19.631075      NaN    24     9 c    0    3.15 167.68551 4.84744  8605.81  4726.59 3.20 2.58  -3.2 -0.366    19.61 21.57 01a59208o0827c 0x000000   2.666667
59208.587961 20.449472      NaN    -7     8 c    0    2.93 167.68551 4.84744  8585.91  4687.86 2.68 2.55 -15.4 -0.376    19.72 21.58 01a59208o0833c 0x000000  -0.875000
59208.590729 20.039830 0.248168    35     8 c    0    5.10 167.68551 4.84744  8643.34  4764.15 2.66 2.58 -16.7 -0.374    19.74 21.58 01a59208o0839c 0x000000   4.375000
59208.598098 20.207197 0.361912    30    10 c    0    2.19 167.68551 4.84744  8664.62  4644.84 2.68 2.53 -14.8 -0.384    19.77 21.60 01a59208o0854c 0x000000   3.000000
59224.541569 20.321591      NaN   -33     9 c    0    3.73 167.68551 4.84744  4201.77  4432.08 2.40 2.30 -15.7 -0.369    19.79 21.79 01a59224o0688c 0x000000  -3.666667
59224.544794 20.594452      NaN   -44     7 c    0    4.03 167.68551 4.84744  4181.85  4392.85 2.46 2.38   4.5 -0.366    19.75 21.79 01a59224o0695c 0x000000  -6.285714
59224.568441 20.449472      NaN   -18     8 c    0    2.83 167.68551 4.84744  4239.61  4472.28 2.39 2.29 -80.1 -0.366    19.80 21.78 01a59224o0744c 0x000000  -2.250000
59224.571667 20.449472      NaN   -27     8 c    0    2.46 167.68551 4.84744  4259.58  4356.79 2.60 2.37  -3.9 -0.357    19.74 21.77 01a59224o0751c 0x000000  -3.375000
59226.465556 20.207197      NaN   -37    10 c    0    3.95 167.68551 4.84744  8501.53  9934.60 2.93 2.75 -50.7 -0.392    19.72 21.69 02a59226o0588c 0x000000  -3.700000
59226.474805 20.103715      NaN   -71    11 c    0    2.82 167.68551 4.84744  8533.14  9971.24 2.89 2.67 -52.8 -0.391    19.71 21.73 02a59226o0608c 0x000000  -6.454545
59226.489514 20.103715      NaN   -38    11 c    0    3.05 167.68551 4.84744  8476.05  9891.56 2.79 2.64 -56.9 -0.393    19.75 21.77 02a59226o0640c 0x000000  -3.454545
59226.514515 20.207197      NaN   -14    10 c    0    2.74 167.68551 4.84744  8448.68 10014.92 2.82 2.74 -59.6 -0.391    19.77 21.80 02a59226o0693c 0x000000  -1.400000
59228.481617 20.594452      NaN   -56     7 c    0    3.61 167.68551 4.84744  4202.74  4433.20 3.15 3.06  26.5 -0.337    19.47 21.76 01a59228o0340c 0x000000  -8.000000
59228.508876 20.321591      NaN   -70     9 c    0    2.53 167.68551 4.84744  4180.40  4392.24 3.00 2.81  12.8 -0.346    19.55 21.81 01a59228o0397c 0x000000  -7.777778
59228.514167 20.449472      NaN   -62     8 c    0    2.23 167.68551 4.84744  4238.46  4470.96 2.91 2.77 -15.2 -0.332    19.60 21.84 01a59228o0408c 0x000000  -7.750000
59228.517865 20.449472      NaN   -59     8 c    0    2.62 167.68551 4.84744  4258.66  4355.42 3.27 3.12 -30.3 -0.331    19.49 21.84 01a59228o0416c 0x000000  -7.375000
59230.472275 20.207197      NaN   -89    10 c    0    2.78 167.68551 4.84744  8504.80  9933.90 2.91 2.85 -51.1 -0.380    19.65 21.60 02a59230o0593c 0x000000  -8.900000
59230.479601 20.321591      NaN   -16     9 c    0    4.57 167.68551 4.84744  8532.86  9971.53 2.88 2.73 -55.5 -0.387    19.70 21.62 02a59230o0609c 0x000000  -1.777778
59230.481893 20.009244      NaN     9     9 c    0    4.24 167.68551 4.84744  8468.50  9891.36 2.75 2.69 -77.3 -0.384    19.67 21.63 02a59230o0614c 0x000000   1.000000
59230.493814 20.103715      NaN   -19    11 c    0    3.14 167.68551 4.84744  8454.58 10011.59 2.81 2.59 -54.9 -0.388    19.71 21.66 02a59230o0640c 0x000000  -1.727273
59232.505069 20.009244      NaN   -61    12 c    0    1.51 167.68551 4.84744 10392.65   730.90 3.10 2.92 -28.6 -0.344    19.58 21.66 01a59232o0536c 0x000000  -5.083333
59232.507836 18.191747 0.090478   192    16 c    0    6.61 167.68551 4.84744    96.43   732.15 2.48 2.19  55.8 -0.497    19.69 21.68 01a59232o0542c 0x000000  12.000000
59232.509223 20.207197      NaN   -25    10 c    0    4.16 167.68551 4.84744 10370.69   691.40 2.78 2.17 -89.9 -0.389    19.74 21.65 01a59232o0545c 0x000000  -2.500000
59232.511065 18.214605 0.103953   188    18 c    0    4.69 167.68551 4.84744    76.10   693.90 2.76 2.42  44.4 -0.420    19.67 21.69 01a59232o0549c 0x000000  10.444444
59232.515214 20.207197      NaN   -15    10 c    0    4.39 167.68551 4.84744 10428.56   769.65 2.90 2.25  88.4 -0.385    19.75 21.67 01a59232o0558c 0x000000  -1.500000
59232.516594 19.026525 0.158591    89    13 c    0    4.21 167.68551 4.84744   134.40   773.32 2.58 2.18  61.9 -0.438    19.68 21.70 01a59232o0561c 0x000000   6.846154
59232.526737 20.103715      NaN   -65    11 c    0    3.99 167.68551 4.84744 10451.48   649.91 3.01 2.49  84.3 -0.386    19.64 21.70 01a59232o0582c 0x000000  -5.909091
59232.527198 19.472870      NaN    29    10 c    0    4.91 167.68551 4.84744   154.14   655.81 2.76 2.53  42.8 -0.405    19.60 21.72 01a59232o0583c 0x000000   2.900000
59234.535519 20.207197      NaN   -19    10 c    0    2.51 167.68551 4.84744  3154.00  1669.70 2.33 2.24 -66.8 -0.415    19.69 21.61 02a59234o0488c 0x000000  -1.900000
59234.538725 17.858399      NaN  -132    87 c    0    1.20 167.68551 4.84744  3173.26  1708.81 2.30 2.22 -65.6 -0.412    17.39 19.14 02a59234o0495c 0x100002  -1.517241
59234.541472 19.212347      NaN   -13    25 c    0    1.81 167.68551 4.84744  3115.57  1630.44 2.33 2.22 -64.6 -0.412    18.26 20.03 02a59234o0501c 0x000000  -0.520000
59234.562589 20.449472      NaN    -4     8 c    0    2.05 167.68551 4.84744  3096.26  1747.03 2.29 2.22 -65.9 -0.412    19.76 21.69 02a59234o0546c 0x000000  -0.500000
59252.523174 19.979496 0.234754    37     8 c    0    2.54 167.68551 4.84744  7060.92  3411.30 3.09 2.81 -77.8 -0.373    19.62 22.00 01a59252o0689c 0x000000   4.625000
59252.526402 20.594452      NaN   -11     7 c    0    5.61 167.68551 4.84744  7081.35  3449.87 2.64 2.43 -80.1 -0.388    19.77 22.00 01a59252o0696c 0x000000  -1.571429
59252.532282 20.594452      NaN   -12     7 c    0    3.54 167.68551 4.84744  7023.46  3371.67 2.74 2.56 -81.8 -0.379    19.74 21.98 01a59252o0708c 0x000000  -1.714286
59252.545225 20.449472      NaN   -18     8 c    0    3.36 167.68551 4.84744  7007.60  3486.82 2.81 2.59 -80.3 -0.380    19.70 21.95 01a59252o0736c 0x000000  -2.250000
59256.526152 20.449472      NaN   -32     8 c    0    4.53 167.68551 4.84744  8405.83  7969.62 2.62 2.55  72.4 -0.350    19.81 21.94 01a59256o0691c 0x000000  -4.000000
59256.560468 20.321591      NaN   -59     9 c    0    4.35 167.68551 4.84744  8431.69  8002.62 2.79 2.66  74.8 -0.352    19.69 21.93 01a59256o0763c 0x000000  -6.555556
59256.565179 20.449472      NaN   -52     8 c    0    2.84 167.68551 4.84744  8371.08  7923.55 2.84 2.68  82.5 -0.344    19.69 21.94 01a59256o0773c 0x000000  -6.500000
59256.593729 20.449472      NaN   -15     8 c    0    2.82 167.68551 4.84744  8361.03  8041.04 2.68 2.56  72.7 -0.357    19.71 21.92 01a59256o0834c 0x000000  -1.875000
59258.427026 19.609992      NaN    25     9 c    0    2.46 167.68551 4.84744  5177.51  3514.44 2.94 2.52  37.0 -0.381    19.62 21.57 02a59258o0457c 0x000000   2.777778
59258.431225 20.449472      NaN   -26     8 c    0    3.63 167.68551 4.84744  5200.02  3553.13 2.79 2.64  35.4 -0.402    19.58 21.58 02a59258o0466c 0x000000  -3.250000
59258.448446 20.207197      NaN     3     9 c    0    7.64 167.68551 4.84744  5141.73  3477.58 2.92 2.80  47.2 -0.396    19.55 21.60 02a59258o0502c 0x000000   0.333333
59258.453986 20.449472      NaN     0     8 c    0    5.03 167.68551 4.84744  5123.86  3593.23 2.81 2.65  39.5 -0.393    19.59 21.61 02a59258o0514c 0x000000   0.000000
59260.430902 20.449472      NaN   -24     8 c    0    4.22 167.68551 4.84744  2163.77  2591.67 2.44 2.36  13.7 -0.391    19.74 21.71 01a59260o0379c 0x000000  -3.000000
59260.433677 20.207197      NaN   -29    10 c    0    2.17 167.68551 4.84744  2141.91  2553.29 2.61 2.55  70.7 -0.388    19.67 21.72 01a59260o0385c 0x000000  -2.900000
59260.446765 20.207197      NaN     3     9 c    0    3.64 167.68551 4.84744  2200.83  2632.40 2.70 2.66  75.9 -0.366    19.66 21.74 01a59260o0413c 0x000000   0.333333
59260.451900 19.841877      NaN    18     8 c    0    4.63 167.68551 4.84744  2219.42  2515.26 2.40 2.34  41.4 -0.388    19.74 21.76 01a59260o0424c 0x000000   2.250000
59262.510023 20.103715      NaN   -29    11 c    0    2.60 167.68551 4.84744  5401.48  7043.51 2.79 2.39  41.7 -0.390    19.61 21.44 02a59262o0645c 0x000000  -2.636364
59262.513687 20.009244      NaN   -24    12 c    0    2.35 167.68551 4.84744  5382.65  7007.38 2.81 2.41  44.0 -0.391    19.45 21.27 02a59262o0653c 0x000000  -2.000000
59262.549111 20.207197      NaN    -6    10 c    0    4.48 167.68551 4.84744  5437.25  7085.14 2.74 2.39  45.7 -0.391    19.59 21.42 02a59262o0728c 0x000000  -0.600000
59262.556278 20.103715      NaN   -15    11 c    0    2.06 167.68551 4.84744  5459.03  6967.41 2.79 2.48  45.2 -0.387    19.58 21.48 02a59262o0743c 0x000000  -1.363636
59264.486055 17.326476      NaN  -255   142 c    0    1.22 167.68551 4.84744  9308.11  1855.47 2.70 2.43 -31.1 -0.345    17.10 19.13 01a59264o0591c 0x100002  -1.795775
59264.489742 16.525306      NaN   -88   297 c    0    1.09 167.68551 4.84744  9328.20  1891.98 2.67 2.44 -26.2 -0.351    16.62 18.64 01a59264o0599c 0x100002  -0.296296
59264.495270 18.142010      NaN  -385    67 c    0    3.40 167.68551 4.84744  9271.34  1814.92 2.63 2.40 -21.7 -0.361    17.70 19.70 01a59264o0611c 0x100002  -5.746269
59266.642999 14.489373      NaN -2587  1937 c    0    0.96 167.68551 4.84744  5976.09   451.57 2.55 2.32 -65.7 -0.395    14.77 16.31 02a59266o0587c 0x100002  -1.335570
59266.647165 17.675104      NaN    60    83 c    0    1.39 167.68551 4.84744  5955.35   412.37 2.49 2.27 -65.1 -0.401    17.54 19.01 02a59266o0596c 0x100002   0.722892
59308.410132 20.207197      NaN     6     8 c    0   11.31 167.68551 4.84744  6468.10  8075.51 2.24 2.06  87.5 -0.397    19.97 21.59 01a59308o0206c 0x100001   0.750000
59308.413820 20.449472      NaN     3     7 c    0    7.90 167.68551 4.84744  6489.07  8113.84 2.51 2.23  89.4 -0.389    19.85 21.57 01a59308o0214c 0x000000   0.428571
59308.420727 19.950541      NaN    11     9 c    0    8.42 167.68551 4.84744  6429.84  8034.87 2.34 2.08  89.9 -0.394    19.98 21.59 01a59308o0229c 0x000000   1.222222
59308.431890 20.449472      NaN   -10     8 c    0    9.17 167.68551 4.84744  6412.10  8150.30 2.27 2.01 -85.8 -0.397    19.93 21.55 01a59308o0253c 0x000000  -1.250000
59312.416411 20.449472 0.361912    24     8 c    0   10.33 167.68551 4.84744  1267.75  3743.17 2.24 2.13  83.3 -0.397    19.97 21.75 01a59312o0429c 0x100001   3.000000
59312.419184 20.207197 0.289530    30     8 c    0    8.34 167.68551 4.84744  1287.62  3780.16 2.16 2.07 -87.8 -0.400    20.03 21.76 01a59312o0435c 0x000000   3.750000
59312.425286 19.472870      NaN    29    10 c    0    8.99 167.68551 4.84744  1227.86  3701.86 2.21 2.09 -89.6 -0.397    19.99 21.75 01a59312o0448c 0x000000   2.900000
59312.443140 20.594452      NaN   -16     7 c    0    8.27 167.68551 4.84744  1212.10  3817.80 2.42 2.22 -89.4 -0.395    19.93 21.70 01a59312o0486c 0x000000  -2.285714
59320.344231 17.751519      NaN -1011    96 c    0    4.65 167.68551 4.84744  8517.22  9921.99 3.15 2.29  89.7 -0.437    17.31 19.23 01a59320o0269c 0x100002 -10.531250
59320.354362 17.703584      NaN    10    97 c    0    4.17 167.68551 4.84744  8539.13  9959.79 2.84 2.25  88.8 -0.420    17.32 19.19 01a59320o0291c 0x100002   0.103093
59320.358065 20.103715      NaN   -45    11 c    0    6.17 167.68551 4.84744  8479.88  9885.96 3.02 2.19  86.5 -0.391    19.59 21.47 01a59320o0299c 0x000000  -4.090909
59320.363598 17.797727      NaN   -97    92 c    0    6.23 167.68551 4.84744  8462.45  9997.38 2.87 2.29  87.2 -0.418    17.37 19.21 01a59320o0311c 0x100002  -1.054348
59338.370994 19.472870 0.276035    59    15 c    0    3.82 167.68551 4.84744    93.95   726.23 2.61 2.26 -53.3 -0.438    19.32 20.97 02a59338o0234c 0x000000   3.933333
59338.371924 19.419021      NaN    14    16 c    0    3.64 167.68551 4.84744 10392.80   753.72 2.70 2.07 -53.7 -0.422    19.40 21.08 02a59338o0236c 0x000000   0.875000
59338.374666 19.226921      NaN    32    14 c    0    4.47 167.68551 4.84744    74.67   686.05 2.66 2.31 -53.7 -0.418    19.34 21.00 02a59338o0242c 0x000000   2.285714
59338.376037 19.569016      NaN    -1    18 c    0    2.67 167.68551 4.84744 10374.12   714.84 2.71 2.09 -51.0 -0.417    19.36 21.03 02a59338o0245c 0x000000  -0.055556
59338.406599 19.183773      NaN    35    14 c    0    2.48 167.68551 4.84744   133.91   760.45 2.56 2.23 -58.2 -0.433    19.34 20.98 02a59338o0311c 0x000000   2.500000
59338.407057 19.510313 0.304768    57    16 c    0    4.83 167.68551 4.84744 10434.29   790.95 2.79 2.09 -50.8 -0.415    19.43 21.08 02a59338o0312c 0x000000   3.562500
59338.416251 19.212347      NaN     9    22 c    0    1.16 167.68551 4.84744 10458.61   672.40 2.57 2.02 -51.4 -0.438    18.66 20.23 02a59338o0332c 0x000000   0.409091
59338.416708 19.115465      NaN    28    18 c    0    1.92 167.68551 4.84744   157.47   641.85 2.52 2.19 -55.8 -0.440    18.27 19.78 02a59338o0333c 0x000000   1.555556
59342.322926 19.922338      NaN   -43    13 c    0    5.45 167.68551 4.84744    96.48   724.70 2.51 2.18 -61.9 -0.452    19.69 21.58 02a59342o0188c 0x000000  -3.307692
59342.326666 19.841877      NaN    -8    14 c    0    9.75 167.68551 4.84744    76.31   684.86 2.50 2.19 -61.7 -0.422    19.68 21.57 02a59342o0196c 0x000000  -0.571429
59342.332626 20.321591      NaN   -17     9 c    0    9.53 167.68551 4.84744   137.10   764.34 2.43 2.18 -57.7 -0.443    19.70 21.49 02a59342o0209c 0x000000  -1.888889
59342.336293 19.922338      NaN    -6    13 c    0    2.69 167.68551 4.84744 10400.35   751.70 2.55 2.03 -53.0 -0.422    19.72 21.53 02a59342o0217c 0x000000  -0.461538
59342.339965 19.287255      NaN    34    12 c    0    7.05 167.68551 4.84744 10381.12   712.45 2.62 2.08 -54.0 -0.415    19.70 21.53 02a59342o0225c 0x000000   2.833333
59342.343174 20.321591      NaN   -54     9 c    0    4.85 167.68551 4.84744   157.82   646.73 2.43 2.19 -60.2 -0.428    19.69 21.49 02a59342o0232c 0x000000  -6.000000
59342.346436 20.207197      NaN   -24    10 c    0    4.10 167.68551 4.84744 10439.00   791.35 2.57 2.08 -53.5 -0.410    19.71 21.53 02a59342o0239c 0x000000  -2.400000
59342.369938 19.922338      NaN   -46    13 c    0    4.04 167.68551 4.84744 10465.34   671.95 2.54 2.03 -53.1 -0.423    19.69 21.46 02a59342o0290c 0x000000  -3.538462
59346.331047 20.321591      NaN   -37     9 c    0    2.46 167.68551 4.84744  7333.82  6965.71 2.68 2.45  47.8 -0.390    19.65 21.48 02a59346o0220c 0x000000  -4.111111
59346.334268 20.039830      NaN    11     8 c    0    3.31 167.68551 4.84744  7315.52  6925.67 2.65 2.48  51.5 -0.397    19.67 21.49 02a59346o0227c 0x000000   1.375000
59346.340711 19.816329      NaN    16     9 c    0    3.69 167.68551 4.84744  7372.29  7004.60 2.68 2.48  51.7 -0.390    19.65 21.48 02a59346o0241c 0x000000   1.777778
59346.353691 19.766969 0.265402    45    11 c    0    3.37 167.68551 4.84744  7395.24  6887.77 2.61 2.46  48.6 -0.393    19.64 21.47 02a59346o0269c 0x000000   4.090909
59350.303771 20.103715      NaN    -2    11 c    0    2.91 167.68551 4.84744  7338.04  6962.66 2.69 2.47  46.3 -0.390    19.58 21.22 02a59350o0154c 0x000000  -0.181818
59350.307896 20.207197      NaN   -36    10 c    0    2.28 167.68551 4.84744  7318.78  6923.86 2.68 2.50  50.4 -0.387    19.54 21.21 02a59350o0163c 0x000000  -3.600000
59350.314304 20.009244      NaN    -8    12 c    0    1.44 167.68551 4.84744  7377.74  7003.28 2.78 2.67  54.3 -0.389    19.48 21.21 02a59350o0177c 0x000000  -0.666667
59350.325391 19.472870      NaN    26    11 c    0    2.27 167.68551 4.84744  7394.66  6886.77 2.76 2.59  47.8 -0.386    19.42 21.11 02a59350o0201c 0x000000   2.363636
59368.304176 20.449472      NaN   -10     8 c    0    3.64 167.68551 4.84744  9420.04  3781.84 2.48 2.12 -85.8 -0.413    19.84 21.36 01a59368o0150c 0x000000  -1.250000
59368.307892 20.321591      NaN   -29     9 c    0    3.92 167.68551 4.84744  9439.11  3820.03 2.42 2.21 -83.7 -0.409    19.83 21.34 01a59368o0158c 0x000000  -3.222222
59368.314344 20.321591      NaN   -27     9 c    0    2.96 167.68551 4.84744  9380.01  3742.92 2.48 2.23 -83.6 -0.394    19.83 21.34 01a59368o0172c 0x000000  -3.000000
59368.325865 19.922338      NaN     9    10 c    0    5.13 167.68551 4.84744  9359.99  3861.58 2.48 2.23 -82.3 -0.397    19.79 21.32 01a59368o0197c 0x000000   0.900000
59372.261503 20.449472      NaN   -29     8 c    0    5.42 167.68551 4.84744  9412.22  3778.33 2.41 2.09 -84.9 -0.421    19.89 21.30 01a59372o0055c 0x000000  -3.625000
59372.266118 20.449472      NaN    -7     8 c    0    5.60 167.68551 4.84744  9432.60  3817.11 2.44 2.07 -84.6 -0.421    19.89 21.36 01a59372o0065c 0x000000  -0.875000
59372.272639 20.321591      NaN   -17     9 c    0    4.20 167.68551 4.84744  9374.22  3740.16 2.49 2.05 -84.5 -0.420    19.86 21.38 01a59372o0079c 0x000000  -1.888889
59372.283268 20.321591      NaN    -3     9 c    0    7.99 167.68551 4.84744  9355.79  3857.03 2.45 2.08 -85.3 -0.420    19.88 21.38 01a59372o0102c 0x000000  -0.333333
59376.294425 20.449472      NaN     0     8 c    0    2.79 167.68551 4.84744  4441.25  6235.01 2.29 2.08 -77.7 -0.394    19.78 21.26 01a59376o0124c 0x000000   0.000000
59376.297205 20.207197      NaN   -18    10 c    0    3.91 167.68551 4.84744  4461.08  6273.64 2.29 2.09 -80.0 -0.399    19.77 21.26 01a59376o0130c 0x000000  -1.800000
59376.302732 20.321591      NaN   -22     9 c    0    2.33 167.68551 4.84744  4402.44  6197.23 2.34 2.16 -75.1 -0.374    19.72 21.26 01a59376o0142c 0x000000  -2.444444
59376.315188 19.652575      NaN    17    11 c    0    3.62 167.68551 4.84744  4378.90  6312.81 2.42 2.16 -76.7 -0.386    19.70 21.22 01a59376o0169c 0x000000   1.545455
59380.248686 20.103715      NaN   -30    11 c    0    5.65 167.68551 4.84744  4433.60  6234.66 2.17 1.99 -82.9 -0.381    19.32 20.13 01a59380o0022c 0x000000  -2.727273
59380.251911 20.009244      NaN     6    10 c    0    3.24 167.68551 4.84744  4454.50  6273.36 2.18 1.97 -84.0 -0.390    19.47 20.47 01a59380o0029c 0x000000   0.600000
59380.259752 20.009244      NaN    -6    12 c    0    1.65 167.68551 4.84744  4395.25  6195.16 2.22 1.96 -83.8 -0.393    19.58 20.72 01a59380o0046c 0x000000  -0.500000
59380.275921 20.282105      NaN     1     9 c    0    7.62 167.68551 4.84744  4376.65  6309.60 2.22 1.96 -80.1 -0.397    19.65 20.89 01a59380o0081c 0x000000   0.111111
59394.266902 20.009244      NaN   -33    12 c    0    2.11 167.68551 4.84744   313.54  4629.92 2.36 2.19 -61.3 -0.401    19.36 20.66 02a59394o0050c 0x000000  -2.750000
59394.271030 20.207197      NaN   -20    10 c    0    5.45 167.68551 4.84744   295.03  4590.48 2.38 2.14 -56.8 -0.395    19.37 20.70 02a59394o0059c 0x000000  -2.000000
59394.276529 20.009244      NaN   -35    12 c    0    2.63 167.68551 4.84744   353.89  4667.85 2.36 2.16 -60.4 -0.406    19.39 20.67 02a59394o0071c 0x000000  -2.916667
59394.288463 19.841877      NaN   -21    14 c    0    2.57 167.68551 4.84744   379.27  4548.39 2.34 2.18 -60.9 -0.401    19.33 20.64 02a59394o0097c 0x000000  -1.500000
59402.259095 19.419021      NaN     2    20 c    0    1.88 167.68551 4.84744  2267.27  4530.53 2.39 2.25 -72.6 -0.414    18.77 19.81 02a59402o0036c 0x000000   0.100000
59402.262320 19.766969      NaN   -36    15 c    0    1.75 167.68551 4.84744  2246.69  4491.67 2.38 2.27 -88.0 -0.410    19.04 20.16 02a59402o0043c 0x000000  -2.400000
59402.267807 19.631075      NaN    12    13 c    0    2.86 167.68551 4.84744  2306.85  4567.95 2.41 2.22 -64.0 -0.417    19.16 20.43 02a59402o0055c 0x000000   0.923077
59402.279710 19.816329      NaN    10    11 c    0    3.64 167.68551 4.84744  2325.52  4452.74 2.38 2.26 -69.0 -0.406    19.18 20.47 02a59402o0081c 0x000000   0.909091
59526.629388 19.766969      NaN    -9    15 c    0    2.79 167.68551 4.84744  6531.83 10019.25 2.79 2.70 -67.0 -0.394    19.26 20.66 02a59526o0971c 0x000000  -0.600000
59526.633504 19.652575      NaN     5    15 c    0    2.11 167.68551 4.84744  6550.85 10058.65 2.93 2.89  61.7 -0.395    19.19 20.66 02a59526o0980c 0x000000   0.333333
59526.638688 19.549093      NaN     4    17 c    0    1.93 167.68551 4.84744  6495.80  9980.77 2.78 2.69 -61.9 -0.394    19.28 20.62 02a59526o0991c 0x000000   0.235294
59526.652585 18.438271      NaN   -37    51 c    0    1.13 167.68551 4.84744  6477.80 10098.54 2.72 2.65 -72.7 -0.399    18.29 18.92 02a59526o1020c 0x100002  -0.725490
59527.617494 18.910912      NaN   -67    33 c    0    1.30 167.68551 4.84744  6533.51 10019.41 2.82 2.60  21.3 -0.393    18.52 20.65 02a59527o0908c 0x100002  -2.030303
59527.619341 19.302877      NaN   -61    23 c    0    2.02 167.68551 4.84744  6556.56 10060.28 2.70 2.48 -31.0 -0.418    18.64 20.72 02a59527o0912c 0x000000  -2.652174
59527.630647 19.569016      NaN   -26    18 c    0    2.54 167.68551 4.84744  6499.85  9982.08 2.65 2.49  -2.2 -0.420    18.74 20.68 02a59527o0936c 0x000000  -1.444444
59527.641513 19.014394      NaN   -20    30 c    0    1.17 167.68551 4.84744  6477.53 10098.45 2.66 2.52  17.9 -0.392    18.65 20.40 02a59527o0959c 0x100002  -0.666667
59586.506713 20.103715      NaN   -41    11 c    0    1.57 167.68551 4.84744  5074.54  1575.00 2.60 2.29  50.6 -0.407    19.55 21.56 02a59586o0637c 0x000000  -3.727273
59586.512218 19.652575      NaN     8    14 c    0    2.00 167.68551 4.84744  5100.73  1610.93 2.64 2.57 -84.5 -0.410    19.11 21.19 02a59586o0649c 0x000000   0.571429
59586.514072 20.207197      NaN   -50    10 c    0    7.01 167.68551 4.84744  5039.86  1533.66 2.38 2.29  81.1 -0.417    19.64 21.61 02a59586o0653c 0x000000  -5.000000
59586.524595 20.103715      NaN    -4    11 c    0    2.44 167.68551 4.84744  5023.48  1649.37 2.36 2.30 -88.3 -0.417    19.67 21.66 02a59586o0676c 0x000000  -0.363636