         MJD         m       dm  uJy  duJy F  err  chi/N        RA       Dec        x        y  maj  min   phi  apfit  mag5sig   Sky            Obs     Mask    __tmp_SN
57715.593943 19.510313      NaN -493    19 c    0   1.26 121.39408 -11.43802  2638.91  6729.84 4.99 4.47   9.3 -0.354    19.26 21.32 02a57715o0672c 0x000000  -25.947368
57715.607950 19.569016      NaN -526    18 c    0   0.95 121.39408 -11.43802  2619.52  6693.81 4.28 4.11  47.0 -0.371    19.35 21.27 02a57715o0699c 0x000000  -29.222222
57715.621932 19.401649      NaN -536    21 c    0   0.93 121.39408 -11.43802  2677.95  6771.34 5.01 4.22   5.6 -0.349    19.22 21.22 02a57715o0726c 0x000000  -25.523810
57715.635883 19.510313      NaN -497    19 c    0   1.00 121.39408 -11.43802  2699.05  6655.80 4.25 4.14  55.2 -0.371    19.28 21.16 02a57715o0753c 0x000000  -26.157895
57715.649375 19.212347      NaN -538    25 c    0   0.81 121.39408 -11.43802  2662.91  6713.48 4.59 4.34  12.4 -0.356    19.11 20.94 02a57715o0779c 0x000000  -21.520000
57747.507307 19.696897      NaN -489    16 c    0   1.10 121.39408 -11.43802  2668.15  6994.70 4.35 3.78  10.7 -0.401    19.63 21.79 02a57747o0642c 0x000000  -30.562500
57747.520818 19.766969      NaN -508    15 c    0   1.00 121.39408 -11.43802  2650.83  6955.87 4.01 3.75  20.9 -0.404    19.69 21.80 02a57747o0669c 0x000000  -33.866667
57747.534327 19.841877      NaN -537    14 c    0   1.09 121.39408 -11.43802  2707.92  7034.74 4.25 3.76  11.3 -0.408    19.64 21.78 02a57747o0696c 0x000000  -38.357143
57747.547336 19.510313      NaN -494    19 c    0   0.69 121.39408 -11.43802  2727.49  6917.92 4.35 3.92  10.1 -0.385    19.59 21.74 02a57747o0722c 0x000000  -26.000000
57747.560324 19.510313      NaN -516    19 c    0   1.04 121.39408 -11.43802  2690.19  6974.57 5.01 4.02   4.5 -0.361    19.48 21.70 02a57747o0748c 0x000000  -27.157895
57751.502885 19.922338      NaN -483    13 c    0   1.08 121.39408 -11.43802  6069.47  5964.03 3.70 3.55 -86.5 -0.414    19.83 21.93 02a57751o0153c 0x000000  -37.153846
57751.515941 19.766969      NaN -506    15 c    0   0.96 121.39408 -11.43802  6051.70  5928.85 3.73 3.58 -88.2 -0.408    19.82 21.94 02a57751o0179c 0x000000  -33.733333
57751.529054 19.922338      NaN -485    13 c    0   0.94 121.39408 -11.43802  6109.37  6006.28 3.73 3.56  89.1 -0.410    19.82 21.93 02a57751o0205c 0x000000  -37.307692
57751.542694 19.696897      NaN -509    16 c    0   0.98 121.39408 -11.43802  6127.37  5891.03 3.83 3.66  89.4 -0.398    19.76 21.87 02a57751o0232c 0x000000  -31.812500
57751.555283 19.766969      NaN -497    15 c    0   0.85 121.39408 -11.43802  6090.23  5952.06 3.76 3.59  89.8 -0.406    19.76 21.83 02a57751o0257c 0x000000  -33.133333
57755.493933 19.766969      NaN -542    15 c    0   0.97 121.39408 -11.43802  4864.87  8321.75 3.68 3.56  32.2 -0.444    19.76 21.79 02a57755o0576c 0x000000  -36.133333
57755.506444 19.766969      NaN -529    15 c    0   0.99 121.39408 -11.43802  4847.40  8285.29 3.55 3.47  23.7 -0.461    19.78 21.79 02a57755o0600c 0x000000  -35.266667
57755.519999 19.841877      NaN -540    14 c    0   1.23 121.39408 -11.43802  4904.56  8363.36 3.56 3.49  21.4 -0.455    19.78 21.82 02a57755o0626c 0x000000  -38.571429
57755.532909 19.631075      NaN -500    17 c    0   0.75 121.39408 -11.43802  4924.94  8247.30 3.64 3.54  20.3 -0.447    19.77 21.83 02a57755o0651c 0x000000  -29.411765
57755.545828 19.696897      NaN -508    16 c    0   0.94 121.39408 -11.43802  4887.97  8305.21 3.60 3.57  39.2 -0.452    19.76 21.81 02a57755o0675c 0x000000  -31.750000
57779.432413 19.841877      NaN -502    14 c    0   1.17 121.39408 -11.43802  4336.60  8660.51 3.58 3.31   2.1 -0.411    19.76 21.81 02a57779o0419c 0x000000  -35.857143
57779.447612 19.631075      NaN -495    17 c    0   0.85 121.39408 -11.43802  4319.47  8622.01 3.58 3.30   0.0 -0.413    19.76 21.79 02a57779o0448c 0x000000  -29.117647
57779.462696 19.569016      NaN -532    18 c    0   0.94 121.39408 -11.43802  4376.98  8703.55 3.66 3.30   0.6 -0.410    19.73 21.78 02a57779o0477c 0x000000  -29.555556
57779.478272 19.631075      NaN -497    17 c    0   1.19 121.39408 -11.43802  4396.44  8586.04 4.01 3.52   6.5 -0.433    19.66 21.76 02a57779o0507c 0x000000  -29.235294
57779.493775 19.569016      NaN -525    18 c    0   0.96 121.39408 -11.43802  4360.43  8642.83 4.30 3.56   3.8 -0.413    19.60 21.72 02a57779o0537c 0x000000  -29.166667
57783.428581 19.922338      NaN -524    13 c    0   1.26 121.39408 -11.43802  3411.43  6829.25 3.79 3.71  79.6 -0.395    19.64 21.66 02a57783o0406c 0x000000  -40.307692
57783.444334 19.631075      NaN -517    17 c    0   0.90 121.39408 -11.43802  3394.63  6790.77 3.77 3.68  84.3 -0.396    19.67 21.69 02a57783o0435c 0x000000  -30.411765
57783.459509 19.696897      NaN -482    16 c    0   0.87 121.39408 -11.43802  3453.28  6870.86 3.77 3.68  80.7 -0.399    19.65 21.66 02a57783o0464c 0x000000  -30.125000
57783.474137 19.696897      NaN -501    16 c    0   0.85 121.39408 -11.43802  3474.27  6753.92 3.83 3.81 -76.3 -0.388    19.62 21.66 02a57783o0492c 0x000000  -31.312500
57783.489767 19.766969      NaN -494    15 c    0   1.06 121.39408 -11.43802  3437.14  6810.30 3.81 3.78   4.6 -0.393    19.61 21.66 02a57783o0522c 0x000000  -32.933333
57787.388689 19.569016      NaN -499    18 c    0   0.89 121.39408 -11.43802  2585.81  5606.77 3.85 3.75  62.8 -0.390    19.42 21.20 02a57787o0340c 0x000000  -27.722222
57787.407283 19.631075      NaN -502    17 c    0   0.96 121.39408 -11.43802  2567.64  5568.71 3.98 3.84  60.7 -0.384    19.52 21.48 02a57787o0361c 0x000000  -29.529412
57787.421164 19.766969      NaN -494    15 c    0   0.79 121.39408 -11.43802  2624.36  5646.94 3.94 3.80  65.2 -0.386    19.70 21.81 02a57787o0389c 0x000000  -32.933333
57787.432031 19.696897      NaN -517    16 c    0   0.78 121.39408 -11.43802  2643.71  5530.09 3.90 3.77  69.3 -0.393    19.74 21.89 02a57787o0411c 0x000000  -32.312500
57787.448802 19.841877      NaN -487    14 c    0   1.06 121.39408 -11.43802  2608.89  5592.37 3.91 3.80  63.1 -0.387    19.73 21.90 02a57787o0445c 0x000000  -34.785714
57803.415660 19.696897      NaN -522    16 c    0   0.97 121.39408 -11.43802  5419.46  7059.44 3.81 3.68  80.7 -0.408    19.69 21.79 02a57803o0380c 0x000000  -32.625000
57803.427318 19.766969      NaN -508    15 c    0   1.04 121.39408 -11.43802  5402.60  7020.70 3.81 3.70  79.6 -0.403    19.68 21.77 02a57803o0403c 0x000000  -33.866667
57803.439014 18.574166      NaN -462    45 c    0   0.94 121.39408 -11.43802  5459.38  7098.12 3.79 3.71  65.6 -0.402    18.45 20.38 02a57803o0426c 0x100002  -10.266667
57803.451201 19.841877      NaN -486    14 c    0   1.14 121.39408 -11.43802  5480.07  6981.59 3.72 3.61  80.1 -0.407    19.64 21.69 02a57803o0450c 0x000000  -34.714286
57803.462875 19.696897      NaN -523    16 c    0   1.08 121.39408 -11.43802  5443.53  7037.40 3.71 3.61  69.5 -0.409    19.51 21.52 02a57803o0473c 0x000000  -32.687500
57807.399035 19.631075      NaN -527    17 c    0   1.03 121.39408 -11.43802  2692.25  8736.29 3.74 3.55  26.3 -0.431    19.70 21.76 02a57807o0332c 0x000000  -31.000000
57807.414113 19.454622      NaN -539    20 c    0   0.83 121.39408 -11.43802  2676.62  8696.05 3.77 3.63  29.7 -0.429    19.68 21.73 02a57807o0361c 0x000000  -26.950000
57807.429145 19.631075      NaN -494    17 c    0   1.22 121.39408 -11.43802  2736.11  8773.69 3.80 3.59  26.1 -0.428    19.66 21.72 02a57807o0390c 0x000000  -29.058824
57807.459630 19.696897      NaN -498    16 c    0   1.13 121.39408 -11.43802  2719.91  8710.79 3.79 3.67  22.8 -0.419    19.60 21.62 02a57807o0449c 0x000000  -31.125000
57811.390638 19.696897      NaN -523    16 c    0   0.88 121.39408 -11.43802  2972.86  6408.14 3.86 3.74  85.4 -0.394    19.69 21.81 02a57811o0322c 0x000000  -32.687500
57811.405891 19.569016      NaN -517    18 c    0   0.95 121.39408 -11.43802  2955.96  6368.13 3.83 3.71 -89.7 -0.395    19.55 21.61 02a57811o0351c 0x000000  -28.722222
57811.421076 19.696897      NaN -523    16 c    0   1.25 121.39408 -11.43802  3016.65  6445.57 3.87 3.85 -15.3 -0.384    19.48 21.59 02a57811o0380c 0x000000  -32.687500
57811.436100 18.786693      NaN -529    37 c    0   0.91 121.39408 -11.43802  3038.69  6327.22 3.78 3.70 -87.8 -0.393    18.68 20.62 02a57811o0409c 0x100002  -14.297297
57811.451765 19.089302      NaN -498    28 c    0   0.96 121.39408 -11.43802  3002.33  6382.90 3.81 3.71 -84.4 -0.393    18.85 20.79 02a57811o0439c 0x100002  -17.785714
57835.332973 19.351140      NaN -532    22 c    0   1.14 121.39408 -11.43802  3746.27  8064.61 3.77 3.62  31.3 -0.435    18.95 20.86 02a57835o0138c 0x000000  -24.181818
57835.348855 19.351140      NaN -483    22 c    0   1.06 121.39408 -11.43802  3729.40  8023.63 3.77 3.62  30.9 -0.437    18.95 20.86 02a57835o0168c 0x000000  -21.954545
57835.364569 19.510313      NaN -473    19 c    0   1.27 121.39408 -11.43802  3786.49  8100.17 3.75 3.61  31.5 -0.440    18.92 20.81 02a57835o0198c 0x000000  -24.894737
57835.380257 19.510313      NaN -510    19 c    0   1.32 121.39408 -11.43802  3807.92  7982.72 3.78 3.63  25.5 -0.436    18.90 20.79 02a57835o0228c 0x000000  -26.842105
57835.395337 19.351140      NaN -482    22 c    0   1.08 121.39408 -11.43802  3772.77  8038.16 3.81 3.58  20.2 -0.435    18.86 20.73 02a57835o0257c 0x000000  -21.909091
57839.337576 19.510313      NaN -495    19 c    0   1.08 121.39408 -11.43802  3850.49  7554.82 3.73 3.60  31.6 -0.435    18.89 20.75 02a57839o0228c 0x000000  -26.052632
57839.353341 19.351140      NaN -479    22 c    0   0.86 121.39408 -11.43802  3908.98  7631.84 3.81 3.67  39.2 -0.424    18.82 20.68 02a57839o0257c 0x000000  -21.772727
57839.368723 17.821591      NaN -526    90 c    0   0.97 121.39408 -11.43802  3930.12  7513.39 3.89 3.78  44.1 -0.418    17.30 18.92 02a57839o0286c 0x100002   -5.844444
57839.384608 19.401649      NaN -552    21 c    0   0.96 121.39408 -11.43802  3893.27  7571.19 3.93 3.79  45.1 -0.416    18.72 20.53 02a57839o0316c 0x000000  -26.285714
57843.315627 19.256669      NaN -496    24 c    0   0.98 121.39408 -11.43802  4810.39  9095.09 3.64 3.40   5.4 -0.424    18.88 20.62 02a57843o0163c 0x000000  -20.666667
57843.330685 19.302877      NaN -515    23 c    0   1.02 121.39408 -11.43802  4792.36  9054.14 3.83 3.66  15.6 -0.431    18.84 20.65 02a57843o0191c 0x000000  -22.391304
57843.346336 19.351140      NaN -541    22 c    0   0.93 121.39408 -11.43802  4850.77  9131.94 3.65 3.43   8.4 -0.429    18.87 20.64 02a57843o0221c 0x000000  -24.590909
57843.362497 19.351140      NaN -506    22 c    0   1.02 121.39408 -11.43802  4872.54  9012.33 3.69 3.51  12.8 -0.439    18.83 20.61 02a57843o0252c 0x000000  -23.000000
57843.378244 19.256669      NaN -560    24 c    0   1.09 121.39408 -11.43802  4835.90  9069.60 3.71 3.55  17.6 -0.434    18.78 20.54 02a57843o0282c 0x000000  -23.333333
57847.297612 18.574166      NaN -527    45 c    0   0.90 121.39408 -11.43802  4609.96  7692.87 3.79 3.66  21.0 -0.438    18.17 19.23 02a57847o0137c 0x100002  -11.711111
57847.312679 18.729535      NaN -539    39 c    0   1.39 121.39408 -11.43802  4592.56  7652.81 3.81 3.71  27.1 -0.433    18.14 19.19 02a57847o0166c 0x100002  -13.820513
57847.328276 18.649074      NaN -550    42 c    0   1.10 121.39408 -11.43802  4649.16  7729.69 3.71 3.59  24.3 -0.443    18.14 19.15 02a57847o0196c 0x100002  -13.095238
57847.343388 18.598565      NaN -572    44 c    0   0.99 121.39408 -11.43802  4669.88  7611.98 3.57 3.47  12.5 -0.460    18.12 19.09 02a57847o0225c 0x100002  -13.000000
57847.359021 18.504094      NaN -507    48 c    0   1.03 121.39408 -11.43802  4634.27  7668.24 3.68 3.57  23.4 -0.449    18.04 18.99 02a57847o0255c 0x100002  -10.562500
57863.294190 19.102305      NaN   20    21 c    0   1.13 121.39408 -11.43802  2950.72  8804.74 3.92 3.64  27.8 -0.414    18.68 20.36 02a57863o0114c 0x000000    0.952381
57863.306815 18.836735      NaN   40    22 c    0   0.96 121.39408 -11.43802  3008.04  8881.85 3.84 3.62  28.6 -0.427    18.70 20.36 02a57863o0138c 0x000000    1.818182
57863.319392 19.256669      NaN    6    22 c    0   0.95 121.39408 -11.43802  3027.65  8763.98 3.74 3.52  27.2 -0.420    18.67 20.28 02a57863o0162c 0x000000    0.272727
57863.331413 19.128787      NaN   12    23 c    0   1.10 121.39408 -11.43802  2990.09  8821.18 3.79 3.58  29.8 -0.424    18.60 20.19 02a57863o0185c 0x000000    0.521739
57867.267996 18.847027      NaN -583    35 c    0   1.16 121.39408 -11.43802  6091.62  7461.35 3.00 2.79 -80.9 -0.447    17.84 18.89 02a57867o0091c 0x100002  -16.657143
57867.280630 18.702047      NaN -522    40 c    0   1.52 121.39408 -11.43802  6073.76  7422.37 3.24 3.02 -83.9 -0.426    17.58 18.67 02a57867o0115c 0x100002  -13.050000
57867.292148 16.943818      NaN -562   202 c    0   0.92 121.39408 -11.43802  6131.73  7497.91 3.09 2.90 -75.4 -0.435    16.01 16.98 02a57867o0137c 0x100002   -2.782178
57867.304803 16.478793      NaN -477   310 c    0   1.30 121.39408 -11.43802  6152.93  7380.52 3.01 2.80 -61.9 -0.443    16.03 17.00 02a57867o0161c 0x100002   -1.538710
57871.257700 20.207197      NaN -509    10 c    0   1.22 121.39408 -11.43802  5966.92  7750.32 2.94 2.78  89.3 -0.476    19.32 20.58 02a57871o0020c 0x000000  -50.900000
57871.285854 20.321591      NaN -475     9 c    0   1.48 121.39408 -11.43802  5999.90  7790.33 2.78 2.63  75.9 -0.488    19.27 20.49 02a57871o0056c 0x000000  -52.777778
58074.536266 20.594452      NaN -476     7 c    0   2.03 121.39408 -11.43802 10428.55  8827.13 2.80 2.60  30.3 -0.421    19.67 21.46 02a58074o0600c 0x000000  -68.000000
58074.544558 20.321591      NaN -493     9 c    0   1.16 121.39408 -11.43802 10446.69  8869.17 2.80 2.70  57.5 -0.436    19.69 21.46 02a58074o0617c 0x000000  -54.777778
58074.545967 20.449472      NaN -450     8 c    0   2.32 121.39408 -11.43802   747.03  8807.36 3.03 2.43  43.6 -0.443    19.64 21.44 02a58074o0620c 0x000000  -56.250000
58074.552630 20.449472      NaN -474     8 c    0   1.99 121.39408 -11.43802 10387.12  8791.15 2.78 2.69  63.5 -0.430    19.66 21.45 02a58074o0634c 0x000000  -59.250000
58074.554082 20.009244      NaN -496    12 c    0   1.17 121.39408 -11.43802   763.87  8848.41 2.95 2.47  41.9 -0.438    19.65 21.45 02a58074o0637c 0x000000  -41.333333
58074.560591 20.594452      NaN -505     7 c    0   1.56 121.39408 -11.43802 10367.26  8910.06 2.84 2.70  57.5 -0.418    19.68 21.47 02a58074o0651c 0x000000  -72.142857
58074.562070 20.321591      NaN -456     9 c    0   1.71 121.39408 -11.43802   706.03  8771.86 2.92 2.43  43.7 -0.437    19.71 21.46 02a58074o0654c 0x000000  -50.666667
58074.570228 20.449472      NaN -500     8 c    0   2.00 121.39408 -11.43802   684.20  8890.64 3.03 2.46  42.3 -0.428    19.68 21.48 02a58074o0671c 0x000000  -62.500000
58078.524579 20.321591      NaN -466     9 c    0   1.42 121.39408 -11.43802  9677.92  8577.82 2.52 2.44  43.9 -0.448    19.79 21.62 02a58078o0698c 0x000000  -51.777778
58078.533106 20.207197      NaN -457    10 c    0   1.06 121.39408 -11.43802  9694.72  8618.87 2.66 2.56  27.3 -0.437    19.75 21.61 02a58078o0715c 0x000000  -45.700000
58078.549248 20.761819      NaN -485     6 c    0   1.48 121.39408 -11.43802  9614.39  8659.81 2.52 2.46  22.7 -0.451    19.74 21.63 02a58078o0749c 0x000000  -80.833333
58082.511612 20.207197      NaN -455    10 c    0   1.27 121.39408 -11.43802  1136.85  6273.11 2.60 2.43  36.2 -0.454    19.39 21.03 02a58082o0683c 0x000000  -45.500000
58082.519750 19.510313      NaN -448    19 c    0   1.27 121.39408 -11.43802  1154.87  6313.83 2.49 2.29  32.3 -0.460    18.84 20.38 02a58082o0700c 0x000000  -23.578947
58082.527811 19.841877      NaN -450    14 c    0   1.88 121.39408 -11.43802  1096.77  6238.08 2.49 2.29  39.7 -0.459    18.94 20.48 02a58082o0717c 0x000000  -32.142857
58082.535801 15.856290      NaN -860   550 c    0   1.74 121.39408 -11.43802  1075.14  6355.05 2.46 2.29  34.3 -0.404    14.90 16.38 02a58082o0734c 0x100002   -1.563636
58110.458088 20.321591      NaN -488     9 c    0   0.94 121.39408 -11.43802  9529.90  7493.25 2.74 2.58  52.8 -0.418    19.77 21.74 02a58110o0543c 0x000000  -54.222222
58110.466325 20.761819      NaN -472     6 c    0   1.42 121.39408 -11.43802  9547.17  7535.31 2.70 2.52  52.8 -0.414    19.78 21.76 02a58110o0560c 0x000000  -78.666667
58110.474438 20.594452      NaN -463     7 c    0   1.24 121.39408 -11.43802  9487.89  7458.41 2.86 2.65  83.6 -0.402    19.78 21.78 02a58110o0577c 0x000000  -66.142857
58110.482489 20.761819      NaN -479     6 c    0   1.41 121.39408 -11.43802  9466.10  7577.01 2.69 2.52  57.4 -0.411    19.81 21.78 02a58110o0594c 0x000000  -79.833333
58134.513998 16.777988 0.019992  706    13 c    0   2.13 121.39408 -11.43802   837.59  3560.29 2.59 2.44  54.7 -0.438    19.75 21.83 02a58134o0674c 0x000000   54.307692
58134.524009 16.728389 0.017630  739    12 c    0   3.77 121.39408 -11.43802   821.97  3520.47 2.58 2.41  46.4 -0.453    19.73 21.83 02a58134o0695c 0x000000   61.583333
58134.525475 16.812360 0.025397  684    16 c    0   2.07 121.39408 -11.43802 10496.87  3586.94 2.71 2.65  60.2 -0.474    19.77 21.87 02a58134o0698c 0x000000   42.750000
58134.534007 16.723990 0.017559  742    12 c    0   3.32 121.39408 -11.43802   881.60  3598.05 2.56 2.38  47.9 -0.463    19.76 21.81 02a58134o0716c 0x000000   61.833333
58134.535500 16.770326 0.022906  711    15 c    0   1.80 121.39408 -11.43802 10481.03  3548.26 2.73 2.64  82.1 -0.472    19.78 21.86 02a58134o0719c 0x000000   47.400000
58134.544128 16.728389 0.017630  739    12 c    0   3.25 121.39408 -11.43802   902.63  3480.82 2.59 2.45  52.4 -0.458    19.70 21.78 02a58134o0737c 0x000000   61.583333
58221.272339 16.062168 0.011931 1365    15 c    0   4.19 121.39408 -11.43802  2469.14   665.52 2.68 2.44  53.1 -0.424    19.66 21.50 02a58221o0108c 0x000000   91.000000
58221.274238 16.074970 0.012878 1349    16 c    0   1.99 121.39408 -11.43802  6035.37 10367.12 2.90 2.73  66.1 -0.411    19.62 21.49 02a58221o0112c 0x000000   84.312500
58221.281799 16.079810 0.012935 1343    16 c    0   2.23 121.39408 -11.43802  2451.01   624.68 2.73 2.46  52.9 -0.430    19.64 21.46 02a58221o0127c 0x000000   83.937500
58221.283751 16.053454 0.012625 1376    16 c    0   2.93 121.39408 -11.43802  6017.07 10325.68 2.78 2.65  72.2 -0.421    19.64 21.47 02a58221o0131c 0x000000   86.000000
58221.290724 16.046376 0.012543 1385    16 c    0   3.66 121.39408 -11.43802  2509.12   703.08 2.69 2.43  53.3 -0.435    19.67 21.46 02a58221o0146c 0x000000   86.562500
58221.292583 16.074970 0.013682 1349    17 c    0   1.42 121.39408 -11.43802  6075.66 10404.18 2.87 2.76  78.5 -0.418    19.59 21.47 02a58221o0150c 0x000000   79.352941
58221.299571 16.083049 0.012163 1339    15 c    0   3.64 121.39408 -11.43802  2528.43   585.46 2.66 2.45  59.1 -0.413    19.61 21.47 02a58221o0165c 0x000000   89.266667
58221.301434 16.075775 0.012082 1348    15 c    0   2.60 121.39408 -11.43802  6095.61 10286.48 2.69 2.66  -0.6 -0.447    19.66 21.46 02a58221o0169c 0x000000   89.866667
58226.330325 15.207559      NaN 1271   576 c    0   0.94 121.39408 -11.43802  1376.09  1192.07 2.82 2.66  75.0 -0.437    14.97 16.36 02a58226o0023c 0x100002    2.206597
58226.340847 14.088527      NaN 2868  1846 c    0   1.13 121.39408 -11.43802  1393.25  1073.72 3.05 2.86  55.9 -0.428    13.96 15.36 02a58226o0045c 0x100002    1.553629
58430.649382 20.594452      NaN -454     7 c    0   3.47 121.39408 -11.43802  1854.56  3847.37 2.43 2.29  27.5 -0.428    19.31 20.46 02a58430o0896c 0x000000  -64.857143
58430.659535 17.809593      NaN -380    91 c    0   0.67 121.39408 -11.43802  1834.92  3811.16 2.48 2.33  27.3 -0.462    17.20 17.82 02a58430o0917c 0x100002   -4.175824
58434.649412 20.594452      NaN -447     7 c    0   1.93 121.39408 -11.43802  1986.87  3653.63 2.59 2.44  35.1 -0.416    19.37 20.74 02a58434o0986c 0x000000  -63.857143
58434.659434 18.336727      NaN -419    56 c    0   0.81 121.39408 -11.43802  1967.20  3616.98 2.67 2.46  30.6 -0.431    17.67 18.40 02a58434o1007c 0x100002   -7.482143
58454.605502 20.449472      NaN -431     8 c    0   1.29 121.39408 -11.43802  9497.11   939.37 3.08 2.85  60.6 -0.430    19.61 21.56 02a58454o0886c 0x000000  -53.875000
58454.614627 20.207197      NaN -424    10 c    0   1.25 121.39408 -11.43802  9478.51   900.08 3.09 2.84  53.2 -0.433    19.63 21.56 02a58454o0905c 0x000000  -42.400000
58454.623741 20.207197      NaN -444    10 c    0   1.44 121.39408 -11.43802  9535.32   978.24 3.33 3.08  54.7 -0.412    19.58 21.54 02a58454o0924c 0x000000  -44.400000
58454.632917 20.321591      NaN -429     9 c    0   1.42 121.39408 -11.43802  9556.88   863.12 3.44 3.19  60.1 -0.407    19.47 21.52 02a58454o0943c 0x000000  -47.666667
58458.542627 20.959772      NaN -436     5 c    0   1.37 121.39408 -11.43802  8545.69  4187.57 2.53 2.42  72.0 -0.426    19.75 21.74 02a58458o0417c 0x000000  -87.200000
58458.553092 20.449472      NaN -404     8 c    0   1.55 121.39408 -11.43802  2035.12  6322.15 2.58 2.40   6.7 -0.439    19.70 21.75 02a58458o0436c 0x000000  -50.500000
58458.563946 21.954622      NaN -444     2 c    0   2.88 121.39408 -11.43802  2094.56  6401.00 2.53 2.35  12.1 -0.449    19.75 21.80 02a58458o0455c 0x000000 -222.000000
58458.574475 21.202047      NaN -436     4 c    0   2.66 121.39408 -11.43802  2106.74  6284.03 2.55 2.41   8.6 -0.442    19.72 21.79 02a58458o0474c 0x000000 -109.000000
58462.541207 20.009244      NaN -438    12 c    0   0.97 121.39408 -11.43802    82.63  8288.95 3.05 2.78   4.9 -0.381    19.55 21.82 02a58462o0741c 0x000000  -36.500000
58462.549944 19.841877      NaN -422    14 c    0   0.77 121.39408 -11.43802    62.93  8250.94 2.94 2.66   9.0 -0.394    19.64 21.82 02a58462o0759c 0x000000  -30.142857
58462.550858 20.449472      NaN -454     8 c    0   1.55 121.39408 -11.43802  9758.55  8323.64 3.01 2.88  51.8 -0.431    19.64 21.86 02a58462o0761c 0x000000  -56.750000
58462.558251 20.207197      NaN -427    10 c    0   1.24 121.39408 -11.43802   120.06  8331.53 2.88 2.60  12.5 -0.393    19.66 21.85 02a58462o0776c 0x000000  -42.700000
58462.559762 20.594452      NaN -446     7 c    0   1.57 121.39408 -11.43802  9739.42  8288.05 3.01 2.87  57.9 -0.414    19.66 21.89 02a58462o0779c 0x000000  -63.714286
58462.567591 20.207197      NaN -435    10 c    0   0.90 121.39408 -11.43802   135.23  8212.64 3.01 2.86  13.4 -0.385    19.62 21.86 02a58462o0794c 0x000000  -43.500000
58462.568623 20.594452      NaN -459     7 c    0   1.40 121.39408 -11.43802  9797.68  8366.80 3.14 2.99  63.2 -0.420    19.61 21.89 02a58462o0796c 0x000000  -65.571429
58462.578250 20.207197      NaN -431    10 c    0   0.99 121.39408 -11.43802  9809.88  8249.01 2.78 2.76 -45.1 -0.420    19.69 21.92 02a58462o0814c 0x000000  -43.100000
58486.499509 21.202047      NaN -436     4 c    0   2.04 121.39408 -11.43802  5856.42  4443.30 2.73 2.68 -79.3 -0.398    19.60 21.71 02a58486o0644c 0x000000 -109.000000
58486.508575 20.761819      NaN -442     6 c    0   1.60 121.39408 -11.43802  5837.18  4405.47 2.68 2.58 -86.1 -0.403    19.60 21.72 02a58486o0662c 0x000000  -73.666667
58486.516893 20.594452      NaN -456     7 c    0   1.34 121.39408 -11.43802  5892.83  4483.83 2.72 2.59 -87.0 -0.399    19.66 21.73 02a58486o0679c 0x000000  -65.142857
58486.525554 20.959772      NaN -440     5 c    0   1.66 121.39408 -11.43802  5912.03  4369.34 2.69 2.54 -81.9 -0.405    19.62 21.70 02a58486o0697c 0x000000  -88.000000
58490.478360 20.207197      NaN -450    10 c    0   1.23 121.39408 -11.43802  2652.70   529.15 2.83 2.53  46.3 -0.418    19.65 21.80 02a58490o0600c 0x000000  -45.000000
58490.486284 20.594452      NaN -444     7 c    0   1.07 121.39408 -11.43802  5840.33 10265.11 2.87 2.71  21.9 -0.426    19.64 21.79 02a58490o0616c 0x000000  -63.428571
58490.487250 20.321591      NaN -463     9 c    0   1.46 121.39408 -11.43802  2632.99   490.79 2.85 2.53  47.0 -0.416    19.60 21.79 02a58490o0618c 0x000000  -51.444444
58490.495135 20.449472      NaN -476     8 c    0   1.20 121.39408 -11.43802  5821.09 10226.50 2.95 2.74  23.9 -0.426    19.58 21.77 02a58490o0634c 0x000000  -59.500000
58490.495593 20.103715      NaN -426    11 c    0   0.76 121.39408 -11.43802  2691.26   570.98 2.91 2.64  46.6 -0.410    19.61 21.77 02a58490o0635c 0x000000  -38.727273
58490.503481 20.761819      NaN -472     6 c    0   1.49 121.39408 -11.43802  5877.85 10306.15 2.90 2.73  24.4 -0.429    19.62 21.77 02a58490o0651c 0x000000  -78.666667
58490.504522 20.761819      NaN -451     6 c    0   1.30 121.39408 -11.43802  2710.41   455.18 3.02 2.70  43.3 -0.405    19.56 21.77 02a58490o0653c 0x000000  -75.166667
58490.512176 20.207197      NaN -456    10 c    0   0.99 121.39408 -11.43802  5897.00 10189.66 2.89 2.79  42.6 -0.425    19.63 21.76 02a58490o0669c 0x000000  -45.600000
58494.452025 21.954622      NaN -441     2 c    0   2.33 121.39408 -11.43802  5851.52  8312.89 2.72 2.63  -4.9 -0.425    19.62 21.75 02a58494o0541c 0x000000 -220.500000
58494.461367 20.959772      NaN -465     5 c    0   1.75 121.39408 -11.43802  5827.70  8273.86 2.73 2.68   7.2 -0.425    19.63 21.78 02a58494o0558c 0x000000  -93.000000
58494.470413 20.594452      NaN -452     7 c    0   1.23 121.39408 -11.43802  4720.14  2197.53 2.74 2.65  50.9 -0.385    19.58 21.81 02a58494o0575c 0x000000  -64.571429
58494.479387 20.449472      NaN -444     8 c    0   1.53 121.39408 -11.43802  5897.13  8234.67 2.80 2.74  -4.2 -0.430    19.57 21.83 02a58494o0592c 0x000000  -55.500000
58518.439136 21.954622      NaN -439     2 c    0   2.09 121.39408 -11.43802  3978.78  6373.89 2.48 2.36  21.0 -0.451    19.75 21.79 02a58518o0471c 0x000000 -219.500000
58518.447882 21.514394      NaN -417     3 c    0   2.79 121.39408 -11.43802  3959.39  6335.10 2.41 2.37  34.7 -0.452    19.81 21.79 02a58518o0489c 0x000000 -139.000000
58518.456267 20.594452      NaN -444     7 c    0   2.77 121.39408 -11.43802  4016.45  6413.24 2.43 2.38  34.3 -0.455    19.73 21.77 02a58518o0506c 0x000000  -63.428571
58518.465077 21.202047      NaN -452     4 c    0   2.12 121.39408 -11.43802  4036.20  6299.28 2.46 2.44  45.7 -0.450    19.70 21.77 02a58518o0524c 0x000000 -113.000000
58578.331264 21.954622      NaN -446     2 c    0   2.89 121.39408 -11.43802  7770.70  6394.47 2.80 2.40  51.0 -0.380    19.63 21.60 02a58578o0240c 0x000000 -223.000000
58578.340148 20.449472      NaN -459     8 c    0   1.45 121.39408 -11.43802  7752.65  6355.01 2.86 2.43  49.5 -0.380    19.60 21.58 02a58578o0259c 0x000000  -57.375000
58578.349141 20.959772      NaN -464     5 c    0   1.54 121.39408 -11.43802  7810.75  6432.12 2.88 2.44  51.2 -0.376    19.59 21.58 02a58578o0278c 0x000000  -92.800000
58578.358124 20.761819      NaN -492     6 c    0   1.56 121.39408 -11.43802  7832.67  6315.06 2.71 2.51  61.2 -0.391    19.56 21.53 02a58578o0297c 0x000000  -82.000000
58582.319523 20.761819      NaN -471     6 c    0   1.89 121.39408 -11.43802  3931.04  2510.70 2.59 2.50  84.8 -0.395    19.50 21.24 02a58582o0212c 0x000000  -78.500000
58582.328454 20.449472      NaN -483     8 c    0   1.33 121.39408 -11.43802  3911.96  2471.47 2.56 2.44  86.0 -0.397    19.50 21.28 02a58582o0231c 0x000000  -60.375000
58582.337343 20.594452      NaN -494     7 c    0   1.50 121.39408 -11.43802  3969.88  2549.12 2.62 2.49  76.3 -0.390    19.49 21.30 02a58582o0250c 0x000000  -70.571429
58582.346419 20.594452      NaN -490     7 c    0   1.49 121.39408 -11.43802  3991.51  2433.32 2.59 2.48 -89.0 -0.397    19.47 21.30 02a58582o0269c 0x000000  -70.000000
58610.259163 19.631075      NaN -414    17 c    0   0.93 121.39408 -11.43802    54.10  2464.99 2.56 2.23  50.7 -0.407    19.48 20.95 02a58610o0036c 0x000000  -24.352941
58610.268131 16.566282      NaN  123   245 c    0   0.07 121.39408 -11.43802    35.53  2424.31 2.44 2.24  57.0 -0.420    19.47 20.93 02a58610o0055c 0x100002    0.502041
58610.268588 20.761819      NaN -493     6 c    0   1.76 121.39408 -11.43802  9719.76  2514.20 2.40 2.36 -21.3 -0.404    19.50 21.02 02a58610o0056c 0x000000  -82.166667
58610.277552 20.449472      NaN -502     8 c    0   2.62 121.39408 -11.43802    95.77  2502.66 2.61 2.37  57.5 -0.401    19.40 20.94 02a58610o0073c 0x000000  -62.750000
58610.278009 20.207197      NaN -467    10 c    0   1.50 121.39408 -11.43802  9702.41  2475.04 2.51 2.41 -54.1 -0.404    19.50 21.05 02a58610o0074c 0x000000  -46.700000
58610.286541 20.103715      NaN -431    11 c    0   1.08 121.39408 -11.43802   117.04  2385.03 2.48 2.33 -70.5 -0.407    19.49 20.96 02a58610o0092c 0x000000  -39.181818
58610.286999 20.761819      NaN -494     6 c    0   3.38 121.39408 -11.43802  9760.58  2552.22 2.48 2.33 -47.1 -0.412    19.52 21.07 02a58610o0093c 0x000000  -82.333333
58610.296042 20.207197      NaN -454    10 c    0   1.31 121.39408 -11.43802  9782.98  2433.92 2.61 2.28 -47.4 -0.416    19.52 21.09 02a58610o0112c 0x000000  -45.400000
58762.618985 20.761819      NaN -507     6 c    0   2.44 121.39408 -11.43802   803.32  9031.16 2.43 2.13 -44.2 -0.454    19.56 21.23 02a58762o0868c 0x000000  -84.500000
58762.622862 21.202047      NaN -472     4 c    0   2.77 121.39408 -11.43802   817.15  9071.31 2.54 2.16 -46.5 -0.451    19.51 21.25 02a58762o0875c 0x000000 -118.000000
58762.630093 20.207197      NaN -502    10 c    0   1.34 121.39408 -11.43802   760.52  8994.45 2.58 2.13 -48.2 -0.452    19.57 21.21 02a58762o0888c 0x000000  -50.200000
58762.636290 20.321591      NaN -452     9 c    0   1.78 121.39408 -11.43802   739.58  9111.73 2.49 2.06 -46.6 -0.460    19.46 20.94 02a58762o0900c 0x000000  -50.222222
58782.591250 20.009244      NaN -443    12 c    0   1.56 121.39408 -11.43802  7033.76  9216.87 2.50 2.44  53.3 -0.407    19.30 20.85 02a58782o0736c 0x000000  -36.916667
58782.594774 20.207197      NaN -473    10 c    0   1.11 121.39408 -11.43802  7057.92  9254.58 2.57 2.52  80.9 -0.407    19.46 21.07 02a58782o0743c 0x000000  -47.300000
58782.602207 20.449472      NaN -474     8 c    0   1.69 121.39408 -11.43802  6994.67  9178.21 2.59 2.53  51.6 -0.396    19.66 21.26 02a58782o0758c 0x000000  -59.250000
58782.612320 19.922338      NaN -503    13 c    0   1.75 121.39408 -11.43802  6978.44  9294.66 2.57 2.49  51.6 -0.403    18.98 20.52 02a58782o0778c 0x000000  -38.692308
58790.488241 20.449472      NaN -430     8 c    0   1.73 121.39408 -11.43802  2949.01  2618.90 2.52 2.32  40.9 -0.397    19.36 20.99 02a58790o0644c 0x000000  -53.750000
58790.489625 20.594452      NaN -452     7 c    0   1.66 121.39408 -11.43802  2948.72  2618.32 2.37 2.36 -44.3 -0.401    19.39 21.01 02a58790o0647c 0x000000  -64.571429
58790.492575 20.321591      NaN -481     9 c    0   1.43 121.39408 -11.43802  2968.61  2657.35 2.50 2.28  38.9 -0.397    19.40 21.04 02a58790o0653c 0x000000  -53.444444
58790.498788 20.103715      NaN -450    11 c    0   0.91 121.39408 -11.43802  2910.92  2579.09 2.45 2.28 -53.4 -0.397    19.46 21.10 02a58790o0666c 0x000000  -40.909091
58790.508847 21.954622      NaN -470     2 c    0   1.85 121.39408 -11.43802  2888.92  2694.46 2.46 2.31  39.5 -0.397    19.47 21.13 02a58790o0687c 0x000000 -235.000000
58790.658419 17.509244      NaN -415   120 c    0   1.24 121.39408 -11.43802  2916.72  2639.95 2.35 2.34 -11.1 -0.463    16.75 17.45 02a58790o0997c 0x100002   -3.458333
58794.535961 21.202047      NaN -454     4 c    0   2.01 121.39408 -11.43802  2667.00  6973.61 2.39 2.31  22.4 -0.392    19.60 21.25 02a58794o0591c 0x000000 -113.500000
58794.539289 20.959772      NaN -489     5 c    0   2.77 121.39408 -11.43802  2685.44  7012.29 2.43 2.31  31.3 -0.390    19.55 21.27 02a58794o0598c 0x000000  -97.800000
58794.544973 20.761819      NaN -468     6 c    0   2.50 121.39408 -11.43802  2627.46  6935.00 2.40 2.33  19.4 -0.391    19.59 21.31 02a58794o0610c 0x000000  -78.000000
58794.556794 20.959772      NaN -463     5 c    0   1.66 121.39408 -11.43802  2606.15  7053.00 2.39 2.31  14.2 -0.393    19.65 21.33 02a58794o0635c 0x000000  -92.600000
58814.531682 19.631075      NaN -445    17 c    0   1.15 121.39408 -11.43802  8987.19  9154.75 2.71 2.64  72.9 -0.379    19.08 20.91 02a58814o0647c 0x000000  -26.176471
58814.534518 19.841877      NaN -468    14 c    0   1.32 121.39408 -11.43802  9010.90  9192.21 2.75 2.64 -79.0 -0.386    19.09 20.88 02a58814o0653c 0x000000  -33.428571
58814.539635 19.922338      NaN -456    13 c    0   0.85 121.39408 -11.43802  8951.90  9114.62 2.67 2.60 -89.0 -0.394    19.49 21.35 02a58814o0664c 0x000000  -35.076923
58814.552461 19.922338      NaN -436    13 c    0   1.40 121.39408 -11.43802  8925.90  9236.22 2.81 2.67 -76.2 -0.378    19.14 20.96 02a58814o0691c 0x000000  -33.538462
58841.509570 20.959772      NaN -432     5 c    0   1.99 121.39408 -11.43802  1000.88  2711.06 2.54 2.31 -55.4 -0.416    19.78 21.85 02a58841o0695c 0x000000  -86.400000
58841.515874 20.761819      NaN -486     6 c    0   1.35 121.39408 -11.43802  9549.11  7801.43 2.80 2.64  47.6 -0.396    19.80 21.85 02a58841o0708c 0x000000  -81.000000
58841.518794 21.954622      NaN -468     2 c    0   4.75 121.39408 -11.43802   960.41  2672.35 2.41 2.32 -46.5 -0.413    19.79 21.86 02a58841o0714c 0x000000 -234.000000
58841.531994 20.761819      NaN -467     6 c    0   2.00 121.39408 -11.43802  9631.59  7765.04 2.82 2.59  46.8 -0.388    19.75 21.88 02a58841o0741c 0x000000  -77.833333
58846.457694 20.449472      NaN -479     8 c    0   0.91 121.39408 -11.43802  9132.91  2823.94 3.10 2.91 -55.6 -0.380    19.60 21.94 02a58846o0574c 0x000000  -59.875000
58846.461691 20.321591      NaN -477     9 c    0   1.21 121.39408 -11.43802  9144.24  2865.79 3.31 3.09 -57.6 -0.381    19.51 21.94 02a58846o0582c 0x000000  -53.000000
58846.467284 20.449472      NaN -483     8 c    0   1.03 121.39408 -11.43802  9093.74  2786.97 2.93 2.70 -50.1 -0.380    19.65 21.96 02a58846o0594c 0x000000  -60.375000
58846.477546 20.594452      NaN -478     7 c    0   1.06 121.39408 -11.43802  9070.76  2904.34 3.27 3.02 -56.8 -0.380    19.57 21.95 02a58846o0615c 0x000000  -68.285714
58869.487933 20.761819      NaN -474     6 c    0   1.46 121.39408 -11.43802  6823.44  9607.23 2.72 2.58 -63.3 -0.412    19.80 21.96 02a58869o0603c 0x000000  -79.000000
58869.491667 21.954622      NaN -458     2 c    0   3.00 121.39408 -11.43802  6803.72  9568.71 2.73 2.56 -61.8 -0.409    19.80 21.97 02a58869o0611c 0x000000 -229.000000
58869.498521 20.449472      NaN -457     8 c    0   1.64 121.39408 -11.43802  6857.48  9646.30 2.72 2.61  57.9 -0.402    19.80 21.95 02a58869o0625c 0x000000  -57.125000
58869.510380 20.761819      NaN -465     6 c    0   1.49 121.39408 -11.43802  6875.79  9530.14 2.84 2.62  51.2 -0.396    19.72 21.91 02a58869o0648c 0x000000  -77.500000
58870.399042 21.514394      NaN -446     3 c    0   2.57 121.39408 -11.43802  3740.46   949.69 2.40 2.29 -67.6 -0.420    19.84 21.91 02a58870o0435c 0x000000 -148.666667
58870.402268 21.202047      NaN -463     4 c    0   2.02 121.39408 -11.43802  3767.83   987.73 2.39 2.27 -68.2 -0.422    19.82 21.91 02a58870o0442c 0x000000 -115.750000
58870.412390 21.954622      NaN -429     2 c    0   4.36 121.39408 -11.43802  3703.58   910.76 2.36 2.27 -68.0 -0.422    19.83 21.92 02a58870o0463c 0x000000 -214.500000
58870.423092 21.954622      NaN -454     2 c    0   2.46 121.39408 -11.43802  3684.76  1028.49 2.37 2.33  86.3 -0.422    19.83 21.93 02a58870o0485c 0x000000 -227.000000
58873.450356 20.321591      NaN -462     9 c    0   1.26 121.39408 -11.43802  6825.85  9600.22 2.76 2.53  44.0 -0.404    19.81 21.78 02a58873o0525c 0x000000  -51.333333
58873.453559 20.761819      NaN -449     6 c    0   1.50 121.39408 -11.43802  6807.24  9562.82 2.75 2.57  40.9 -0.401    19.77 21.79 02a58873o0532c 0x000000  -74.833333
58873.463063 20.761819      NaN -461     6 c    0   1.63 121.39408 -11.43802  6861.94  9641.88 2.74 2.54  46.6 -0.399    19.78 21.80 02a58873o0552c 0x000000  -76.833333
58873.474426 20.207197      NaN -463    10 c    0   1.24 121.39408 -11.43802  6881.26  9526.81 2.77 2.61  54.5 -0.398    19.75 21.82 02a58873o0576c 0x000000  -46.300000
58874.444959 21.954622      NaN -478     2 c    0   4.52 121.39408 -11.43802  3284.50  5701.53 2.37 2.25 -56.3 -0.416    19.84 22.06 02a58874o0532c 0x000000 -239.000000
58874.448466 21.954622      NaN -442     2 c    0   4.19 121.39408 -11.43802  3265.36  5661.77 2.45 2.37 -67.9 -0.407    19.79 22.06 02a58874o0539c 0x000000 -221.000000
58874.454460 20.761819      NaN -449     6 c    0   1.47 121.39408 -11.43802  3324.15  5739.95 2.36 2.29 -64.2 -0.409    19.83 22.06 02a58874o0552c 0x000000  -74.833333
58874.466976 20.761819      NaN -456     6 c    0   1.30 121.39408 -11.43802  3342.00  5626.02 2.38 2.28 -57.7 -0.413    19.80 22.05 02a58874o0578c 0x000000  -76.000000
58877.435563 20.761819      NaN -429     6 c    0   1.93 121.39408 -11.43802  3281.15  5704.19 2.57 2.37  43.4 -0.395    19.76 21.83 02a58877o0491c 0x000000  -71.500000
58877.439350 20.761819      NaN -477     6 c    0   1.54 121.39408 -11.43802  3261.51  5661.66 2.66 2.45  43.8 -0.383    19.70 21.84 02a58877o0499c 0x000000  -79.500000
58877.444526 20.761819      NaN -492     6 c    0   1.60 121.39408 -11.43802  3318.64  5740.87 2.59 2.41  41.6 -0.391    19.76 21.85 02a58877o0510c 0x000000  -82.000000
58877.461626 20.321591      NaN -481     9 c    0   1.08 121.39408 -11.43802  3342.19  5626.28 2.67 2.49  49.6 -0.389    19.72 21.88 02a58877o0546c 0x000000  -53.444444
58902.350276 20.171596      NaN    1    10 c    0   1.01 121.39408 -11.43802  5881.74  1739.66 2.61 2.39 -65.8 -0.402    19.72 21.78 02a58902o0309c 0x000000    0.100000
58902.353522 20.321591      NaN  -13     9 c    0   1.02 121.39408 -11.43802  5862.83  1699.88 2.57 2.34 -66.8 -0.401    19.72 21.78 02a58902o0316c 0x000000   -1.444444
58902.359062 20.321591      NaN   -6     9 c    0   1.13 121.39408 -11.43802  5921.68  1781.74 2.58 2.36 -66.5 -0.398    19.72 21.76 02a58902o0328c 0x000000   -0.666667
58902.369473 19.841877      NaN   15     9 c    0   1.14 121.39408 -11.43802  5944.01  1664.69 2.62 2.36 -63.6 -0.403    19.72 21.78 02a58902o0350c 0x000000    1.666667
58929.275741 20.009244      NaN    6    10 c    0   0.91 121.39408 -11.43802  5693.45   865.52 2.62 2.26 -46.5 -0.414    19.70 21.63 02a58929o0121c 0x000000    0.600000
58929.278759 19.743105      NaN   13    11 c    0   1.54 121.39408 -11.43802  4844.92  9647.73 2.80 2.43 -45.9 -0.406    19.68 21.62 02a58929o0127c 0x000000    1.181818
58929.285073 20.009244      NaN   -4    12 c    0   1.35 121.39408 -11.43802  4903.44  9731.55 2.63 2.59 -30.6 -0.398    19.68 21.64 02a58929o0140c 0x000000   -0.333333
58929.298179 19.841877      NaN    6    12 c    0   1.28 121.39408 -11.43802  4923.02  9614.18 2.74 2.48 -47.4 -0.407    19.69 21.64 02a58929o0168c 0x000000    0.500000
58930.337406 20.282105      NaN    4     8 c    0   1.50 121.39408 -11.43802  1709.10  3367.15 2.63 2.27 -58.4 -0.406    19.69 21.68 02a58930o0240c 0x000000    0.500000
58930.340723 20.207197      NaN  -10    10 c    0   1.00 121.39408 -11.43802  1690.59  3328.18 2.82 2.45 -59.1 -0.403    19.61 21.69 02a58930o0247c 0x000000   -1.000000
58930.346754 20.405150 0.304006   25     7 c    0   1.99 121.39408 -11.43802  1749.77  3406.61 2.57 2.24 -59.6 -0.410    19.71 21.69 02a58930o0260c 0x000000    3.571429
58930.359089 19.841877      NaN   15     9 c    0   1.13 121.39408 -11.43802  1770.47  3289.85 2.66 2.30 -59.0 -0.407    19.68 21.66 02a58930o0286c 0x000000    1.666667
58934.281854 19.454622      NaN    9    17 c    0   0.79 121.39408 -11.43802  1713.27  3367.41 3.39 2.89 -55.0 -0.377    19.18 21.32 02a58934o0138c 0x000000    0.529412
58934.284653 19.367717      NaN    8    19 c    0   1.22 121.39408 -11.43802  1694.45  3328.09 3.46 3.04 -57.6 -0.377    18.75 20.85 02a58934o0144c 0x000000    0.421053
58934.290335 19.841877      NaN  -12    14 c    0   1.25 121.39408 -11.43802  1753.20  3405.57 3.11 2.75 -57.2 -0.378    19.24 21.32 02a58934o0156c 0x000000   -0.857143
58934.301010 19.183773      NaN   29    16 c    0   0.76 121.39408 -11.43802  1774.61  3289.71 3.22 2.91 -57.7 -0.376    19.07 21.20 02a58934o0179c 0x000000    1.812500
58958.266445 20.103715      NaN   -4    11 c    0   1.04 121.39408 -11.43802  5584.78  6107.73 2.62 2.31  47.0 -0.397    19.62 21.33 02a58958o0092c 0x000000   -0.363636
58958.269660 20.207197      NaN    0    10 c    0   1.07 121.39408 -11.43802  5565.84  6068.94 2.54 2.30  49.7 -0.397    19.62 21.42 02a58958o0099c 0x000000    0.000000
58958.274836 20.103715      NaN   -4    11 c    0   1.00 121.39408 -11.43802  5624.04  6146.43 2.61 2.35  48.1 -0.394    19.61 21.31 02a58958o0110c 0x000000   -0.363636
58958.285995 19.922338      NaN   12     9 c    0   1.49 121.39408 -11.43802  5642.92  6030.86 2.58 2.35  48.0 -0.394    19.59 21.28 02a58958o0134c 0x000000    1.333333
58962.300731 15.256052      NaN  402   822 c    0   1.04 121.39408 -11.43802  9744.53  1504.73 2.50 2.24 -49.2 -0.370    14.74 16.10 02a58962o0146c 0x100002    0.489051
58962.306338 16.091188      NaN -573   443 c    0   0.95 121.39408 -11.43802  9802.36  1582.80 2.49 2.24 -49.7 -0.372    15.34 16.68 02a58962o0158c 0x100002   -1.293454
58962.316609 18.094452      NaN -147    70 c    0   1.83 121.39408 -11.43802  9824.32  1464.66 2.50 2.27 -45.0 -0.420    17.38 18.77 02a58962o0180c 0x100002   -2.100000
58986.244489 18.606822      NaN    5    42 c    0   0.90 121.39408 -11.43802  7627.68  7957.57 3.42 2.67  42.8 -0.353    18.55 19.50 02a58986o0026c 0x100002    0.119048
58986.247695 19.401649      NaN  -22    21 c    0   1.12 121.39408 -11.43802  7607.50  7918.38 3.25 2.57  45.0 -0.360    18.96 20.08 02a58986o0033c 0x000000   -1.047619
58986.255494 19.696897      NaN   -6    16 c    0   0.92 121.39408 -11.43802  7664.20  7994.47 3.30 2.70  45.6 -0.359    19.24 20.77 02a58986o0050c 0x000000   -0.375000
58986.267896 19.419021      NaN   20    14 c    0   0.72 121.39408 -11.43802  7683.02  7877.78 2.84 2.55  45.3 -0.386    19.36 20.86 02a58986o0077c 0x000000    1.428571
59110.612382 19.841877      NaN  -10    14 c    0   1.05 121.39408 -11.43802  4882.29  2518.59 2.64 2.46  40.5 -0.392    19.22 20.90 02a59110o0867c 0x000000   -0.714286
59110.617584 19.894850      NaN    1    13 c    0   1.24 121.39408 -11.43802  4901.87  2557.25 2.60 2.35  40.2 -0.392    19.21 20.85 02a59110o0878c 0x000000    0.076923
59110.635373 19.454622      NaN  -32    20 c    0   1.34 121.39408 -11.43802  4843.75  2478.65 2.62 2.33  41.7 -0.386    18.75 20.16 02a59110o0916c 0x000000   -1.600000
59110.642237 18.094452      NaN  -92    70 c    0   1.55 121.39408 -11.43802  4824.93  2595.28 2.65 2.34  39.8 -0.400    17.34 18.54 02a59110o0930c 0x100002   -1.314286
59138.607514 19.142275      NaN   26    18 c    0   0.93 121.39408 -11.43802  9630.71   678.28 2.50 2.08 -54.4 -0.424    19.07 20.65 02a59138o0902c 0x000000    1.444444
59138.613017 18.878500      NaN   27    25 c    0   1.10 121.39408 -11.43802  9650.82   716.77 2.48 2.07 -55.9 -0.429    18.83 20.37 02a59138o0914c 0x000000    1.080000
59138.633365 18.816441      NaN  -16    36 c    0   1.01 121.39408 -11.43802  9591.04   638.33 2.46 2.06 -57.0 -0.427    18.21 19.67 02a59138o0958c 0x100002   -0.444444
59138.643462 18.878500      NaN   42    20 c    0   1.54 121.39408 -11.43802  9570.10   756.80 2.47 2.07 -56.0 -0.426    18.85 20.04 02a59138o0980c 0x000000    2.100000
59142.568186 20.103715      NaN  -14    11 c    0   1.28 121.39408 -11.43802  9625.06   677.66 2.69 2.31 -57.5 -0.398    19.52 21.28 02a59142o0818c 0x000000   -1.272727
59142.571403 20.103715      NaN   -8    11 c    0   1.36 121.39408 -11.43802  9644.17   716.76 2.56 2.24 -56.4 -0.418    19.54 21.29 02a59142o0825c 0x000000   -0.727273
59142.577889 19.454622      NaN   24    12 c    0   1.28 121.39408 -11.43802  9585.71   638.23 2.55 2.17 -55.9 -0.416    19.56 21.32 02a59142o0839c 0x000000    2.000000
59142.594008 20.103715      NaN   -1    11 c    0   1.27 121.39408 -11.43802  9563.94   756.13 2.42 2.16 -57.1 -0.418    19.63 21.38 02a59142o0874c 0x000000   -0.090909
59170.549582 20.009244      NaN   -1    12 c    0   1.19 121.39408 -11.43802  7165.49  2913.72 2.47 2.33  35.6 -0.389    19.43 21.12 02a59170o0696c 0x000000   -0.083333
59170.551411 19.791368      NaN   11    11 c    0   0.99 121.39408 -11.43802  7184.89  2952.74 2.48 2.33  34.0 -0.389    19.58 21.36 02a59170o0700c 0x000000    1.000000
59170.554170 20.103715      NaN   -7    11 c    0   0.91 121.39408 -11.43802  7126.33  2874.77 2.57 2.44  28.9 -0.389    19.63 21.44 02a59170o0706c 0x000000   -0.636364
59170.560122 19.894850      NaN   10    10 c    0   1.11 121.39408 -11.43802  7106.12  2990.83 2.59 2.41  33.6 -0.387    19.66 21.45 02a59170o0719c 0x000000    1.000000
59178.553985 19.922338      NaN    3    12 c    0   0.73 121.39408 -11.43802  7041.54  9213.31 2.52 2.42 -66.4 -0.414    19.78 21.56 02a59178o0261c 0x000000    0.250000
59178.555814 20.103715      NaN   -2    11 c    0   0.91 121.39408 -11.43802  7060.29  9252.18 2.50 2.43 -62.2 -0.418    19.78 21.58 02a59178o0265c 0x000000   -0.181818
59178.558558 20.039830      NaN    2    11 c    0   1.10 121.39408 -11.43802  7002.44  9174.50 2.55 2.45 -62.7 -0.410    19.73 21.58 02a59178o0271c 0x000000    0.181818
59178.563592 20.103715      NaN   -3    11 c    0   1.19 121.39408 -11.43802  6981.67  9291.90 2.60 2.45 -62.0 -0.410    19.74 21.55 02a59178o0282c 0x000000   -0.272727
59194.506182 20.282105      NaN    1     9 c    0   1.34 121.39408 -11.43802  2677.47  6965.08 2.43 2.38  -6.9 -0.399    19.79 21.78 02a59194o0698c 0x000000    0.111111
59194.508012 20.103715      NaN   -9    11 c    0   0.84 121.39408 -11.43802  2695.84  7003.54 2.42 2.37  -7.6 -0.398    19.76 21.79 02a59194o0702c 0x000000   -0.818182
59194.511678 20.207197      NaN  -18    10 c    0   1.09 121.39408 -11.43802  2639.33  6924.35 2.41 2.35 -28.8 -0.402    19.76 21.79 02a59194o0710c 0x000000   -1.800000
59194.516709 20.321591      NaN   -3     9 c    0   1.27 121.39408 -11.43802  2618.39  7042.40 2.45 2.39 -26.5 -0.400    19.76 21.78 02a59194o0721c 0x000000   -0.333333
59198.490005 18.550302      NaN   -1    46 c    0   2.07 121.39408 -11.43802  2673.63  6966.37 2.38 2.34 -22.4 -0.400    17.95 19.64 02a59198o0658c 0x100002   -0.021739
59198.492749 17.378685      NaN   64   114 c    0   0.84 121.39408 -11.43802  2692.90  7004.75 2.40 2.36 -38.3 -0.398    16.85 18.52 02a59198o0664c 0x100002    0.561404
59198.495495 18.806434      NaN    4    35 c    0   0.84 121.39408 -11.43802  2634.77  6928.13 2.41 2.35 -11.3 -0.394    18.28 19.97 02a59198o0670c 0x100002    0.114286
59198.500539 19.212347      NaN  -49    25 c    0   2.28 121.39408 -11.43802  2615.01  7043.71 2.41 2.35 -26.8 -0.399    18.34 20.04 02a59198o0681c 0x000000   -1.960000
59200.480097 19.743105      NaN   22     8 c    0   1.53 121.39408 -11.43802  5688.51  8040.30 2.48 2.37  81.1 -0.367    19.77 21.86 01a59200o0522c 0x000000    2.750000
59200.483800 20.495680      NaN    2     7 c    0   1.05 121.39408 -11.43802  5669.40  8003.18 2.27 2.13 -63.7 -0.384    19.88 21.87 01a59200o0530c 0x000000    0.285714
59200.489800 20.594452      NaN  -12     7 c    0   1.21 121.39408 -11.43802  5729.36  8080.78 2.29 2.13 -68.4 -0.385    19.88 21.87 01a59200o0543c 0x000000   -1.714286
59204.476897 20.321591      NaN   -3     9 c    0   1.02 121.39408 -11.43802  5690.55  8043.71 2.43 2.31  75.6 -0.372    19.79 21.85 01a59204o0557c 0x000000   -0.333333
59204.480122 20.103715      NaN   12     7 c    0   1.54 121.39408 -11.43802  5671.19  8005.51 2.36 2.21 -61.3 -0.378    19.84 21.86 01a59204o0564c 0x000000    1.714286
59204.482888 20.321591      NaN    0     9 c    0   1.16 121.39408 -11.43802  5730.15  8082.95 2.54 2.21 -88.0 -0.370    19.81 21.88 01a59204o0570c 0x000000    0.000000
59204.489854 20.321591      NaN   -5     9 c    0   1.40 121.39408 -11.43802  5751.75  7966.58 2.67 2.38  19.9 -0.367    19.76 21.90 01a59204o0585c 0x000000   -0.555556
59222.465624 20.207197      NaN   -8    10 c    0   1.09 121.39408 -11.43802  1340.25  5777.99 2.48 2.38 -57.1 -0.427    19.71 21.67 02a59222o0593c 0x000000   -0.800000
59222.469282 20.103715      NaN  -17    11 c    0   0.71 121.39408 -11.43802  1320.80  5739.51 2.48 2.37 -56.5 -0.429    19.73 21.68 02a59222o0601c 0x000000   -1.545455
59222.479673 20.207197      NaN   -3    10 c    0   1.26 121.39408 -11.43802  1381.63  5817.36 2.52 2.49 -40.0 -0.412    19.66 21.69 02a59222o0623c 0x000000   -0.300000
59222.487003 20.321591      NaN  -15     9 c    0   1.44 121.39408 -11.43802  1399.33  5703.36 2.50 2.45  34.3 -0.417    19.69 21.68 02a59222o0639c 0x000000   -1.666667
59223.455462 19.922338      NaN   12     9 c    0   1.11 121.39408 -11.43802  4905.56  9691.31 2.45 2.22   4.1 -0.370    19.83 21.96 01a59223o0565c 0x000000    1.333333
59223.458690 20.321591      NaN   -8     9 c    0   0.98 121.39408 -11.43802  4887.43  9653.44 2.54 2.29  -2.8 -0.371    19.79 22.02 01a59223o0572c 0x000000   -0.888889
59223.464229 19.894850      NaN   13     9 c    0   1.04 121.39408 -11.43802  4947.69  9733.02 2.70 2.31  -2.0 -0.356    19.76 22.02 01a59223o0584c 0x000000    1.444444
59223.478838 20.449472      NaN  -23     8 c    0   1.04 121.39408 -11.43802  5591.21   946.83 2.45 2.41  -1.4 -0.377    19.81 21.92 01a59223o0615c 0x000000   -2.875000
59224.458951 20.449472      NaN   -8     8 c    0   1.57 121.39408 -11.43802  8848.77  7168.96 2.68 2.51 -82.9 -0.364    19.81 21.88 01a59224o0511c 0x000000   -1.000000
59224.462174 20.103715      NaN    6     9 c    0   1.01 121.39408 -11.43802  8868.90  7208.26 2.74 2.58 -63.6 -0.362    19.78 21.90 01a59224o0518c 0x000000    0.666667
59224.468170 20.449472      NaN   -5     8 c    0   1.19 121.39408 -11.43802  8811.06  7128.80 2.62 2.47 -80.2 -0.369    19.83 21.86 01a59224o0531c 0x000000   -0.625000
59224.502413 20.207197      NaN  -23    10 c    0   1.01 121.39408 -11.43802  8798.27  7240.50 2.59 2.45 -84.2 -0.371    19.79 21.86 01a59224o0604c 0x000000   -2.300000
59226.457552 19.922338      NaN    6    11 c    0   1.05 121.39408 -11.43802  2911.62  9778.27 2.62 2.41 -41.8 -0.424    19.75 21.89 02a59226o0571c 0x000000    0.545455
59226.460789 20.137125      NaN    2    10 c    0   1.43 121.39408 -11.43802  2892.36  9738.27 2.64 2.48 -43.5 -0.423    19.73 21.89 02a59226o0578c 0x000000    0.200000
59226.496099 20.009244      NaN  -22    12 c    0   0.93 121.39408 -11.43802  2947.96  9818.62 2.56 2.44 -57.5 -0.429    19.79 21.92 02a59226o0654c 0x000000   -1.833333
59226.501231 20.103715      NaN  -10    11 c    0   1.01 121.39408 -11.43802  2970.90  9703.88 2.49 2.41 -63.7 -0.428    19.77 21.93 02a59226o0665c 0x000000   -0.909091
59228.451370 19.719755      NaN   14    11 c    0   0.99 121.39408 -11.43802  8848.84  7166.73 3.52 3.32 -21.5 -0.308    19.53 21.95 01a59228o0275c 0x000000    1.272727
59228.454166 20.103715      NaN   -7    11 c    0   1.14 121.39408 -11.43802  8869.79  7205.23 3.90 3.41 -10.4 -0.293    19.42 21.95 01a59228o0281c 0x000000   -0.636364
59228.486904 19.696897      NaN   15    11 c    0   1.04 121.39408 -11.43802  8814.07  7123.29 3.26 3.06 -17.1 -0.315    19.56 21.91 01a59228o0351c 0x000000    1.363636
59228.493372 20.207197      NaN    0    10 c    0   1.03 121.39408 -11.43802  8795.82  7237.80 2.93 2.89 -71.9 -0.335    19.63 21.92 01a59228o0365c 0x000000    0.000000
59230.409754 19.979496      NaN    7    10 c    0   1.09 121.39408 -11.43802  7676.62   772.95 2.57 2.29 -59.5 -0.411    19.68 21.71 02a59230o0459c 0x000000    0.700000
59230.411583 19.841877      NaN   12    10 c    0   1.06 121.39408 -11.43802  7695.70   812.24 2.55 2.27 -60.8 -0.409    19.72 21.71 02a59230o0463c 0x000000    1.200000
59230.415247 19.791368      NaN   17     9 c    0   1.72 121.39408 -11.43802  7637.92   733.57 2.52 2.22 -62.0 -0.414    19.75 21.72 02a59230o0471c 0x000000    1.888889
59230.436991 20.321591      NaN   -8     9 c    0   0.89 121.39408 -11.43802  7613.40   853.28 2.56 2.28 -52.9 -0.404    19.73 21.70 02a59230o0517c 0x000000   -0.888889
59232.410994 20.009244      NaN  -19    12 c    0   0.99 121.39408 -11.43802   967.61  9886.35 3.10 2.80 -60.3 -0.365    19.48 21.62 01a59232o0337c 0x000000   -1.583333
59232.413760 20.009244      NaN    0    12 c    0   0.94 121.39408 -11.43802   946.97  9847.02 2.99 2.60 -85.4 -0.388    19.57 21.58 01a59232o0343c 0x000000    0.000000
59232.417037 19.719755      NaN    8    13 c    0   0.82 121.39408 -11.43802  1006.43  9926.73 2.97 2.78 -85.5 -0.386    19.49 21.60 01a59232o0350c 0x000000    0.615385
59232.427218 20.009244      NaN   -1    12 c    0   0.97 121.39408 -11.43802  1030.53  9810.98 2.97 2.74  79.9 -0.386    19.55 21.62 01a59232o0372c 0x000000   -0.083333
59234.451430 15.529725      NaN  576   551 c    0   1.36 121.39408 -11.43802  9576.75  7846.98 2.79 2.71  70.5 -0.472    15.39 17.14 02a59234o0310c 0x100002    1.045372
59234.457399 17.069016      NaN -100   180 c    0   1.40 121.39408 -11.43802  9557.31  7806.90 2.86 2.79  62.5 -0.388    16.37 18.20 02a59234o0323c 0x100002   -0.555556
59234.460600 15.892418      NaN -573   532 c    0   0.78 121.39408 -11.43802  9617.20  7887.29 2.83 2.74  59.6 -0.473    15.33 17.05 02a59234o0330c 0x100002   -1.077068
59234.472242 17.150406      NaN  165   112 c    0   1.30 121.39408 -11.43802  9638.05  7771.65 2.72 2.66  73.9 -0.397    16.81 18.46 02a59234o0355c 0x100002    1.473214
59252.417759 19.766969      NaN   18     9 c    0   1.19 121.39408 -11.43802  4967.68  4456.83 2.59 2.39 -81.1 -0.371    19.75 21.95 01a59252o0463c 0x000000    2.000000
59252.420983 20.103715      NaN    6     9 c    0   0.90 121.39408 -11.43802  4988.10  4495.83 2.61 2.36 -72.9 -0.367    19.72 21.96 01a59252o0470c 0x000000    0.666667
59252.427436 20.207197      NaN  -18    10 c    0   0.93 121.39408 -11.43802  4929.63  4419.83 3.04 2.51 -78.6 -0.338    19.62 21.95 01a59252o0484c 0x000000   -1.800000
59252.438974 20.321591      NaN   -6     9 c    0   0.86 121.39408 -11.43802  4911.34  4533.80 2.74 2.43 -85.0 -0.371    19.69 21.96 01a59252o0509c 0x000000   -0.666667
59256.448623 20.137125      NaN    5     9 c    0   1.25 121.39408 -11.43802   829.87  9075.46 2.75 2.45 -56.6 -0.373    19.71 22.03 01a59256o0526c 0x000000    0.555556
59256.456179 20.103715      NaN  -11    11 c    0   0.73 121.39408 -11.43802   849.95  9114.16 2.85 2.54 -65.6 -0.368    19.68 22.03 01a59256o0542c 0x000000   -1.000000
59256.459907 20.321591      NaN  -19     9 c    0   1.54 121.39408 -11.43802   792.45  9036.54 2.85 2.51 -63.5 -0.367    19.69 22.03 01a59256o0550c 0x000000   -2.111111
59256.471396 19.652575      NaN   14    12 c    0   0.70 121.39408 -11.43802   773.01  9152.70 2.95 2.56 -63.9 -0.361    19.70 22.02 01a59256o0574c 0x000000    1.166667
59258.395768 20.009244      NaN    3    11 c    0   1.12 121.39408 -11.43802  7520.91  6008.87 3.03 2.84  42.7 -0.376    19.59 21.73 02a59258o0391c 0x000000    0.272727
59258.398966 19.696897      NaN   12    12 c    0   0.94 121.39408 -11.43802  7502.26  5970.22 3.07 2.85  44.1 -0.373    19.58 21.73 02a59258o0398c 0x000000    1.000000
59258.433666 20.009244      NaN   -3    12 c    0   1.03 121.39408 -11.43802  7557.57  6049.26 2.84 2.66  53.8 -0.384    19.62 21.65 02a59258o0471c 0x000000   -0.250000
59258.438970 20.009244      NaN  -13    12 c    0   1.25 121.39408 -11.43802  7580.21  5933.95 3.17 3.01  55.6 -0.367    19.44 21.64 02a59258o0482c 0x000000   -1.083333
59260.395551 20.207197      NaN  -18    10 c    0   1.01 121.39408 -11.43802   826.22  9085.63 2.88 2.52 -65.6 -0.376    19.68 21.87 01a59260o0303c 0x000000   -1.800000
59260.398779 20.282105      NaN    7     7 c    0   1.34 121.39408 -11.43802   846.10  9123.10 2.47 2.19 -65.4 -0.392    19.79 21.88 01a59260o0310c 0x000000    1.000000
59260.404309 19.791368      NaN   14    10 c    0   1.14 121.39408 -11.43802   788.06  9044.66 2.82 2.57 -64.3 -0.372    19.65 21.88 01a59260o0322c 0x000000    1.400000
59260.414457 20.103715      NaN    0    11 c    0   1.15 121.39408 -11.43802   768.98  9160.46 3.04 2.72 -63.0 -0.368    19.56 21.86 01a59260o0344c 0x000000    0.000000
59261.400145 20.009244      NaN    6    10 c    0   1.10 121.39408 -11.43802  7514.10  6008.68 2.75 2.38  46.5 -0.388    19.76 21.75 02a59261o0416c 0x000000    0.600000
59261.403605 19.696897      NaN   12    12 c    0   0.91 121.39408 -11.43802  7494.20  5968.31 2.91 2.40  40.4 -0.383    19.68 21.74 02a59261o0423c 0x000000    1.000000
59261.409430 20.071303      NaN    1    11 c    0   0.92 121.39408 -11.43802  7552.03  6044.45 2.98 2.46  41.5 -0.377    19.67 21.73 02a59261o0435c 0x000000    0.090909
59261.422370 20.207197      NaN   -4    10 c    0   0.90 121.39408 -11.43802  7571.88  5933.34 2.67 2.40  48.4 -0.392    19.76 21.70 02a59261o0462c 0x000000   -0.400000
59262.400252 20.207197      NaN   -3    10 c    0   0.85 121.39408 -11.43802  7520.96  6008.06 2.63 2.39  48.6 -0.392    19.72 21.63 02a59262o0408c 0x000000   -0.300000
59262.413242 19.674510      NaN   19    10 c    0   1.08 121.39408 -11.43802  7502.71  5970.03 2.68 2.43  45.6 -0.391    19.72 21.62 02a59262o0436c 0x000000    1.900000
59262.416442 20.103715      NaN    3    10 c    0   1.21 121.39408 -11.43802  7561.19  6047.59 2.62 2.41  46.6 -0.392    19.71 21.63 02a59262o0443c 0x000000    0.300000
59262.422069 20.207197      NaN   -3    10 c    0   1.28 121.39408 -11.43802  7579.85  5931.51 2.71 2.50  49.9 -0.389    19.66 21.62 02a59262o0455c 0x000000   -0.300000
59277.327613 20.207197      NaN  -16    10 c    0   1.27 121.39408 -11.43802  3286.72  5701.89 2.83 2.35  37.3 -0.374    19.66 21.62 02a59277o0251c 0x000000   -1.600000
59277.330814 20.071303      NaN    4    10 c    0   1.37 121.39408 -11.43802  3266.68  5663.43 2.85 2.40  38.3 -0.373    19.63 21.62 02a59277o0258c 0x000000    0.400000
59277.337241 20.103715      NaN   -8    11 c    0   1.17 121.39408 -11.43802  3323.83  5740.74 2.79 2.35  38.9 -0.374    19.66 21.64 02a59277o0272c 0x000000   -0.727273
59277.349691 20.103715      NaN  -31    11 c    0   0.88 121.39408 -11.43802  3343.51  5625.81 2.83 2.49  40.4 -0.376    19.61 21.66 02a59277o0299c 0x000000   -2.818182
59312.294912 19.743105      NaN   19     9 c    0   1.00 121.39408 -11.43802  9201.70  4752.73 2.46 2.32  82.3 -0.401    19.96 21.74 01a59312o0167c 0x000000    2.111111
59312.297687 20.207197      NaN   -3    10 c    0   0.91 121.39408 -11.43802  9220.55  4792.10 2.55 2.29  89.0 -0.411    19.92 21.73 01a59312o0173c 0x000000   -0.300000
59312.304639 20.405150      NaN    1     8 c    0   1.14 121.39408 -11.43802  9162.59  4714.35 2.48 2.28  86.1 -0.405    19.92 21.73 01a59312o0188c 0x000000    0.125000
59312.314401 20.321591      NaN   -5     9 c    0   1.23 121.39408 -11.43802  9143.70  4830.65 2.69 2.40  82.1 -0.396    19.83 21.73 01a59312o0209c 0x000000   -0.555556
59338.272053 19.766969      NaN   -3    15 c    0   0.81 121.39408 -11.43802   936.19  9883.25 2.65 2.27 -64.6 -0.466    19.40 21.03 02a59338o0055c 0x000000   -0.200000
59338.275720 19.051202      NaN   27    20 c    0   0.88 121.39408 -11.43802   916.37  9843.14 2.65 2.27 -67.4 -0.464    18.92 20.47 02a59338o0063c 0x000000    1.350000
59338.281210 18.748255      NaN    1    38 c    0   1.34 121.39408 -11.43802   975.39  9920.86 2.68 2.22 -65.6 -0.466    18.54 20.09 02a59338o0075c 0x100002    0.026316
59338.309490 19.841877      NaN   -3    14 c    0   1.44 121.39408 -11.43802  1002.85  9798.62 2.52 2.20 -59.2 -0.475    19.06 20.67 02a59338o0100c 0x000000   -0.214286
59342.239418 18.816441      NaN   -7    36 c    0   0.92 121.39408 -11.43802   941.53  9882.95 2.88 2.44 -54.5 -0.457    18.39 19.48 02a59342o0006c 0x100002   -0.194444
59342.243084 18.921935      NaN   32    22 c    0   1.44 121.39408 -11.43802   923.13  9842.61 2.73 2.30 -54.9 -0.455    19.00 20.17 02a59342o0014c 0x000000    1.454545
59342.249045 19.766969      NaN   -3    15 c    0   1.10 121.39408 -11.43802   982.77  9921.09 2.64 2.21 -54.1 -0.472    19.33 20.78 02a59342o0027c 0x000000   -0.200000
59342.259157 19.922338      NaN   -6    13 c    0   1.33 121.39408 -11.43802  1003.70  9802.01 2.62 2.23 -56.1 -0.469    19.40 20.96 02a59342o0049c 0x000000   -0.461538
59346.242209 18.955691      NaN   26    23 c    0   1.57 121.39408 -11.43802  9478.87  5924.94 2.63 2.51 -67.9 -0.407    18.72 19.77 02a59346o0027c 0x000000    1.130435
59346.245419 19.743105      NaN    4    14 c    0   1.86 121.39408 -11.43802  9459.11  5885.76 2.57 2.49 -76.6 -0.405    19.17 20.35 02a59346o0034c 0x000000    0.285714
59346.253207 19.922338      NaN  -34    13 c    0   0.94 121.39408 -11.43802  9516.84  5962.59 2.69 2.61 -58.5 -0.397    19.41 21.03 02a59346o0051c 0x000000   -2.615385
59346.263822 20.009244      NaN   -8    12 c    0   1.31 121.39408 -11.43802  9535.38  5845.61 2.66 2.63 -63.0 -0.392    19.45 21.11 02a59346o0074c 0x000000   -0.666667
59522.588422 20.009244      NaN    0    12 c    0   0.97 121.39408 -11.43802  5698.84   858.20 2.46 2.36 -63.8 -0.406    19.61 21.43 02a59522o0886c 0x000000    0.000000
59522.590253 19.766969      NaN   18     9 c    0   1.39 121.39408 -11.43802  5717.69   898.32 2.46 2.34 -63.1 -0.409    19.65 21.43 02a59522o0890c 0x000000    2.000000
59522.596054 20.207197      NaN  -15    10 c    0   0.97 121.39408 -11.43802  5656.40   820.16 2.38 2.28 -62.7 -0.409    19.64 21.41 02a59522o0902c 0x000000   -1.500000
59522.606591 20.009244      NaN  -12    12 c    0   0.89 121.39408 -11.43802  5638.39   937.73 2.54 2.42 -68.6 -0.394    19.61 21.41 02a59522o0925c 0x000000   -1.000000
59526.535038 20.207197      NaN  -12    10 c    0   1.31 121.39408 -11.43802  5692.91   860.17 2.46 2.35 -70.1 -0.399    19.54 21.15 02a59526o0766c 0x000000   -1.200000
59526.537330 20.103715      NaN  -14    11 c    0   0.90 121.39408 -11.43802  5713.49   899.58 2.42 2.33 -75.7 -0.404    19.52 21.16 02a59526o0771c 0x000000   -1.272727
59526.541446 19.816329      NaN   13    10 c    0   1.50 121.39408 -11.43802  5655.18   821.31 2.43 2.29 -69.4 -0.405    19.56 21.16 02a59526o0780c 0x000000    1.300000
59526.551993 20.207197      NaN    0    10 c    0   1.27 121.39408 -11.43802  5634.22   938.62 2.38 2.30 -82.2 -0.409    19.60 21.18 02a59526o0803c 0x000000    0.000000
59586.448539 20.207197      NaN   -4    10 c    0   1.09 121.39408 -11.43802  2962.57  2600.66 2.30 2.28 -75.7 -0.420    19.69 21.76 02a59586o0513c 0x000000   -0.400000
59586.450824 20.207197      NaN   -8    10 c    0   1.03 121.39408 -11.43802  2981.43  2639.43 2.30 2.26 -84.3 -0.425    19.67 21.76 02a59586o0518c 0x000000   -0.800000
59586.453635 19.841877      NaN    9    11 c    0   0.93 121.39408 -11.43802  2925.10  2560.77 2.33 2.30 -69.4 -0.418    19.71 21.76 02a59586o0524c 0x000000    0.818182
59586.460175 20.103715      NaN  -13    11 c    0   0.81 121.39408 -11.43802  2905.16  2676.23 2.30 2.28 -74.7 -0.421    19.66 21.76 02a59586o0538c 0x000000   -1.181818