         MJD         m       dm  uJy  duJy F  err  chi/N        RA      Dec        x        y  maj  min   phi  apfit  mag5sig   Sky            Obs     Mask   __tmp_SN
57699.224403 19.128787      NaN -116    27 c    0   1.17 355.44496 -1.35092  3227.08  1380.02 3.95 3.73 -84.0 -0.396    18.86 20.16 02a57699o0090c 0x000000  -4.296296
57699.239423 18.878500      NaN -143    34 c    0   1.11 355.44496 -1.35092  3246.23  1420.46 3.92 3.74 -82.5 -0.399    18.60 19.80 02a57699o0119c 0x100002  -4.205882
57699.255331 18.110074      NaN  -62    69 c    0   0.95 355.44496 -1.35092  3184.72  1343.33 3.89 3.71 -82.4 -0.410    17.84 18.83 02a57699o0150c 0x100002  -0.898551
57699.269791 18.336727      NaN  -75    56 c    0   0.99 355.44496 -1.35092  3162.73  1461.90 3.87 3.70 -79.0 -0.402    18.13 19.16 02a57699o0178c 0x100002  -1.339286
57699.284234 18.356290      NaN  -92    55 c    0   1.03 355.44496 -1.35092  3200.48  1404.65 3.87 3.69 -85.8 -0.410    18.03 19.12 02a57699o0206c 0x100002  -1.672727
57716.313697 19.169763      NaN -177    26 c    0   1.42 355.44496 -1.35092  5077.56  7497.13 4.20 4.08  78.3 -0.365    18.88 20.76 02a57716o0260c 0x000000  -6.807692
57716.328879 18.729535      NaN -180    39 c    0   1.32 355.44496 -1.35092  5061.27  7457.31 4.53 4.23   4.3 -0.354    18.40 20.28 02a57716o0289c 0x100002  -4.615385
57716.343599 17.990970      NaN -163    77 c    0   1.19 355.44496 -1.35092  5121.95  7534.83 4.52 4.39  15.4 -0.361    17.79 19.63 02a57716o0317c 0x100002  -2.116883
57716.358235 19.569016      NaN -158    18 c    0   2.13 355.44496 -1.35092  5143.14  7417.22 4.47 4.41  36.8 -0.352    19.16 21.13 02a57716o0345c 0x000000  -8.777778
57716.372973 19.510313      NaN -216    19 c    0   1.35 355.44496 -1.35092  5104.21  7474.82 4.20 4.13  21.1 -0.372    19.31 21.22 02a57716o0373c 0x000000 -11.368421
57744.255174 19.631075      NaN -171    17 c    0   1.30 355.44496 -1.35092  6884.56  6252.87 3.91 3.70  89.7 -0.385    19.37 21.09 02a57744o0137c 0x000000 -10.058824
57744.266529 19.631075      NaN -140    17 c    0   1.38 355.44496 -1.35092  6866.60  6212.76 3.96 3.75 -89.1 -0.382    19.35 21.06 02a57744o0159c 0x000000  -8.235294
57744.278932 19.454622      NaN -101    20 c    0   1.47 355.44496 -1.35092  6926.73  6288.53 3.86 3.69  89.1 -0.390    19.35 21.04 02a57744o0183c 0x000000  -5.050000
57744.291952 19.454622      NaN  -67    20 c    0   1.02 355.44496 -1.35092  6949.13  6172.50 3.94 3.80  87.3 -0.383    19.31 21.05 02a57744o0208c 0x000000  -3.350000
57744.304386 19.696897      NaN -101    16 c    0   2.24 355.44496 -1.35092  6910.56  6229.41 3.95 3.79  85.1 -0.382    19.30 21.02 02a57744o0232c 0x000000  -6.312500
57752.234408 17.039268      NaN -370   185 c    0   1.44 355.44496 -1.35092  5582.41  7237.35 3.95 3.88  72.6 -0.428    16.73 18.27 02a57752o0049c 0x100002  -2.000000
57752.249168 16.447720      NaN -492   319 c    0   1.06 355.44496 -1.35092  5563.17  7197.43 4.12 4.01  81.6 -0.406    16.29 17.80 02a57752o0078c 0x100002  -1.542320
57752.262300 17.033415      NaN -270   186 c    0   1.21 355.44496 -1.35092  5623.20  7273.95 4.00 3.88  77.2 -0.417    16.78 18.31 02a57752o0104c 0x100002  -1.451613
57752.275900 16.307430      NaN -482   363 c    0   0.99 355.44496 -1.35092  5643.59  7156.16 3.93 3.85  86.9 -0.411    16.12 17.64 02a57752o0131c 0x100002  -1.327824
57752.290512 15.541479      NaN -426   735 c    0   0.99 355.44496 -1.35092  5606.60  7211.58 3.87 3.72  83.0 -0.421    15.54 17.02 02a57752o0160c 0x100002  -0.579592
57756.215418 19.351140      NaN -112    22 c    0   1.60 355.44496 -1.35092  7855.97  5888.98 3.84 3.53 -86.1 -0.408    19.16 20.60 02a57756o0050c 0x000000  -5.090909
57756.226219 19.351140      NaN -148    22 c    0   1.41 355.44496 -1.35092  7838.36  5848.21 3.82 3.49 -85.6 -0.407    19.19 20.64 02a57756o0070c 0x000000  -6.727273
57756.239112 19.510313      NaN -141    19 c    0   1.92 355.44496 -1.35092  7896.49  5923.94 3.87 3.66 -89.3 -0.392    19.15 20.64 02a57756o0094c 0x000000  -7.421053
57756.266214 19.454622      NaN -168    20 c    0   1.63 355.44496 -1.35092  7880.03  5863.46 3.81 3.57 -87.3 -0.401    19.12 20.58 02a57756o0144c 0x000000  -8.400000
57776.213690 18.574166      NaN  -26    45 c    0   1.94 355.44496 -1.35092  6426.23  6650.86 3.69 3.54 -48.9 -0.433    18.58 19.76 02a57776o0004c 0x100002  -0.577778
57776.218237 18.847027      NaN -142    35 c    0   1.26 355.44496 -1.35092  6409.00  6611.96 3.57 3.44 -54.4 -0.454    18.85 20.14 02a57776o0013c 0x100002  -4.057143
57776.225657 18.878500      NaN -132    34 c    0   1.23 355.44496 -1.35092  6467.09  6689.50 3.63 3.55 -46.8 -0.428    18.94 20.38 02a57776o0028c 0x100002  -3.882353
57776.235226 19.256669      NaN  -75    24 c    0   1.45 355.44496 -1.35092  6486.02  6572.68 3.71 3.61 -87.4 -0.416    18.95 20.41 02a57776o0047c 0x000000  -3.125000
57982.536112 20.207197      NaN -108    10 c    0   2.07 355.44496 -1.35092  5923.20  6781.07 2.48 2.46 -87.6 -0.417    19.77 21.46 02a57982o0581c 0x000000 -10.800000
57982.546048 20.594452      NaN -142     7 c    0   4.74 355.44496 -1.35092  5905.16  6742.29 2.48 2.46 -63.2 -0.416    19.77 21.44 02a57982o0599c 0x000000 -20.285714
57982.555255 20.207197      NaN  -97    10 c    0   2.74 355.44496 -1.35092  5965.29  6819.91 2.50 2.47 -76.5 -0.414    19.72 21.44 02a57982o0616c 0x000000  -9.700000
57982.564871 20.207197      NaN -114    10 c    0   2.38 355.44496 -1.35092  5985.11  6705.09 2.51 2.45 -67.8 -0.419    19.74 21.41 02a57982o0634c 0x000000 -11.400000
57986.527737 20.449472      NaN -102     8 c    0   2.82 355.44496 -1.35092  8875.54  9007.76 2.68 2.56  53.9 -0.413    19.70 21.54 02a57986o0545c 0x000000 -12.750000
57986.537538 20.103715      NaN -133    11 c    0   2.83 355.44496 -1.35092  8856.21  8968.74 2.65 2.54  52.7 -0.410    19.60 21.40 02a57986o0563c 0x000000 -12.090909
57986.546671 20.207197      NaN -121    10 c    0   2.74 355.44496 -1.35092  8916.85  9047.44 2.70 2.55  52.4 -0.409    19.75 21.55 02a57986o0580c 0x000000 -12.100000
57986.556184 20.321591      NaN -127     9 c    0   2.65 355.44496 -1.35092  8936.52  8932.14 2.61 2.54  53.1 -0.418    19.72 21.55 02a57986o0598c 0x000000 -14.111111
58018.406376 17.685696 0.042578  306    12 c    0   2.51 355.44496 -1.35092  3119.85  9451.48 2.63 2.58 -40.0 -0.420    19.66 21.41 02a58018o0107c 0x000000  25.500000
58018.413095 17.647352 0.037675  317    11 c    0   4.19 355.44496 -1.35092  7329.99   939.99 2.80 2.59 -73.4 -0.392    19.61 21.42 02a58018o0121c 0x000000  28.818182
58018.417809 17.623637 0.036861  324    11 c    0   4.13 355.44496 -1.35092  7389.94  1019.35 2.77 2.53 -59.3 -0.393    19.66 21.42 02a58018o0130c 0x000000  29.454545
58018.428466 17.866751 0.041920  259    10 c    0   2.92 355.44496 -1.35092  3056.94  9533.61 2.61 2.60  -8.0 -0.417    19.66 21.45 02a58018o0152c 0x000000  25.900000
58074.320439 19.652575 0.238862   50    11 c    0   2.34 355.44496 -1.35092  8320.02  1798.60 2.93 2.64  52.8 -0.429    19.72 21.49 02a58074o0184c 0x000000   4.545455
58074.328447 19.631075 0.191601   51     9 c    0   3.31 355.44496 -1.35092  8303.27  1759.52 2.90 2.55  41.1 -0.431    19.68 21.48 02a58074o0201c 0x000000   5.666667
58074.336595 19.674510      NaN   22     9 c    0   2.97 355.44496 -1.35092  8363.58  1837.30 2.78 2.54  41.1 -0.440    19.71 21.45 02a58074o0218c 0x000000   2.444444
58074.344605 19.719755 0.231008   47    10 c    0   2.75 355.44496 -1.35092  8385.40  1719.17 2.89 2.67  47.5 -0.438    19.65 21.46 02a58074o0235c 0x000000   4.700000
58078.314207 19.894850      NaN   13     9 c    0   3.85 355.44496 -1.35092  9064.45  2029.52 2.69 2.51  50.1 -0.440    19.77 21.53 02a58078o0282c 0x000000   1.444444
58078.322236 19.979496      NaN    4    11 c    0   2.46 355.44496 -1.35092  9046.01  1991.07 2.67 2.46  49.0 -0.456    19.76 21.52 02a58078o0299c 0x000000   0.363636
58078.338247 19.791368      NaN   14    10 c    0   2.77 355.44496 -1.35092  9126.68  1952.37 2.64 2.44  46.3 -0.462    19.80 21.51 02a58078o0333c 0x000000   1.400000
58082.295534 17.862567      NaN   98    54 c    0   0.99 355.44496 -1.35092  7941.69  4323.02 2.51 2.41  76.6 -0.452    18.05 19.12 02a58082o0247c 0x100002   1.814815
58082.303525 19.128787      NaN  -50    27 c    0   1.14 355.44496 -1.35092  7924.58  4283.49 2.52 2.40  72.5 -0.439    18.47 19.53 02a58082o0264c 0x000000  -1.851852
58082.311665 19.696897      NaN   -9    16 c    0   1.58 355.44496 -1.35092  7983.69  4360.11 2.47 2.37  71.7 -0.447    19.35 20.57 02a58082o0281c 0x000000  -0.562500
58082.319543 18.174913      NaN -149    65 c    0   4.60 355.44496 -1.35092  8003.77  4243.78 2.69 2.58  75.8 -0.429    17.37 18.40 02a58082o0298c 0x100002  -2.292308
58110.255459 20.009244      NaN  -39    12 c    0   2.11 355.44496 -1.35092  9199.11  3079.90 2.51 2.43 -78.7 -0.425    19.59 21.03 02a58110o0136c 0x000000  -3.250000
58110.263553 20.207197      NaN  -53    10 c    0   3.17 355.44496 -1.35092  9258.11  3157.11 2.50 2.45 -75.1 -0.432    19.58 21.02 02a58110o0153c 0x000000  -5.300000
58110.271544 20.103715      NaN  -46    11 c    0   3.59 355.44496 -1.35092  9279.12  3040.05 2.56 2.49  84.7 -0.429    19.56 21.01 02a58110o0170c 0x000000  -4.181818
58134.243664 19.922338      NaN  -63    13 c    0   3.37 355.44496 -1.35092  9091.96  3758.29 2.50 2.49  29.8 -0.449    19.48 20.98 02a58134o0102c 0x000000  -4.846154
58134.253489 19.922338      NaN  -74    13 c    0   2.68 355.44496 -1.35092  9073.75  3718.86 2.58 2.56  15.2 -0.459    19.40 20.96 02a58134o0123c 0x000000  -5.692308
58134.263309 19.841877      NaN  -76    14 c    0   2.70 355.44496 -1.35092  9130.82  3797.78 2.59 2.56   9.2 -0.460    19.37 20.92 02a58134o0144c 0x000000  -5.428571
58134.273121 19.766969      NaN  -68    15 c    0   1.91 355.44496 -1.35092  9149.87  3681.70 2.64 2.57  17.9 -0.458    19.36 20.87 02a58134o0165c 0x000000  -4.533333
58338.603423 20.594452      NaN -112     7 c    0   3.40 355.44496 -1.35092  7712.89  4084.39 2.73 2.50 -59.3 -0.408    19.74 21.70 02a58338o0790c 0x000000 -16.000000
58338.616480 20.321591      NaN  -83     9 c    0   2.67 355.44496 -1.35092  7690.97  4045.26 2.86 2.61 -59.0 -0.399    19.67 21.62 02a58338o0816c 0x000000  -9.222222
58338.629142 19.841877      NaN -136    14 c    0   2.31 355.44496 -1.35092  7748.24  4122.24 2.74 2.53 -60.1 -0.401    19.00 20.25 02a58338o0842c 0x000000  -9.714286
58342.593389 20.321591      NaN -118     9 c    0   2.17 355.44496 -1.35092  7664.55  1284.56 2.70 2.62  82.7 -0.416    19.75 21.78 02a58342o0775c 0x000000 -13.111111
58342.604304 20.449472      NaN -137     8 c    0   3.35 355.44496 -1.35092  7643.69  1247.14 2.70 2.63  82.3 -0.424    19.74 21.78 02a58342o0798c 0x000000 -17.125000
58342.615246 20.449472      NaN -110     8 c    0   3.69 355.44496 -1.35092  7702.45  1325.94 2.73 2.66  69.5 -0.422    19.72 21.72 02a58342o0821c 0x000000 -13.750000
58342.626257 20.103715      NaN -111    11 c    0   3.15 355.44496 -1.35092  7724.05  1208.98 2.74 2.67  65.2 -0.420    19.48 21.04 02a58342o0844c 0x000000 -10.090909
58402.451308 20.449472      NaN -111     8 c    0   3.37 355.44496 -1.35092  7658.84  2173.83 2.59 2.53  76.0 -0.418    19.71 21.47 02a58402o0345c 0x000000 -13.875000
58402.461868 20.207197      NaN -141    10 c    0   1.86 355.44496 -1.35092  7639.15  2134.63 2.51 2.44  79.2 -0.417    19.72 21.41 02a58402o0367c 0x000000 -14.100000
58402.471847 20.207197      NaN  -84    10 c    0   2.40 355.44496 -1.35092  7696.96  2211.93 2.53 2.46  68.9 -0.418    19.73 21.39 02a58402o0388c 0x000000  -8.400000
58402.482307 20.449472      NaN -132     8 c    0   2.68 355.44496 -1.35092  7717.35  2095.02 2.53 2.47  77.9 -0.421    19.69 21.37 02a58402o0410c 0x000000 -16.500000
58430.380335 20.449472      NaN -126     8 c    0   5.73 355.44496 -1.35092   339.11  4010.83 2.39 2.27  34.1 -0.423    19.69 21.39 02a58430o0389c 0x000000 -15.750000
58430.390359 20.321591      NaN -137     9 c    0   3.08 355.44496 -1.35092   320.04  3971.21 2.38 2.24  29.3 -0.437    19.68 21.36 02a58430o0410c 0x000000 -15.222222
58430.393667 20.207197      NaN  -93    10 c    0   2.39 355.44496 -1.35092 10072.54  4034.56 2.57 2.43 -57.6 -0.443    19.68 21.40 02a58430o0417c 0x000000  -9.300000
58430.400381 20.321591      NaN -119     9 c    0   4.81 355.44496 -1.35092   379.16  4048.86 2.40 2.27  36.9 -0.421    19.65 21.30 02a58430o0431c 0x000000 -13.222222
58430.403674 19.922338      NaN -130    13 c    0   1.92 355.44496 -1.35092 10053.92  3995.17 2.49 2.45 -50.4 -0.451    19.68 21.34 02a58430o0438c 0x000000 -10.000000
58430.410327 20.207197      NaN  -89    10 c    0   3.89 355.44496 -1.35092   398.91  3931.37 2.40 2.26  33.3 -0.430    19.62 21.28 02a58430o0452c 0x000000  -8.900000
58430.413586 19.841877      NaN  -89    14 c    0   2.02 355.44496 -1.35092 10111.92  4072.86 2.52 2.48 -44.9 -0.456    19.62 21.30 02a58430o0459c 0x000000  -6.357143
58430.423529 20.009244      NaN  -97    12 c    0   2.85 355.44496 -1.35092 10132.86  3956.44 2.53 2.48 -43.2 -0.440    19.59 21.24 02a58430o0480c 0x000000  -8.083333
58434.362842 20.321591      NaN -101     9 c    0   3.08 355.44496 -1.35092   476.63  3814.83 2.51 2.42  54.3 -0.421    19.64 21.49 02a58434o0386c 0x000000 -11.222222
58434.372892 20.449472      NaN -123     8 c    0   3.09 355.44496 -1.35092   458.64  3776.79 2.46 2.37  44.7 -0.425    19.63 21.46 02a58434o0407c 0x000000 -15.375000
58434.374315 20.207197      NaN -148    10 c    0   2.39 355.44496 -1.35092 10212.28  3836.24 2.63 2.56 -61.2 -0.459    19.66 21.50 02a58434o0410c 0x000000 -14.800000
58434.382827 20.449472      NaN -126     8 c    0   4.40 355.44496 -1.35092   517.67  3854.65 2.48 2.40  40.4 -0.430    19.63 21.43 02a58434o0428c 0x000000 -15.750000
58434.384225 20.207197      NaN -126    10 c    0   2.11 355.44496 -1.35092 10193.73  3799.50 2.62 2.57 -71.4 -0.465    19.65 21.47 02a58434o0431c 0x000000 -12.600000
58434.392684 20.321591      NaN -128     9 c    0   3.05 355.44496 -1.35092   537.09  3737.51 2.54 2.44  52.9 -0.423    19.60 21.41 02a58434o0449c 0x000000 -14.222222
58434.394111 20.321591      NaN -129     9 c    0   3.06 355.44496 -1.35092 10252.12  3877.24 2.63 2.59 -57.9 -0.458    19.63 21.45 02a58434o0452c 0x000000 -14.333333
58434.403960 20.207197      NaN -136    10 c    0   2.22 355.44496 -1.35092 10272.07  3760.69 2.66 2.62 -62.1 -0.458    19.61 21.40 02a58434o0473c 0x000000 -13.600000
58454.320216 20.321591      NaN -138     9 c    0   3.97 355.44496 -1.35092  8063.32  1127.77 2.71 2.60  46.1 -0.426    19.68 21.48 02a58454o0290c 0x000000 -15.333333
58454.329148 20.449472      NaN -121     8 c    0   2.89 355.44496 -1.35092  8044.66  1088.80 2.72 2.63  48.8 -0.426    19.64 21.46 02a58454o0309c 0x000000 -15.125000
58454.338076 20.449472      NaN -114     8 c    0   3.52 355.44496 -1.35092  8103.00  1167.47 2.70 2.59  44.7 -0.430    19.65 21.47 02a58454o0328c 0x000000 -14.250000
58454.347006 20.103715      NaN -101    11 c    0   2.10 355.44496 -1.35092  8124.91  1049.97 2.77 2.59  39.6 -0.426    19.65 21.45 02a58454o0347c 0x000000  -9.181818
58462.297954 20.207197      NaN -122    10 c    0   2.20 355.44496 -1.35092  8281.18  8505.07 3.04 3.01  82.2 -0.395    19.47 21.39 02a58462o0245c 0x000000 -12.200000
58462.306420 20.009244      NaN -142    12 c    0   1.81 355.44496 -1.35092  8261.32  8466.38 2.99 2.96  45.5 -0.394    19.49 21.38 02a58462o0263c 0x000000 -11.833333
58462.314462 20.103715      NaN -137    11 c    0   2.38 355.44496 -1.35092  8321.74  8543.82 2.93 2.90  63.2 -0.398    19.49 21.35 02a58462o0280c 0x000000 -12.454545
58462.323054 20.009244      NaN -212    12 c    0   3.37 355.44496 -1.35092  8342.24  8427.49 3.13 3.11  18.1 -0.395    19.35 21.33 02a58462o0298c 0x000000 -17.666667
58486.253905 20.009244      NaN -130    12 c    0   2.37 355.44496 -1.35092  4416.84  4615.26 2.82 2.59 -61.4 -0.388    19.38 21.04 02a58486o0136c 0x000000 -10.833333
58486.262333 20.321591      NaN -135     9 c    0   3.98 355.44496 -1.35092  4398.65  4576.46 2.68 2.51 -62.8 -0.389    19.35 21.04 02a58486o0154c 0x000000 -15.000000
58486.270293 20.009244      NaN -124    12 c    0   2.34 355.44496 -1.35092  4458.65  4653.14 2.84 2.64 -66.9 -0.391    19.31 21.02 02a58486o0171c 0x000000 -10.333333
58486.278742 19.922338      NaN -121    13 c    0   1.61 355.44496 -1.35092  4480.80  4536.22 2.78 2.63 -62.7 -0.389    19.31 20.99 02a58486o0189c 0x000000  -9.307692
58490.238979 19.841877      NaN -100    14 c    0   1.75 355.44496 -1.35092  4423.65   730.27 2.95 2.66  30.4 -0.400    19.32 20.94 02a58490o0101c 0x000000  -7.142857
58490.246693 19.631075      NaN -109    17 c    0   3.27 355.44496 -1.35092  4400.82 10443.80 2.95 2.75   0.5 -0.421    19.29 20.86 02a58490o0117c 0x000000  -6.411765
58490.247606 20.009244      NaN -122    12 c    0   2.30 355.44496 -1.35092  4404.43   690.34 2.92 2.61  29.7 -0.404    19.31 20.92 02a58490o0119c 0x000000 -10.166667
58490.255259 19.841877      NaN -162    14 c    0   2.51 355.44496 -1.35092  4381.78 10403.52 2.84 2.64  -2.4 -0.424    19.32 20.83 02a58490o0135c 0x000000 -11.571429
58490.255737 20.207197      NaN -110    10 c    0   3.25 355.44496 -1.35092  4462.80   768.57 2.81 2.53  32.0 -0.412    19.33 20.88 02a58490o0136c 0x000000 -11.000000
58490.263216 19.169763      NaN -116    26 c    0   3.30 355.44496 -1.35092  4441.85 10482.12 2.94 2.77  -3.3 -0.421    19.29 20.81 02a58490o0152c 0x000000  -4.461538
58490.264181 19.841877      NaN -109    14 c    0   1.92 355.44496 -1.35092  4484.92   650.22 2.93 2.62  35.7 -0.404    19.30 20.86 02a58490o0154c 0x000000  -7.785714
58490.271696 19.766969      NaN -179    15 c    0   1.93 355.44496 -1.35092  4464.08 10363.25 2.89 2.66  -2.3 -0.409    19.25 20.76 02a58490o0170c 0x000000 -11.933333
58634.613518 19.766969      NaN -104    15 c    0   2.84 355.44496 -1.35092  3003.56  3510.61 2.55 2.31  43.8 -0.401    18.97 20.05 02a58634o0815c 0x000000  -6.933333
58634.615986 19.014394      NaN -103    30 c    0   1.19 355.44496 -1.35092  3022.60  3549.54 2.91 2.69  36.3 -0.391    18.51 19.61 02a58634o0820c 0x100002  -3.433333
58634.618907 18.504094      NaN -156    48 c    0   1.37 355.44496 -1.35092  2963.95  3472.25 3.74 3.53  43.2 -0.405    17.73 19.01 02a58634o0826c 0x100002  -3.250000
58634.622835 17.126825      NaN   83   143 c    0   0.83 355.44496 -1.35092  2944.20  3587.94 3.87 3.66  17.6 -0.415    16.76 17.99 02a58634o0832c 0x100002   0.580420
58642.596958 20.207197      NaN  -96    10 c    0   1.71 355.44496 -1.35092  1052.78  3606.00 2.45 2.37 -57.8 -0.418    19.57 21.25 02a58642o0770c 0x000000  -9.600000
58642.602001 19.922338      NaN -124    13 c    0   2.01 355.44496 -1.35092  1076.73  3643.01 2.32 2.30  86.7 -0.421    19.59 21.20 02a58642o0781c 0x000000  -9.538462
58642.605673 20.207197      NaN  -93    10 c    0   2.64 355.44496 -1.35092  1017.14  3565.17 2.39 2.36 -83.4 -0.415    19.51 21.08 02a58642o0789c 0x000000  -9.300000
58642.617140 19.454622      NaN -159    20 c    0   1.98 355.44496 -1.35092   993.48  3681.63 2.39 2.36 -46.2 -0.427    18.54 19.49 02a58642o0812c 0x000000  -7.950000
58666.526847 20.321591      NaN -124     9 c    0   2.05 355.44496 -1.35092  9139.92  1765.67 2.62 2.25 -57.2 -0.419    19.69 21.55 02a58666o0619c 0x000000 -13.777778
58666.530534 20.207197      NaN  -99    10 c    0   2.34 355.44496 -1.35092  9161.84  1804.47 2.62 2.41 -59.1 -0.408    19.69 21.57 02a58666o0627c 0x000000  -9.900000
58666.536260 20.449472      NaN -123     8 c    0   2.91 355.44496 -1.35092  9109.73  1722.70 2.51 2.25 -53.8 -0.415    19.74 21.59 02a58666o0639c 0x000000 -15.375000
58666.546587 20.321591      NaN -115     9 c    0   3.45 355.44496 -1.35092  9090.33  1840.83 2.54 2.31 -57.4 -0.414    19.67 21.60 02a58666o0661c 0x000000 -12.777778
58694.574998 20.207197      NaN -109    10 c    0   2.39 355.44496 -1.35092  3790.47  9174.77 2.52 2.43 -26.6 -0.415    19.78 21.87 02a58694o0708c 0x000000 -10.900000
58694.578657 20.321591      NaN -120     9 c    0   2.97 355.44496 -1.35092  3767.86  9135.10 2.50 2.44 -12.5 -0.410    19.78 21.88 02a58694o0716c 0x000000 -13.333333
58694.586084 20.207197      NaN -122    10 c    0   2.95 355.44496 -1.35092  3822.12  9209.04 2.52 2.47 -32.6 -0.407    19.77 21.88 02a58694o0732c 0x000000 -12.200000
58694.597279 20.321591      NaN -165     9 c    0   3.00 355.44496 -1.35092  3841.30  9100.31 2.53 2.39 -37.4 -0.415    19.79 21.90 02a58694o0754c 0x000000 -18.333333
58702.503834 20.207197      NaN -120    10 c    0   2.38 355.44496 -1.35092  6692.23  9632.50 2.56 2.44 -57.6 -0.411    19.81 21.77 02a58702o0555c 0x000000 -12.000000
58702.507212 20.103715      NaN  -95    11 c    0   2.40 355.44496 -1.35092  6711.09  9672.62 2.58 2.45 -54.3 -0.409    19.82 21.77 02a58702o0562c 0x000000  -8.636364
58702.513408 20.207197      NaN -106    10 c    0   2.37 355.44496 -1.35092  6649.30  9595.47 2.58 2.46 -59.1 -0.408    19.79 21.76 02a58702o0574c 0x000000 -10.600000
58702.526098 20.594452      NaN -122     7 c    0   4.24 355.44496 -1.35092  6628.71  9711.92 2.56 2.39 -57.0 -0.415    19.80 21.77 02a58702o0599c 0x000000 -17.428571
58706.472930 17.922662      NaN -107    82 c    0   1.18 355.44496 -1.35092  6896.36  3322.82 2.57 2.39  35.8 -0.376    17.12 17.92 02a58706o0466c 0x100002  -1.304878
58706.476176 18.005163      NaN  -55    76 c    0   0.97 355.44496 -1.35092  6915.10  3361.51 2.51 2.32  35.3 -0.376    17.51 18.29 02a58706o0473c 0x100002  -0.723684
58706.483214 17.949472      NaN -100    80 c    0   0.93 355.44496 -1.35092  6855.48  3283.51 2.65 2.40  12.5 -0.414    16.93 18.02 02a58706o0488c 0x100002  -1.250000
58706.494808 18.598565      NaN -138    44 c    0   1.29 355.44496 -1.35092  6835.42  3401.43 2.47 2.31  36.1 -0.386    17.91 18.72 02a58706o0512c 0x100002  -3.136364
58726.433379 20.207197      NaN -115    10 c    0   4.03 355.44496 -1.35092   962.05  1654.98 2.52 2.36 -61.8 -0.409    19.72 21.49 02a58726o0445c 0x000000 -11.500000
58726.440445 20.009244      NaN -134    12 c    0   2.11 355.44496 -1.35092   985.42  1692.74 2.62 2.37 -55.4 -0.409    19.58 21.41 02a58726o0459c 0x000000 -11.166667
58726.443662 20.207197      NaN -158    10 c    0   6.89 355.44496 -1.35092   926.15  1613.64 2.55 2.28 -56.0 -0.413    19.76 21.56 02a58726o0466c 0x000000 -15.800000
58726.455822 20.449472      NaN -106     8 c    0   4.53 355.44496 -1.35092   904.24  1733.09 2.51 2.24 -55.7 -0.414    19.77 21.61 02a58726o0491c 0x000000 -13.250000
58730.541743 20.449472      NaN -134     8 c    0   3.23 355.44496 -1.35092  9657.20  2598.24 2.65 2.37 -57.7 -0.480    19.68 21.40 02a58730o0673c 0x000000 -16.750000
58730.545054 20.321591      NaN  -97     9 c    0   3.14 355.44496 -1.35092  9638.49  2559.74 2.62 2.35 -55.6 -0.407    19.71 21.41 02a58730o0680c 0x000000 -10.777778
58730.551837 20.103715      NaN -103    11 c    0   2.26 355.44496 -1.35092  9695.35  2638.01 2.63 2.36 -55.2 -0.405    19.69 21.40 02a58730o0694c 0x000000  -9.363636
58730.564323 20.449472      NaN -128     8 c    0   4.64 355.44496 -1.35092  9715.59  2521.35 2.70 2.40 -54.2 -0.401    19.68 21.41 02a58730o0720c 0x000000 -16.000000
58750.418517 20.594452      NaN -100     7 c    0   6.12 355.44496 -1.35092  7477.87  5113.63 2.70 2.45  43.7 -0.384    19.62 21.52 02a58750o0425c 0x000000 -14.285714
58750.421518 20.321591      NaN -124     9 c    0   5.00 355.44496 -1.35092  7459.03  5078.36 2.75 2.39  44.3 -0.381    19.63 21.54 02a58750o0431c 0x000000 -13.777778
58750.426780 20.594452      NaN -156     7 c    0   4.19 355.44496 -1.35092  7514.05  5156.28 2.68 2.39  47.3 -0.386    19.68 21.55 02a58750o0441c 0x000000 -22.285714
58750.437658 20.449472      NaN -130     8 c    0   2.75 355.44496 -1.35092  7527.63  5038.00 2.63 2.40  44.7 -0.387    19.67 21.58 02a58750o0463c 0x000000 -16.250000
58778.348472 20.321591      NaN -126     9 c    0   4.04 355.44496 -1.35092  1519.07   530.98 2.69 2.23 -56.0 -0.412    19.61 21.38 02a58778o0283c 0x000000 -14.000000
58778.351687 20.207197      NaN -123    10 c    0   2.17 355.44496 -1.35092  1499.39   491.49 2.74 2.23 -54.7 -0.409    19.62 21.31 02a58778o0290c 0x000000 -12.300000
58778.358100 20.321591      NaN -137     9 c    0   3.36 355.44496 -1.35092  1556.29   569.20 2.71 2.25 -55.4 -0.413    19.64 21.37 02a58778o0303c 0x000000 -15.222222
58778.368426 19.841877      NaN -143    14 c    0   1.76 355.44496 -1.35092  1575.94   451.68 2.72 2.25 -55.8 -0.409    19.49 21.18 02a58778o0325c 0x000000 -10.214286
58782.344515 19.169763      NaN -126    26 c    0   1.99 355.44496 -1.35092  1520.24   525.46 2.69 2.35 -57.7 -0.411    18.34 19.82 02a58782o0303c 0x000000  -4.846154
58782.347766 19.128787      NaN -173    27 c    0   2.06 355.44496 -1.35092  1500.41   485.65 2.68 2.33 -59.3 -0.405    18.31 19.80 02a58782o0310c 0x000000  -6.407407
58782.353314 18.978793      NaN -168    31 c    0   1.72 355.44496 -1.35092  1557.33   565.57 2.51 2.27 -65.0 -0.412    18.20 19.64 02a58782o0322c 0x100002  -5.419355
58782.364984 18.481707      NaN -148    49 c    0   1.10 355.44496 -1.35092  1575.46   445.76 2.63 2.31 -62.0 -0.397    17.70 19.16 02a58782o0346c 0x100002  -3.020408
58814.290422 20.207197      NaN -108    10 c    0   3.29 355.44496 -1.35092  9753.76   632.80 2.83 2.19 -53.9 -0.428    19.70 21.68 02a58814o0150c 0x000000 -10.800000
58814.293636 20.207197      NaN -117    10 c    0   3.13 355.44496 -1.35092  9734.65   593.84 2.88 2.19 -54.4 -0.430    19.68 21.59 02a58814o0157c 0x000000 -11.700000
58814.299774 19.922338      NaN  -70    13 c    0   2.17 355.44496 -1.35092  9791.90   672.82 2.90 2.22 -54.9 -0.426    19.67 21.59 02a58814o0170c 0x000000  -5.384615
58814.312602 19.922338      NaN -116    13 c    0   1.67 355.44496 -1.35092  9812.60   555.62 2.96 2.32 -52.7 -0.419    19.58 21.48 02a58814o0196c 0x000000  -8.923077
58818.320149 16.222137      NaN   47   377 c    0   0.85 355.44496 -1.35092  9423.62  5018.68 2.92 2.50 -59.2 -0.428    15.52 16.96 02a58818o0293c 0x100002   0.124668
58818.323470 15.577523      NaN -256   711 c    0   1.14 355.44496 -1.35092  9404.36  4980.27 2.82 2.47 -60.8 -0.432    15.45 16.93 02a58818o0300c 0x100002  -0.360056
58818.329545 17.293839      NaN  127   104 c    0   2.10 355.44496 -1.35092  9462.42  5058.55 2.91 2.53 -59.1 -0.432    16.85 18.39 02a58818o0313c 0x100002   1.221154
58818.339600 16.871062      NaN -645   216 c    0   0.94 355.44496 -1.35092  9483.26  4942.20 3.00 2.61 -59.1 -0.419    16.48 17.99 02a58818o0334c 0x100002  -2.986111
58846.232371 19.922338      NaN  -83    13 c    0   1.62 355.44496 -1.35092  9512.75  6964.58 2.66 2.59  89.0 -0.396    19.58 21.18 02a58846o0101c 0x000000  -6.384615
58846.235151 20.103715      NaN  -87    11 c    0   2.66 355.44496 -1.35092  9493.80  6925.70 2.71 2.62 -77.5 -0.402    19.53 21.19 02a58846o0107c 0x000000  -7.909091
58846.240290 20.207197      NaN -110    10 c    0   2.26 355.44496 -1.35092  9553.35  7003.52 2.77 2.69 -70.7 -0.394    19.54 21.19 02a58846o0118c 0x000000 -11.000000
58846.250910 20.321591      NaN -138     9 c    0   3.59 355.44496 -1.35092  9574.01  6887.66 2.78 2.60 -63.6 -0.405    19.54 21.19 02a58846o0141c 0x000000 -15.333333
58874.208285 17.883650      NaN  -29    85 c    0   1.21 355.44496 -1.35092  1238.14  4908.52 2.67 2.38  46.1 -0.401    17.06 17.92 02a58874o0024c 0x100002  -0.341176
58874.211519 18.574166      NaN  -90    45 c    0   1.40 355.44496 -1.35092  1218.77  4869.42 2.67 2.41  50.0 -0.392    17.80 18.75 02a58874o0031c 0x100002  -2.000000
58874.219343 19.569016      NaN -151    18 c    0   1.58 355.44496 -1.35092  1277.46  4947.07 2.45 2.33  60.8 -0.412    18.86 20.00 02a58874o0048c 0x000000  -8.388889
58874.229553 19.766969      NaN -164    15 c    0   1.80 355.44496 -1.35092  1296.27  4828.80 2.39 2.31  77.0 -0.414    19.08 20.29 02a58874o0070c 0x000000 -10.933333
58990.593750 19.569016      NaN   15    13 c    0   1.78 355.44496 -1.35092  4936.04  3424.87 2.77 2.35  38.3 -0.391    19.35 20.82 02a58990o0772c 0x000000   1.153846
58990.598010 19.766969      NaN    6    13 c    0   1.58 355.44496 -1.35092  4957.38  3463.47 2.67 2.33  40.1 -0.395    19.36 20.83 02a58990o0781c 0x000000   0.461538
58990.605889 19.922338      NaN  -22    13 c    0   2.21 355.44496 -1.35092  4898.52  3385.29 2.72 2.36  41.4 -0.397    19.29 20.75 02a58990o0798c 0x000000  -1.692308
58998.576881 19.271854      NaN   29    14 c    0   1.73 355.44496 -1.35092  4789.99  7778.72 2.72 2.38  35.4 -0.387    19.45 21.15 02a58998o0723c 0x000000   2.071429
58998.580576 19.816329      NaN    4    13 c    0   1.70 355.44496 -1.35092  4808.85  7817.68 2.72 2.35  36.3 -0.386    19.45 21.14 02a58998o0731c 0x000000   0.307692
58998.598218 19.631075      NaN   12    13 c    0   2.42 355.44496 -1.35092  4746.50  7739.64 2.49 2.39  35.2 -0.401    19.34 20.95 02a58998o0769c 0x000000   0.923077
58998.608360 19.115465      NaN   34    16 c    0   1.93 355.44496 -1.35092  4725.32  7855.66 2.58 2.39  37.3 -0.392    19.15 20.50 02a58998o0791c 0x000000   2.125000
59022.573609 19.241693      NaN   25    16 c    0   2.65 355.44496 -1.35092  1152.71  5552.53 2.35 2.31  16.4 -0.417    19.13 20.87 02a59022o0711c 0x000000   1.562500
59022.577299 18.496580      NaN   61    28 c    0   1.75 355.44496 -1.35092  1172.00  5591.02 2.41 2.28  26.3 -0.416    18.35 20.03 02a59022o0719c 0x100002   2.178571
59022.597682 18.598565      NaN  -38    44 c    0   1.46 355.44496 -1.35092  1108.42  5513.69 2.34 2.26 -33.2 -0.423    17.84 19.51 02a59022o0763c 0x100002  -0.863636
59022.607833 18.261819      NaN  -17    60 c    0   1.14 355.44496 -1.35092  1088.41  5630.58 2.44 2.31  16.4 -0.406    17.79 19.37 02a59022o0785c 0x100002  -0.283333
59030.554974 20.039830      NaN    8     9 c    0   3.50 355.44496 -1.35092  2900.65  1572.64 2.44 2.33 -67.6 -0.413    19.67 21.39 02a59030o0661c 0x000000   0.888889
59030.558177 19.894850 0.244291   40     9 c    0   2.48 355.44496 -1.35092  2917.96  1610.39 2.45 2.32 -64.4 -0.416    19.64 21.38 02a59030o0668c 0x000000   4.444444
59030.563670 19.766969      NaN   15    10 c    0   3.51 355.44496 -1.35092  2860.98  1533.58 2.53 2.42 -60.6 -0.414    19.60 21.37 02a59030o0680c 0x000000   1.500000
59030.576982 19.791368      NaN   17     9 c    0   2.85 355.44496 -1.35092  2842.17  1650.50 2.43 2.35 -69.7 -0.413    19.67 21.43 02a59030o0709c 0x000000   1.888889
59050.549153 20.171596      NaN    1    10 c    0   4.33 355.44496 -1.35092  4746.95  9723.57 2.47 2.41 -51.8 -0.400    19.75 21.82 02a59050o0659c 0x000000   0.100000
59050.551016 20.103715      NaN  -12    11 c    0   3.02 355.44496 -1.35092  4766.13  9763.81 2.47 2.41 -43.0 -0.390    19.78 21.79 02a59050o0663c 0x000000  -1.090909
59050.554243 20.207197      NaN  -42    10 c    0   3.50 355.44496 -1.35092  4708.74  9685.79 2.52 2.40 -47.6 -0.399    19.78 21.77 02a59050o0670c 0x000000  -4.200000
59050.559408 20.103715      NaN  -21    11 c    0   4.16 355.44496 -1.35092  4688.32  9803.91 2.51 2.39 -55.1 -0.396    19.78 21.75 02a59050o0681c 0x000000  -1.909091
59058.503649 20.207197      NaN  -21    10 c    0   2.59 355.44496 -1.35092  5046.79  5353.83 2.83 2.53  35.1 -0.385    19.63 21.64 02a59058o0559c 0x000000  -2.100000
59058.505501 19.674510      NaN   19    10 c    0   2.72 355.44496 -1.35092  5066.18  5394.28 2.83 2.53  38.9 -0.384    19.61 21.64 02a59058o0563c 0x000000   1.900000
59058.508263 20.207197      NaN    0    10 c    0   2.47 355.44496 -1.35092  5007.85  5317.28 2.87 2.55  37.6 -0.384    19.60 21.63 02a59058o0569c 0x000000   0.000000
59058.513311 20.071303      NaN    4    10 c    0   2.72 355.44496 -1.35092  4988.40  5432.11 2.88 2.46  34.5 -0.389    19.62 21.61 02a59058o0580c 0x000000   0.400000
59078.473393 20.103715      NaN  -22    11 c    0   2.20 355.44496 -1.35092  9347.87  5650.63 2.54 2.51  63.4 -0.394    19.69 21.67 02a59078o0524c 0x000000  -2.000000
59078.476613 20.449472      NaN  -29     8 c    0   3.92 355.44496 -1.35092  9366.78  5691.90 2.65 2.60  42.7 -0.388    19.69 21.69 02a59078o0531c 0x000000  -3.625000
59078.479361 20.009244 0.241275   36     8 c    0   5.44 355.44496 -1.35092  9308.28  5614.23 2.62 2.56  57.9 -0.386    19.66 21.69 02a59078o0537c 0x000000   4.500000
59078.498176 20.207197      NaN  -34    10 c    0   2.03 355.44496 -1.35092  9289.76  5732.81 2.52 2.48  36.4 -0.396    19.71 21.71 02a59078o0577c 0x000000  -3.400000
59082.464296 20.103715      NaN   -2    11 c    0   2.66 355.44496 -1.35092  9261.54  8079.08 2.65 2.60 -44.2 -0.389    19.72 21.67 02a59082o0510c 0x000000  -0.181818
59082.466126 20.137125      NaN    2    10 c    0   3.30 355.44496 -1.35092  9280.86  8118.13 2.71 2.62  12.4 -0.391    19.68 21.67 02a59082o0514c 0x000000   0.200000
59082.468886 20.321591      NaN  -27     9 c    0   3.99 355.44496 -1.35092  9221.70  8039.74 2.71 2.65 -56.4 -0.389    19.71 21.66 02a59082o0520c 0x000000  -3.000000
59082.477312 19.950541      NaN    5    11 c    0   3.00 355.44496 -1.35092  9202.44  8158.42 2.62 2.56 -75.7 -0.395    19.75 21.67 02a59082o0538c 0x000000   0.454545
59086.538974 20.207197      NaN  -18    10 c    0   2.14 355.44496 -1.35092  1310.49  2480.54 2.81 2.50 -57.8 -0.401    19.56 21.62 02a59086o0132c 0x000000  -1.800000
59086.542689 20.207197      NaN   -6    10 c    0   3.11 355.44496 -1.35092  1291.13  2441.00 2.61 2.26 -56.9 -0.419    19.68 21.62 02a59086o0140c 0x000000  -0.600000
59086.548210 20.207197      NaN  -23    10 c    0   3.08 355.44496 -1.35092  1350.55  2520.33 2.57 2.27 -56.6 -0.417    19.66 21.59 02a59086o0152c 0x000000  -2.300000
59086.558886 20.103715      NaN  -24    11 c    0   1.51 355.44496 -1.35092  1370.99  2403.98 2.57 2.23 -57.2 -0.424    19.68 21.57 02a59086o0175c 0x000000  -2.181818
59106.441596 19.719755      NaN   17    10 c    0   2.44 355.44496 -1.35092  3686.20  7231.73 2.60 2.39  38.3 -0.390    19.62 21.60 02a59106o0499c 0x000000   1.700000
59106.444628 19.950541      NaN    8    10 c    0   2.90 355.44496 -1.35092  3666.84  7193.43 2.69 2.35  37.7 -0.383    19.61 21.61 02a59106o0505c 0x000000   0.800000
59106.450202 19.979496      NaN   10     9 c    0   3.37 355.44496 -1.35092  3724.32  7270.58 2.61 2.36  42.9 -0.392    19.64 21.60 02a59106o0517c 0x000000   1.111111
59106.485173 20.039830      NaN    8     9 c    0   4.29 355.44496 -1.35092  3736.87  7157.54 2.65 2.42  48.4 -0.387    19.63 21.59 02a59106o0592c 0x000000   0.888889
59110.390987 19.816329      NaN   10    11 c    0   1.78 355.44496 -1.35092  6894.84  3322.38 2.55 2.35  37.3 -0.391    19.45 21.31 02a59110o0393c 0x000000   0.909091
59110.396754 19.454622      NaN   24    12 c    0   2.04 355.44496 -1.35092  6912.41  3364.70 2.54 2.35  37.6 -0.392    19.48 21.28 02a59110o0405c 0x000000   2.000000
59110.398586 19.589310      NaN   17    12 c    0   2.19 355.44496 -1.35092  6855.26  3286.83 2.50 2.30  36.1 -0.394    19.40 21.17 02a59110o0409c 0x000000   1.416667
59110.408301 19.922338      NaN  -14    13 c    0   2.30 355.44496 -1.35092  6836.68  3404.47 2.62 2.33  33.9 -0.391    19.37 21.21 02a59110o0430c 0x000000  -1.076923
59114.415641 20.103715      NaN  -16    11 c    0   3.31 355.44496 -1.35092  3836.30  2875.41 2.54 2.39  49.1 -0.400    19.51 21.25 02a59114o0450c 0x000000  -1.454545
59114.418435 19.894850 0.271434   40    10 c    0   3.48 355.44496 -1.35092  3817.62  2837.24 2.53 2.40  51.2 -0.398    19.56 21.27 02a59114o0456c 0x000000   4.000000
59114.424332 19.743105      NaN   10    12 c    0   1.95 355.44496 -1.35092  3876.46  2915.87 2.62 2.45  47.6 -0.400    19.53 21.30 02a59114o0468c 0x000000   0.833333
59114.459508 20.103715      NaN    0    11 c    0   2.16 355.44496 -1.35092  3891.10  2801.91 2.57 2.37  51.8 -0.398    19.51 21.32 02a59114o0543c 0x000000   0.000000
59138.386097 20.321591      NaN   -5     9 c    0   3.71 355.44496 -1.35092  5713.31  9089.29 2.63 2.38  46.6 -0.400    19.68 21.45 02a59138o0424c 0x000000  -0.555556
59138.391603 20.207197      NaN  -14    10 c    0   3.56 355.44496 -1.35092  5694.58  9050.67 2.64 2.38  47.1 -0.401    19.66 21.46 02a59138o0436c 0x000000  -1.400000
59138.395286 19.743105      NaN   13    11 c    0   3.42 355.44496 -1.35092  5752.96  9126.86 2.68 2.38  45.4 -0.400    19.63 21.43 02a59138o0444c 0x000000   1.181818
59138.410447 20.009244      NaN  -73    12 c    0   1.91 355.44496 -1.35092  5774.73  9010.09 2.66 2.45  48.5 -0.409    19.61 21.43 02a59138o0477c 0x000000  -6.083333
59142.374406 19.696897      NaN   18    10 c    0   3.92 355.44496 -1.35092  5715.69  9086.92 2.69 2.43  47.6 -0.397    19.69 21.49 02a59142o0404c 0x000000   1.800000
59142.378083 19.791368      NaN   14    10 c    0   3.70 355.44496 -1.35092  5697.39  9048.86 2.76 2.44  49.9 -0.398    19.68 21.50 02a59142o0412c 0x000000   1.400000
59142.400839 20.321591      NaN   -9     9 c    0   3.64 355.44496 -1.35092  5757.09  9127.49 2.66 2.42  50.3 -0.400    19.68 21.44 02a59142o0458c 0x000000  -1.000000
59142.407270 20.207197      NaN   -6    10 c    0   3.11 355.44496 -1.35092  5776.97  9010.59 2.74 2.52  46.1 -0.391    19.67 21.45 02a59142o0472c 0x000000  -0.600000
59170.296670 20.207197 0.361912   30    10 c    0   3.00 355.44496 -1.35092  1327.81  6851.70 2.38 2.30 -50.0 -0.430    19.68 21.43 02a59170o0176c 0x000000   3.000000
59170.299872 20.103715      NaN   -6    11 c    0   2.35 355.44496 -1.35092  1308.45  6812.96 2.39 2.32 -54.9 -0.429    19.67 21.42 02a59170o0183c 0x000000  -0.545455
59170.307238 19.894850      NaN   16     8 c    0   4.58 355.44496 -1.35092  1366.03  6886.92 2.36 2.33 -47.2 -0.421    19.66 21.36 02a59170o0199c 0x000000   2.000000
59170.319144 20.103715      NaN   -6    11 c    0   2.05 355.44496 -1.35092  1387.83  6771.46 2.30 2.26  87.5 -0.424    19.67 21.32 02a59170o0225c 0x000000  -0.545455
59190.267238 19.950541      NaN    5    11 c    0   2.71 355.44496 -1.35092  5621.36  7145.90 2.50 2.42  61.5 -0.407    19.67 21.47 02a59190o0123c 0x000000   0.454545
59190.270019 20.207197      NaN  -20    10 c    0   2.27 355.44496 -1.35092  5602.53  7107.97 2.57 2.48  58.3 -0.406    19.64 21.46 02a59190o0129c 0x000000  -2.000000
59190.275555 20.103715      NaN  -16    11 c    0   1.65 355.44496 -1.35092  5660.33  7184.61 2.55 2.47  59.4 -0.407    19.66 21.42 02a59190o0141c 0x000000  -1.454545
59190.286585 20.207197      NaN   -1    10 c    0   2.92 355.44496 -1.35092  5683.77  7068.97 2.42 2.37  53.9 -0.413    19.63 21.36 02a59190o0165c 0x000000  -0.100000
59190.361063 19.510313      NaN   15    14 c    0   2.91 355.44496 -1.35092  4110.99  9529.45 2.61 2.49 -35.1 -0.404    19.37 20.97 02a59190o0326c 0x000000   1.071429
59190.366984 19.841877      NaN  -47    14 c    0   2.74 355.44496 -1.35092  4098.76  9487.82 2.68 2.47 -36.9 -0.408    19.23 20.88 02a59190o0338c 0x000000  -3.357143
59190.372849 19.491430      NaN   19    13 c    0   2.60 355.44496 -1.35092  4154.64  9570.79 2.76 2.55 -41.4 -0.404    19.27 20.84 02a59190o0350c 0x000000   1.461538
59190.378770 19.696897      NaN  -15    16 c    0   2.20 355.44496 -1.35092  4173.58  9453.72 2.70 2.48 -36.7 -0.410    19.25 20.74 02a59190o0362c 0x000000  -0.937500
59194.268973 19.791368      NaN   17     9 c    0   2.91 355.44496 -1.35092  5766.85  2793.24 2.43 2.32 -77.8 -0.397    19.67 21.51 02a59194o0185c 0x000000   1.888889
59194.272193 20.207197      NaN  -16    10 c    0   3.00 355.44496 -1.35092  5749.90  2752.41 2.45 2.34 -78.0 -0.395    19.67 21.51 02a59194o0192c 0x000000  -1.600000
59194.279542 20.449472      NaN  -17     8 c    0   2.54 355.44496 -1.35092  5807.66  2831.08 2.43 2.32 -79.1 -0.398    19.65 21.49 02a59194o0208c 0x000000  -2.125000
59194.294296 19.674510      NaN   22     9 c    0   4.20 355.44496 -1.35092  5831.50  2712.85 2.56 2.47 -73.6 -0.389    19.64 21.47 02a59194o0240c 0x000000   2.444444
59198.230241 20.137125      NaN    8     8 c    0   4.36 355.44496 -1.35092  5771.85  2792.02 2.42 2.26 -66.1 -0.401    19.63 21.27 02a59198o0099c 0x000000   1.000000
59198.233447 20.009244      NaN    9     9 c    0   4.01 355.44496 -1.35092  5753.87  2753.56 2.37 2.21 -66.6 -0.402    19.62 21.24 02a59198o0106c 0x000000   1.000000
59198.239419 19.791368      NaN    5    13 c    0   2.71 355.44496 -1.35092  5811.07  2831.25 2.45 2.28 -63.1 -0.403    19.25 20.87 02a59198o0119c 0x000000   0.384615
59198.257359 20.207197      NaN  -45    10 c    0   3.14 355.44496 -1.35092  5833.72  2712.27 2.39 2.21 -69.8 -0.399    19.56 21.19 02a59198o0158c 0x000000  -4.500000
59200.245529 15.401681      NaN  795   571 c    0   1.51 355.44496 -1.35092  6848.31  3304.32 2.44 2.39 -56.5 -0.374    15.23 17.02 01a59200o0021c 0x100002   1.392294
59200.264925 18.675237      NaN -155    41 c    0   1.73 355.44496 -1.35092  6792.88  3381.64 2.52 2.46 -71.6 -0.373    17.63 19.57 01a59200o0063c 0x100002  -3.780488
59218.263390 20.009244      NaN  -10    12 c    0   2.07 355.44496 -1.35092  9418.42  5023.99 2.59 2.41 -54.8 -0.403    19.50 20.95 02a59218o0126c 0x000000  -0.833333
59218.266633 19.922338      NaN  -16    13 c    0   1.27 355.44496 -1.35092  9396.55  4985.87 2.57 2.54 -21.0 -0.392    19.44 20.95 02a59218o0133c 0x000000  -1.230769
59218.272172 19.609992      NaN   13    13 c    0   1.94 355.44496 -1.35092  9454.52  5062.04 2.61 2.58 -53.4 -0.394    19.41 20.92 02a59218o0145c 0x000000   1.000000
59218.282799 20.103715      NaN  -15    11 c    0   2.76 355.44496 -1.35092  9476.00  4945.41 2.66 2.56 -45.3 -0.396    19.42 20.88 02a59218o0168c 0x000000  -1.363636
59220.215143 20.009244      NaN   -9    12 c    0   2.49 355.44496 -1.35092   908.61  1684.33 2.20 2.14  22.0 -0.419    19.69 21.07 01a59220o0051c 0x000000  -0.750000
59220.219291 19.922338      NaN    9    10 c    0   2.23 355.44496 -1.35092   928.35  1723.56 2.28 2.15  61.6 -0.429    19.73 21.14 01a59220o0060c 0x000000   0.900000
59220.224857 19.719755      NaN   14    11 c    0   2.95 355.44496 -1.35092   869.13  1644.91 2.25 2.16  64.5 -0.424    19.73 21.16 01a59220o0072c 0x000000   1.272727
59220.236422 19.549093      NaN   25    10 c    0   5.57 355.44496 -1.35092   849.87  1760.20 2.73 2.39   3.0 -0.398    19.56 21.16 01a59220o0097c 0x000000   2.500000
59222.242763 19.549093      NaN   13    14 c    0   2.22 355.44496 -1.35092  9407.98  5023.22 2.68 2.55 -56.4 -0.394    19.27 20.83 02a59222o0108c 0x000000   0.928571
59222.248259 19.841877      NaN  -28    14 c    0   1.97 355.44496 -1.35092  9387.41  4985.01 2.68 2.67 -65.1 -0.383    19.25 20.80 02a59222o0120c 0x000000  -2.000000
59222.251468 19.922338      NaN  -38    13 c    0   2.15 355.44496 -1.35092  9445.36  5062.35 2.71 2.57 -52.1 -0.393    19.32 20.89 02a59222o0127c 0x000000  -2.923077
59222.264322 20.009244      NaN  -18    12 c    0   2.24 355.44496 -1.35092  9466.00  4945.23 2.75 2.64 -49.6 -0.391    19.39 20.96 02a59222o0155c 0x000000  -1.500000
59224.254411 20.207197      NaN  -26    10 c    0   3.40 355.44496 -1.35092   926.42  7994.98 2.35 2.14 -71.7 -0.396    19.58 21.10 01a59224o0069c 0x000000  -2.600000
59224.257174 19.743105      NaN   19     9 c    0   2.86 355.44496 -1.35092   945.34  8033.15 2.35 2.18 -65.7 -0.394    19.56 21.08 01a59224o0075c 0x000000   2.111111
59224.264095 20.103715      NaN  -39    11 c    0   2.40 355.44496 -1.35092   882.74  7956.81 2.88 2.51 -19.0 -0.358    19.42 21.03 01a59224o0090c 0x000000  -3.545455
59224.277028 19.696897      NaN   -1    16 c    0   1.61 355.44496 -1.35092   860.29  8074.04 3.09 2.69   4.4 -0.391    19.15 20.85 01a59224o0118c 0x000000  -0.062500
59226.238532 19.318728      NaN   20    16 c    0   1.77 355.44496 -1.35092  7662.88  8998.61 2.83 2.74  41.1 -0.391    19.35 20.93 02a59226o0095c 0x000000   1.250000
59226.242211 19.696897      NaN   -7    16 c    0   2.47 355.44496 -1.35092  7643.27  8959.26 2.88 2.87 -28.9 -0.395    19.33 20.92 02a59226o0103c 0x000000  -0.437500
59226.248631 19.696897      NaN    0    16 c    0   2.48 355.44496 -1.35092  7702.20  9037.63 3.10 3.04 -28.6 -0.391    19.25 20.91 02a59226o0117c 0x000000   0.000000
59226.258742 19.436675      NaN   16    15 c    0   3.36 355.44496 -1.35092  7722.26  8920.20 3.08 3.01 -14.4 -0.391    19.24 20.89 02a59226o0139c 0x000000   1.066667
59376.582203 19.696897      NaN   18    10 c    0   2.15 355.44496 -1.35092  1311.86  2480.40 2.55 2.42  53.8 -0.388    19.70 21.44 01a59376o0741c 0x000000   1.800000
59376.588674 20.207197      NaN   -7    10 c    0   3.41 355.44496 -1.35092  1292.54  2442.87 2.55 2.37  66.3 -0.396    19.70 21.45 01a59376o0755c 0x000000  -0.700000
59376.602957 20.137125      NaN    2    10 c    0   2.05 355.44496 -1.35092  1352.90  2521.40 2.84 2.66  57.8 -0.375    19.62 21.39 01a59376o0785c 0x000000   0.200000
59376.608037 19.719755      NaN   17    10 c    0   2.41 355.44496 -1.35092  1371.65  2404.71 2.63 2.48  61.6 -0.381    19.55 21.10 01a59376o0796c 0x000000   1.700000
59380.551628 19.696897      NaN  -12    16 c    0   1.70 355.44496 -1.35092  1310.25  2480.21 2.95 2.69  60.9 -0.377    19.10 20.90 01a59380o0670c 0x000000  -0.750000
59380.555770 20.009244      NaN  -30    12 c    0   1.69 355.44496 -1.35092  1290.30  2441.50 2.92 2.68  57.6 -0.368    19.57 21.36 01a59380o0679c 0x000000  -2.500000
59380.562343 20.207197      NaN  -14    10 c    0   3.48 355.44496 -1.35092  1349.36  2520.07 2.75 2.57  64.0 -0.388    19.50 21.25 01a59380o0693c 0x000000  -1.400000
59380.577135 20.009244      NaN  -11    12 c    0   2.10 355.44496 -1.35092  1370.02  2404.57 2.60 2.40  59.5 -0.394    19.43 21.13 01a59380o0725c 0x000000  -0.916667
59384.589071 19.436675      NaN   19    14 c    0   1.63 355.44496 -1.35092  3782.01  9177.44 2.26 2.11 -66.7 -0.388    19.12 20.79 01a59384o0738c 0x000000   1.357143
59384.601424 19.816329      NaN   10    11 c    0   3.60 355.44496 -1.35092  3765.51  9139.63 2.28 2.14 -58.6 -0.382    19.25 20.90 01a59384o0764c 0x000000   0.909091
59384.605582 18.286218      NaN    8    56 c    0   1.12 355.44496 -1.35092  3824.28  9218.42 2.30 2.14 -49.6 -0.377    17.96 19.52 01a59384o0773c 0x100002   0.142857
59384.616856 15.934022      NaN -520   512 c    0   1.38 355.44496 -1.35092  3845.79  9102.37 2.35 2.16 -56.5 -0.367    15.27 16.15 01a59384o0796c 0x100002  -1.015625
59402.571488 19.841877      NaN   12    10 c    0   2.97 355.44496 -1.35092  2864.03  7879.34 2.47 2.43 -22.1 -0.398    19.65 21.54 02a59402o0709c 0x000000   1.200000
59402.575655 19.950541      NaN    5    11 c    0   2.73 355.44496 -1.35092  2882.78  7918.99 2.40 2.34 -15.9 -0.398    19.68 21.56 02a59402o0718c 0x000000   0.454545
59402.582535 19.472870      NaN   26    11 c    0   2.90 355.44496 -1.35092  2826.60  7841.14 2.38 2.30 -11.9 -0.402    19.75 21.57 02a59402o0733c 0x000000   2.363636
59402.601455 20.009244      NaN  -36    12 c    0   2.13 355.44496 -1.35092  2811.83  7958.23 2.35 2.28 -27.1 -0.412    19.75 21.60 02a59402o0773c 0x000000  -3.000000
59406.531761 19.696897      NaN  -20    16 c    0   2.47 355.44496 -1.35092  2866.84  7877.84 2.27 2.22 -16.2 -0.406    18.91 20.60 02a59406o0623c 0x000000  -1.250000
59406.533596 19.436675      NaN   13    16 c    0   2.27 355.44496 -1.35092  2885.59  7917.37 2.28 2.23  -3.7 -0.404    19.12 20.81 02a59406o0627c 0x000000   0.812500
59406.537712 19.491430      NaN   25    11 c    0   3.80 355.44496 -1.35092  2827.62  7839.12 2.30 2.26 -39.7 -0.402    19.35 21.04 02a59406o0636c 0x000000   2.272727
59406.549613 17.837796      NaN   89    59 c    0   1.08 355.44496 -1.35092  2805.94  7956.76 2.40 2.38  36.3 -0.392    17.61 19.26 02a59406o0662c 0x100002   1.508475
59414.528783 19.922338      NaN  -11    13 c    0   1.76 355.44496 -1.35092   842.76  9940.68 2.92 2.41 -44.4 -0.442    19.53 21.42 02a59414o0613c 0x000000  -0.846154
59414.532014 19.868040      NaN    5    12 c    0   1.84 355.44496 -1.35092   860.95  9979.45 2.91 2.37 -52.1 -0.441    19.56 21.42 02a59414o0620c 0x000000   0.416667
59414.536640 20.009244      NaN  -11    12 c    0   3.03 355.44496 -1.35092   802.03  9902.15 2.89 2.40 -49.4 -0.447    19.49 21.43 02a59414o0630c 0x000000  -0.916667
59414.544435 19.922338      NaN    9    10 c    0   3.18 355.44496 -1.35092   781.16 10019.90 2.79 2.25 -51.9 -0.446    19.54 21.43 02a59414o0647c 0x000000   0.900000
59432.520299 20.449472      NaN   -9     8 c    0   2.65 355.44496 -1.35092  5724.79  9074.38 2.69 2.39  -6.9 -0.351    19.77 21.75 01a59432o0619c 0x000000  -1.125000
59432.527254 20.362567 0.334073   26     8 c    0   4.30 355.44496 -1.35092  5705.59  9035.78 2.28 2.19 -57.3 -0.378    19.90 21.75 01a59432o0634c 0x000000   3.250000
59432.530480 20.594452      NaN   -2     7 c    0   4.66 355.44496 -1.35092  5764.47  9113.36 2.28 2.19 -57.1 -0.374    19.90 21.75 01a59432o0641c 0x000000  -0.285714
59432.541848 20.449472      NaN  -11     8 c    0   4.94 355.44496 -1.35092  4740.96  1589.16 2.39 2.24 -10.2 -0.387    19.86 21.76 01a59432o0665c 0x000000  -1.375000
59436.495742 20.594452      NaN   -1     7 c    0  10.61 355.44496 -1.35092  5726.04  9078.89 2.17 2.05 -55.9 -0.383    19.96 21.82 01a59436o0554c 0x100001  -0.142857
59436.497582 20.761819      NaN   -2     6 c    0   9.71 355.44496 -1.35092  5707.40  9039.97 2.22 2.07 -51.4 -0.378    19.95 21.82 01a59436o0558c 0x000000  -0.333333
59436.500806 20.594452      NaN  -18     7 c    0   5.64 355.44496 -1.35092  5765.56  9117.75 2.25 2.13 -51.9 -0.376    19.93 21.82 01a59436o0565c 0x000000  -2.571429
59436.505961 19.766969      NaN   18     9 c    0   4.08 355.44496 -1.35092  5786.92  9001.98 2.29 2.15 -60.7 -0.372    19.93 21.82 01a59436o0576c 0x000000   2.000000
59440.498727 20.321591      NaN   -2     9 c    0   2.50 355.44496 -1.35092  7460.32  5103.62 2.91 2.79 -44.4 -0.378    19.69 21.79 01a59440o0577c 0x000000  -0.222222
59440.500569 20.449472      NaN  -13     8 c    0   3.59 355.44496 -1.35092  7439.89  5064.13 2.52 2.43 -27.7 -0.401    19.85 21.80 01a59440o0581c 0x000000  -1.625000
59440.503337 20.594452      NaN  -30     7 c    0   3.81 355.44496 -1.35092  7498.38  5140.85 2.54 2.45 -37.3 -0.400    19.82 21.80 01a59440o0587c 0x000000  -4.285714
59440.510924 20.405150      NaN    1     8 c    0   2.61 355.44496 -1.35092  7519.60  5025.73 2.58 2.50 -34.4 -0.390    19.82 21.83 01a59440o0603c 0x000000   0.125000
59462.466236 20.449472      NaN   -4     8 c    0   5.16 355.44496 -1.35092  5527.71  5193.10 2.50 2.31  43.7 -0.396    19.71 21.53 02a59462o0448c 0x000000  -0.500000
59462.492943 20.594452      NaN  -20     7 c    0   5.86 355.44496 -1.35092  5507.44  5158.69 2.53 2.30  47.8 -0.394    19.70 21.50 02a59462o0505c 0x000000  -2.857143
59462.521126 20.321591      NaN  -13     9 c    0   2.72 355.44496 -1.35092  5564.49  5240.00 2.51 2.31  52.8 -0.386    19.67 21.45 02a59462o0565c 0x000000  -1.444444
59462.545984 20.449472      NaN   -5     8 c    0   4.47 355.44496 -1.35092  5581.01  5125.69 2.44 2.29  57.7 -0.397    19.68 21.49 02a59462o0618c 0x000000  -0.625000
59466.459755 19.791368      NaN   14    10 c    0   3.82 355.44496 -1.35092  1413.83  8783.52 2.35 2.27 -33.2 -0.424    19.66 21.47 02a59466o0527c 0x000000   1.400000
59466.463249 19.950541      NaN    8    10 c    0   3.49 355.44496 -1.35092  1394.58  8746.65 2.37 2.29 -29.5 -0.546    19.67 21.48 02a59466o0534c 0x000000   0.800000
59466.490281 20.321591      NaN    3     8 c    0   6.35 355.44496 -1.35092  1451.57  8826.95 2.41 2.33 -57.6 -0.423    19.65 21.51 02a59466o0592c 0x000000   0.375000
59466.518681 20.207197      NaN  -32    10 c    0   4.12 355.44496 -1.35092  1470.55  8713.86 2.34 2.31 -58.4 -0.419    19.63 21.48 02a59466o0653c 0x000000  -3.200000
59470.396027 19.979496      NaN    7    10 c    0   3.14 355.44496 -1.35092  9167.97  1767.39 2.48 2.18 -56.9 -0.411    19.67 21.41 02a59470o0393c 0x000000   0.700000
59470.399706 20.137125 0.305363   32     9 c    0   3.14 355.44496 -1.35092  9188.99  1806.45 2.54 2.17 -59.9 -0.412    19.70 21.41 02a59470o0401c 0x000000   3.555556
59470.402916 19.674510      NaN   19    10 c    0   3.37 355.44496 -1.35092  9130.94  1728.57 2.48 2.18 -59.6 -0.409    19.68 21.42 02a59470o0408c 0x000000   1.900000
59470.415754 20.207197      NaN   -1    10 c    0   3.35 355.44496 -1.35092  9110.43  1848.10 2.46 2.17 -58.6 -0.411    19.70 21.42 02a59470o0436c 0x000000  -0.100000
59518.343820 20.039830      NaN    8     9 c    0   2.95 355.44496 -1.35092  3825.39  2876.64 2.35 2.27  73.1 -0.405    19.70 21.54 02a59518o0346c 0x000000   0.888889
59518.347025 20.282105      NaN    4     8 c    0   6.22 355.44496 -1.35092  3806.80  2841.16 2.31 2.23  79.0 -0.408    19.72 21.53 02a59518o0353c 0x000000   0.500000
59518.353512 19.894850 0.244291   40     9 c    0   3.26 355.44496 -1.35092  3863.89  2915.80 2.33 2.24  78.2 -0.405    19.74 21.54 02a59518o0367c 0x000000   4.444444
59518.367836 19.529530      NaN   26    10 c    0   1.97 355.44496 -1.35092  3881.05  2799.92 2.35 2.25  68.2 -0.406    19.71 21.55 02a59518o0398c 0x000000   2.600000
59522.357884 20.009244      NaN  -25    12 c    0   3.58 355.44496 -1.35092  9602.81  8905.35 2.88 2.80 -85.8 -0.374    19.52 21.17 02a59522o0388c 0x000000  -2.083333
59522.362572 19.922338      NaN  -31    13 c    0   2.53 355.44496 -1.35092  9583.21  8867.15 2.86 2.76 -70.2 -0.377    19.50 21.15 02a59522o0398c 0x000000  -2.384615
59522.369473 19.766969      NaN  -16    15 c    0   2.34 355.44496 -1.35092  9641.85  8946.44 3.00 2.88 -73.8 -0.369    19.45 21.12 02a59522o0413c 0x000000  -1.066667
59522.381379 19.922338      NaN  -38    13 c    0   3.67 355.44496 -1.35092  9663.12  8831.31 2.88 2.76 -58.3 -0.374    19.43 21.06 02a59522o0439c 0x000000  -2.923077
59526.312257 20.009244      NaN  -35    12 c    0   2.13 355.44496 -1.35092  9611.97  8903.27 2.84 2.74  75.4 -0.380    19.63 21.32 02a59526o0290c 0x000000  -2.916667
59526.315920 19.841877      NaN    3    13 c    0   1.54 355.44496 -1.35092  9591.37  8864.27 2.88 2.80  84.3 -0.374    19.61 21.33 02a59526o0298c 0x000000   0.230769
59526.321452 20.009244      NaN  -22    12 c    0   2.99 355.44496 -1.35092  9650.66  8943.36 2.90 2.80 -87.9 -0.371    19.60 21.32 02a59526o0310c 0x000000  -1.833333
59526.332554 20.009244      NaN  -32    12 c    0   1.49 355.44496 -1.35092  9671.73  8829.21 2.84 2.75  89.8 -0.374    19.61 21.33 02a59526o0334c 0x000000  -2.666667