         MJD         m       dm   uJy  duJy F  err  chi/N        RA      Dec        x        y  maj  min   phi  apfit  mag5sig   Sky            Obs     Mask  __tmp_SN
57718.489341 19.696897      NaN   -55    16 c    0   1.38 109.48308 40.98551  1582.40  9203.67 3.96 3.56  14.8 -0.420    19.59 21.63 02a57718o0571c 0x000000 -3.437500
57718.502719 19.569016      NaN   -25    18 c    0   1.68 109.48308 40.98551  1617.76  9244.87 3.94 3.49  13.4 -0.427    19.50 21.54 02a57718o0596c 0x000000 -1.388889
57718.521067 19.631075      NaN   -46    17 c    0   1.17 109.48308 40.98551  1555.55  9166.07 3.77 3.38  17.1 -0.435    19.58 21.57 02a57718o0631c 0x000000 -2.705882
57718.534200 19.401649      NaN   -56    21 c    0   1.03 109.48308 40.98551  1525.73  9283.50 3.82 3.44  14.5 -0.438    19.55 21.58 02a57718o0656c 0x000000 -2.666667
57718.546484 19.102305      NaN     8    25 c    0   1.00 109.48308 40.98551  1570.64  9227.26 4.05 3.69  17.9 -0.420    19.29 21.33 02a57718o0679c 0x000000  0.320000
57746.447605 19.766969      NaN   -39    15 c    0   1.21 109.48308 40.98551  3490.78  8881.89 3.69 3.46   3.1 -0.411    19.74 21.77 02a57746o0504c 0x000000 -2.600000
57746.461413 19.841877      NaN   -40    14 c    0   1.63 109.48308 40.98551  3505.83  8920.28 3.66 3.41   1.2 -0.412    19.74 21.76 02a57746o0530c 0x000000 -2.857143
57746.475019 19.766969      NaN   -69    15 c    0   0.99 109.48308 40.98551  7058.03  1606.11 4.00 3.83 -82.2 -0.388    19.72 21.77 02a57746o0555c 0x000000 -4.600000
57746.487364 19.766969      NaN   -29    15 c    0   0.98 109.48308 40.98551  7073.20  1488.39 4.06 3.86 -82.1 -0.385    19.70 21.78 02a57746o0578c 0x000000 -1.933333
57746.494159 19.696897      NaN   -46    16 c    0   1.29 109.48308 40.98551  7047.31  1546.21 4.18 4.02 -26.9 -0.375    19.66 21.77 02a57746o0591c 0x000000 -2.875000
57750.453434 18.598565      NaN   -51    44 c    0   1.37 109.48308 40.98551  1318.49  7040.13 4.13 3.85  46.3 -0.429    18.22 20.13 02a57750o0342c 0x100002 -1.159091
57750.461168 19.351140      NaN   -72    22 c    0   1.44 109.48308 40.98551  1332.74  7084.45 4.24 3.98  39.9 -0.422    19.24 21.30 02a57750o0357c 0x000000 -3.272727
57750.468142 17.546052      NaN   -82   116 c    0   1.02 109.48308 40.98551  1274.01  6998.67 3.92 3.70  42.4 -0.455    18.16 20.06 02a57750o0371c 0x100002 -0.706897
57750.477937 19.631075      NaN   -45    17 c    0   0.96 109.48308 40.98551  9250.81  3328.59 4.15 3.78 -83.9 -0.383    19.61 21.67 02a57750o0390c 0x000000 -2.647059
57750.492250 19.696897      NaN   -55    16 c    0   0.94 109.48308 40.98551  9204.50  3384.22 4.30 4.01 -89.5 -0.372    19.60 21.71 02a57750o0417c 0x000000 -3.437500
57778.406086 19.841877      NaN   -37    14 c    0   1.07 109.48308 40.98551  8846.04  3657.41 3.96 3.57  78.5 -0.423    19.73 21.75 02a57778o0254c 0x000000 -2.642857
57778.418386 19.766969      NaN   -45    15 c    0   1.22 109.48308 40.98551  8832.55  3621.83 3.96 3.55  79.8 -0.418    19.72 21.74 02a57778o0279c 0x000000 -3.000000
57778.432419 19.841877      NaN   -41    14 c    0   1.30 109.48308 40.98551  8887.42  3700.01 3.99 3.60  80.2 -0.418    19.69 21.71 02a57778o0307c 0x000000 -2.928571
57778.441782 19.841877      NaN   -38    14 c    0   1.39 109.48308 40.98551  8906.98  3584.65 4.00 3.61  77.6 -0.420    19.68 21.69 02a57778o0326c 0x000000 -2.714286
57778.451182 19.766969      NaN   -33    15 c    0   1.23 109.48308 40.98551  8871.61  3642.05 4.00 3.61  80.0 -0.422    19.67 21.66 02a57778o0344c 0x000000 -2.200000
57782.399859 19.766969      NaN   -24    15 c    0   0.87 109.48308 40.98551  8386.45  2639.20 3.90 3.59  87.1 -0.396    19.72 21.69 02a57782o0402c 0x000000 -1.600000
57782.408906 19.841877      NaN   -47    14 c    0   1.52 109.48308 40.98551  8357.66  2597.32 3.86 3.59  87.9 -0.400    19.70 21.64 02a57782o0420c 0x000000 -3.357143
57782.414261 19.766969      NaN   -55    15 c    0   1.04 109.48308 40.98551  8417.12  2679.09 3.90 3.60  85.9 -0.396    19.71 21.66 02a57782o0431c 0x000000 -3.666667
57782.436277 19.841877      NaN   -53    14 c    0   1.16 109.48308 40.98551  8451.18  2564.42 3.87 3.61  86.6 -0.400    19.70 21.66 02a57782o0475c 0x000000 -3.785714
57782.445775 19.696897      NaN   -43    16 c    0   1.17 109.48308 40.98551  8401.23  2618.90 3.89 3.60  88.1 -0.394    19.68 21.63 02a57782o0493c 0x000000 -2.687500
57786.221099 19.212347      NaN   -89    25 c    0   0.92 109.48308 40.98551  1811.43  6468.50 4.03 3.75  48.7 -0.427    19.03 20.57 02a57786o0004c 0x000000 -3.560000
57786.394067 19.766969      NaN   -58    15 c    0   1.12 109.48308 40.98551  8627.34  3925.20 3.91 3.55  79.9 -0.400    19.67 21.60 02a57786o0174c 0x000000 -3.866667
57786.404626 19.841877      NaN   -40    14 c    0   1.35 109.48308 40.98551  8612.00  3887.06 3.89 3.52  82.2 -0.401    19.67 21.61 02a57786o0195c 0x000000 -2.857143
57786.426878 19.766969      NaN   -75    15 c    0   0.92 109.48308 40.98551  8674.25  3967.28 3.91 3.51  83.4 -0.404    19.68 21.62 02a57786o0240c 0x000000 -5.000000
57786.437428 19.766969      NaN   -10    15 c    0   1.10 109.48308 40.98551  8689.94  3851.91 3.94 3.51  86.0 -0.405    19.68 21.65 02a57786o0261c 0x000000 -0.666667
57786.449244 19.766969      NaN   -42    15 c    0   1.18 109.48308 40.98551  8659.80  3906.37 3.91 3.58  80.5 -0.400    19.69 21.67 02a57786o0285c 0x000000 -2.800000
57806.358424 19.841877      NaN   -61    14 c    0   1.34 109.48308 40.98551  7441.26  2680.82 3.86 3.66  80.7 -0.400    19.76 21.81 02a57806o0250c 0x000000 -4.357143
57806.370546 19.766969      NaN   -89    15 c    0   0.96 109.48308 40.98551  7427.96  2641.77 3.87 3.69  77.3 -0.406    19.74 21.80 02a57806o0274c 0x000000 -5.933333
57806.393434 19.841877      NaN   -64    14 c    0   1.29 109.48308 40.98551  7489.97  2698.21 3.84 3.62  78.6 -0.404    19.71 21.74 02a57806o0319c 0x000000 -4.571429
57806.402168 19.922338      NaN   -53    13 c    0   1.58 109.48308 40.98551  7506.42  2583.27 3.85 3.72  82.3 -0.398    19.69 21.71 02a57806o0336c 0x000000 -4.076923
57806.414818 19.841877      NaN   -34    14 c    0   1.23 109.48308 40.98551  7462.14  2637.50 3.83 3.68  79.0 -0.401    19.67 21.67 02a57806o0361c 0x000000 -2.428571
57817.262531 19.014394      NaN   -25    30 c    0   1.31 109.48308 40.98551  1333.59  9391.45 4.13 3.53  17.9 -0.417    18.99 20.59 02a57817o0005c 0x100002 -0.833333
57817.265580 19.128787      NaN   -59    27 c    0   1.31 109.48308 40.98551  1269.34  9311.91 4.05 3.43  22.2 -0.424    19.00 20.60 02a57817o0011c 0x000000 -2.185185
57817.274393 19.051202      NaN   -90    29 c    0   0.91 109.48308 40.98551  1230.59  9436.46 3.97 3.36  20.0 -0.448    19.02 20.60 02a57817o0028c 0x100002 -3.103448
57817.293981 19.169763      NaN   -37    26 c    0   1.15 109.48308 40.98551  1277.76  9371.66 4.04 3.62  29.9 -0.442    19.05 20.62 02a57817o0067c 0x000000 -1.423077
57834.314941 19.454622      NaN   -59    20 c    0   1.25 109.48308 40.98551  8655.62   684.47 3.91 3.78 -83.3 -0.408    18.94 20.77 02a57834o0103c 0x000000 -2.950000
57834.315983 19.256669      NaN   -19    24 c    0   1.05 109.48308 40.98551  6389.01 10377.61 3.81 3.59  -4.6 -0.384    18.91 20.73 02a57834o0105c 0x000000 -0.791667
57834.332227 19.351140      NaN   -74    22 c    0   0.84 109.48308 40.98551  6372.73 10337.55 3.67 3.55  -8.5 -0.402    18.93 20.73 02a57834o0136c 0x000000 -3.363636
57834.337415 19.212347      NaN   -43    25 c    0   0.99 109.48308 40.98551  8627.08   640.99 4.42 4.11   5.7 -0.374    18.84 20.77 02a57834o0146c 0x000000 -1.720000
57834.342070 19.212347      NaN   -34    25 c    0   0.96 109.48308 40.98551  6431.53 10414.88 4.34 3.84   8.8 -0.390    18.82 20.71 02a57834o0155c 0x000000 -1.360000
57834.350528 19.454622      NaN   -66    20 c    0   1.49 109.48308 40.98551  8700.05   720.69 4.13 4.08  41.9 -0.390    18.86 20.72 02a57834o0171c 0x000000 -3.300000
57834.362899 18.878500      NaN    27    25 c    0   1.16 109.48308 40.98551  8719.39   601.91 4.30 4.21  81.1 -0.376    18.81 20.70 02a57834o0195c 0x000000  1.080000
57834.363931 19.351140      NaN   -47    22 c    0   1.20 109.48308 40.98551  6449.65 10294.98 4.06 3.97  38.4 -0.414    18.83 20.64 02a57834o0197c 0x000000 -2.136364
57834.370344 19.351140      NaN   -96    22 c    0   1.15 109.48308 40.98551  6407.08 10352.60 4.21 4.11  54.8 -0.404    18.80 20.61 02a57834o0209c 0x000000 -4.363636
57834.371378 19.351140      NaN   -25    22 c    0   1.20 109.48308 40.98551  8676.84   660.06 4.18 4.09  76.2 -0.392    18.81 20.66 02a57834o0211c 0x000000 -1.136364
57838.314597 19.631075      NaN   -38    17 c    0   1.44 109.48308 40.98551  7671.70  3910.23 4.23 3.99  82.5 -0.361    18.84 20.77 02a57838o0116c 0x000000 -2.235294
57838.334568 19.454622      NaN   -54    20 c    0   0.82 109.48308 40.98551  7659.82  3868.06 4.16 3.96  81.9 -0.367    18.86 20.76 02a57838o0154c 0x000000 -2.700000
57838.341834 19.696897      NaN   -75    16 c    0   1.37 109.48308 40.98551  7717.10  3945.20 3.98 3.75  82.5 -0.382    18.90 20.75 02a57838o0168c 0x000000 -4.687500
57838.350887 19.631075      NaN   -48    17 c    0   1.15 109.48308 40.98551  7732.80  3831.98 3.97 3.77  78.3 -0.376    18.89 20.73 02a57838o0185c 0x000000 -2.823529
57838.364426 19.569016      NaN   -40    18 c    0   1.12 109.48308 40.98551  7688.98  3886.95 3.88 3.69  78.8 -0.388    18.88 20.69 02a57838o0211c 0x000000 -2.222222
57842.291128 19.569016      NaN   -54    18 c    0   1.44 109.48308 40.98551   240.23   384.55 4.38 4.20  80.1 -0.366    18.85 20.68 02a57842o0130c 0x000000 -3.000000
57842.296997 19.302877      NaN   -55    23 c    0   0.91 109.48308 40.98551  7819.92 10113.49 4.19 4.06  82.0 -0.408    18.84 20.70 02a57842o0141c 0x000000 -2.391304
57842.298026 19.454622      NaN   -38    20 c    0   1.20 109.48308 40.98551   210.09   342.42 4.54 4.36  75.1 -0.357    18.80 20.66 02a57842o0143c 0x000000 -1.900000
57842.312201 19.401649      NaN   -40    21 c    0   0.96 109.48308 40.98551  7803.98 10072.87 4.22 4.06  76.9 -0.404    18.83 20.68 02a57842o0170c 0x000000 -1.904762
57842.315316 19.169763      NaN   -47    26 c    0   1.41 109.48308 40.98551 10220.03   429.53 4.38 4.24  63.7 -0.409    18.82 20.74 02a57842o0176c 0x000000 -1.807692
57842.318432 19.051202      NaN   -47    29 c    0   1.06 109.48308 40.98551 10190.99   388.18 4.34 4.22  58.4 -0.410    18.81 20.73 02a57842o0182c 0x100002 -1.620690
57842.321029 19.351140      NaN   -44    22 c    0   0.91 109.48308 40.98551   271.02   417.34 4.47 4.34  82.6 -0.366    18.78 20.64 02a57842o0187c 0x000000 -2.000000
57842.329986 19.454622      NaN   -73    20 c    0   1.18 109.48308 40.98551   301.15   299.31 4.33 4.13  84.8 -0.378    18.84 20.65 02a57842o0204c 0x000000 -3.650000
57842.330514 19.351140      NaN   -42    22 c    0   1.08 109.48308 40.98551  7862.55 10152.24 4.23 4.07  77.4 -0.408    18.81 20.68 02a57842o0205c 0x000000 -1.909091
57842.333110 19.256669      NaN   -90    24 c    0   1.33 109.48308 40.98551 10249.72   469.10 4.57 4.47  60.7 -0.390    18.76 20.73 02a57842o0210c 0x000000 -3.750000
57842.342983 19.212347      NaN   -17    25 c    0   1.24 109.48308 40.98551 10282.59   350.13 4.28 4.11  55.7 -0.408    18.85 20.73 02a57842o0229c 0x000000 -0.680000
57842.344029 19.454622      NaN   -55    20 c    0   1.41 109.48308 40.98551   257.39   357.73 4.47 4.26  78.3 -0.363    18.78 20.63 02a57842o0231c 0x000000 -2.750000
57842.344558 19.212347      NaN   -24    25 c    0   0.98 109.48308 40.98551  7877.71 10033.85 4.12 3.95  84.7 -0.415    18.83 20.67 02a57842o0232c 0x000000 -0.960000
57842.349425 19.302877      NaN   -28    23 c    0   1.06 109.48308 40.98551  7835.15 10090.66 4.08 3.94  87.4 -0.413    18.83 20.65 02a57842o0241c 0x000000 -1.217391
57842.364510 19.169763      NaN   -75    26 c    0   1.23 109.48308 40.98551 10237.75   407.61 4.16 4.00  54.4 -0.428    18.85 20.70 02a57842o0270c 0x000000 -2.884615
57862.294908 18.504094      NaN    57    29 c    0   1.02 109.48308 40.98551  9865.51   634.74 4.08 3.62  48.3 -0.496    18.75 20.29 02a57862o0149c 0x100002  1.965517
57862.309376 19.128787      NaN    -2    27 c    0   1.25 109.48308 40.98551  9851.31   593.68 4.03 3.58  51.0 -0.487    18.76 20.30 02a57862o0179c 0x000000 -0.074074
57862.312942 19.169763      NaN   -40    26 c    0   1.04 109.48308 40.98551  9909.43   672.43 3.94 3.56  54.1 -0.490    18.77 20.31 02a57862o0186c 0x000000 -1.538462
57862.329363 19.169763      NaN    -6    26 c    0   1.32 109.48308 40.98551  9943.81   556.67 4.06 3.61  52.8 -0.470    18.76 20.34 02a57862o0220c 0x000000 -0.230769
57862.331989 19.256669      NaN   -35    24 c    0   1.11 109.48308 40.98551  9897.01   613.07 4.12 3.72  46.0 -0.467    18.74 20.33 02a57862o0225c 0x000000 -1.458333
57865.314397 19.256669      NaN   -71    24 c    0   1.22 109.48308 40.98551  9632.80  1240.74 5.01 3.36  40.5 -0.451    18.72 19.89 02a57865o0109c 0x000000 -2.958333
57865.329785 19.401649      NaN   -34    21 c    0   1.47 109.48308 40.98551  9620.51  1200.45 3.80 2.92  39.2 -0.426    18.69 19.85 02a57865o0137c 0x000000 -1.619048
57865.342944 19.089302      NaN   -46    28 c    0   1.24 109.48308 40.98551  9677.79  1282.16 4.88 3.94  40.6 -0.395    18.59 20.05 02a57865o0162c 0x100002 -1.642857
57865.357110 19.569016      NaN   -28    18 c    0   1.44 109.48308 40.98551  9691.78  1166.49 4.06 3.16  38.9 -0.420    18.90 20.09 02a57865o0189c 0x000000 -1.555556
57865.371992 19.128787      NaN   -54    27 c    0   1.17 109.48308 40.98551  9642.22  1229.79 4.81 4.01  39.0 -0.379    18.61 20.02 02a57865o0217c 0x000000 -2.000000
57870.266768 19.922338      NaN   -48    13 c    0   1.01 109.48308 40.98551  8136.62  2196.72 3.01 2.59  31.9 -0.432    19.33 20.38 02a57870o0012c 0x000000 -3.692308
57870.276760 20.009244      NaN   -39    12 c    0   1.14 109.48308 40.98551  8104.51  2154.21 3.26 2.52  37.8 -0.451    19.39 20.38 02a57870o0031c 0x000000 -3.250000
57870.286745 20.103715      NaN   -52    11 c    0   1.61 109.48308 40.98551  8177.33  2231.53 3.49 2.58  37.4 -0.459    19.37 20.40 02a57870o0050c 0x000000 -4.727273
57870.294754 19.922338      NaN   -35    13 c    0   1.05 109.48308 40.98551  8188.55  2115.01 3.54 2.58  35.6 -0.463    19.36 20.37 02a57870o0065c 0x000000 -2.692308
57870.312555 19.841877      NaN   -52    14 c    0   0.89 109.48308 40.98551  8143.09  2172.49 3.69 2.67  36.9 -0.466    19.28 20.30 02a57870o0099c 0x000000 -3.714286
57894.245459 18.757738      NaN   -37    38 c    0   1.29 109.48308 40.98551  7522.89  3274.39 3.45 2.59  47.6 -0.460    18.25 18.94 02a57894o0023c 0x100002 -0.973684
57894.249103 19.212347      NaN   -60    25 c    0   1.40 109.48308 40.98551  7494.32  3235.02 3.67 2.73  48.8 -0.452    18.68 19.69 02a57894o0030c 0x000000 -2.400000
57894.256400 19.696897      NaN   -21    16 c    0   1.25 109.48308 40.98551  7552.53  3311.26 3.64 2.72  49.4 -0.457    19.18 20.51 02a57894o0044c 0x000000 -1.312500
57894.266812 19.841877      NaN   -39    14 c    0   1.65 109.48308 40.98551  7582.42  3193.26 3.55 2.66  46.2 -0.450    19.29 20.69 02a57894o0064c 0x000000 -2.785714
57894.278337 19.631075      NaN   -23    17 c    0   1.17 109.48308 40.98551  7535.34  3251.84 3.51 2.69  45.8 -0.440    19.22 20.63 02a57894o0086c 0x000000 -1.352941
58044.654112 16.952814      NaN    58   181 c    0   1.47 109.48308 40.98551   211.36  8639.75 4.59 3.24  -5.4 -0.358    16.79 18.00 02a58044o0491c 0x100002  0.320442
58194.320728 20.321591      NaN   -52     9 c    0   0.91 109.48308 40.98551  8493.83  2497.90 2.79 2.62  65.3 -0.407    19.66 21.54 02a58194o0231c 0x000000 -5.777778
58194.330375 20.761819      NaN   -47     6 c    0   1.83 109.48308 40.98551  8462.83  2459.61 2.63 2.49  58.1 -0.408    19.76 21.53 02a58194o0252c 0x000000 -7.833333
58194.349257 20.594452      NaN   -56     7 c    0   1.58 109.48308 40.98551  8552.25  2422.24 2.58 2.45  58.2 -0.415    19.75 21.55 02a58194o0292c 0x000000 -8.000000
58196.334550 19.569016      NaN   -47    18 c    0   1.02 109.48308 40.98551   874.96  7019.29 2.57 2.38  48.1 -0.457    18.71 20.61 02a58196o0238c 0x000000 -2.611111
58196.345970 20.207197      NaN   -41    10 c    0   1.17 109.48308 40.98551   860.00  6978.71 2.59 2.39  50.0 -0.457    19.69 21.69 02a58196o0263c 0x000000 -4.100000
58196.351243 20.449472      NaN   -38     8 c    0   1.82 109.48308 40.98551   917.84  7053.36 2.54 2.33  47.9 -0.461    19.73 21.71 02a58196o0274c 0x000000 -4.750000
58196.352155 20.207197      NaN   -49    10 c    0   1.54 109.48308 40.98551 10439.88  7074.82 2.80 2.55  68.4 -0.451    19.75 21.77 02a58196o0276c 0x000000 -4.900000
58196.364938 20.321591      NaN   -42     9 c    0   1.43 109.48308 40.98551 10425.37  7034.38 2.69 2.49  64.8 -0.437    19.78 21.77 02a58196o0304c 0x000000 -4.666667
58196.365395 20.321591      NaN   -52     9 c    0   1.68 109.48308 40.98551   934.33  6935.31 2.46 2.28  41.1 -0.463    19.73 21.69 02a58196o0305c 0x000000 -5.777778
58196.370241 19.922338      NaN   -51    13 c    0   1.34 109.48308 40.98551 10483.15  7114.87 2.73 2.51  66.5 -0.446    19.75 21.76 02a58196o0315c 0x000000 -3.923077
58196.388523 19.696897      NaN   -20    16 c    0   0.94 109.48308 40.98551 10498.28  6998.88 2.69 2.51  61.8 -0.439    19.75 21.73 02a58196o0351c 0x000000 -1.250000
58224.305751 16.812360 0.022223   684    14 c    0   1.26 109.48308 40.98551  8714.02  7322.46 2.88 2.76 -37.2 -0.373    19.48 21.23 02a58224o0003c 0x000000 48.857143
58224.319674 16.749155 0.020966   725    14 c    0   1.45 109.48308 40.98551  8732.03  7205.90 2.71 2.61 -20.3 -0.388    19.50 21.15 02a58224o0033c 0x000000 51.785714
58252.242424 17.334149 0.069302   423    27 c    0   1.55 109.48308 40.98551   116.01  7109.87 2.59 2.38 -50.6 -0.323    18.26 19.06 02a58252o0029c 0x000000 15.666667
58252.242881 17.266969 0.072382   450    30 c    0   0.90 109.48308 40.98551   116.11  7109.89 2.64 2.43 -53.5 -0.322    18.28 19.16 02a58252o0030c 0x100002 15.000000
58252.243794 17.368040 0.079444   410    30 c    0   1.41 109.48308 40.98551  9679.87  7108.84 2.78 2.62  -7.1 -0.408    18.68 19.58 02a58252o0032c 0x100002 13.666667
58252.251096 17.323930 0.040683   427    16 c    0   1.22 109.48308 40.98551  9675.75  7109.31 2.72 2.65  14.0 -0.435    19.32 20.66 02a58252o0048c 0x000000 26.687500
58252.252009 17.303777 0.039935   435    16 c    0   0.90 109.48308 40.98551   112.34  7110.45 2.52 2.36 -53.3 -0.352    19.18 20.55 02a58252o0050c 0x000000 27.187500
58252.260089 17.313807 0.032748   431    13 c    0   1.79 109.48308 40.98551  9660.09  7108.29 2.77 2.63  -4.9 -0.413    19.44 20.93 02a58252o0066c 0x000000 33.153846
58252.272897 17.349660 0.031244   417    12 c    0   1.78 109.48308 40.98551   109.45  7110.81 2.49 2.46  26.6 -0.367    19.29 20.75 02a58252o0091c 0x000000 34.750000
58252.277486 17.381362 0.040212   405    15 c    0   1.28 109.48308 40.98551  9675.94  7109.60 2.79 2.68  11.7 -0.422    19.37 20.87 02a58252o0100c 0x000000 27.000000
58252.292015 17.352267 0.039149   416    15 c    0   1.45 109.48308 40.98551    93.02  7114.98 2.40 2.35   3.8 -0.369    19.27 20.61 02a58252o0128c 0x000000 27.733333
58252.296598 17.291368 0.034546   440    14 c    0   1.44 109.48308 40.98551  9654.25  7113.72 2.69 2.59 -13.0 -0.427    19.35 20.77 02a58252o0137c 0x000000 31.428571
58396.639832 19.051202      NaN   -11    29 c    0   1.12 109.48308 40.98551 10441.98  2032.82 2.60 2.54 -67.0 -0.473    18.61 19.78 02a58396o0934c 0x100002 -0.379310
58396.648642 17.650782      NaN    73    81 c    0   0.76 109.48308 40.98551 10472.12  2072.25 2.61 2.50 -67.6 -0.488    17.49 18.21 02a58396o0953c 0x100002  0.901235
58396.649115 17.710822      NaN    98    67 c    0   1.53 109.48308 40.98551   873.63  2047.03 2.53 2.34  50.1 -0.480    17.35 18.02 02a58396o0954c 0x100002  1.462687
58400.638563 20.321591      NaN   -37     9 c    0   1.84 109.48308 40.98551  9204.41  4301.48 2.66 2.56 -74.6 -0.425    19.54 21.03 02a58400o0760c 0x000000 -4.111111
58400.646961 19.089302      NaN   -88    28 c    0   1.76 109.48308 40.98551  9221.14  4339.76 2.63 2.56 -83.7 -0.438    18.43 19.13 02a58400o0778c 0x100002 -3.142857
58424.612835 20.321591      NaN   -35     9 c    0   1.80 109.48308 40.98551  2778.72  3464.68 2.75 2.65  87.4 -0.367    19.49 21.08 02a58424o0827c 0x000000 -3.888889
58424.622182 20.207197      NaN   -38    10 c    0   1.65 109.48308 40.98551  2795.53  3496.62 2.48 2.40  55.0 -0.401    19.57 21.05 02a58424o0845c 0x000000 -3.800000
58424.632232 20.449472      NaN   -54     8 c    0   1.61 109.48308 40.98551  2739.31  3424.14 2.53 2.47  59.3 -0.394    19.56 21.01 02a58424o0864c 0x000000 -6.750000
58424.641798 20.009244      NaN   -15    12 c    0   1.09 109.48308 40.98551  7885.00  7031.36 2.56 2.49 -46.3 -0.403    19.48 20.87 02a58424o0882c 0x000000 -1.250000
58428.561943 20.449472      NaN   -18     8 c    0   2.10 109.48308 40.98551  9856.98  5268.35 2.72 2.62 -87.6 -0.448    19.69 21.68 02a58428o0691c 0x000000 -2.250000
58428.570299 20.207197      NaN   -31    10 c    0   1.29 109.48308 40.98551  9872.12  5306.80 2.69 2.56 -82.6 -0.446    19.73 21.68 02a58428o0709c 0x000000 -3.100000
58428.573082 20.449472      NaN   -27     8 c    0   1.78 109.48308 40.98551   297.71  5235.46 2.59 2.54 -51.3 -0.380    19.66 21.70 02a58428o0715c 0x000000 -3.375000
58428.579194 20.321591      NaN   -26     9 c    0   1.83 109.48308 40.98551  9811.39  5232.40 2.66 2.54  89.2 -0.450    19.72 21.70 02a58428o0728c 0x000000 -2.888889
58428.581569 20.103715      NaN   -39    11 c    0   0.87 109.48308 40.98551   328.33  5275.20 2.52 2.50  34.9 -0.407    19.70 21.71 02a58428o0733c 0x000000 -3.545455
58428.587623 20.207197      NaN   -34    10 c    0   1.02 109.48308 40.98551  9797.01  5351.64 2.59 2.52 -89.5 -0.448    19.75 21.71 02a58428o0746c 0x000000 -3.400000
58428.590426 20.321591      NaN   -24     9 c    0   1.69 109.48308 40.98551   267.19  5194.79 2.53 2.50 -45.6 -0.382    19.69 21.72 02a58428o0752c 0x000000 -2.666667
58428.598769 20.449472      NaN   -50     8 c    0   1.39 109.48308 40.98551   237.61  5310.51 2.51 2.46 -19.4 -0.373    19.66 21.73 02a58428o0770c 0x000000 -6.250000
58432.571444 20.449472      NaN   -26     8 c    0   1.47 109.48308 40.98551  1469.00  1996.91 2.59 2.46  66.0 -0.411    19.68 21.56 02a58432o0821c 0x000000 -3.250000
58432.579899 20.321591      NaN   -32     9 c    0   1.78 109.48308 40.98551  1484.84  2037.04 2.63 2.39  44.8 -0.443    19.72 21.59 02a58432o0839c 0x000000 -3.555556
58432.588739 20.449472      NaN   -41     8 c    0   1.43 109.48308 40.98551  1425.37  1956.90 2.52 2.35  59.2 -0.422    19.71 21.59 02a58432o0858c 0x000000 -5.125000
58432.597108 20.449472      NaN   -42     8 c    0   1.81 109.48308 40.98551  1411.51  2074.00 2.48 2.33  58.3 -0.421    19.74 21.66 02a58432o0876c 0x000000 -5.250000
58436.551617 19.302877      NaN   -38    23 c    0   0.97 109.48308 40.98551 10174.18  4569.13 2.62 2.55 -62.8 -0.459    18.98 20.70 02a58436o0777c 0x000000 -1.652174
58436.559979 19.922338      NaN   -35    13 c    0   0.80 109.48308 40.98551 10206.02  4597.54 2.66 2.57  89.0 -0.461    19.54 21.45 02a58436o0795c 0x000000 -2.692308
58436.562759 19.766969      NaN   -30    15 c    0   1.06 109.48308 40.98551   629.86  4549.90 2.62 2.54 -78.4 -0.388    19.30 21.21 02a58436o0801c 0x000000 -2.000000
58436.568834 18.910912      NaN   -23    33 c    0   0.92 109.48308 40.98551 10145.92  4523.93 2.63 2.57 -80.0 -0.442    18.40 20.08 02a58436o0814c 0x100002 -0.696970
58436.571187 18.757738      NaN   -36    38 c    0   0.63 109.48308 40.98551   646.36  4589.42 2.43 2.33  29.2 -0.436    18.37 20.03 02a58436o0819c 0x100002 -0.947368
58436.577201 19.766969      NaN   -18    15 c    0   0.99 109.48308 40.98551 10116.46  4644.73 2.65 2.54 -71.1 -0.455    19.32 21.13 02a58436o0832c 0x000000 -1.200000
58436.580052 19.922338      NaN   -26    13 c    0   1.10 109.48308 40.98551   586.55  4510.37 2.45 2.36  25.6 -0.425    19.56 21.42 02a58436o0838c 0x000000 -2.000000
58436.588394 20.207197      NaN   -47    10 c    0   1.64 109.48308 40.98551   572.12  4626.96 2.57 2.39  12.0 -0.418    19.58 21.45 02a58436o0856c 0x000000 -4.700000
58456.615279 20.321591      NaN   -28     9 c    0   1.25 109.48308 40.98551  7070.12  3751.35 2.57 2.50 -84.7 -0.412    19.72 21.66 02a58456o0786c 0x000000 -3.111111
58456.625217 20.321591      NaN   -29     9 c    0   1.28 109.48308 40.98551  7052.00  3711.16 2.64 2.48 -55.8 -0.407    19.71 21.64 02a58456o0807c 0x000000 -3.222222
58456.635586 20.207197      NaN   -49    10 c    0   1.19 109.48308 40.98551  7109.20  3788.16 2.57 2.51 -86.0 -0.411    19.71 21.61 02a58456o0828c 0x000000 -4.900000
58456.646471 20.207197      NaN   -36    10 c    0   0.96 109.48308 40.98551  7124.61  3672.40 2.55 2.48  86.3 -0.408    19.72 21.56 02a58456o0850c 0x000000 -3.600000
58460.552538 20.449472      NaN   -29     8 c    0   1.33 109.48308 40.98551  4361.97  1377.90 2.82 2.61  37.7 -0.409    19.70 21.79 02a58460o0784c 0x000000 -3.625000
58460.563283 20.449472      NaN   -32     8 c    0   1.60 109.48308 40.98551  4329.04  1338.87 2.92 2.68  41.5 -0.402    19.64 21.79 02a58460o0807c 0x000000 -4.000000
58460.576273 20.449472      NaN   -35     8 c    0   1.59 109.48308 40.98551  4384.91  1416.24 2.86 2.76  51.5 -0.392    19.67 21.79 02a58460o0834c 0x000000 -4.375000
58460.586302 20.449472      NaN   -41     8 c    0   1.57 109.48308 40.98551  4412.80  1298.05 2.69 2.59  55.0 -0.400    19.69 21.78 02a58460o0855c 0x000000 -5.125000
58488.505960 20.103715      NaN    -7    11 c    0   1.51 109.48308 40.98551  8552.37  9204.30 3.33 3.13  37.8 -0.404    19.44 21.60 02a58488o0669c 0x000000 -0.636364
58488.519139 19.841877      NaN   -62    14 c    0   1.24 109.48308 40.98551  8533.74  9164.84 3.78 3.56  41.1 -0.400    19.33 21.61 02a58488o0697c 0x000000 -4.428571
58488.519595 19.922338      NaN   -47    13 c    0   0.95 109.48308 40.98551  8592.62  9245.50 3.25 3.06  42.3 -0.412    19.49 21.62 02a58488o0698c 0x000000 -3.615385
58488.522039 20.009244      NaN   -25    12 c    0   1.19 109.48308 40.98551  8606.01  9128.13 3.05 2.90  39.3 -0.396    19.53 21.62 02a58488o0703c 0x000000 -2.083333
58492.524861 20.207197      NaN   -42    10 c    0   0.97 109.48308 40.98551  4994.73  5254.68 2.49 2.40 -64.4 -0.413    19.65 21.67 02a58492o0694c 0x000000 -4.200000
58492.533194 20.321591      NaN   -53     9 c    0   1.13 109.48308 40.98551  4980.45  5217.84 2.56 2.43 -57.2 -0.404    19.69 21.66 02a58492o0710c 0x000000 -5.888889
58492.547207 20.207197      NaN   -50    10 c    0   1.24 109.48308 40.98551  5035.04  5291.98 2.62 2.49 -60.6 -0.409    19.62 21.62 02a58492o0737c 0x000000 -5.000000
58492.561339 20.103715      NaN   -35    11 c    0   0.89 109.48308 40.98551  5043.67  5174.24 2.56 2.51 -68.7 -0.405    19.62 21.60 02a58492o0764c 0x000000 -3.181818
58576.338237 20.449472      NaN   -55     8 c    0   1.54 109.48308 40.98551  3473.47  3341.51 2.37 2.26  46.1 -0.409    19.58 21.28 02a58576o0250c 0x000000 -6.875000
58576.344607 20.207197      NaN   -34    10 c    0   1.16 109.48308 40.98551  3443.96  3300.94 2.55 2.25  47.6 -0.404    19.59 21.27 02a58576o0263c 0x000000 -3.400000
58576.358678 20.207197      NaN   -48    10 c    0   1.34 109.48308 40.98551  3501.55  3376.74 2.44 2.28  46.2 -0.404    19.55 21.21 02a58576o0293c 0x000000 -4.800000
58576.361663 20.103715      NaN   -28    11 c    0   1.07 109.48308 40.98551  3531.69  3261.48 2.38 2.24  49.0 -0.407    19.59 21.21 02a58576o0299c 0x000000 -2.545455
58580.310159 20.207197      NaN   -33    10 c    0   1.03 109.48308 40.98551   312.55  1450.43 2.65 2.24 -51.5 -0.412    19.57 21.25 02a58580o0191c 0x000000 -3.300000
58580.320600 20.321591      NaN   -52     9 c    0   1.74 109.48308 40.98551   296.81  1406.32 2.69 2.28 -52.7 -0.408    19.56 21.23 02a58580o0213c 0x000000 -5.777778
58580.329262 20.321591      NaN   -60     9 c    0   1.97 109.48308 40.98551  9942.04  1488.17 2.63 2.26 -52.3 -0.418    19.61 21.30 02a58580o0231c 0x000000 -6.666667
58580.331737 20.321591      NaN   -34     9 c    0   1.81 109.48308 40.98551   356.49  1481.64 2.66 2.34 -53.5 -0.408    19.52 21.19 02a58580o0236c 0x000000 -3.777778
58580.338699 20.207197      NaN   -49    10 c    0   1.10 109.48308 40.98551  9912.57  1445.47 2.65 2.31 -51.2 -0.415    19.57 21.26 02a58580o0251c 0x000000 -4.900000
58580.340529 20.207197      NaN   -37    10 c    0   1.27 109.48308 40.98551   371.48  1362.91 2.59 2.23 -53.9 -0.419    19.52 21.15 02a58580o0255c 0x000000 -3.700000
58580.344409 20.207197      NaN   -23    10 c    0   1.27 109.48308 40.98551  9972.41  1526.50 2.63 2.20 -53.6 -0.424    19.64 21.25 02a58580o0263c 0x000000 -2.300000
58580.359984 20.009244      NaN   -61    12 c    0   1.14 109.48308 40.98551 10002.11  1410.15 2.61 2.24 -51.8 -0.425    19.55 21.18 02a58580o0295c 0x000000 -5.083333
58604.262150 19.766969      NaN   -43    15 c    0   1.11 109.48308 40.98551  2184.08  7237.46 2.72 2.42  44.3 -0.365    19.30 20.86 02a58604o0055c 0x000000 -2.866667
58604.272619 20.009244      NaN   -35    12 c    0   1.90 109.48308 40.98551  2152.14  7198.38 2.65 2.48  44.5 -0.379    19.27 20.84 02a58604o0077c 0x000000 -2.916667
58604.282671 20.009244      NaN   -46    12 c    0   1.66 109.48308 40.98551  2209.92  7271.84 2.48 2.45  41.1 -0.393    19.28 20.80 02a58604o0098c 0x000000 -3.833333
58604.293082 19.922338      NaN   -71    13 c    0   1.55 109.48308 40.98551  2226.66  7152.43 2.47 2.37 -43.4 -0.408    19.25 20.78 02a58604o0120c 0x000000 -5.461538
58728.579856 20.207197      NaN   -53    10 c    0   1.84 109.48308 40.98551  6799.17  1020.92 2.40 2.36 -37.9 -0.397    19.38 21.10 02a58728o0757c 0x000000 -5.300000
58728.583059 20.207197      NaN   -34    10 c    0   1.64 109.48308 40.98551  6818.15  1059.62 2.40 2.36  56.2 -0.393    19.41 21.11 02a58728o0764c 0x000000 -3.400000
58728.589300 20.103715      NaN   -43    11 c    0   1.47 109.48308 40.98551  6764.71   980.76 2.38 2.31 -49.7 -0.404    19.44 21.13 02a58728o0777c 0x000000 -3.909091
58728.599418 20.321591      NaN   -53     9 c    0   1.46 109.48308 40.98551  6744.55  1097.68 2.44 2.32 -56.1 -0.401    19.50 21.18 02a58728o0799c 0x000000 -5.888889
58764.577608 20.103715      NaN   -47    11 c    0   1.24 109.48308 40.98551  9626.70  9126.56 2.76 2.72 -58.2 -0.374    19.63 21.40 02a58764o0791c 0x000000 -4.272727
58764.581596 20.207197      NaN   -35    10 c    0   1.39 109.48308 40.98551  9650.61  9163.07 2.79 2.66  50.5 -0.372    19.64 21.42 02a58764o0799c 0x000000 -3.500000
58764.587947 20.009244      NaN   -38    12 c    0   1.23 109.48308 40.98551  9589.37  9086.90 3.03 2.53  40.2 -0.369    19.59 21.46 02a58764o0812c 0x000000 -3.166667
58764.598961 20.207197      NaN   -39    10 c    0   1.55 109.48308 40.98551  9569.42  9209.38 2.74 2.67  50.4 -0.377    19.70 21.51 02a58764o0834c 0x000000 -3.900000
58764.645782 18.816441      NaN  -111    36 c    0   0.94 109.48308 40.98551  9618.29  9156.27 2.85 2.74 -85.5 -0.366    18.69 19.65 02a58764o0929c 0x100002 -3.083333
58784.553216 20.103715      NaN   -43    11 c    0   1.08 109.48308 40.98551  5610.10  9369.10 2.61 2.55  47.7 -0.397    19.69 21.30 02a58784o0596c 0x000000 -3.909091
58784.557144 20.103715      NaN   -38    11 c    0   1.40 109.48308 40.98551  5627.60  9412.85 2.65 2.60  59.6 -0.392    19.61 21.31 02a58784o0604c 0x000000 -3.454545
58784.564628 20.103715      NaN   -34    11 c    0   1.31 109.48308 40.98551  5569.83  9335.07 2.67 2.64 -82.8 -0.392    19.59 21.31 02a58784o0620c 0x000000 -3.090909
58784.595742 20.207197      NaN   -33    10 c    0   1.73 109.48308 40.98551  5555.94  9456.05 2.53 2.45  53.7 -0.406    19.71 21.36 02a58784o0635c 0x000000 -3.300000
58784.596199 20.009244      NaN   -21    12 c    0   1.00 109.48308 40.98551  5555.85  9456.17 2.54 2.46  49.1 -0.403    19.69 21.33 02a58784o0636c 0x000000 -1.750000
58788.567278 20.449472      NaN   -35     8 c    0   1.51 109.48308 40.98551  1048.00  2687.69 2.48 2.18 -58.2 -0.434    19.74 21.45 02a58788o0750c 0x000000 -4.375000
58788.570029 20.321591      NaN   -44     9 c    0   1.47 109.48308 40.98551  1066.85  2728.25 2.46 2.19 -57.8 -0.430    19.72 21.47 02a58788o0756c 0x000000 -4.888889
58788.585659 20.449472      NaN   -67     8 c    0   1.80 109.48308 40.98551  1011.45  2647.04 2.47 2.18 -59.9 -0.438    19.75 21.52 02a58788o0789c 0x000000 -8.375000
58788.592683 20.207197      NaN   -45    10 c    0   2.34 109.48308 40.98551   994.08  2765.01 2.48 2.23 -59.9 -0.433    19.69 21.48 02a58788o0804c 0x000000 -4.500000
58792.491961 20.321591      NaN   -41     9 c    0   1.71 109.48308 40.98551  1037.77  2686.59 2.38 2.29 -76.4 -0.422    19.66 21.39 02a58792o0666c 0x000000 -4.555556
58792.497354 20.321591      NaN   -50     9 c    0   1.54 109.48308 40.98551  1061.56  2723.29 2.36 2.29 -87.9 -0.424    19.66 21.39 02a58792o0677c 0x000000 -5.555556
58792.500746 20.449472      NaN   -48     8 c    0   2.15 109.48308 40.98551  1005.69  2643.71 2.38 2.30 -82.8 -0.422    19.65 21.39 02a58792o0684c 0x000000 -6.000000
58792.512041 20.207197      NaN   -36    10 c    0   1.25 109.48308 40.98551   986.27  2757.88 2.35 2.28 -77.6 -0.426    19.67 21.41 02a58792o0708c 0x000000 -3.600000
58792.658216 17.574501      NaN   -51   113 c    0   1.44 109.48308 40.98551  9545.93  7870.23 2.70 2.57  88.0 -0.474    17.23 17.93 02a58792o1007c 0x100002 -0.451327
58816.473734 20.207197      NaN   -59    10 c    0   1.69 109.48308 40.98551  7638.26  9268.63 2.85 2.81 -85.9 -0.386    19.63 21.48 02a58816o0619c 0x000000 -5.900000
58816.477021 20.207197      NaN   -46    10 c    0   1.48 109.48308 40.98551  7657.99  9307.78 2.80 2.72 -65.1 -0.392    19.65 21.48 02a58816o0626c 0x000000 -4.600000
58816.482209 20.207197      NaN   -50    10 c    0   1.08 109.48308 40.98551  7598.65  9230.80 2.81 2.72  54.4 -0.391    19.64 21.50 02a58816o0637c 0x000000 -5.000000
58816.494048 20.103715      NaN   -48    11 c    0   1.00 109.48308 40.98551  7576.86  9352.87 2.85 2.73  50.8 -0.386    19.64 21.55 02a58816o0662c 0x000000 -4.363636
58840.577616 14.653661      NaN -1995  1665 c    0   0.93 109.48308 40.98551  1807.64  7729.53 2.68 2.47  40.7 -0.370    16.24 17.81 02a58840o0002c 0x100002 -1.198198
58840.578072 17.725445      NaN    52    81 c    0   0.57 109.48308 40.98551  1807.63  7729.39 2.61 2.34  35.8 -0.381    16.84 18.48 02a58840o0003c 0x100002  0.641975
58844.459592 20.449472      NaN   -44     8 c    0   1.88 109.48308 40.98551  6860.18  2972.10 2.38 2.28  61.4 -0.387    19.87 21.86 02a58844o0048c 0x000000 -5.500000
58844.464912 20.449472      NaN   -45     8 c    0   1.38 109.48308 40.98551  6883.41  3016.92 2.41 2.33  46.6 -0.388    19.82 21.85 02a58844o0059c 0x000000 -5.625000
58844.468012 20.449472      NaN   -37     8 c    0   1.64 109.48308 40.98551  6829.21  2944.29 2.46 2.33  61.8 -0.382    19.83 21.84 02a58844o0065c 0x000000 -4.625000
58844.483019 20.207197      NaN   -50    10 c    0   1.22 109.48308 40.98551  3784.00  7521.26 2.25 2.19 -32.6 -0.407    19.86 21.87 02a58844o0096c 0x000000 -5.000000
58868.435651 20.321591      NaN   -52     9 c    0   0.84 109.48308 40.98551  5604.01  9457.46 2.60 2.34 -51.7 -0.408    19.78 21.73 02a58868o0515c 0x000000 -5.777778
58868.438878 20.207197      NaN   -30    10 c    0   1.47 109.48308 40.98551  5585.71  9417.88 2.60 2.34 -53.8 -0.407    19.80 21.74 02a58868o0522c 0x000000 -3.000000
58868.444500 20.009244      NaN   -36    12 c    0   0.81 109.48308 40.98551  5640.49  9496.51 2.71 2.35 -53.1 -0.410    19.76 21.76 02a58868o0534c 0x000000 -3.000000
58868.454306 20.594452      NaN   -37     7 c    0   2.44 109.48308 40.98551  5659.32  9380.41 2.58 2.39 -53.6 -0.409    19.79 21.77 02a58868o0555c 0x000000 -5.285714
58868.562447 20.103715      NaN   -38    11 c    0   1.33 109.48308 40.98551  5621.83  9429.11 2.63 2.31 -46.8 -0.413    19.63 21.42 02a58868o0785c 0x000000 -3.454545
58872.392565 20.449472      NaN   -51     8 c    0   1.83 109.48308 40.98551  4978.11  1111.30 2.50 2.28 -60.7 -0.417    19.85 21.89 02a58872o0422c 0x000000 -6.375000
58872.395773 20.449472      NaN   -47     8 c    0   1.88 109.48308 40.98551  4997.99  1150.87 2.51 2.31 -60.7 -0.418    19.80 21.88 02a58872o0429c 0x000000 -5.875000
58872.403248 20.594452      NaN   -44     7 c    0   1.60 109.48308 40.98551  5645.78  9501.44 2.59 2.39 -56.9 -0.407    19.82 21.86 02a58872o0445c 0x000000 -6.285714
58872.413131 20.207197      NaN   -49    10 c    0   1.36 109.48308 40.98551  5664.80  9382.46 2.56 2.37 -52.3 -0.411    19.86 21.87 02a58872o0465c 0x000000 -4.900000
58876.481367 20.103715      NaN   -48    11 c    0   1.27 109.48308 40.98551  8474.66  5634.28 3.03 2.39  34.6 -0.363    19.50 21.48 02a58876o0583c 0x000000 -4.363636
58876.484051 20.009244      NaN   -24    12 c    0   1.32 109.48308 40.98551  8455.48  5594.30 3.13 2.45  33.8 -0.358    19.41 21.41 02a58876o0588c 0x000000 -2.000000
58876.489268 19.212347      NaN   -20    25 c    0   0.77 109.48308 40.98551  8513.36  5673.13 3.16 2.51  32.0 -0.360    18.78 20.63 02a58876o0598c 0x000000 -0.800000
58876.499039 19.051202      NaN    -7    29 c    0   0.72 109.48308 40.98551  8533.09  5556.18 2.51 2.45  46.5 -0.392    18.95 20.68 02a58876o0617c 0x100002 -0.241379
58900.501996 20.171596      NaN     1    10 c    0   1.13 109.48308 40.98551  7063.65  1620.03 2.47 2.39 -56.3 -0.393    19.59 21.38 02a58900o0596c 0x000000  0.100000
58900.503377 19.868040      NaN    14     9 c    0   1.08 109.48308 40.98551  7043.63  1580.20 2.44 2.39 -47.3 -0.394    19.58 21.37 02a58900o0599c 0x000000  1.555556
58900.508329 19.589310      NaN    20    11 c    0   1.17 109.48308 40.98551  7101.05  1655.91 2.84 2.78 -48.3 -0.380    19.43 21.34 02a58900o0608c 0x000000  1.818182
58900.517579 19.841877      NaN   -20    14 c    0   1.11 109.48308 40.98551  7123.32  1541.18 3.32 3.27  46.2 -0.349    19.21 21.25 02a58900o0626c 0x000000 -1.428571
58932.310079 19.491430      NaN    13    15 c    0   1.96 109.48308 40.98551    47.41  3333.02 2.68 2.41 -53.5 -0.368    19.65 21.54 02a58932o0198c 0x000000  0.866667
58932.318540 17.809593      NaN   129    48 c    0   0.80 109.48308 40.98551    87.47  3368.75 2.57 2.29 -51.1 -0.376    19.70 21.51 02a58932o0216c 0x100002  2.687500
58932.333032 19.719755      NaN     2    15 c    0   0.37 109.48308 40.98551   104.08  3248.28 2.57 2.33 -56.5 -0.373    19.69 21.53 02a58932o0246c 0x000000  0.133333
58932.367352 20.207197      NaN    -2    10 c    0   1.23 109.48308 40.98551 10017.72  3357.95 2.65 2.45 -50.8 -0.404    19.65 21.51 02a58932o0317c 0x000000 -0.200000
58932.370783 19.816329      NaN    10    11 c    0   1.05 109.48308 40.98551 10000.18  3318.39 2.64 2.44 -52.1 -0.403    19.66 21.49 02a58932o0324c 0x000000  0.909091
58932.376458 20.207197      NaN    -2    10 c    0   1.08 109.48308 40.98551 10056.51  3397.72 2.66 2.43 -52.6 -0.399    19.64 21.47 02a58932o0336c 0x000000 -0.200000
58932.387587 19.791368      NaN     5    13 c    0   1.17 109.48308 40.98551 10078.33  3280.75 3.17 2.92 -52.9 -0.375    19.45 21.43 02a58932o0360c 0x000000  0.384615
58956.265347 20.321591      NaN   -12     9 c    0   1.29 109.48308 40.98551   747.89  6028.94 2.47 2.43 -14.3 -0.391    19.52 21.19 02a58956o0089c 0x000000 -1.333333
58956.269417 19.791368      NaN    14    10 c    0   1.00 109.48308 40.98551   729.32  5989.98 2.54 2.45 -34.4 -0.390    19.48 21.19 02a58956o0097c 0x000000  1.400000
58956.274839 20.207197      NaN   -14    10 c    0   1.33 109.48308 40.98551   788.93  6067.61 2.58 2.32 -54.6 -0.409    19.51 21.20 02a58956o0108c 0x000000 -1.400000
58956.288331 20.207197      NaN    -5    10 c    0   1.32 109.48308 40.98551   809.21  5946.73 2.58 2.36 -53.5 -0.408    19.48 21.19 02a58956o0136c 0x000000 -0.500000
58956.369469 16.556205      NaN    26   280 c    0   0.02 109.48308 40.98551 10526.22  6101.40 3.00 2.85 -37.8 -0.390    19.28 20.99 02a58956o0302c 0x100002  0.092857
58956.372366 19.002397      NaN    10    27 c    0   0.99 109.48308 40.98551 10508.80  6061.45 2.97 2.85 -20.7 -0.386    19.27 20.98 02a58956o0308c 0x000000  0.370370
58960.240435 20.009244      NaN    -8    12 c    0   0.85 109.48308 40.98551   756.33  6029.61 2.34 2.19 -36.4 -0.400    19.37 20.69 02a58960o0036c 0x000000 -0.666667
58960.244732 20.009244      NaN    -3    12 c    0   0.77 109.48308 40.98551   738.03  5991.72 2.35 2.17 -38.8 -0.407    19.55 21.01 02a58960o0045c 0x000000 -0.250000
58960.249943 19.894850      NaN    10    10 c    0   0.97 109.48308 40.98551   795.38  6066.33 2.33 2.15 -44.2 -0.413    19.60 21.10 02a58960o0056c 0x000000  1.000000
58960.251938 19.351140      NaN     6    20 c    0   1.94 109.48308 40.98551 10512.12  6069.00 2.54 2.52   4.5 -0.413    19.64 21.21 02a58960o0060c 0x000000  0.300000
58960.260358 19.743105      NaN    13    11 c    0   1.14 109.48308 40.98551   815.20  5946.74 2.30 2.22 -40.4 -0.411    19.58 21.13 02a58960o0078c 0x000000  1.181818
58964.244306 17.870951      NaN    45    71 c    0   1.38 109.48308 40.98551   923.06  1454.21 2.79 2.48 -61.0 -0.402    17.14 18.40 02a58964o0022c 0x100002  0.633803
58964.248021 16.468336      NaN  -118   313 c    0   0.92 109.48308 40.98551   902.15  1413.59 2.83 2.53 -62.3 -0.418    16.02 17.24 02a58964o0030c 0x100002 -0.376997
58964.253538 18.504094      NaN   -56    48 c    0   1.09 109.48308 40.98551   964.64  1489.46 2.99 2.72 -60.8 -0.404    17.94 19.36 02a58964o0042c 0x100002 -1.166667
58964.263720 16.554952      NaN   255   204 c    0   1.54 109.48308 40.98551   984.68  1369.25 3.09 2.82 -65.5 -0.399    16.48 17.84 02a58964o0064c 0x100002  1.250000
58988.271677 19.569016      NaN    -5    18 c    0   1.20 109.48308 40.98551  9500.71  7898.06 3.43 3.28 -47.3 -0.365    19.06 20.61 02a58988o0082c 0x000000 -0.277778
58988.278614 19.454622      NaN   -10    20 c    0   0.93 109.48308 40.98551  9481.20  7862.90 3.24 3.18 -11.6 -0.353    19.12 20.56 02a58988o0097c 0x000000 -0.500000
58988.282333 19.510313      NaN   -19    19 c    0   1.03 109.48308 40.98551  9538.22  7944.05 3.35 3.27  -7.2 -0.364    19.02 20.54 02a58988o0105c 0x000000 -1.000000
58988.293002 19.454622      NaN    -6    20 c    0   1.04 109.48308 40.98551  9555.84  7830.06 3.23 3.10  14.2 -0.363    19.00 20.45 02a58988o0128c 0x000000 -0.300000
59136.604602 19.549093      NaN     4    17 c    0   2.66 109.48308 40.98551 10518.35  7248.37 2.72 2.68 -63.1 -0.396    19.65 21.53 02a59136o0900c 0x000000  0.235294
59136.608718 20.207197      NaN    -1    10 c    0   1.07 109.48308 40.98551   547.80  7223.75 2.39 2.29 -62.0 -0.408    19.66 21.39 02a59136o0909c 0x000000 -0.100000
59136.614673 20.071303      NaN     1    11 c    0   1.26 109.48308 40.98551   569.11  7265.11 2.37 2.27 -64.9 -0.414    19.68 21.41 02a59136o0922c 0x000000  0.090909
59136.626470 19.719755      NaN     5    14 c    0   1.12 109.48308 40.98551 10483.78  7214.75 2.73 2.69 -89.4 -0.393    19.65 21.40 02a59136o0947c 0x000000  0.357143
59136.628301 19.791368      NaN    14    10 c    0   1.14 109.48308 40.98551   511.91  7186.10 2.35 2.31 -72.0 -0.406    19.63 21.39 02a59136o0951c 0x000000  1.400000
59136.631048 20.009244      NaN   -24    12 c    0   1.00 109.48308 40.98551 10468.67  7332.80 2.83 2.72  59.0 -0.388    19.63 21.39 02a59136o0957c 0x000000 -2.000000
59136.631506 20.207197      NaN     0    10 c    0   1.20 109.48308 40.98551   494.11  7301.03 2.37 2.32 -67.8 -0.405    19.65 21.38 02a59136o0958c 0x000000  0.000000
59140.591846 19.510313      NaN    12    15 c    0   4.45 109.48308 40.98551   980.64   719.43 2.42 2.26 -77.1 -0.443    19.29 21.10 02a59140o0868c 0x000000  0.800000
59140.595248 19.529530      NaN     5    17 c    0   0.89 109.48308 40.98551  1003.29   760.23 2.37 2.23 -79.6 -0.448    19.22 21.00 02a59140o0875c 0x000000  0.294118
59140.601234 20.321591      NaN    -8     9 c    0   1.32 109.48308 40.98551   950.23   679.34 2.39 2.25 -76.3 -0.444    19.58 21.42 02a59140o0888c 0x000000 -0.888889
59140.622686 19.791368      NaN     5    13 c    0   1.11 109.48308 40.98551   937.67   797.44 2.43 2.27 -79.0 -0.451    19.38 21.20 02a59140o0933c 0x000000  0.384615
59144.550834 20.071303      NaN     7     9 c    0   1.33 109.48308 40.98551   975.94   720.98 2.47 2.19 -63.4 -0.439    19.77 21.59 02a59144o0729c 0x000000  0.777778
59144.557784 20.171596      NaN    10     7 c    0   1.70 109.48308 40.98551   996.49   761.32 2.33 2.17 -77.0 -0.450    19.74 21.61 02a59144o0744c 0x000000  1.428571
59144.563771 20.207197      NaN     6     8 c    0   1.51 109.48308 40.98551   942.30   681.08 2.38 2.18 -67.8 -0.446    19.71 21.64 02a59144o0757c 0x000000  0.750000
59144.577226 19.868040      NaN    17     8 c    0   1.52 109.48308 40.98551   924.70   797.72 2.38 2.20 -70.6 -0.446    19.75 21.66 02a59144o0786c 0x000000  2.125000
59148.602144 18.729535      NaN    -5    39 c    0   0.92 109.48308 40.98551  5952.51  4810.56 2.80 2.41  44.9 -0.387    18.22 19.78 02a59148o0892c 0x100002 -0.128205
59148.605354 18.693037      NaN     7    38 c    0   0.79 109.48308 40.98551  5973.51  4849.39 2.79 2.42  47.0 -0.388    18.25 19.81 02a59148o0899c 0x100002  0.184211
59148.612691 18.243872      NaN   -20    61 c    0   1.01 109.48308 40.98551  5916.68  4772.60 2.77 2.38  44.1 -0.387    17.89 19.43 02a59148o0915c 0x100002 -0.327869
59148.631679 17.809593      NaN    66    69 c    0   0.95 109.48308 40.98551  5901.46  4891.12 3.02 2.46  42.5 -0.377    17.57 19.10 02a59148o0955c 0x100002  0.956522
59148.648683 18.474346      NaN     4    48 c    0   0.93 109.48308 40.98551  5943.59  4835.12 2.84 2.39  37.9 -0.378    17.94 19.10 02a59148o0992c 0x100002  0.083333
59176.602800 19.351140      NaN   -18    22 c    0   1.30 109.48308 40.98551  5619.88  7505.49 2.49 2.39  32.9 -0.403    18.93 20.55 02a59176o0250c 0x000000 -0.818182
59176.606008 19.115465      NaN     7    25 c    0   0.79 109.48308 40.98551  5600.23  7466.45 2.50 2.45  23.9 -0.402    18.94 20.53 02a59176o0257c 0x000000  0.280000
59176.616097 19.674510      NaN    13    12 c    0   1.53 109.48308 40.98551  5655.76  7542.91 2.45 2.43 -62.6 -0.405    19.29 20.97 02a59176o0279c 0x000000  1.083333
59176.622062 19.791368      NaN     8    12 c    0   1.54 109.48308 40.98551  5677.51  7429.45 2.35 2.30  33.7 -0.412    19.26 20.83 02a59176o0292c 0x000000  0.666667
59194.484049 20.449472      NaN    -1     8 c    0   1.81 109.48308 40.98551  7050.23  1601.17 2.63 2.42   1.7 -0.379    19.80 23.11 01a59194o0652c 0x000000 -0.125000
59194.510667 20.009244      NaN     6    10 c    0   1.16 109.48308 40.98551  7022.87  1567.22 2.85 2.51  -9.7 -0.380    19.69 23.07 01a59194o0709c 0x000000  0.600000
59194.514361 20.449472      NaN     0     8 c    0   1.43 109.48308 40.98551  7083.45  1645.00 2.73 2.59   1.0 -0.388    19.71 23.07 01a59194o0717c 0x000000  0.000000
59194.540349 20.282105      NaN     4     8 c    0   1.02 109.48308 40.98551  3446.67  9039.37 2.67 2.45 -11.2 -0.349    19.70 23.06 01a59194o0773c 0x000000  0.500000
59200.452398 20.244005      NaN     2     9 c    0   1.31 109.48308 40.98551  4519.85  7122.23 2.52 2.36  51.3 -0.399    19.78 21.66 02a59200o0532c 0x000000  0.222222
59200.455600 20.103715      NaN     3    10 c    0   1.23 109.48308 40.98551  4539.59  7162.16 2.72 2.41  46.5 -0.387    19.73 21.66 02a59200o0539c 0x000000  0.300000
59200.459265 20.321591      NaN    -6     9 c    0   1.06 109.48308 40.98551  4481.37  7084.06 2.67 2.38  45.5 -0.387    19.73 21.66 02a59200o0547c 0x000000 -0.666667
59200.464308 20.207197      NaN    -1    10 c    0   1.00 109.48308 40.98551  4460.58  7199.74 2.58 2.37  51.6 -0.395    19.74 21.68 02a59200o0558c 0x000000 -0.100000
59222.353600 19.743105      NaN    22     8 c    0   1.50 109.48308 40.98551  3743.12  9547.39 2.82 2.39   1.4 -0.398    19.70 21.77 01a59222o0348c 0x000000  2.750000
59222.366106 20.449472      NaN     0     8 c    0   1.23 109.48308 40.98551  3722.46  9504.19 2.45 2.32 -72.1 -0.382    19.78 21.75 01a59222o0375c 0x000000  0.000000
59222.368003 20.321591      NaN    -8     9 c    0   1.06 109.48308 40.98551  3780.89  9584.53 2.55 2.44 -27.0 -0.377    19.73 21.78 01a59222o0379c 0x000000 -0.888889
59222.374004 20.244005      NaN     2     9 c    0   0.93 109.48308 40.98551  3798.90  9465.07 2.38 2.27 -65.4 -0.388    19.83 21.83 01a59222o0392c 0x000000  0.222222
59223.483658 19.529530      NaN    14    14 c    0   0.93 109.48308 40.98551  6553.36  5684.82 2.44 2.38  35.7 -0.407    19.32 21.11 02a59223o0596c 0x000000  1.000000
59223.512007 17.143924      NaN  -186   168 c    0   1.16 109.48308 40.98551  6525.34  5643.80 2.61 2.46  40.1 -0.398    17.16 18.81 02a59223o0650c 0x100002 -1.107143
59223.523245 18.048890      NaN   -86    73 c    0   1.17 109.48308 40.98551  6607.16  5604.07 2.57 2.39  37.9 -0.400    17.71 19.28 02a59223o0672c 0x100002 -1.178082
59226.423587 20.039830      NaN     8     9 c    0   2.89 109.48308 40.98551 10499.66  7178.85 2.69 2.60  69.1 -0.354    19.88 21.99 01a59226o0457c 0x000000  0.888889
59226.426810 19.569016      NaN    15    13 c    0   3.14 109.48308 40.98551 10521.23  7216.51 2.77 2.61  67.9 -0.352    19.83 22.00 01a59226o0464c 0x000000  1.153846
59226.433720 20.321591      NaN    -2     9 c    0   1.31 109.48308 40.98551 10462.55  7140.66 2.74 2.61  74.4 -0.353    19.86 21.97 01a59226o0479c 0x000000 -0.222222
59226.436945 20.207197      NaN     0    10 c    0   1.18 109.48308 40.98551   537.69  7263.40 3.04 2.57  -1.8 -0.385    19.65 21.99 01a59226o0486c 0x000000  0.000000
59226.440635 20.449472      NaN    -2     8 c    0   1.07 109.48308 40.98551   557.97  7302.55 2.45 2.33 -46.2 -0.381    19.83 22.00 01a59226o0494c 0x000000 -0.250000
59226.445719 20.449472      NaN    -3     8 c    0   1.36 109.48308 40.98551 10446.35  7256.78 2.73 2.65  42.7 -0.344    19.85 21.97 01a59226o0505c 0x000000 -0.375000
59226.447112 20.449472      NaN   -12     8 c    0   1.18 109.48308 40.98551   500.26  7222.64 2.49 2.37 -40.8 -0.371    19.77 22.01 01a59226o0508c 0x000000 -1.500000
59226.459601 20.137125      NaN     8     8 c    0   1.25 109.48308 40.98551   485.01  7338.33 2.55 2.41 -65.1 -0.376    19.81 21.98 01a59226o0535c 0x000000  1.000000
59228.470575 19.569016      NaN    18    12 c    0   1.19 109.48308 40.98551  1828.50  9685.86 2.83 2.42 -52.4 -0.430    19.53 21.53 02a59228o0519c 0x000000  1.500000
59228.473782 20.321591      NaN    -2     9 c    0   1.02 109.48308 40.98551  1809.68  9646.73 2.72 2.38 -52.7 -0.432    19.67 21.67 02a59228o0526c 0x000000 -0.222222
59228.479745 20.039830      NaN     8     9 c    0   1.79 109.48308 40.98551  1864.60  9723.06 2.89 2.54 -53.2 -0.421    19.57 21.61 02a59228o0539c 0x000000  0.888889
59228.490752 19.922338      NaN     6    11 c    0   0.67 109.48308 40.98551  1886.31  9603.85 2.65 2.31 -52.2 -0.441    19.66 21.64 02a59228o0563c 0x000000  0.545455
59230.373511 19.950541      NaN     8    10 c    0   1.61 109.48308 40.98551    42.22  3336.42 2.52 2.13  76.1 -0.390    19.85 21.83 01a59230o0383c 0x000000  0.800000
59230.398282 20.207197      NaN    -5    10 c    0   0.92 109.48308 40.98551 10004.83  3327.13 2.85 2.33 -85.0 -0.420    19.81 21.84 01a59230o0436c 0x000000 -0.500000
59230.399206 19.609992      NaN    13    13 c    0   0.85 109.48308 40.98551    80.52  3381.16 2.72 2.45  67.9 -0.371    19.74 21.84 01a59230o0438c 0x000000  1.000000
59230.400126 20.321591      NaN    -3     9 c    0   1.11 109.48308 40.98551  9983.66  3287.87 2.81 2.36 -86.2 -0.417    19.86 21.85 01a59230o0440c 0x000000 -0.333333
59230.402909 20.244005      NaN     2     9 c    0   1.36 109.48308 40.98551 10042.46  3369.25 2.91 2.60 -75.9 -0.406    19.77 21.86 01a59230o0446c 0x000000  0.222222
59230.407982 20.137125      NaN     2    10 c    0   1.06 109.48308 40.98551 10061.55  3253.55 2.96 2.62 -69.7 -0.385    19.77 21.86 01a59230o0457c 0x000000  0.200000
59230.428068 20.207197      NaN    -8    10 c    0   1.50 109.48308 40.98551 10442.02  7253.70 3.21 2.51 -89.8 -0.366    19.77 21.85 01a59230o0500c 0x000000 -0.800000
59231.360152 20.321591      NaN     0     9 c    0   1.49 109.48308 40.98551  8744.75   878.37 2.72 2.25 -55.3 -0.399    19.68 21.46 02a59231o0344c 0x000000  0.000000
59231.366169 20.321591      NaN    -8     9 c    0   1.28 109.48308 40.98551  8764.90   916.88 2.63 2.20 -57.3 -0.406    19.70 21.51 02a59231o0357c 0x000000 -0.888889
59231.397230 20.171596      NaN     1    10 c    0   1.14 109.48308 40.98551  8716.82   846.74 2.69 2.23 -54.9 -0.400    19.68 21.57 02a59231o0419c 0x000000  0.100000
59231.399060 20.207197      NaN    -8    10 c    0   1.31 109.48308 40.98551  8697.16   965.06 2.65 2.21 -58.1 -0.411    19.74 21.58 02a59231o0423c 0x000000 -0.800000
59250.355381 19.868040      NaN    11    10 c    0   1.24 109.48308 40.98551  9757.63  4489.71 2.71 2.44 -85.9 -0.407    19.85 21.91 01a59250o0319c 0x000000  1.100000
59250.358612 20.594452      NaN    -1     7 c    0   2.38 109.48308 40.98551  9780.01  4528.64 2.68 2.49 -83.1 -0.398    19.86 21.91 01a59250o0326c 0x000000 -0.142857
59250.365999 20.103715      NaN     9     8 c    0   1.81 109.48308 40.98551  9722.08  4451.83 2.67 2.47  88.7 -0.405    19.88 21.92 01a59250o0342c 0x000000  1.125000
59250.378934 20.449472      NaN   -13     8 c    0   1.37 109.48308 40.98551  9707.53  4568.55 2.73 2.52 -87.5 -0.397    19.84 21.92 01a59250o0370c 0x000000 -1.625000
59252.407677 20.321591      NaN   -13     9 c    0   1.01 109.48308 40.98551  9080.75  1571.34 2.50 2.20 -58.0 -0.416    19.77 21.67 02a59252o0440c 0x000000 -1.444444
59252.410891 20.321591      NaN    -2     9 c    0   0.92 109.48308 40.98551  9061.17  1531.43 2.47 2.18 -60.0 -0.414    19.79 21.68 02a59252o0447c 0x000000 -0.222222
59252.416838 20.103715      NaN     3    10 c    0   0.81 109.48308 40.98551  9119.77  1610.34 2.49 2.17 -58.7 -0.416    19.77 21.68 02a59252o0460c 0x000000  0.300000
59252.430157 20.171596      NaN     4     9 c    0   1.34 109.48308 40.98551  9140.79  1495.67 2.49 2.20 -58.4 -0.416    19.78 21.68 02a59252o0489c 0x000000  0.444444
59254.379779 20.039830      NaN     5    10 c    0   1.31 109.48308 40.98551  9774.06  4485.36 3.13 2.47  89.3 -0.404    19.70 21.84 01a59254o0375c 0x000000  0.500000
59254.383009 20.207197      NaN    -9    10 c    0   1.54 109.48308 40.98551  9793.95  4524.13 3.24 2.51 -86.8 -0.408    19.68 21.83 01a59254o0382c 0x000000 -0.900000
59254.389007 20.321591      NaN    -7     9 c    0   1.58 109.48308 40.98551  9736.35  4448.56 2.81 2.52 -84.0 -0.380    19.79 21.83 01a59254o0395c 0x000000 -0.777778
59254.399146 20.449472      NaN   -10     8 c    0   1.59 109.48308 40.98551  9719.91  4565.83 3.03 2.69 -85.9 -0.368    19.73 21.82 01a59254o0417c 0x000000 -1.250000
59256.413519 20.321591      NaN     3     8 c    0   1.32 109.48308 40.98551  9077.71  1572.66 2.43 2.28 -55.3 -0.403    19.78 21.77 02a59256o0446c 0x000000  0.375000
59256.416745 20.137125      NaN     8     8 c    0   1.03 109.48308 40.98551  9057.96  1532.36 2.42 2.31 -58.1 -0.400    19.74 21.77 02a59256o0453c 0x000000  1.000000
59256.423173 19.894850      NaN    13     9 c    0   0.77 109.48308 40.98551  9118.50  1612.72 2.47 2.25 -55.7 -0.406    19.74 21.78 02a59256o0467c 0x000000  1.444444
59256.458434 20.321591      NaN   -12     9 c    0   1.19 109.48308 40.98551  9138.95  1496.90 2.48 2.22 -54.5 -0.410    19.76 21.73 02a59256o0543c 0x000000 -1.333333
59258.380478 20.449472      NaN     0     8 c    0   1.66 109.48308 40.98551  9670.51  9072.94 2.56 2.44 -87.9 -0.355    19.82 21.79 01a59258o0378c 0x000000  0.000000
59258.383704 20.009244      NaN     6    10 c    0   1.06 109.48308 40.98551  9692.34  9111.40 2.57 2.48  81.3 -0.352    19.81 21.79 01a59258o0385c 0x000000  0.600000
59258.389704 19.868040      NaN    17     8 c    0   1.43 109.48308 40.98551  9631.25  9034.31 2.62 2.45 -87.6 -0.348    19.81 21.80 01a59258o0398c 0x000000  2.125000
59258.400791 19.841877      NaN    15     9 c    0   1.25 109.48308 40.98551  9613.61  9151.42 2.59 2.48  72.3 -0.346    19.79 21.79 01a59258o0422c 0x000000  1.666667
59278.316478 19.491430      NaN    10    16 c    0   1.46 109.48308 40.98551  5649.14  9354.51 2.26 2.09 -48.4 -0.377    18.88 20.41 01a59278o0159c 0x000000  0.625000
59278.319701 19.454622      NaN     0    20 c    0   1.14 109.48308 40.98551  5670.03  9392.15 2.42 2.23 -52.8 -0.360    18.48 20.04 01a59278o0166c 0x000000  0.000000
59278.325247 19.226921      NaN    17    19 c    0   1.52 109.48308 40.98551  5611.54  9314.62 2.39 2.26 -49.0 -0.359    18.60 20.17 01a59278o0178c 0x000000  0.894737
59278.335390 18.152867      NaN    67    44 c    0   1.22 109.48308 40.98551  5593.29  9430.37 2.63 2.51 -53.4 -0.366    17.57 19.23 01a59278o0200c 0x100002  1.522727
59284.322288 20.321591      NaN     0     9 c    0   1.37 109.48308 40.98551  2034.37  3183.73 2.41 2.36 -70.9 -0.400    19.69 21.53 02a59284o0166c 0x000000  0.000000
59284.325513 20.039830      NaN     8     9 c    0   1.36 109.48308 40.98551  2014.38  3144.84 2.48 2.36  40.1 -0.395    19.67 21.53 02a59284o0173c 0x000000  0.888889
59284.331473 20.321591      NaN     3     8 c    0   1.19 109.48308 40.98551  2073.02  3220.80 2.42 2.37  57.8 -0.399    19.68 21.54 02a59284o0186c 0x000000  0.375000
59284.343058 20.321591      NaN    -1     9 c    0   0.98 109.48308 40.98551  2094.15  3103.33 2.44 2.30  48.7 -0.397    19.68 21.55 02a59284o0211c 0x000000 -0.111111
59288.299441 20.171596      NaN     4     9 c    0   1.05 109.48308 40.98551  2038.54  3185.71 2.30 2.27 -42.0 -0.408    19.74 21.56 02a59288o0185c 0x000000  0.444444
59288.303098 20.321591      NaN   -16     9 c    0   0.92 109.48308 40.98551  2018.03  3146.55 2.34 2.32  16.1 -0.406    19.71 21.56 02a59288o0193c 0x000000 -1.777778
59288.309084 20.207197      NaN     3     9 c    0   1.27 109.48308 40.98551  2077.46  3222.70 2.42 2.38 -63.3 -0.399    19.70 21.56 02a59288o0206c 0x000000  0.333333
59288.321508 20.594452      NaN    -5     7 c    0   1.58 109.48308 40.98551  2095.60  3105.07 2.34 2.33  39.4 -0.403    19.73 21.57 02a59288o0233c 0x000000 -0.714286
59310.254288 20.321591      NaN     0     9 c    0   0.90 109.48308 40.98551  7647.98  9218.25 2.34 2.26 -41.3 -0.349    19.88 21.46 01a59310o0007c 0x000000  0.000000
59310.258087 20.071303      NaN    13     7 c    0   1.66 109.48308 40.98551  7669.77  9255.92 2.36 2.26 -67.8 -0.347    19.87 21.45 01a59310o0015c 0x000000  1.857143
59310.263283 20.321591      NaN     0     9 c    0   0.95 109.48308 40.98551  7609.95  9178.33 2.33 2.15 -70.8 -0.355    19.87 21.45 01a59310o0026c 0x000000  0.000000
59310.279571 20.207197      NaN   -11    10 c    0   0.82 109.48308 40.98551  7594.93  9295.84 2.47 2.17 -76.0 -0.358    19.84 21.46 01a59310o0061c 0x000000 -1.100000
59314.256362 20.039830      NaN    11     8 c    0   1.34 109.48308 40.98551  3989.45  4896.40 2.12 1.99 -82.0 -0.400    19.70 21.17 01a59314o0082c 0x000000  1.375000
59314.259600 19.950541      NaN    14     8 c    0   1.58 109.48308 40.98551  4010.55  4935.66 2.13 1.99 -80.9 -0.400    19.88 21.41 01a59314o0089c 0x000000  1.750000
59314.264705 20.207197      NaN    -8    10 c    0   0.99 109.48308 40.98551  3954.52  4857.76 2.18 1.98 -85.3 -0.404    19.58 21.05 01a59314o0100c 0x000000 -0.800000
59314.275310 19.631075      NaN    -6    17 c    0   1.13 109.48308 40.98551  3936.97  4972.87 2.09 2.05 -51.8 -0.390    19.05 20.51 01a59314o0123c 0x000000 -0.352941
59318.247496 19.868040      NaN    14     9 c    0   1.28 109.48308 40.98551  3986.92  4898.90 2.24 2.10 -74.5 -0.392    19.83 21.26 01a59318o0062c 0x000000  1.555556
59318.250717 20.039830      NaN    14     7 c    0   1.49 109.48308 40.98551  4009.73  4936.62 2.29 2.03 -83.3 -0.402    19.84 21.28 01a59318o0069c 0x000000  2.000000
59318.257636 20.321591      NaN   -22     9 c    0   0.61 109.48308 40.98551  3950.97  4857.05 2.17 2.04 -80.7 -0.398    19.87 21.28 01a59318o0084c 0x000000 -2.444444
59318.269245 20.449472      NaN   -20     8 c    0   1.16 109.48308 40.98551  3935.35  4972.47 2.29 2.09 -82.5 -0.393    19.87 21.31 01a59318o0109c 0x000000 -2.500000
59472.611111 20.103715      NaN   -13    11 c    0   0.90 109.48308 40.98551  4942.10  1120.51 2.38 2.25 -68.9 -0.416    19.54 21.23 02a59472o0560c 0x000000 -1.181818
59472.628823 19.719755      NaN    11    12 c    0   1.24 109.48308 40.98551  4961.77  1158.63 2.35 2.23 -70.5 -0.417    19.52 21.13 02a59472o0598c 0x000000  0.916667
59472.635710 19.766969      NaN   -15    15 c    0   0.86 109.48308 40.98551  4904.37  1079.09 2.35 2.24 -75.7 -0.413    19.09 20.41 02a59472o0613c 0x000000 -1.000000
59472.639865 19.089302      NaN   -27    28 c    0   1.10 109.48308 40.98551  4885.50  1196.96 2.34 2.22 -73.2 -0.422    18.41 19.50 02a59472o0622c 0x100002 -0.964286
59524.549630 19.979496      NaN    10     9 c    0   1.40 109.48308 40.98551  6846.00  1018.85 2.59 2.45 -81.9 -0.387    19.55 21.28 02a59524o0806c 0x000000  1.111111
59524.552840 20.103715      NaN   -13    11 c    0   1.24 109.48308 40.98551  6865.81  1057.36 2.58 2.41 -67.5 -0.391    19.55 21.27 02a59524o0813c 0x000000 -1.181818
59524.562719 20.207197      NaN    -2    10 c    0   1.56 109.48308 40.98551  6811.45   983.90 2.68 2.51 -70.4 -0.385    19.52 21.31 02a59524o0834c 0x000000 -0.200000
59524.567289 20.171596      NaN     1    10 c    0   1.17 109.48308 40.98551  6793.75  1099.69 2.65 2.52 -85.2 -0.383    19.53 21.33 02a59524o0844c 0x000000  0.100000
59528.517600 20.103715      NaN     6     9 c    0   1.15 109.48308 40.98551  6837.97  1016.80 2.47 2.26 -66.6 -0.402    19.63 21.44 02a59528o0719c 0x000000  0.666667
59528.519435 20.244005 0.299513    29     8 c    0   1.00 109.48308 40.98551  6855.80  1055.80 2.43 2.24 -62.6 -0.404    19.66 21.42 02a59528o0723c 0x000000  3.625000
59528.522648 20.321591      NaN    -2     9 c    0   0.99 109.48308 40.98551  6799.92   978.15 2.43 2.21 -61.7 -0.406    19.62 21.37 02a59528o0730c 0x000000 -0.222222
59528.527691 20.449472      NaN    -4     8 c    0   1.17 109.48308 40.98551  6780.40  1095.81 2.41 2.22 -65.7 -0.406    19.70 21.49 02a59528o0741c 0x000000 -0.500000
59588.464991 19.816329      NaN     7    12 c    0   0.96 109.48308 40.98551  9498.85  7907.37 2.61 2.51  38.0 -0.413    19.67 21.61 02a59588o0598c 0x000000  0.583333
59588.468196 20.103715      NaN    -4    11 c    0   1.01 109.48308 40.98551  9480.61  7869.03 2.61 2.53  32.3 -0.411    19.67 21.61 02a59588o0605c 0x000000 -0.363636
59588.473714 19.979496      NaN     7    10 c    0   1.20 109.48308 40.98551  9538.55  7948.50 2.62 2.49  30.8 -0.416    19.61 21.60 02a59588o0617c 0x000000  0.700000
59588.484705 20.103715      NaN    -4    11 c    0   0.88 109.48308 40.98551  9557.92  7831.42 2.69 2.48  30.0 -0.405    19.62 21.58 02a59588o0641c 0x000000 -0.363636