         MJD         m       dm   uJy  duJy F  err  chi/N       RA     Dec        x        y  maj  min   phi  apfit  mag5sig   Sky            Obs     Mask    __tmp_SN
57716.399980 20.009244      NaN  -540    12 c    0   1.34 32.11658 6.38787  4726.13  3194.67 4.18 4.02 -88.9 -0.358    19.55 21.57 02a57716o0424c 0x000000  -45.000000
57716.431242 19.569016      NaN  -532    18 c    0   1.11 32.11658 6.38787  4766.67  3234.65 4.20 4.19  19.7 -0.354    19.28 21.29 02a57716o0482c 0x000000  -29.555556
57716.447083 18.816441      NaN  -606    36 c    0   1.15 32.11658 6.38787  4789.08  3117.11 4.26 4.22  12.2 -0.351    18.46 20.38 02a57716o0512c 0x100002  -16.833333
57716.462583 18.174913      NaN  -505    65 c    0   1.12 32.11658 6.38787  4751.42  3174.68 4.47 4.35 -17.5 -0.352    17.87 19.77 02a57716o0541c 0x100002   -7.769231
57744.333074 19.841877      NaN  -540    14 c    0   1.16 32.11658 6.38787  6543.37  1951.70 3.83 3.71 -82.0 -0.393    19.62 21.48 02a57744o0287c 0x000000  -38.571429
57744.346272 19.841877      NaN  -564    14 c    0   1.07 32.11658 6.38787  6525.24  1912.14 3.82 3.70 -82.5 -0.398    19.63 21.50 02a57744o0312c 0x000000  -40.285714
57744.359398 19.922338      NaN  -561    13 c    0   1.06 32.11658 6.38787  6583.26  1989.20 3.82 3.69 -81.6 -0.392    19.62 21.47 02a57744o0337c 0x000000  -43.153846
57752.326929 17.099602      NaN -1097   175 c    0   1.23 32.11658 6.38787  5206.14  2895.31 3.90 3.85 -71.6 -0.391    16.79 18.40 02a57752o0231c 0x100002   -6.268571
57752.371223 16.193934      NaN  -276   403 c    0   0.78 32.11658 6.38787  5250.22  2910.33 3.95 3.71  75.4 -0.374    15.99 17.56 02a57752o0315c 0x100002   -0.684864
57756.290107 19.696897      NaN  -569    16 c    0   1.04 32.11658 6.38787  7508.14  1582.01 3.81 3.67 -86.0 -0.406    19.57 21.37 02a57756o0188c 0x000000  -35.562500
57756.304347 19.766969      NaN  -552    15 c    0   1.14 32.11658 6.38787  7490.22  1542.14 3.79 3.70 -86.3 -0.407    19.57 21.37 02a57756o0213c 0x000000  -36.800000
57756.318963 19.841877      NaN  -552    14 c    0   1.18 32.11658 6.38787  7549.31  1620.10 3.77 3.65 -85.9 -0.410    19.58 21.38 02a57756o0239c 0x000000  -39.428571
57756.333671 19.841877      NaN  -534    14 c    0   1.24 32.11658 6.38787  7572.67  1500.62 3.77 3.66 -82.4 -0.411    19.61 21.44 02a57756o0265c 0x000000  -38.142857
57756.350454 19.922338      NaN  -563    13 c    0   1.10 32.11658 6.38787  7536.14  1557.07 3.80 3.74 -82.3 -0.405    19.65 21.57 02a57756o0297c 0x000000  -43.307692
57776.271622 19.256669      NaN  -603    24 c    0   0.89 32.11658 6.38787  6063.73  2350.87 3.87 3.74  89.8 -0.385    18.97 20.73 02a57776o0120c 0x000000  -25.125000
57776.285815 18.125925      NaN  -373    68 c    0   0.94 32.11658 6.38787  6047.27  2310.87 3.82 3.73 -85.0 -0.386    18.13 19.88 02a57776o0148c 0x100002   -5.485294
57776.301802 19.014394      NaN  -591    30 c    0   0.92 32.11658 6.38787  6106.97  2388.04 3.81 3.73 -86.0 -0.383    18.87 20.62 02a57776o0179c 0x100002  -19.700000
57776.317367 19.841877      NaN  -555    14 c    0   1.35 32.11658 6.38787  6127.41  2271.16 3.77 3.68 -83.1 -0.398    19.51 21.31 02a57776o0209c 0x000000  -39.642857
57776.333197 19.351140      NaN  -536    22 c    0   1.04 32.11658 6.38787  6090.32  2327.67 3.85 3.77 -85.2 -0.384    19.13 20.97 02a57776o0239c 0x000000  -24.363636
57780.264069 20.103715      NaN  -528    11 c    0   1.24 32.11658 6.38787  5906.58  3882.82 3.90 3.74  87.5 -0.374    19.56 21.45 02a57780o0102c 0x000000  -48.000000
57780.277672 19.922338      NaN  -549    13 c    0   1.30 32.11658 6.38787  5889.60  3842.26 3.86 3.80  82.6 -0.372    19.54 21.42 02a57780o0129c 0x000000  -42.230769
57780.292075 19.922338      NaN  -528    13 c    0   1.16 32.11658 6.38787  5947.64  3919.17 3.88 3.84  15.2 -0.372    19.51 21.38 02a57780o0157c 0x000000  -40.615385
57780.308301 19.841877      NaN  -513    14 c    0   0.97 32.11658 6.38787  5968.67  3802.59 3.82 3.71 -88.5 -0.380    19.50 21.33 02a57780o0188c 0x000000  -36.642857
57780.323808 19.841877      NaN  -550    14 c    0   1.23 32.11658 6.38787  5932.72  3858.78 3.78 3.69 -86.2 -0.379    19.46 21.27 02a57780o0218c 0x000000  -39.285714
57784.318018 19.766969      NaN  -543    15 c    0   1.70 32.11658 6.38787  7658.42  2041.09 4.05 3.87 -85.4 -0.383    19.31 21.14 02a57784o0027c 0x000000  -36.200000
57804.223916 19.051202      NaN  -569    29 c    0   1.05 32.11658 6.38787  4713.82  4381.26 3.99 3.89  87.2 -0.369    18.82 20.18 02a57804o0032c 0x100002  -19.620690
57804.230970 19.401649      NaN  -544    21 c    0   1.04 32.11658 6.38787  4695.06  4341.52 3.91 3.81 -89.1 -0.365    19.12 20.77 02a57804o0046c 0x000000  -25.904762
57804.241565 18.048890      NaN  -584    73 c    0   1.09 32.11658 6.38787  4751.14  4419.92 4.05 4.00   5.1 -0.354    17.92 19.67 02a57804o0067c 0x100002   -8.000000
57804.254698 18.208845      NaN  -619    63 c    0   0.99 32.11658 6.38787  4769.40  4302.74 6.11 4.05  -0.4 -0.334    18.00 19.91 02a57804o0093c 0x100002   -9.825397
57808.225343 18.944322      NaN  -544    32 c    0   0.95 32.11658 6.38787  4816.87  3122.98 3.85 3.75  88.5 -0.380    18.78 20.07 02a57808o0007c 0x100002  -17.000000
57808.231445 19.128787      NaN  -548    27 c    0   0.95 32.11658 6.38787  4798.33  3083.45 3.96 3.85 -87.2 -0.367    18.91 20.47 02a57808o0019c 0x100002  -20.296296
57808.240656 18.978793      NaN  -639    31 c    0   1.14 32.11658 6.38787  4853.59  3161.71 3.98 3.82 -85.5 -0.369    18.70 20.25 02a57808o0037c 0x100002  -20.612903
57808.252906 19.014394      NaN  -609    30 c    0   1.23 32.11658 6.38787  4871.40  3044.88 3.86 3.71 -87.5 -0.381    18.81 20.42 02a57808o0061c 0x100002  -20.300000
57808.268222 17.845990      NaN  -650    88 c    0   1.25 32.11658 6.38787  4833.40  3100.83 3.85 3.71 -88.6 -0.377    17.80 19.24 02a57808o0091c 0x100002   -7.386364
57982.612433 21.202047      NaN  -541     4 c    0   1.41 32.11658 6.38787  5576.67  2476.02 2.58 2.47 -86.7 -0.407    19.71 21.38 02a57982o0725c 0x000000 -135.250000
57982.621609 21.954622      NaN  -630     2 c    0   2.13 32.11658 6.38787  5557.03  2438.12 2.54 2.44  89.6 -0.397    19.70 21.30 02a57982o0743c 0x000000 -315.000000
57982.630286 20.321591      NaN  -539     9 c    0   1.60 32.11658 6.38787  5614.32  2516.42 2.56 2.43 -89.6 -0.408    19.34 20.57 02a57982o0760c 0x000000  -59.888889
57982.640134 18.158337      NaN  -606    66 c    0   0.96 32.11658 6.38787  5636.90  2403.32 2.55 2.44 -86.7 -0.425    17.47 18.19 02a57982o0778c 0x100002   -9.181818
58018.471245 14.324170 0.004172  6766    26 c    0  35.04 32.11658 6.38787  6472.90  4156.34 2.76 2.45 -47.3 -0.397    19.76 21.59 02a58018o0241c 0x100003  260.230769
58018.478068 14.325455 0.004016  6758    25 c    0  58.75 32.11658 6.38787  6491.14  4198.23 2.80 2.50 -43.9 -0.395    19.70 21.49 02a58018o0255c 0x100003  270.320000
58018.485542 14.322727 0.004167  6775    26 c    0  65.69 32.11658 6.38787  6430.76  4123.20 2.68 2.47 -46.0 -0.398    19.74 21.49 02a58018o0270c 0x100003  260.576923
58018.492487 14.310298 0.003961  6853    25 c    0  45.54 32.11658 6.38787  6410.73  4240.56 2.88 2.61 -43.5 -0.391    19.68 21.52 02a58018o0284c 0x100003  274.120000
58071.435684 17.546052 0.305753   348    98 c    0   2.56 32.11658 6.38787  5708.06    37.23 3.20 2.66  41.2 -0.416    19.73 21.46 02a58071o0425c 0x100002    3.551020
58074.383236 19.454622 0.180956    60    10 c    0   1.47 32.11658 6.38787  4975.96  7084.69 2.46 2.29  26.8 -0.470    19.75 21.56 02a58074o0316c 0x000000    6.000000
58074.393048 19.367717 0.150333    65     9 c    0   2.10 32.11658 6.38787  4957.63  7046.29 2.54 2.43  26.9 -0.464    19.70 21.55 02a58074o0333c 0x000000    7.222222
58074.403032 19.014394 0.108574    90     9 c    0   1.94 32.11658 6.38787  5014.38  7124.46 2.61 2.42  29.7 -0.462    19.65 21.54 02a58074o0350c 0x000000   10.000000
58074.411831 19.719755 0.254108    47    11 c    0   1.73 32.11658 6.38787  5033.48  7008.10 2.46 2.28  26.6 -0.478    19.73 21.53 02a58074o0367c 0x000000    4.272727
58078.376924 20.039830      NaN    11     8 c    0   1.82 32.11658 6.38787  5704.69  7320.82 2.44 2.32  21.7 -0.458    19.82 21.67 02a58078o0414c 0x000000    1.375000
58078.385720 19.922338      NaN    15     8 c    0   1.59 32.11658 6.38787  5688.03  7281.38 2.41 2.33  25.3 -0.457    19.83 21.64 02a58078o0431c 0x000000    1.875000
58078.395188 20.594452      NaN    -5     7 c    0   2.88 32.11658 6.38787  5746.98  7359.06 2.45 2.37  24.3 -0.459    19.81 21.62 02a58078o0448c 0x000000   -0.714286
58078.405158 19.766969      NaN    15    10 c    0   1.53 32.11658 6.38787  5767.22  7242.67 2.40 2.37   6.3 -0.451    19.78 21.60 02a58078o0465c 0x000000    1.500000
58082.364506 18.261819      NaN  -122    60 c    0   1.01 32.11658 6.38787  4583.07  9573.63 2.66 2.45  18.9 -0.459    17.93 19.27 02a58082o0392c 0x100002   -2.033333
58082.373334 19.766969      NaN   -32    15 c    0   1.68 32.11658 6.38787  4639.79  9651.49 2.68 2.45   9.9 -0.432    18.88 20.38 02a58082o0409c 0x000000   -2.133333
58082.381496 18.910912      NaN     6    31 c    0   1.17 32.11658 6.38787  4660.01  9533.73 2.73 2.47   5.9 -0.439    18.70 20.25 02a58082o0426c 0x100002    0.193548
58110.311464 20.594452      NaN  -241     7 c    0   2.22 32.11658 6.38787  5853.86  8406.53 2.59 2.53 -49.6 -0.417    19.76 21.54 02a58110o0255c 0x000000  -34.428571
58110.328801 20.594452      NaN  -286     7 c    0   1.53 32.11658 6.38787  5894.66  8445.03 2.50 2.47 -45.9 -0.420    19.82 21.64 02a58110o0289c 0x000000  -40.857143
58110.337158 20.594452      NaN  -263     7 c    0   1.12 32.11658 6.38787  5916.33  8326.38 2.52 2.46 -36.1 -0.423    19.79 21.64 02a58110o0306c 0x000000  -37.571429
58134.314602 20.103715      NaN  -371    11 c    0   1.30 32.11658 6.38787  5729.53  9042.98 3.65 3.54   9.5 -0.382    19.41 21.60 02a58134o0254c 0x000000  -33.727273
58134.324458 20.321591      NaN  -376     9 c    0   1.36 32.11658 6.38787  5711.37  9004.45 2.92 2.74 -11.2 -0.444    19.55 21.55 02a58134o0275c 0x000000  -41.777778
58134.334245 20.449472      NaN  -455     8 c    0   2.31 32.11658 6.38787  5770.02  9082.11 2.81 2.64   2.1 -0.450    19.61 21.52 02a58134o0296c 0x000000  -56.875000
58134.344054 20.321591      NaN  -379     9 c    0   1.68 32.11658 6.38787  5791.01  8965.11 2.76 2.56   0.7 -0.463    19.56 21.47 02a58134o0317c 0x000000  -42.111111
58162.262949 20.449472      NaN  -463     8 c    0   1.17 32.11658 6.38787  4493.11  7599.57 2.46 2.34   5.6 -0.475    19.57 21.18 02a58162o0122c 0x000000  -57.875000
58162.273352 20.449472      NaN  -404     8 c    0   1.71 32.11658 6.38787  4473.44  7560.63 2.49 2.34   8.8 -0.463    19.52 21.13 02a58162o0144c 0x000000  -50.500000
58162.283194 20.449472      NaN  -455     8 c    0   1.21 32.11658 6.38787  4532.38  7635.24 2.49 2.33   0.7 -0.473    19.52 21.09 02a58162o0165c 0x000000  -56.875000
58162.293444 20.009244      NaN  -447    12 c    0   1.05 32.11658 6.38787  4551.30  7520.13 2.59 2.42   5.3 -0.466    19.40 21.05 02a58162o0187c 0x000000  -37.250000
58402.538503 21.954622      NaN  -545     2 c    0   1.69 32.11658 6.38787  4343.03  7490.99 2.52 2.45 -47.2 -0.428    19.72 21.51 02a58402o0467c 0x000000 -272.500000
58402.549181 20.594452      NaN  -518     7 c    0   1.15 32.11658 6.38787  4360.03  7374.63 2.49 2.38 -42.8 -0.428    19.74 21.49 02a58402o0489c 0x000000  -74.000000
58430.468034 21.954622      NaN  -492     2 c    0   1.74 32.11658 6.38787  6706.53  9326.79 2.60 2.56  -0.1 -0.426    19.70 21.42 02a58430o0573c 0x000000 -246.000000
58430.478153 21.954622      NaN  -682     2 c    0   3.76 32.11658 6.38787  6688.11  9288.19 2.56 2.49 -20.9 -0.441    19.70 21.39 02a58430o0594c 0x000000 -341.000000
58430.488288 20.594452      NaN  -624     7 c    0   1.89 32.11658 6.38787  6746.00  9366.22 2.50 2.42 -14.6 -0.447    19.69 21.31 02a58430o0615c 0x000000  -89.142857
58430.498319 21.954622      NaN  -587     2 c    0   2.17 32.11658 6.38787  6765.35  9249.46 2.54 2.43 -13.8 -0.447    19.63 21.28 02a58430o0636c 0x000000 -293.500000
58431.462246 20.594452      NaN  -536     7 c    0   1.10 32.11658 6.38787  6064.44   130.67 2.64 2.41  49.0 -0.437    19.72 21.48 02a58431o0579c 0x000000  -76.571429
58431.479306 20.959772      NaN  -578     5 c    0   1.62 32.11658 6.38787  6045.83    90.79 2.68 2.42  48.8 -0.437    19.69 21.42 02a58431o0616c 0x000000 -115.600000
58431.496840 20.449472      NaN  -577     8 c    0   1.75 32.11658 6.38787  6103.18   169.32 2.66 2.43  51.3 -0.438    19.69 21.38 02a58431o0653c 0x000000  -72.125000
58431.502452 19.454622      NaN  -588    20 c    0   0.67 32.11658 6.38787  6124.25    52.09 2.79 2.46  46.0 -0.437    19.68 21.37 02a58431o0664c 0x000000  -29.400000
58434.450228 21.954622      NaN  -557     2 c    0   1.55 32.11658 6.38787  6842.70  9129.16 2.56 2.53 -32.6 -0.433    19.70 21.54 02a58434o0570c 0x000000 -278.500000
58434.460422 21.514394      NaN  -585     3 c    0   1.70 32.11658 6.38787  6823.86  9090.38 2.61 2.54  -9.5 -0.431    19.69 21.54 02a58434o0591c 0x000000 -195.000000
58434.470483 21.954622      NaN  -554     2 c    0   2.71 32.11658 6.38787  6882.05  9168.56 2.64 2.56 -20.4 -0.432    19.71 21.51 02a58434o0612c 0x000000 -277.000000
58434.480505 21.954622      NaN  -510     2 c    0   1.29 32.11658 6.38787  6901.54  9051.51 2.62 2.49 -26.9 -0.440    19.68 21.51 02a58434o0633c 0x000000 -255.000000
58454.394290 21.954622      NaN  -525     2 c    0   1.59 32.11658 6.38787  4691.39  6415.84 2.56 2.52  41.2 -0.433    19.70 21.71 02a58454o0446c 0x000000 -262.500000
58454.403291 21.954622      NaN  -544     2 c    0   1.36 32.11658 6.38787  4671.25  6377.38 2.45 2.44  80.5 -0.447    19.74 21.66 02a58454o0465c 0x000000 -272.000000
58454.412447 21.954622      NaN  -510     2 c    0   1.12 32.11658 6.38787  4728.65  6453.80 2.45 2.44 -58.9 -0.440    19.71 21.64 02a58454o0484c 0x000000 -255.000000
58454.421629 21.954622      NaN  -547     2 c    0   4.39 32.11658 6.38787  4749.07  6338.51 2.46 2.42   1.4 -0.438    19.71 21.63 02a58454o0503c 0x000000 -273.500000
58458.368307 21.514394      NaN  -479     3 c    0   1.05 32.11658 6.38787  7047.63  2182.61 2.67 2.57  87.3 -0.402    19.71 21.67 02a58458o0069c 0x000000 -159.666667
58458.377265 20.959772      NaN  -533     5 c    0   1.09 32.11658 6.38787  7027.61  2143.10 2.63 2.54  86.8 -0.409    19.73 21.68 02a58458o0087c 0x000000 -106.600000
58458.385577 21.954622      NaN  -524     2 c    0   1.80 32.11658 6.38787  7084.37  2221.77 2.61 2.55  64.9 -0.411    19.73 21.66 02a58458o0104c 0x000000 -262.000000
58458.394350 21.954622      NaN  -514     2 c    0   1.50 32.11658 6.38787  7103.93  2105.40 2.61 2.58  59.0 -0.406    19.72 21.64 02a58458o0122c 0x000000 -257.000000
58462.366365 21.954622      NaN  -540     2 c    0   1.70 32.11658 6.38787  5073.43  4115.10 2.64 2.57 -75.1 -0.398    19.68 21.64 02a58462o0389c 0x000000 -270.000000
58462.375064 21.954622      NaN  -578     2 c    0   1.65 32.11658 6.38787  5053.97  4076.28 2.78 2.63 -68.0 -0.390    19.64 21.62 02a58462o0407c 0x000000 -289.000000
58462.383248 21.954622      NaN  -564     2 c    0   1.69 32.11658 6.38787  5130.14  4153.78 2.95 2.89 -76.7 -0.391    19.52 21.59 02a58462o0424c 0x000000 -282.000000
58462.391943 21.954622      NaN  -556     2 c    0   2.30 32.11658 6.38787  5149.56  4037.97 2.62 2.57 -83.7 -0.404    19.62 21.57 02a58462o0442c 0x000000 -278.000000
58486.319688 20.594452      NaN  -560     7 c    0   1.58 32.11658 6.38787  1160.32  9941.43 2.84 2.66 -19.8 -0.418    19.58 21.50 02a58486o0276c 0x000000  -80.000000
58486.321517 21.514394      NaN  -506     3 c    0   1.85 32.11658 6.38787  1189.83   197.96 2.75 2.43  43.3 -0.443    19.57 21.47 02a58486o0280c 0x000000 -168.666667
58486.328322 20.207197      NaN  -583    10 c    0   1.09 32.11658 6.38787  1141.20  9902.36 2.77 2.57 -11.2 -0.423    19.56 21.51 02a58486o0294c 0x000000  -58.300000
58486.330150 21.954622      NaN  -552     2 c    0   1.46 32.11658 6.38787  1170.23   157.98 2.84 2.47  40.9 -0.575    19.55 21.47 02a58486o0298c 0x000000 -276.000000
58486.336357 20.594452      NaN  -566     7 c    0   1.33 32.11658 6.38787  1199.33  9980.54 2.83 2.61 -11.5 -0.421    19.52 21.46 02a58486o0311c 0x000000  -80.857143
58486.338317 20.449472      NaN  -542     8 c    0   1.25 32.11658 6.38787  1229.84   237.15 2.87 2.48  40.8 -0.452    19.55 21.43 02a58486o0315c 0x000000  -67.750000
58486.344943 20.103715      NaN  -567    11 c    0   1.20 32.11658 6.38787  1220.65  9862.22 2.80 2.56  -7.3 -0.436    19.55 21.40 02a58486o0329c 0x000000  -51.545455
58486.346909 21.954622      NaN  -549     2 c    0   1.94 32.11658 6.38787  1249.20   118.71 3.02 2.58  39.8 -0.442    19.48 21.36 02a58486o0333c 0x000000 -274.500000
58490.305126 21.514394      NaN  -526     3 c    0   1.82 32.11658 6.38787  1194.39  6041.69 2.39 2.32   7.6 -0.448    19.62 21.39 02a58490o0241c 0x000000 -175.333333
58490.313564 21.954622      NaN  -565     2 c    0   8.81 32.11658 6.38787  1175.29  6001.87 2.44 2.37   4.6 -0.442    19.60 21.38 02a58490o0259c 0x000000 -282.500000
58490.321527 20.449472      NaN  -524     8 c    0   1.38 32.11658 6.38787  1233.82  6078.68 2.48 2.42  -3.9 -0.428    19.56 21.38 02a58490o0276c 0x000000  -65.500000
58490.330058 21.202047      NaN  -573     4 c    0   1.74 32.11658 6.38787  1254.65  5962.03 2.48 2.42  12.0 -0.449    19.55 21.37 02a58490o0294c 0x000000 -143.250000
58494.271620 20.594452      NaN  -576     7 c    0   1.28 32.11658 6.38787  1203.22  4102.34 2.73 2.66  45.7 -0.417    19.38 21.19 02a58494o0165c 0x000000  -82.285714
58494.279615 20.207197      NaN  -573    10 c    0   1.02 32.11658 6.38787  1183.07  4064.63 2.95 2.91  65.7 -0.408    19.32 21.19 02a58494o0182c 0x000000  -57.300000
58494.287550 20.449472      NaN  -529     8 c    0   1.05 32.11658 6.38787  1241.62  4141.69 2.99 2.93  50.9 -0.424    19.35 21.18 02a58494o0199c 0x000000  -66.125000
58494.295537 20.594452      NaN  -551     7 c    0   1.44 32.11658 6.38787  1261.57  4024.84 2.95 2.88  79.4 -0.401    19.30 21.18 02a58494o0216c 0x000000  -78.714286
58518.268665 20.207197      NaN  -545    10 c    0   0.89 32.11658 6.38787  8989.53  2190.12 2.72 2.67 -53.5 -0.423    19.54 21.29 02a58518o0115c 0x000000  -54.500000
58518.277257 20.449472      NaN  -557     8 c    0   0.84 32.11658 6.38787  8970.18  2151.43 2.69 2.58 -61.2 -0.426    19.56 21.27 02a58518o0133c 0x000000  -69.625000
58518.285307 20.594452      NaN  -568     7 c    0   1.51 32.11658 6.38787  9028.03  2228.97 2.68 2.65 -36.1 -0.427    19.55 21.26 02a58518o0150c 0x000000  -81.142857
58518.293680 20.761819      NaN  -556     6 c    0   1.57 32.11658 6.38787  9049.33  2111.08 2.80 2.71  23.4 -0.430    19.51 21.21 02a58518o0168c 0x000000  -92.666667
58694.471099 20.103715      NaN  -523    11 c    0   0.70 32.11658 6.38787  6153.54  6735.34 2.68 2.41 -53.7 -0.412    19.37 21.14 02a58694o0491c 0x000000  -47.545455
58694.476114 20.594452      NaN  -525     7 c    0   1.35 32.11658 6.38787  6174.64  6774.45 2.69 2.44 -54.7 -0.395    19.42 21.17 02a58694o0501c 0x000000  -75.000000
58694.486700 21.954622      NaN  -533     2 c    0   1.98 32.11658 6.38787  6118.57  6697.65 2.59 2.43 -56.8 -0.401    19.48 21.27 02a58694o0522c 0x000000 -266.500000
58694.490356 21.954622      NaN  -574     2 c    0   1.40 32.11658 6.38787  6099.87  6814.66 2.64 2.47 -61.6 -0.394    19.45 21.29 02a58694o0529c 0x000000 -287.000000
58702.574054 21.954622      NaN  -486     2 c    0   3.31 32.11658 6.38787  6075.42  4799.49 2.48 2.26  46.7 -0.394    19.76 21.64 02a58702o0698c 0x000000 -243.000000
58702.577381 21.954622      NaN  -580     2 c    0   2.50 32.11658 6.38787  6093.69  4837.84 2.50 2.28  36.5 -0.391    19.76 21.64 02a58702o0705c 0x000000 -290.000000
58702.582955 22.707197      NaN  -616     1 c    0   4.48 32.11658 6.38787  6035.88  4761.83 2.54 2.28  30.8 -0.391    19.74 21.65 02a58702o0716c 0x000000 -616.000000
58702.594078 21.954622      NaN  -574     2 c    0   1.80 32.11658 6.38787  6015.84  4877.37 2.47 2.30  32.8 -0.395    19.76 21.68 02a58702o0739c 0x000000 -287.000000
58706.567820 19.841877      NaN  -569    14 c    0   1.62 32.11658 6.38787  6271.31  8672.75 2.50 2.45 -58.8 -0.403    18.95 20.76 02a58706o0663c 0x000000  -40.642857
58706.571112 20.103715      NaN  -566    11 c    0   1.23 32.11658 6.38787  6290.33  8713.03 2.48 2.45  85.0 -0.401    19.12 20.97 02a58706o0670c 0x000000  -51.454545
58706.576896 20.449472      NaN  -554     8 c    0   1.52 32.11658 6.38787  6229.85  8634.53 2.70 2.34  38.8 -0.393    19.48 21.39 02a58706o0682c 0x000000  -69.250000
58706.589170 19.569016      NaN  -632    18 c    0   1.30 32.11658 6.38787  6205.79  8754.57 2.48 2.46  78.5 -0.399    18.60 20.40 02a58706o0707c 0x000000  -35.111111
58726.408746 18.816441      NaN  -529    36 c    0   0.97 32.11658 6.38787 10519.68  6985.36 2.92 2.64 -57.6 -0.387    19.48 21.24 02a58726o0394c 0x100002  -14.694444
58726.412734 18.034118      NaN  -518    74 c    0   1.13 32.11658 6.38787 10506.92  7101.47 2.87 2.75 -63.2 -0.411    18.78 20.51 02a58726o0402c 0x100002   -7.000000
58726.560779 21.954622      NaN  -480     2 c    0   2.44 32.11658 6.38787   332.26  7005.42 2.55 2.22 -50.1 -0.390    19.74 21.73 02a58726o0713c 0x000000 -240.000000
58726.565220 22.707197      NaN  -496     1 c    0   2.99 32.11658 6.38787   351.33  7047.13 2.50 2.18 -48.0 -0.390    19.78 21.73 02a58726o0722c 0x000000 -496.000000
58726.575190 22.707197      NaN  -545     1 c    0   4.16 32.11658 6.38787   292.01  6969.62 2.50 2.20 -50.9 -0.390    19.77 21.74 02a58726o0743c 0x000000 -545.000000
58726.580467 21.954622      NaN  -500     2 c    0   1.80 32.11658 6.38787   271.37  7084.07 2.46 2.17 -51.2 -0.384    19.83 21.75 02a58726o0754c 0x000000 -250.000000
58730.521313 21.954622      NaN  -605     2 c    0   1.62 32.11658 6.38787 10409.83  3142.61 2.63 2.30 -58.8 -0.412    19.77 21.50 02a58730o0632c 0x000000 -302.500000
58730.525055 21.954622      NaN  -521     2 c    0   3.59 32.11658 6.38787 10425.67  3184.46 2.63 2.32 -57.4 -0.420    19.77 21.50 02a58730o0639c 0x000000 -260.500000
58730.526596 20.761819      NaN  -524     6 c    0   1.07 32.11658 6.38787   175.50  3114.97 2.60 2.27 -56.0 -0.379    19.77 21.49 02a58730o0642c 0x000000  -87.333333
58730.530080 21.954622      NaN  -534     2 c    0   3.86 32.11658 6.38787   189.03  3159.49 2.51 2.29 -52.5 -0.394    19.75 21.50 02a58730o0649c 0x000000 -267.000000
58730.530552 21.954622      NaN  -603     2 c    0   3.00 32.11658 6.38787 10367.85  3109.34 2.60 2.27 -55.8 -0.411    19.78 21.50 02a58730o0650c 0x000000 -301.500000
58730.535959 21.954622      NaN  -560     2 c    0   1.58 32.11658 6.38787   129.93  3080.40 2.39 2.38 -33.4 -0.395    19.72 21.50 02a58730o0661c 0x000000 -280.000000
58730.546655 21.954622      NaN  -530     2 c    0   3.90 32.11658 6.38787 10348.71  3225.68 2.67 2.45  10.0 -0.396    19.65 21.51 02a58730o0683c 0x000000 -265.000000
58730.547114 21.954622      NaN  -617     2 c    0   2.64 32.11658 6.38787   114.98  3195.05 2.73 2.33 -54.4 -0.366    19.70 21.49 02a58730o0684c 0x000000 -308.500000
58750.515817 20.761819      NaN  -501     6 c    0   1.17 32.11658 6.38787  7189.62  9958.56 2.70 2.59  47.0 -0.401    19.74 21.66 02a58750o0620c 0x000000  -83.500000
58750.518777 21.202047      NaN  -535     4 c    0   1.47 32.11658 6.38787  7170.02  9916.12 2.77 2.70  63.7 -0.394    19.70 21.64 02a58750o0626c 0x000000 -133.750000
58750.524961 21.954622      NaN  -540     2 c    0   1.59 32.11658 6.38787  7225.30  9996.10 2.67 2.59  56.4 -0.405    19.79 21.61 02a58750o0638c 0x000000 -270.000000
58750.537428 21.202047      NaN  -528     4 c    0   1.44 32.11658 6.38787  7237.93  9873.64 2.69 2.62  67.2 -0.398    19.72 21.56 02a58750o0662c 0x000000 -132.000000
58763.468962 21.954622      NaN  -612     2 c    0   4.47 32.11658 6.38787  2221.83  4978.77 2.36 2.25 -52.8 -0.410    19.66 21.33 02a58763o0446c 0x000000 -306.000000
58763.472922 21.202047      NaN  -549     4 c    0   1.49 32.11658 6.38787  2239.80  5021.16 2.31 2.24 -56.7 -0.409    19.71 21.43 02a58763o0454c 0x000000 -137.250000
58763.490269 21.954622      NaN  -513     2 c    0   1.64 32.11658 6.38787  8419.64  5624.80 2.46 2.38 -76.2 -0.403    19.70 21.50 02a58763o0490c 0x000000 -256.500000
58763.499273 21.954622      NaN  -530     2 c    0   1.38 32.11658 6.38787  8435.93  5509.34 2.45 2.38  72.0 -0.393    19.76 21.48 02a58763o0507c 0x000000 -265.000000
58779.389131 21.954622      NaN  -521     2 c    0   2.11 32.11658 6.38787  8534.29  5194.46 2.41 2.34 -64.4 -0.394    19.69 21.30 02a58779o0436c 0x000000 -260.500000
58779.393013 21.954622      NaN  -556     2 c    0   1.28 32.11658 6.38787  8554.13  5233.13 2.42 2.32 -64.5 -0.397    19.70 21.32 02a58779o0444c 0x000000 -278.000000
58779.400183 20.761819      NaN  -574     6 c    0   1.23 32.11658 6.38787  8494.02  5155.11 2.41 2.35 -62.9 -0.398    19.67 21.34 02a58779o0458c 0x000000  -95.666667
58779.420115 21.954622      NaN  -640     2 c    0   2.09 32.11658 6.38787  8473.97  5272.95 2.51 2.36 -66.6 -0.392    19.67 21.28 02a58779o0498c 0x000000 -320.000000
58782.372809 18.226218      NaN  -579    62 c    0   0.95 32.11658 6.38787  8525.52  5193.65 2.45 2.35  47.1 -0.391    17.56 18.97 02a58782o0362c 0x100002   -9.338710
58782.397432 18.243872      NaN  -522    61 c    0   1.20 32.11658 6.38787  8547.63  5237.38 2.61 2.47  34.7 -0.379    17.35 18.87 02a58782o0376c 0x100002   -8.557377
58782.401401 18.048890      NaN  -718    73 c    0   1.20 32.11658 6.38787  8490.48  5158.28 2.54 2.35  39.8 -0.385    17.31 18.75 02a58782o0384c 0x100002   -9.835616
58782.408159 17.740268      NaN  -702    97 c    0   0.94 32.11658 6.38787  8471.81  5275.29 2.53 2.38  37.8 -0.418    17.11 18.57 02a58782o0398c 0x100002   -7.237113
58814.357600 19.128787      NaN  -509    27 c    0   0.98 32.11658 6.38787   119.86  5477.67 2.53 2.40 -54.2 -0.368    18.39 20.18 02a58814o0290c 0x100002  -18.851852
58814.360842 19.841877      NaN  -545    14 c    0   1.39 32.11658 6.38787    99.66  5438.41 2.50 2.35 -60.3 -0.373    18.88 20.70 02a58814o0297c 0x000000  -38.928571
58814.365618 19.631075      NaN  -559    17 c    0   1.16 32.11658 6.38787 10348.08  5506.55 2.70 2.54 -69.1 -0.422    18.82 20.63 02a58814o0307c 0x000000  -32.882353
58814.366074 20.103715      NaN  -548    11 c    0   1.37 32.11658 6.38787   157.85  5517.35 2.41 2.27 -60.0 -0.369    18.82 20.62 02a58814o0308c 0x000000  -49.818182
58814.368928 19.766969      NaN  -585    15 c    0   1.41 32.11658 6.38787 10328.31  5468.02 2.70 2.59 -67.8 -0.412    18.87 20.67 02a58814o0314c 0x000000  -39.000000
58814.374993 19.922338      NaN  -577    13 c    0   1.58 32.11658 6.38787 10386.00  5546.37 2.66 2.58 -71.2 -0.413    18.99 20.78 02a58814o0327c 0x000000  -44.384615
58814.375986 21.514394      NaN  -591     3 c    0   2.90 32.11658 6.38787   176.25  5400.77 2.50 2.32 -57.4 -0.370    18.53 20.32 02a58814o0329c 0x000000 -197.000000
58814.387852 20.207197      NaN  -555    10 c    0   1.34 32.11658 6.38787 10403.13  5430.48 2.76 2.61 -64.6 -0.408    19.18 21.07 02a58814o0354c 0x000000  -55.500000
58818.374598 17.623637      NaN  -573   108 c    0   1.07 32.11658 6.38787  9133.86  9877.89 3.27 2.95 -56.7 -0.473    16.87 18.62 02a58818o0409c 0x100002   -5.305556
58818.377844 16.071756      NaN  -150   451 c    0   1.03 32.11658 6.38787  9114.35  9838.10 3.58 3.30 -61.8 -0.454    15.22 17.01 02a58818o0416c 0x100002   -0.332594
58818.384430 18.702047      NaN  -604    40 c    0   1.26 32.11658 6.38787  9172.27  9917.71 3.58 3.23 -55.2 -0.336    17.88 19.80 02a58818o0430c 0x100002  -15.100000
58818.396833 16.673947      NaN  -212   259 c    0   0.93 32.11658 6.38787  9191.75  9800.73 3.24 2.99 -61.1 -0.471    15.02 16.72 02a58818o0456c 0x100002   -0.818533
58846.300994 21.954622      NaN  -571     2 c    0   1.26 32.11658 6.38787 10176.01  1612.71 2.71 2.21 -55.1 -0.415    19.78 21.68 02a58846o0247c 0x000000 -285.500000
58846.304213 21.202047      NaN  -683     4 c    0   2.23 32.11658 6.38787 10158.28  1575.24 2.72 2.20 -55.9 -0.424    19.75 21.68 02a58846o0254c 0x000000 -170.750000
58846.311157 21.954622      NaN  -690     2 c    0   2.70 32.11658 6.38787 10216.18  1653.15 2.71 2.25 -55.5 -0.418    19.75 21.65 02a58846o0269c 0x000000 -345.000000
58846.321315 21.202047      NaN  -530     4 c    0   1.62 32.11658 6.38787 10238.56  1536.62 2.72 2.27 -53.8 -0.412    19.73 21.64 02a58846o0291c 0x000000 -132.500000
58866.296052 21.954622      NaN  -594     2 c    0   1.80 32.11658 6.38787  1950.24  3407.19 2.74 2.39  43.8 -0.389    19.63 21.54 02a58866o0002c 0x000000 -297.000000
58866.298818 20.959772      NaN  -517     5 c    0   1.23 32.11658 6.38787  1948.79  3407.62 2.62 2.36  44.2 -0.393    19.63 21.53 02a58866o0008c 0x000000 -103.400000
58866.304367 21.954622      NaN  -572     2 c    0   5.94 32.11658 6.38787  2007.33  3485.30 2.56 2.38  48.0 -0.396    19.65 21.50 02a58866o0020c 0x000000 -286.000000
58866.315034 20.959772      NaN  -545     5 c    0   1.25 32.11658 6.38787  2027.27  3368.85 2.50 2.42  62.1 -0.397    19.63 21.46 02a58866o0043c 0x000000 -109.000000
58867.363682 21.954622      NaN  -460     2 c    0   1.59 32.11658 6.38787  1970.69  3433.58 2.49 2.21 -57.5 -0.420    19.52 21.20 02a58867o0364c 0x000000 -230.000000
58867.366972 20.594452      NaN  -569     7 c    0   1.18 32.11658 6.38787  1951.73  3395.13 2.52 2.23 -58.7 -0.416    19.47 21.17 02a58867o0371c 0x000000  -81.285714
58867.372790 21.202047      NaN  -527     4 c    0   2.18 32.11658 6.38787  2011.39  3472.86 2.55 2.23 -53.4 -0.410    19.45 21.12 02a58867o0383c 0x000000 -131.750000
58867.383769 20.761819      NaN  -544     6 c    0   1.68 32.11658 6.38787  2031.48  3354.86 2.58 2.27 -57.5 -0.403    19.37 21.02 02a58867o0406c 0x000000  -90.666667
58870.250556 21.954622      NaN  -470     2 c    0   1.42 32.11658 6.38787  1971.63  3450.75 2.39 2.26  52.8 -0.406    19.69 21.34 02a58870o0120c 0x000000 -235.000000
58870.254304 21.954622      NaN  -552     2 c    0   1.38 32.11658 6.38787  1953.08  3411.43 2.40 2.25  54.8 -0.402    19.71 21.36 02a58870o0128c 0x000000 -276.000000
58870.259856 20.761819      NaN  -509     6 c    0   1.42 32.11658 6.38787  2012.43  3488.84 2.32 2.23 -66.5 -0.418    19.73 21.39 02a58870o0140c 0x000000  -84.833333
58870.270634 21.954622      NaN  -478     2 c    0   5.53 32.11658 6.38787  2034.44  3371.63 2.31 2.23 -76.0 -0.415    19.69 21.40 02a58870o0163c 0x000000 -239.000000
58874.276175 21.954622      NaN  -617     2 c    0   3.55 32.11658 6.38787   943.98  9765.88 2.48 2.08 -48.1 -0.429    19.64 21.28 02a58874o0170c 0x000000 -308.500000
58874.279385 20.761819      NaN  -604     6 c    0   1.96 32.11658 6.38787   925.16  9726.32 2.51 2.09 -48.0 -0.437    19.65 21.28 02a58874o0177c 0x000000 -100.666667
58874.285383 20.207197      NaN  -576    10 c    0   2.21 32.11658 6.38787   982.96  9804.03 2.46 2.08 -48.8 -0.432    19.65 21.27 02a58874o0190c 0x000000  -57.600000
58874.295538 20.594452      NaN  -593     7 c    0   1.56 32.11658 6.38787  1005.20  9684.94 2.45 2.14 -48.6 -0.436    19.63 21.25 02a58874o0212c 0x000000  -84.714286
59058.560361 20.009244      NaN   -18    12 c    0   1.33 32.11658 6.38787  5324.19   522.91 2.88 2.55  57.0 -0.371    19.41 21.39 02a59058o0682c 0x000000   -1.500000
59058.564039 19.922338      NaN   -20    13 c    0   0.97 32.11658 6.38787  5346.24   561.90 2.61 2.43  63.7 -0.392    19.53 21.41 02a59058o0690c 0x000000   -1.538462
59058.570029 19.529530      NaN    17    13 c    0   0.98 32.11658 6.38787  5287.44   484.13 2.80 2.52  48.0 -0.383    19.46 21.45 02a59058o0703c 0x000000    1.307692
59058.581027 20.009244      NaN   -12    12 c    0   0.84 32.11658 6.38787  5268.02   601.85 2.75 2.43  56.5 -0.383    19.54 21.50 02a59058o0727c 0x000000   -1.000000
59078.534966 20.103715      NaN    -3    11 c    0   0.99 32.11658 6.38787  9616.11   797.83 2.62 2.20 -55.5 -0.418    19.61 21.57 02a59078o0655c 0x000000   -0.272727
59078.538202 19.950541      NaN     8    10 c    0   1.30 32.11658 6.38787  9635.89   836.26 2.62 2.17 -54.9 -0.416    19.66 21.57 02a59078o0662c 0x000000    0.800000
59078.543718 20.207197      NaN    -8    10 c    0   1.04 32.11658 6.38787  9578.37   758.62 2.54 2.13 -54.1 -0.419    19.65 21.62 02a59078o0674c 0x000000   -0.800000
59078.551080 20.137125      NaN     5     9 c    0   1.36 32.11658 6.38787  9558.13   877.18 2.60 2.20 -51.9 -0.411    19.69 21.65 02a59078o0690c 0x000000    0.555556
59082.535836 20.449472      NaN    -1     8 c    0   1.49 32.11658 6.38787  8447.15  3243.58 2.38 2.37   1.5 -0.391    19.67 21.54 02a59082o0663c 0x000000   -0.125000
59082.537676 20.321591      NaN    -5     9 c    0   1.10 32.11658 6.38787  8466.47  3282.45 2.39 2.35 -25.7 -0.390    19.70 21.54 02a59082o0667c 0x000000   -0.555556
59082.544118 20.449472      NaN   -26     8 c    0   1.34 32.11658 6.38787  8409.45  3205.21 2.41 2.38  -0.8 -0.391    19.68 21.54 02a59082o0681c 0x000000   -3.250000
59082.549184 20.321591      NaN   -10     9 c    0   0.90 32.11658 6.38787  8389.63  3322.68 2.47 2.39  20.3 -0.388    19.65 21.54 02a59082o0692c 0x000000   -1.111111
59086.522277 20.207197      NaN     0    10 c    0   0.80 32.11658 6.38787  8445.98  3242.00 2.50 2.28 -61.2 -0.390    19.63 21.56 02a59086o0096c 0x000000    0.000000
59086.524106 20.321591      NaN    -8     9 c    0   1.14 32.11658 6.38787  8465.27  3281.13 2.47 2.29 -58.2 -0.392    19.67 21.56 02a59086o0100c 0x000000   -0.888889
59086.527326 20.207197      NaN   -18    10 c    0   0.93 32.11658 6.38787  8407.66  3204.00 2.47 2.26 -59.9 -0.391    19.72 21.56 02a59086o0107c 0x000000   -1.800000
59086.559964 20.244005      NaN     2     9 c    0   0.91 32.11658 6.38787  8390.25  3331.51 2.41 2.27 -56.1 -0.388    19.71 21.59 02a59086o0177c 0x000000    0.222222
59106.468733 20.207197      NaN    -2    10 c    0   0.78 32.11658 6.38787  6269.54  8671.70 2.57 2.42  46.8 -0.403    19.69 21.63 02a59106o0557c 0x000000   -0.200000
59106.475344 19.743105      NaN    13    11 c    0   0.94 32.11658 6.38787  6290.66  8711.80 2.55 2.49  42.6 -0.404    19.69 21.63 02a59106o0571c 0x000000    1.181818
59106.479030 20.103715      NaN   -10    11 c    0   1.21 32.11658 6.38787  6231.95  8633.40 2.59 2.46  43.5 -0.401    19.59 21.58 02a59106o0579c 0x000000   -0.909091
59106.507472 20.103715      NaN    -4    11 c    0   1.15 32.11658 6.38787  6210.68  8753.99 2.57 2.51  43.1 -0.403    19.70 21.65 02a59106o0640c 0x000000   -0.363636
59110.473496 20.103715      NaN    -8    11 c    0   1.27 32.11658 6.38787  6270.59  8673.27 2.68 2.39  41.5 -0.392    19.61 21.52 02a59110o0569c 0x000000   -0.727273
59110.475368 20.103715      NaN   -25    11 c    0   1.29 32.11658 6.38787  6289.06  8712.61 2.59 2.39  37.0 -0.401    19.67 21.52 02a59110o0573c 0x000000   -2.272727
59110.478147 20.321591      NaN   -12     9 c    0   1.42 32.11658 6.38787  6231.39  8634.33 2.63 2.43  37.2 -0.396    19.68 21.51 02a59110o0579c 0x000000   -1.333333
59110.483217 20.207197      NaN    -1    10 c    0   1.15 32.11658 6.38787  6210.76  8751.56 2.58 2.36  36.4 -0.398    19.66 21.50 02a59110o0590c 0x000000   -0.100000
59114.481399 20.282105      NaN     1     9 c    0   1.28 32.11658 6.38787  5996.59  2862.02 2.46 2.29  38.5 -0.402    19.66 21.42 02a59114o0590c 0x000000    0.111111
59114.484143 20.071303      NaN     1    11 c    0   0.71 32.11658 6.38787  6016.56  2900.82 2.45 2.32  39.6 -0.401    19.64 21.44 02a59114o0596c 0x000000    0.090909
59114.487807 20.207197      NaN   -13    10 c    0   0.83 32.11658 6.38787  5958.01  2824.79 2.42 2.29  42.3 -0.406    19.67 21.45 02a59114o0604c 0x000000   -1.300000
59114.493779 20.449472      NaN   -10     8 c    0   1.10 32.11658 6.38787  5938.04  2942.10 2.38 2.24  35.5 -0.404    19.71 21.48 02a59114o0617c 0x000000   -1.250000
59138.459371 19.841877      NaN    -6    14 c    0   1.24 32.11658 6.38787  6339.12  3743.06 2.53 2.31  45.9 -0.396    19.08 20.86 02a59138o0583c 0x000000   -0.428571
59138.497402 16.457979      NaN  -108   316 c    0   0.87 32.11658 6.38787  6377.78  3786.46 2.46 2.30  53.1 -0.411    15.92 17.41 02a59138o0665c 0x100002   -0.341772
59138.505214 18.298627      NaN    30    48 c    0   1.44 32.11658 6.38787  6398.53  3670.40 2.54 2.32  51.6 -0.394    17.68 19.26 02a59138o0682c 0x100002    0.625000
59142.338310 20.207197      NaN   -28    10 c    0   1.09 32.11658 6.38787  4234.84  6821.47 2.47 2.28  39.1 -0.392    19.62 21.34 02a59142o0326c 0x000000   -2.800000
59142.342438 20.321591      NaN    -2     9 c    0   1.28 32.11658 6.38787  4253.39  6858.38 2.46 2.29  32.5 -0.393    19.65 21.36 02a59142o0335c 0x000000   -0.222222
59142.350825 20.009244      NaN   -12    12 c    0   1.58 32.11658 6.38787  4198.08  6781.32 2.48 2.29  34.1 -0.391    19.65 21.38 02a59142o0353c 0x000000   -1.000000
59142.385373 20.039830      NaN     5    10 c    0   0.79 32.11658 6.38787  4181.95  6896.88 2.42 2.28  36.5 -0.400    19.70 21.42 02a59142o0427c 0x000000    0.500000
59146.450367 20.103715      NaN    -6    11 c    0   1.08 32.11658 6.38787  7170.35  9957.37 2.76 2.49  49.7 -0.395    19.70 21.48 02a59146o0567c 0x000000   -0.545455
59146.453176 19.743105      NaN    13    11 c    0   1.10 32.11658 6.38787  7151.06  9916.43 2.91 2.57  49.6 -0.385    19.70 21.50 02a59146o0573c 0x000000    1.181818
59146.458686 19.868040      NaN     5    12 c    0   1.09 32.11658 6.38787  7209.09  9995.35 2.84 2.55  53.9 -0.394    19.66 21.54 02a59146o0585c 0x000000    0.416667
59146.470257 20.207197      NaN   -38    10 c    0   0.97 32.11658 6.38787  7225.98  9877.21 2.83 2.62  50.9 -0.386    19.67 21.56 02a59146o0610c 0x000000   -3.800000
59163.460147 20.321591      NaN    -5     9 c    0   1.80 32.11658 6.38787  8360.68  5588.48 3.04 2.80 -58.8 -0.385    19.52 21.52 02a59163o0426c 0x000000   -0.555556
59163.463381 20.207197      NaN    -4    10 c    0   1.34 32.11658 6.38787  8343.98  5551.97 3.03 2.82 -59.4 -0.374    19.49 21.51 02a59163o0433c 0x000000   -0.400000
59163.478607 20.207197      NaN   -19    10 c    0   1.06 32.11658 6.38787  8401.01  5628.54 2.91 2.67 -57.4 -0.395    19.56 21.49 02a59163o0465c 0x000000   -1.900000
59163.489195 19.609992      NaN    13    13 c    0   0.93 32.11658 6.38787  8417.02  5514.43 3.11 2.87 -61.0 -0.378    19.52 21.45 02a59163o0487c 0x000000    1.000000
59170.422388 20.171596      NaN     1    10 c    0   0.88 32.11658 6.38787  1884.15  1494.25 2.33 2.20  75.7 -0.436    19.68 21.42 02a59170o0422c 0x000000    0.100000
59170.430198 20.321591      NaN    -5     9 c    0   1.24 32.11658 6.38787  1864.41  1454.60 2.32 2.20  76.3 -0.439    19.70 21.42 02a59170o0439c 0x000000   -0.555556
59170.433401 19.979496      NaN    10     9 c    0   1.11 32.11658 6.38787  1923.63  1532.85 2.33 2.19  68.7 -0.426    19.67 21.42 02a59170o0446c 0x000000    1.111111
59170.466348 20.321591      NaN     0     9 c    0   1.15 32.11658 6.38787  1942.55  1418.91 2.35 2.20  70.8 -0.428    19.64 21.30 02a59170o0517c 0x000000    0.000000
59190.339194 20.449472      NaN   -22     8 c    0   1.19 32.11658 6.38787  6252.43  1802.50 2.44 2.32 -75.7 -0.397    19.70 21.53 02a59190o0279c 0x000000   -2.750000
59190.365938 20.207197      NaN     6     8 c    0   1.31 32.11658 6.38787  6230.97  1765.94 2.50 2.37 -74.5 -0.392    19.67 21.49 02a59190o0336c 0x000000    0.750000
59190.373328 20.207197      NaN   -16    10 c    0   0.95 32.11658 6.38787  6286.13  1844.25 2.71 2.60  59.4 -0.382    19.57 21.51 02a59190o0351c 0x000000   -1.600000
59190.379715 20.321591      NaN    -1     9 c    0   1.55 32.11658 6.38787  6306.23  1726.11 2.47 2.34 -65.5 -0.397    19.69 21.47 02a59190o0364c 0x000000   -0.111111
59194.344053 20.009244      NaN    -1    12 c    0   0.68 32.11658 6.38787  6509.71  7611.81 2.64 2.46  54.4 -0.403    19.73 21.84 02a59194o0348c 0x000000   -0.083333
59194.346851 19.816329      NaN    10    11 c    0   0.90 32.11658 6.38787  6491.18  7577.30 2.68 2.51  48.9 -0.404    19.75 21.75 02a59194o0354c 0x000000    0.909091
59194.352364 19.894850      NaN    10    10 c    0   0.97 32.11658 6.38787  6548.44  7654.67 2.70 2.51  54.3 -0.403    19.75 21.75 02a59194o0366c 0x000000    1.000000
59194.366174 20.207197      NaN    -8    10 c    0   0.97 32.11658 6.38787  6570.22  7539.23 2.73 2.54  47.8 -0.398    19.71 21.76 02a59194o0396c 0x000000   -0.800000
59198.294526 19.841877      NaN    15     9 c    0   1.16 32.11658 6.38787  6517.37  7615.98 2.56 2.51  55.4 -0.415    19.73 21.59 02a59198o0239c 0x000000    1.666667
59198.298205 20.103715      NaN     6     9 c    0   1.33 32.11658 6.38787  6498.14  7577.89 2.52 2.46  59.7 -0.417    19.75 21.59 02a59198o0247c 0x000000    0.666667
59198.309250 20.207197      NaN    -9    10 c    0   0.77 32.11658 6.38787  6555.41  7655.38 2.55 2.43  59.5 -0.414    19.76 21.56 02a59198o0271c 0x000000   -0.900000
59198.315243 19.922338      NaN   -11    13 c    0   1.17 32.11658 6.38787  6575.88  7539.84 2.58 2.41  59.2 -0.407    19.56 21.35 02a59198o0284c 0x000000   -0.846154
59200.316214 19.841877      NaN   -18    14 c    0   1.07 32.11658 6.38787  6272.56  8655.48 2.28 2.14 -88.3 -0.381    19.33 21.12 01a59200o0174c 0x000000   -1.285714
59200.322757 20.207197      NaN   -16    10 c    0   0.95 32.11658 6.38787  6293.10  8694.16 2.49 2.31 -74.2 -0.372    19.75 21.71 01a59200o0188c 0x000000   -1.600000
59200.326450 20.321591      NaN   -10     9 c    0   1.11 32.11658 6.38787  6233.33  8615.85 2.77 2.52  -5.5 -0.351    19.70 21.75 01a59200o0196c 0x000000   -1.111111
59200.339357 20.449472      NaN   -14     8 c    0   0.72 32.11658 6.38787  6216.63  8732.89 2.31 2.08 -83.9 -0.389    19.91 21.73 01a59200o0224c 0x000000   -1.750000
59218.331988 20.009244      NaN   -12    12 c    0   1.02 32.11658 6.38787  9113.17  9884.12 3.04 2.90 -52.6 -0.366    19.59 21.41 02a59218o0275c 0x000000   -1.000000
59218.337492 19.652575      NaN    14    12 c    0   0.93 32.11658 6.38787  9093.24  9845.73 2.81 2.77  64.2 -0.372    19.60 21.39 02a59218o0287c 0x000000    1.166667
59218.354057 19.894850      NaN     4    12 c    0   0.98 32.11658 6.38787  9152.16  9923.90 2.81 2.77 -38.1 -0.373    19.57 21.26 02a59218o0323c 0x000000    0.333333
59218.360026 20.009244      NaN    -6    12 c    0   1.38 32.11658 6.38787  9169.15  9807.52 2.95 2.82  38.7 -0.369    19.41 21.01 02a59218o0336c 0x000000   -0.500000
59220.276116 20.039830      NaN     8     9 c    0   0.93 32.11658 6.38787   326.95  7032.97 2.42 2.31 -68.3 -0.396    19.81 21.78 01a59220o0183c 0x000000    0.888889
59220.279801 20.449472      NaN    -6     8 c    0   1.11 32.11658 6.38787   347.38  7072.13 2.39 2.23 -72.0 -0.406    19.85 21.77 01a59220o0191c 0x000000   -0.750000
59220.283493 19.766969      NaN    -2    15 c    0   0.74 32.11658 6.38787 10515.86  6936.31 2.88 2.47  86.4 -0.380    19.75 21.70 01a59220o0199c 0x000000   -0.133333
59220.286721 20.171596      NaN     7     8 c    0   1.64 32.11658 6.38787   289.01  6994.04 2.49 2.25 -78.2 -0.410    19.83 21.77 01a59220o0206c 0x000000    0.875000
59220.297799 20.207197      NaN    -2    10 c    0   1.17 32.11658 6.38787 10496.34  7053.10 2.90 2.50  86.0 -0.364    19.76 21.66 01a59220o0230c 0x000000   -0.200000
59220.298260 20.449472      NaN    -9     8 c    0   1.42 32.11658 6.38787   271.39  7110.57 2.44 2.19 -76.6 -0.412    19.83 21.73 01a59220o0231c 0x000000   -1.125000
59222.312946 19.841877      NaN     6    12 c    0   1.18 32.11658 6.38787  9107.40  9881.84 2.96 2.74 -50.4 -0.372    19.65 21.49 02a59222o0261c 0x000000    0.500000
59222.315711 20.207197      NaN    -6    10 c    0   1.50 32.11658 6.38787  9087.62  9843.93 2.96 2.77 -53.6 -0.370    19.64 21.49 02a59222o0267c 0x000000   -0.600000
59222.322153 19.491430      NaN    13    15 c    0   0.92 32.11658 6.38787  9149.54  9921.18 2.98 2.76 -48.2 -0.371    19.24 20.96 02a59222o0281c 0x000000    0.866667
59222.334577 20.103715      NaN   -38    11 c    0   1.25 32.11658 6.38787  9168.55  9804.11 3.05 2.82 -46.8 -0.369    19.64 21.50 02a59222o0308c 0x000000   -3.454545
59224.289007 20.321591      NaN   -12     9 c    0   1.54 32.11658 6.38787 10369.58  3093.36 2.83 2.44 -84.6 -0.386    19.60 21.48 01a59224o0144c 0x000000   -1.333333
59224.292237 20.207197      NaN   -14    10 c    0   1.07 32.11658 6.38787 10391.78  3133.76 2.87 2.42 -81.3 -0.381    19.69 21.59 01a59224o0151c 0x000000   -1.400000
59224.302834 20.321591      NaN   -10     9 c    0   1.23 32.11658 6.38787 10332.67  3056.79 2.75 2.31 -82.7 -0.399    19.77 21.64 01a59224o0174c 0x000000   -1.111111
59224.303777 20.594452      NaN    -3     7 c    0   1.61 32.11658 6.38787   141.00  3147.80 2.46 2.24  85.5 -0.370    19.79 21.71 01a59224o0176c 0x000000   -0.428571
59224.309308 20.321591      NaN    -9     9 c    0   0.85 32.11658 6.38787   163.57  3188.84 2.46 2.19  77.0 -0.374    19.79 21.70 01a59224o0188c 0x000000   -1.000000
59224.315331 20.009244      NaN     6    10 c    0   1.36 32.11658 6.38787 10313.81  3177.16 3.01 2.41 -80.2 -0.362    19.67 21.60 01a59224o0201c 0x000000    0.600000
59224.322705 20.207197      NaN    -9    10 c    0   1.31 32.11658 6.38787   102.28  3109.96 2.62 2.53  72.0 -0.354    19.69 21.67 01a59224o0217c 0x000000   -0.900000
59224.326002 19.816329      NaN     4    13 c    0   0.96 32.11658 6.38787    83.92  3226.57 2.66 2.52  60.8 -0.351    19.67 21.65 01a59224o0224c 0x000000    0.307692
59226.307308 20.321591      NaN   -11     9 c    0   1.04 32.11658 6.38787  8281.38  3654.12 2.54 2.49 -55.7 -0.390    19.70 21.59 02a59226o0245c 0x000000   -1.222222
59226.310542 19.631075      NaN    18    11 c    0   0.67 32.11658 6.38787  8263.61  3615.30 2.52 2.47 -65.0 -0.386    19.69 21.59 02a59226o0252c 0x000000    1.636364
59226.317422 19.922338      NaN     9    10 c    0   1.02 32.11658 6.38787  8322.10  3692.91 2.55 2.51 -56.1 -0.388    19.67 21.57 02a59226o0267c 0x000000    0.900000
59226.327533 19.979496      NaN     4    11 c    0   0.93 32.11658 6.38787  8343.60  3576.93 2.56 2.47 -52.3 -0.389    19.66 21.54 02a59226o0289c 0x000000    0.363636
59230.256834 20.207197      NaN     0    10 c    0   1.07 32.11658 6.38787  8286.96  3653.47 2.48 2.38 -73.4 -0.387    19.68 21.50 02a59230o0131c 0x000000    0.000000
59230.259646 20.103715      NaN     6     9 c    0   1.23 32.11658 6.38787  8267.34  3614.72 2.49 2.36 -70.4 -0.389    19.68 21.50 02a59230o0137c 0x000000    0.666667
59230.265611 19.950541      NaN    11     9 c    0   1.03 32.11658 6.38787  8325.15  3692.47 2.53 2.37 -65.5 -0.389    19.66 21.49 02a59230o0150c 0x000000    1.222222
59230.280868 20.321591      NaN    -3     9 c    0   1.39 32.11658 6.38787  8345.28  3576.69 2.44 2.35 -68.0 -0.387    19.70 21.48 02a59230o0183c 0x000000   -0.333333
59248.289181 19.816329      NaN     1    14 c    0   1.04 32.11658 6.38787  7223.37   404.01 3.25 2.98 -79.2 -0.363    19.30 21.35 01a59248o0129c 0x000000    0.071429
59248.292412 19.922338      NaN   -11    13 c    0   1.02 32.11658 6.38787  7242.69   444.25 3.42 3.27 -76.1 -0.340    19.29 21.32 01a59248o0136c 0x000000   -0.846154
59248.298862 20.009244      NaN    -9    12 c    0   1.01 32.11658 6.38787  7182.13   368.03 2.78 2.64 -58.9 -0.382    19.47 21.31 01a59248o0150c 0x000000   -0.750000
59248.310854 19.816329      NaN     7    12 c    0   1.03 32.11658 6.38787  7161.10   489.33 2.76 2.64 -52.3 -0.380    19.41 21.20 01a59248o0176c 0x000000    0.583333
59252.257405 19.894850      NaN     7    11 c    0   0.97 32.11658 6.38787  7219.05   404.59 2.45 2.34 -60.4 -0.405    19.62 21.29 01a59252o0116c 0x000000    0.636364
59252.260629 20.103715      NaN   -17    11 c    0   0.90 32.11658 6.38787  7238.44   444.00 2.53 2.39 -64.3 -0.390    19.61 21.28 01a59252o0123c 0x000000   -1.545455
59252.267542 19.868040      NaN     8    11 c    0   0.80 32.11658 6.38787  7181.02   366.36 2.30 2.15 -49.3 -0.397    19.68 21.24 01a59252o0138c 0x000000    0.727273
59252.279986 20.103715      NaN    -9    11 c    0   0.83 32.11658 6.38787  7162.12   484.79 2.44 2.30 -49.2 -0.396    19.61 21.20 01a59252o0165c 0x000000   -0.818182
59254.279995 19.950541      NaN     5    11 c    0   1.20 32.11658 6.38787  6428.88  5679.30 2.66 2.39  39.7 -0.382    19.50 21.12 02a59254o0107c 0x000000    0.454545
59254.283214 19.841877      NaN   -22    14 c    0   0.83 32.11658 6.38787  6410.50  5640.53 2.63 2.42  39.8 -0.383    19.47 21.10 02a59254o0114c 0x000000   -1.571429
59254.293776 19.089302      NaN   -51    28 c    0   1.05 32.11658 6.38787  6468.15  5717.52 2.73 2.44  26.1 -0.381    18.57 20.20 02a59254o0137c 0x100002   -1.821429
59256.259957 20.207197      NaN    -2    10 c    0   1.24 32.11658 6.38787  2196.04  5003.04 2.72 2.53 -80.9 -0.372    19.45 21.18 01a59256o0119c 0x000000   -0.200000
59256.263189 20.009244      NaN   -12    12 c    0   1.03 32.11658 6.38787  2214.71  5041.90 2.69 2.56  88.8 -0.381    19.47 21.17 01a59256o0126c 0x000000   -1.000000
59256.270110 20.207197      NaN   -12    10 c    0   1.28 32.11658 6.38787  2154.82  4963.67 2.47 2.33 -78.0 -0.386    19.53 21.16 01a59256o0141c 0x000000   -1.200000
59256.281182 20.009244      NaN   -17    12 c    0   1.07 32.11658 6.38787  2135.82  5079.75 2.71 2.59 -72.8 -0.371    19.39 21.12 01a59256o0165c 0x000000   -1.416667
59258.216673 18.459772      NaN  -121    50 c    0   1.33 32.11658 6.38787  5240.83 10048.82 2.73 2.58 -59.3 -0.403    18.13 19.18 02a59258o0003c 0x100002   -2.420000
59258.219876 19.089302      NaN   -28    28 c    0   1.06 32.11658 6.38787  5223.24 10008.55 2.71 2.52 -56.5 -0.408    18.78 19.93 02a59258o0010c 0x100002   -1.000000
59258.225404 19.719755      NaN     5    14 c    0   1.26 32.11658 6.38787  5282.82 10086.28 2.67 2.50 -56.3 -0.395    19.38 20.77 02a59258o0022c 0x000000    0.357143
59258.235563 20.103715      NaN    -6    11 c    0   1.19 32.11658 6.38787  5302.30  9967.33 2.60 2.50 -53.9 -0.402    19.50 21.09 02a59258o0044c 0x000000   -0.545455
59406.599780 20.009244      NaN   -11    12 c    0   1.46 32.11658 6.38787  2101.80  3044.74 2.43 2.28  41.3 -0.397    19.37 20.94 02a59406o0771c 0x000000   -0.916667
59406.605509 20.207197      NaN   -23    10 c    0   1.31 32.11658 6.38787  2124.96  3083.61 2.39 2.31  48.5 -0.400    19.41 21.02 02a59406o0783c 0x000000   -2.300000
59406.612053 19.922338      NaN   -11    13 c    0   0.88 32.11658 6.38787  2066.77  3005.41 2.43 2.27  42.7 -0.398    19.31 20.84 02a59406o0797c 0x000000   -0.846154
59406.618456 19.351140      NaN    -4    22 c    0   1.25 32.11658 6.38787  2047.77  3122.11 2.31 2.26  60.1 -0.404    18.58 19.73 02a59406o0811c 0x000000   -0.181818
59414.573337 19.766969      NaN    -1    15 c    0   0.94 32.11658 6.38787 10472.35  5090.83 3.04 2.85  -8.2 -0.400    19.40 21.13 02a59414o0710c 0x000000   -0.066667
59414.576545 19.696897      NaN    -2    16 c    0   0.97 32.11658 6.38787 10491.46  5129.74 2.85 2.75 -22.6 -0.399    19.41 21.12 02a59414o0717c 0x000000   -0.125000
59414.582038 19.766969      NaN    -7    15 c    0   0.82 32.11658 6.38787 10432.46  5052.55 3.26 3.00  -7.7 -0.394    19.32 21.12 02a59414o0729c 0x000000   -0.466667
59414.582495 20.207197      NaN   -23    10 c    0   1.38 32.11658 6.38787   246.69  5069.23 2.80 2.73 -37.9 -0.350    19.31 21.04 02a59414o0730c 0x000000   -2.300000
59414.586175 20.103715      NaN   -10    11 c    0   1.08 32.11658 6.38787   264.22  5107.37 2.77 2.59  11.4 -0.349    19.36 21.05 02a59414o0738c 0x000000   -0.909091
59414.600922 19.868040      NaN     8    11 c    0   1.21 32.11658 6.38787 10415.08  5170.13 2.99 2.76   3.7 -0.395    19.42 21.13 02a59414o0770c 0x000000    0.727273
59414.603209 20.321591      NaN   -10     9 c    0   1.37 32.11658 6.38787   207.80  5029.33 2.75 2.60  -1.4 -0.353    19.39 21.07 02a59414o0775c 0x000000   -1.111111
59414.614746 20.103715      NaN   -11    11 c    0   1.13 32.11658 6.38787   192.26  5145.49 2.63 2.47 -26.1 -0.359    19.39 20.98 02a59414o0800c 0x000000   -1.000000
59432.542905 20.449472      NaN   -15     8 c    0   1.10 32.11658 6.38787  6337.15  3733.19 2.57 2.38 -78.1 -0.372    19.76 21.54 01a59432o0667c 0x000000   -1.875000
59432.550296 20.321591      NaN   -12     9 c    0   0.93 32.11658 6.38787  6315.39  3697.61 2.56 2.39 -80.6 -0.375    19.74 21.54 01a59432o0683c 0x000000   -1.333333
59432.553172 20.321591      NaN    -8     9 c    0   0.94 32.11658 6.38787  6373.23  3774.81 2.62 2.46 -72.7 -0.360    19.73 21.56 01a59432o0689c 0x000000   -0.888889
59432.563343 20.449472      NaN    -7     8 c    0   1.18 32.11658 6.38787  6393.89  3658.47 2.46 2.29 -79.8 -0.375    19.77 21.59 01a59432o0711c 0x000000   -0.875000
59433.606373 20.449472      NaN    -3     8 c    0   1.11 32.11658 6.38787  6336.41  3730.13 2.53 2.45 -30.1 -0.352    19.82 21.79 01a59433o0780c 0x000000   -0.375000
59433.611828 20.449472      NaN   -14     8 c    0   1.25 32.11658 6.38787  6315.33  3690.25 2.66 2.63 -25.7 -0.345    19.76 21.79 01a59433o0791c 0x000000   -1.750000
59433.620987 20.449472      NaN   -10     8 c    0   1.38 32.11658 6.38787  6373.10  3766.04 2.76 2.72 -10.8 -0.345    19.67 21.55 01a59433o0810c 0x000000   -1.250000
59433.631490 19.510313      NaN    -2    19 c    0   1.04 32.11658 6.38787  6394.84  3651.69 2.68 2.62 -75.7 -0.344    18.85 19.68 01a59433o0829c 0x000000   -0.105263
59436.551467 20.449472      NaN    -6     8 c    0   0.81 32.11658 6.38787  6336.63  3740.71 2.21 2.09 -76.1 -0.387    19.92 21.67 01a59436o0674c 0x000000   -0.750000
59436.555154 20.449472      NaN    -2     8 c    0   1.02 32.11658 6.38787  6318.34  3701.98 2.26 2.12 -70.4 -0.391    19.91 21.67 01a59436o0682c 0x000000   -0.250000
59436.560690 20.449472      NaN    -2     8 c    0   0.80 32.11658 6.38787  6376.10  3779.34 2.29 2.19 -58.4 -0.379    19.91 21.68 01a59436o0694c 0x000000   -0.250000
59436.574995 20.449472      NaN    -8     8 c    0   0.99 32.11658 6.38787  6396.89  3663.62 2.24 2.16 -59.0 -0.383    19.92 21.70 01a59436o0725c 0x000000   -1.000000
59440.596387 20.321591      NaN    -6     9 c    0   0.91 32.11658 6.38787  7187.69  9943.01 2.59 2.55  29.6 -0.346    19.82 21.76 01a59440o0785c 0x000000   -0.666667
59440.599630 20.321591      NaN   -10     9 c    0   1.02 32.11658 6.38787  7169.05  9902.98 2.78 2.65  12.2 -0.338    19.76 21.78 01a59440o0792c 0x000000   -1.111111
59440.622796 20.321591      NaN    -3     9 c    0   1.32 32.11658 6.38787  7228.37  9980.76 2.64 2.57  65.9 -0.343    19.73 21.55 01a59440o0842c 0x000000   -0.333333
59444.526908 20.009244      NaN    12     8 c    0   1.28 32.11658 6.38787  7180.54  9947.59 2.57 2.42  75.7 -0.348    19.79 21.56 01a59444o0588c 0x000000    1.500000
59444.528748 20.449472      NaN    -1     8 c    0   1.32 32.11658 6.38787  7161.83  9908.19 2.42 2.30 -87.4 -0.358    19.87 21.57 01a59444o0592c 0x000000   -0.125000
59444.531512 20.495680      NaN     2     7 c    0   1.33 32.11658 6.38787  7220.62  9986.64 2.52 2.40  84.2 -0.353    19.83 21.58 01a59444o0598c 0x000000    0.285714
59444.536595 20.449472      NaN     0     8 c    0   0.94 32.11658 6.38787  7241.04  9869.39 2.63 2.47  72.4 -0.348    19.82 21.62 01a59444o0609c 0x000000    0.000000
59462.519574 20.103715      NaN   -29    11 c    0   0.91 32.11658 6.38787  5344.56   530.63 2.37 2.18 -64.8 -0.405    19.76 21.55 02a59462o0562c 0x000000   -2.636364
59462.525506 20.071303      NaN     1    11 c    0   1.28 32.11658 6.38787  5360.55   573.02 2.46 2.27 -63.8 -0.404    19.69 21.58 02a59462o0574c 0x000000    0.090909
59462.528722 19.894850      NaN     1    13 c    0   0.94 32.11658 6.38787  5305.82   492.93 2.42 2.22 -67.6 -0.411    19.74 21.58 02a59462o0581c 0x000000    0.076923
59462.540279 20.449472      NaN   -11     8 c    0   1.28 32.11658 6.38787  5287.46   612.41 2.29 2.12 -66.2 -0.418    19.76 21.60 02a59462o0606c 0x000000   -1.375000
59466.484558 20.103715      NaN   -16    11 c    0   1.04 32.11658 6.38787  8613.60  7130.51 2.62 2.48  36.8 -0.396    19.75 21.57 02a59466o0580c 0x000000   -1.454545
59466.488252 20.103715      NaN   -16    11 c    0   0.85 32.11658 6.38787  8633.06  7169.47 2.57 2.46  35.3 -0.394    19.71 21.57 02a59466o0588c 0x000000   -1.454545
59466.494092 20.321591      NaN   -23     9 c    0   1.15 32.11658 6.38787  8569.31  7095.54 2.61 2.49  42.5 -0.394    19.71 21.57 02a59466o0600c 0x000000   -2.555556
59466.499190 20.321591      NaN   -31     9 c    0   1.12 32.11658 6.38787  8553.74  7209.68 2.53 2.42  38.9 -0.400    19.77 21.59 02a59466o0611c 0x000000   -3.444444
59470.473075 20.207197      NaN    -9    10 c    0   1.00 32.11658 6.38787  8609.49  7128.15 2.60 2.44  43.9 -0.396    19.71 21.44 02a59470o0559c 0x000000   -0.900000
59470.474905 19.696897      NaN    18    10 c    0   1.13 32.11658 6.38787  8630.76  7166.87 2.58 2.44  36.2 -0.398    19.71 21.45 02a59470o0563c 0x000000    1.800000
59470.477688 20.071303      NaN     1    11 c    0   1.11 32.11658 6.38787  8571.87  7088.95 2.53 2.43  41.6 -0.399    19.71 21.45 02a59470o0569c 0x000000    0.090909
59470.482767 20.321591      NaN   -11     9 c    0   1.76 32.11658 6.38787  8553.24  7206.34 2.57 2.43  39.3 -0.394    19.70 21.45 02a59470o0580c 0x000000   -1.222222
59518.421090 20.207197      NaN     0    10 c    0   1.00 32.11658 6.38787  4576.78  7703.63 2.58 2.33  44.9 -0.399    19.70 21.58 02a59518o0513c 0x000000    0.000000
59518.423903 20.207197      NaN   -14    10 c    0   0.89 32.11658 6.38787  4557.95  7666.09 2.57 2.31  42.9 -0.396    19.72 21.58 02a59518o0519c 0x000000   -1.400000
59518.429493 20.207197      NaN     3     9 c    0   1.29 32.11658 6.38787  4615.08  7742.97 2.56 2.31  44.9 -0.397    19.71 21.58 02a59518o0531c 0x000000    0.333333
59518.464458 20.103715      NaN   -13    11 c    0   0.83 32.11658 6.38787  4629.72  7626.89 2.54 2.31  49.4 -0.398    19.70 21.53 02a59518o0606c 0x000000   -1.181818
59522.425199 19.922338      NaN     6    11 c    0   1.20 32.11658 6.38787 10231.30  3561.82 2.53 2.44 -62.3 -0.406    19.57 21.29 02a59522o0534c 0x000000    0.545455
59522.430710 19.719755      NaN     8    13 c    0   1.27 32.11658 6.38787    37.83  3570.58 2.33 2.29  63.4 -0.396    19.60 21.30 02a59522o0546c 0x000000    0.615385
59522.432592 19.950541      NaN     8    10 c    0   1.13 32.11658 6.38787 10211.14  3521.54 2.54 2.46 -63.9 -0.407    19.62 21.31 02a59522o0550c 0x000000    0.800000
59522.435794 20.321591      NaN    -2     9 c    0   1.22 32.11658 6.38787 10270.99  3602.03 2.55 2.46 -64.2 -0.410    19.61 21.32 02a59522o0557c 0x000000   -0.222222
59522.444061 18.452558      NaN    16    45 c    0   0.10 32.11658 6.38787    57.66  3454.67 2.44 2.37 -77.4 -0.391    19.56 21.34 02a59522o0575c 0x100002    0.355556
59522.447281 19.719755      NaN    11    12 c    0   0.78 32.11658 6.38787 10292.90  3483.18 2.61 2.50 -60.3 -0.409    19.59 21.36 02a59522o0582c 0x000000    0.916667
59523.428888 20.103715      NaN   -10    11 c    0   1.38 32.11658 6.38787 10232.70  3559.72 2.89 2.75 -41.7 -0.390    19.47 21.38 02a59523o0539c 0x000000   -0.909091
59523.432667 19.922338      NaN     3    12 c    0   1.50 32.11658 6.38787 10214.91  3522.91 2.97 2.83 -45.1 -0.384    19.48 21.38 02a59523o0547c 0x000000    0.250000
59523.453948 19.841877      NaN    -6    14 c    0   1.24 32.11658 6.38787    38.87  3571.12 2.44 2.34 -59.6 -0.372    19.59 21.36 02a59523o0592c 0x000000   -0.428571
59523.454410 20.207197      NaN     0    10 c    0   1.23 32.11658 6.38787 10272.81  3602.76 2.63 2.47 -46.7 -0.409    19.63 21.39 02a59523o0593c 0x000000    0.000000
59523.473208 18.459772      NaN    18    44 c    0   0.13 32.11658 6.38787    58.79  3456.82 2.62 2.51 -62.7 -0.369    19.49 21.31 02a59523o0632c 0x100002    0.409091
59523.473665 20.009244      NaN     3    11 c    0   1.04 32.11658 6.38787 10291.77  3490.56 2.78 2.58 -54.8 -0.405    19.52 21.33 02a59523o0633c 0x000000    0.272727
59526.340492 20.449472      NaN   -14     8 c    0   1.18 32.11658 6.38787   338.71  7004.42 2.42 2.15 -44.5 -0.391    19.65 21.35 02a59526o0351c 0x000000   -1.750000
59526.345994 20.207197      NaN   -17    10 c    0   0.79 32.11658 6.38787   365.50  7040.27 2.40 2.17 -46.5 -0.402    19.68 21.37 02a59526o0363c 0x000000   -1.700000
59526.348961 20.009244      NaN     6    10 c    0   0.68 32.11658 6.38787   305.98  6962.71 2.47 2.17 -49.3 -0.399    19.67 21.36 02a59526o0368c 0x000000    0.600000
59526.363745 20.207197      NaN    -7    10 c    0   0.92 32.11658 6.38787   290.24  7079.01 2.45 2.18 -46.7 -0.388    19.68 21.38 02a59526o0400c 0x000000   -0.700000