         MJD         m       dm    uJy   duJy F  err  chi/N       RA      Dec        x        y  maj  min   phi  apfit  mag5sig   Sky            Obs     Mask   __tmp_SN
57716.453042 18.043943      NaN     34     62 c    0   0.87 54.89629 -6.32511   106.31  7504.54 4.24 3.94  52.0 -0.369    18.00 19.89 02a57716o0523c 0x100002   0.548387
57716.465810 18.504094      NaN   -233     48 c    0   0.95 54.89629 -6.32511  9889.58  7544.16 4.37 4.04  79.9 -0.389    18.32 20.30 02a57716o0547c 0x100002  -4.854167
57716.470612 18.729535      NaN    -50     39 c    0   0.90 54.89629 -6.32511    88.47  7467.22 4.74 4.38  20.6 -0.329    18.45 20.52 02a57716o0556c 0x100002  -1.282051
57716.483981 18.847027      NaN   -121     35 c    0   1.20 54.89629 -6.32511   147.32  7543.85 4.39 4.09  29.5 -0.355    18.41 20.37 02a57716o0582c 0x100002  -3.457143
57716.485005 18.024380 0.242352    224     50 c    0   1.25 54.89629 -6.32511  9870.15  7507.08 4.21 3.85  83.2 -0.403    18.36 20.27 02a57716o0584c 0x100002   4.480000
57716.490620 18.396507      NaN    -68     53 c    0   1.32 54.89629 -6.32511  9930.62  7585.21 4.53 4.44  41.2 -0.369    18.19 20.21 02a57716o0595c 0x100002  -1.283019
57716.501420 18.000411      NaN     61     56 c    0   1.14 54.89629 -6.32511   171.94  7425.03 4.66 4.27  16.7 -0.350    17.90 19.86 02a57716o0616c 0x100002   1.089286
57716.509639 18.623526      NaN    -57     43 c    0   1.06 54.89629 -6.32511  9953.69  7468.61 4.57 4.45  28.4 -0.370    18.33 20.32 02a57716o0632c 0x100002  -1.325581
57716.510661 18.702047      NaN    -69     40 c    0   0.94 54.89629 -6.32511   134.88  7482.51 4.78 4.24  10.6 -0.328    18.43 20.42 02a57716o0634c 0x100002  -1.725000
57716.517829 18.702047      NaN   -130     40 c    0   0.98 54.89629 -6.32511  9915.65  7524.77 4.28 4.16  56.8 -0.383    18.58 20.50 02a57716o0648c 0x100002  -3.250000
57752.374429 16.381698      NaN   -952    339 c    0   1.36 54.89629 -6.32511 10390.04  7280.96 4.21 3.58  79.3 -0.411    15.67 17.39 02a57752o0321c 0x100002  -2.808260
57752.377077 15.558851      NaN    832    446 c    0   1.05 54.89629 -6.32511   593.01  7203.90 4.16 3.68  57.5 -0.382    15.71 17.41 02a57752o0326c 0x100002   1.865471
57752.405164 16.401086      NaN   -673    333 c    0   1.29 54.89629 -6.32511 10433.97  7320.04 4.11 3.45  81.4 -0.449    16.20 17.85 02a57752o0380c 0x100002  -2.021021
57752.408326 16.525306      NaN   -556    297 c    0   1.05 54.89629 -6.32511   694.60  7161.17 3.96 3.72  58.8 -0.396    16.21 17.84 02a57752o0386c 0x100002  -1.872054
57752.416538 16.471810      NaN   -891    312 c    0   1.36 54.89629 -6.32511 10454.95  7202.83 4.21 3.59  83.4 -0.459    16.23 17.88 02a57752o0402c 0x100002  -2.855769
57752.424992 17.491297      NaN   -201    122 c    0   1.06 54.89629 -6.32511   657.91  7217.06 3.82 3.66  62.7 -0.404    17.21 18.85 02a57752o0419c 0x100002  -1.647541
57752.436429 17.170087      NaN   -464    164 c    0   1.15 54.89629 -6.32511 10418.26  7259.21 4.17 3.59  82.6 -0.420    17.47 19.21 02a57752o0442c 0x100002  -2.829268
57756.342966 19.841877      NaN    -36     14 c    0   1.31 54.89629 -6.32511  2909.33  5897.76 3.74 3.59  54.9 -0.401    19.79 21.79 02a57756o0282c 0x000000  -2.571429
57756.357429 19.816329      NaN      4     13 c    0   1.44 54.89629 -6.32511  2892.74  5857.50 3.71 3.56  59.3 -0.408    19.81 21.84 02a57756o0311c 0x000000   0.307692
57756.369979 19.743105      NaN      4     14 c    0   1.12 54.89629 -6.32511  2951.83  5933.67 3.70 3.57  62.8 -0.412    19.80 21.81 02a57756o0332c 0x000000   0.285714
57756.384365 19.743105      NaN      4     14 c    0   1.02 54.89629 -6.32511  2976.60  5816.53 3.66 3.54  57.2 -0.412    19.79 21.78 02a57756o0360c 0x000000   0.285714
57756.392607 19.841877      NaN    -20     14 c    0   1.15 54.89629 -6.32511  2937.51  5873.54 3.68 3.53  62.5 -0.413    19.77 21.76 02a57756o0375c 0x000000  -1.428571
57776.322698 19.089302      NaN     -9     28 c    0   1.28 54.89629 -6.32511  1481.45  6658.78 3.84 3.56  50.0 -0.428    18.74 20.61 02a57776o0219c 0x100002  -0.321429
57776.338442 18.786693      NaN    -73     37 c    0   1.01 54.89629 -6.32511  1463.53  6618.54 3.77 3.52  50.9 -0.437    19.22 21.18 02a57776o0249c 0x100002  -1.972973
57776.354940 18.526952 0.169406    141     22 c    0   1.25 54.89629 -6.32511  1523.25  6694.87 3.80 3.55  48.1 -0.429    19.31 21.28 02a57776o0281c 0x000000   6.409091
57776.371061 19.491430      NaN      4     18 c    0   1.06 54.89629 -6.32511  1545.51  6576.69 3.98 3.75  52.4 -0.406    19.61 21.62 02a57776o0312c 0x000000   0.222222
57776.387730 19.841877      NaN    -24     14 c    0   1.33 54.89629 -6.32511  1507.89  6632.69 3.90 3.70  52.5 -0.408    19.61 21.61 02a57776o0344c 0x000000  -1.714286
57780.315086 19.696897      NaN    -26     16 c    0   1.01 54.89629 -6.32511  1316.69  8191.94 3.81 3.54  35.1 -0.441    19.76 21.77 02a57780o0201c 0x000000  -1.625000
57780.330557 19.529530      NaN     11     15 c    0   1.06 54.89629 -6.32511  1300.50  8151.57 3.81 3.51  33.6 -0.437    19.72 21.70 02a57780o0231c 0x000000   0.733333
57780.346908 19.696897      NaN    -40     16 c    0   1.15 54.89629 -6.32511  1360.61  8227.92 3.74 3.47  30.5 -0.448    19.68 21.63 02a57780o0262c 0x000000  -2.500000
57780.363880 19.631075      NaN    -29     17 c    0   0.93 54.89629 -6.32511  1382.31  8110.15 3.81 3.53  33.3 -0.441    19.62 21.56 02a57780o0294c 0x000000  -1.705882
57784.310080 19.318728      NaN     20     16 c    0   1.02 54.89629 -6.32511  3035.69  6372.81 3.88 3.68  47.0 -0.407    19.62 21.60 02a57784o0012c 0x000000   1.250000
57784.324874 19.766969      NaN     -6     15 c    0   1.14 54.89629 -6.32511  3019.40  6332.30 3.83 3.63  51.9 -0.399    19.62 21.60 02a57784o0040c 0x000000  -0.400000
57784.340621 19.696897      NaN     -9     16 c    0   1.07 54.89629 -6.32511  3080.08  6408.73 3.87 3.75  39.0 -0.387    19.55 21.53 02a57784o0070c 0x000000  -0.562500
57804.315148 18.702047      NaN   -173     40 c    0   1.05 54.89629 -6.32511  9921.49  8773.34 4.11 3.94  74.7 -0.403    18.57 20.41 02a57804o0210c 0x100002  -4.325000
57804.317823 18.417189      NaN    -81     52 c    0   1.22 54.89629 -6.32511   146.59  8610.98 4.18 3.83  24.7 -0.410    18.05 19.82 02a57804o0215c 0x100002  -1.557692
57804.332678 18.226218      NaN   -159     62 c    0   0.80 54.89629 -6.32511   108.14  8667.97 4.58 4.18  13.6 -0.403    17.99 19.82 02a57804o0244c 0x100002  -2.564516
57804.343995  9.792944      NaN -97198 146454 c    0   1.27 54.89629 -6.32511  9899.04  8712.94 3.50 2.33 -89.5 -0.389    13.06 14.95 02a57804o0266c 0x100002  -0.663676
57808.275323 18.489118      NaN      2     48 c    0   1.03 54.89629 -6.32511  9971.14  7471.19 3.98 3.42  89.7 -0.436    18.41 20.12 02a57808o0105c 0x100002   0.041667
57808.276828 17.976960      NaN    -89     78 c    0   0.93 54.89629 -6.32511   173.00  7388.49 3.91 3.53  56.3 -0.403    17.50 19.12 02a57808o0108c 0x100002  -1.141026
57808.289503 17.414019      NaN   -103    131 c    0   0.73 54.89629 -6.32511  9954.18  7430.20 3.99 3.45  88.9 -0.441    17.60 19.24 02a57808o0133c 0x100002  -0.786260
57808.291000 18.459772      NaN   -141     50 c    0   1.13 54.89629 -6.32511   235.49  7463.15 3.95 3.62  54.4 -0.390    18.05 19.64 02a57808o0136c 0x100002  -2.820000
57808.305785 15.794889      NaN   -404    582 c    0   0.94 54.89629 -6.32511 10015.28  7505.64 4.05 3.50  88.7 -0.430    17.90 19.61 02a57808o0165c 0x100002  -0.694158
57808.337101 16.440934      NaN    -19    321 c    0   1.01 54.89629 -6.32511  9992.05  7445.26 4.11 3.66  84.0 -0.408    16.60 18.13 02a57808o0226c 0x100002  -0.059190
57836.236317 19.051202      NaN    -55     29 c    0   1.14 54.89629 -6.32511 10368.57  7800.86 4.14 3.68 -87.8 -0.451    18.35 19.74 02a57836o0016c 0x100002  -1.896552
57836.244135 19.128787      NaN    -22     27 c    0   0.99 54.89629 -6.32511 10347.19  7760.88 4.27 3.83  84.7 -0.446    18.50 20.07 02a57836o0031c 0x100002  -0.814815
57836.256214 19.014394      NaN    -52     30 c    0   1.08 54.89629 -6.32511 10402.25  7838.95 4.37 3.77  83.1 -0.449    18.49 20.07 02a57836o0054c 0x100002  -1.733333
57986.627852 20.321591      NaN    -30      9 c    0   1.23 54.89629 -6.32511  6541.52  1407.19 2.63 2.50 -73.4 -0.405    19.57 21.14 02a57986o0669c 0x000000  -3.333333
57986.636780 18.955691      NaN     20     25 c    0   1.44 54.89629 -6.32511  6559.98  1447.81 2.68 2.53 -74.9 -0.387    18.46 19.30 02a57986o0687c 0x100002   0.800000
58018.509144 20.594452      NaN    -31      7 c    0   2.03 54.89629 -6.32511  2253.13  9352.77 2.64 2.53  -0.3 -0.420    19.65 21.46 02a58018o0317c 0x000000  -4.428571
58018.516111 20.321591      NaN    -17      9 c    0   1.64 54.89629 -6.32511  2271.27  9392.53 2.71 2.61  -6.4 -0.415    19.64 21.45 02a58018o0331c 0x000000  -1.888889
58018.523679 19.841877      NaN     15      9 c    0   1.73 54.89629 -6.32511  2211.93  9316.08 2.56 2.46  -1.4 -0.425    19.72 21.50 02a58018o0346c 0x000000   1.666667
58018.530592 20.207197      NaN     -4     10 c    0   0.94 54.89629 -6.32511  2190.03  9435.35 2.57 2.44  -9.0 -0.425    19.68 21.48 02a58018o0360c 0x000000  -0.400000
58074.426158 20.449472      NaN     -7      8 c    0   1.53 54.89629 -6.32511  9184.23  1883.69 2.91 2.65  60.9 -0.447    19.73 21.59 02a58074o0392c 0x000000  -0.875000
58074.434876 20.207197      NaN    -15     10 c    0   0.98 54.89629 -6.32511  1304.80  8586.36 2.83 2.40  32.2 -0.430    19.76 21.57 02a58074o0409c 0x000000  -1.500000
58074.443863 20.039830      NaN      2     11 c    0   1.01 54.89629 -6.32511  1246.31  8510.70 2.86 2.41  35.2 -0.434    19.75 21.56 02a58074o0426c 0x000000   0.181818
58074.454124 19.419021      NaN     29     11 c    0   0.81 54.89629 -6.32511  9243.16  1807.01 2.91 2.66  47.6 -0.447    19.70 21.54 02a58074o0443c 0x000000   2.636364
58078.418251 20.449472      NaN    -11      8 c    0   2.10 54.89629 -6.32511  9925.49  2113.92 2.60 2.46  64.2 -0.445    19.82 21.63 02a58078o0490c 0x000000  -1.375000
58078.418708 20.449472      NaN      0      8 c    0   2.01 54.89629 -6.32511   248.21  2041.66 2.46 2.11  38.3 -0.666    19.82 21.64 02a58078o0491c 0x000000   0.000000
58082.396273 18.336727      NaN    -53     56 c    0   0.84 54.89629 -6.32511  1675.41  6017.87 2.52 2.30  43.0 -0.447    17.70 19.20 02a58082o0455c 0x100002  -0.946429
58082.404804 18.702047      NaN    -65     40 c    0   1.58 54.89629 -6.32511  1692.53  6059.11 2.54 2.32  47.6 -0.453    17.82 19.33 02a58082o0472c 0x100002  -1.625000
58082.413849 16.831577      NaN   -526    224 c    0   1.28 54.89629 -6.32511  1632.74  5984.37 2.57 2.40  41.4 -0.456    16.80 18.33 02a58082o0489c 0x100002  -2.348214
58082.422899 17.057018      NaN    -99    182 c    0   1.41 54.89629 -6.32511  1611.29  6102.08 2.63 2.41  40.5 -0.443    16.63 18.15 02a58082o0506c 0x100002  -0.543956
58110.351211 20.449472      NaN     -8      8 c    0   1.68 54.89629 -6.32511 10068.04  3201.03 2.53 2.43  83.6 -0.444    19.87 21.76 02a58110o0335c 0x000000  -1.000000
58110.353643 20.362567 0.334073     26      8 c    0   1.37 54.89629 -6.32511   406.97  3130.03 2.39 2.22  41.4 -0.433    19.85 21.76 02a58110o0340c 0x000000   3.250000
58110.359430 19.816329      NaN     16      9 c    0   0.89 54.89629 -6.32511 10051.05  3163.06 2.58 2.48  88.2 -0.440    19.82 21.77 02a58110o0352c 0x000000   1.777778
58110.362196 20.071303      NaN     13      7 c    0   1.26 54.89629 -6.32511   467.07  3209.98 2.44 2.25  43.1 -0.428    19.83 21.75 02a58110o0357c 0x000000   1.857143
58110.367984 20.321591      NaN    -19      9 c    0   1.24 54.89629 -6.32511 10110.56  3241.47 2.60 2.50 -88.3 -0.441    19.81 21.76 02a58110o0369c 0x000000  -2.111111
58110.370391 20.761819      NaN     -6      6 c    0   2.23 54.89629 -6.32511   487.06  3093.10 2.40 2.20  42.2 -0.438    19.84 21.76 02a58110o0374c 0x000000  -1.000000
58110.376160 20.594452      NaN     -4      7 c    0   1.89 54.89629 -6.32511 10131.49  3126.14 2.58 2.48 -89.5 -0.441    19.85 21.78 02a58110o0386c 0x000000  -0.571429
58134.359570 20.321591      NaN    -16      9 c    0   1.52 54.89629 -6.32511   303.25  3800.74 2.98 2.78  45.0 -0.395    19.68 21.74 02a58134o0350c 0x000000  -1.777778
58134.369448 20.449472      NaN    -20      8 c    0   1.54 54.89629 -6.32511   285.09  3762.01 2.49 2.30  44.8 -0.442    19.74 21.70 02a58134o0371c 0x000000  -2.500000
58134.370855 20.449472      NaN    -10      8 c    0   1.24 54.89629 -6.32511  9941.51  3840.05 2.53 2.45 -78.5 -0.442    19.77 21.74 02a58134o0374c 0x000000  -1.250000
58134.379362 19.569016 0.201062     54     10 c    0   1.19 54.89629 -6.32511   344.99  3838.99 2.89 2.68  48.2 -0.388    19.63 21.67 02a58134o0392c 0x000000   5.400000
58134.380813 20.207197      NaN     -2     10 c    0   1.36 54.89629 -6.32511  9923.36  3801.91 2.60 2.53  80.6 -0.464    19.75 21.71 02a58134o0395c 0x000000  -0.200000
58134.389413 20.039830      NaN     11      8 c    0   2.06 54.89629 -6.32511   366.26  3721.88 2.88 2.72  51.1 -0.397    19.56 21.64 02a58134o0413c 0x000000   1.375000
58134.390812 19.894850      NaN     10     10 c    0   1.77 54.89629 -6.32511  9982.51  3878.96 2.97 2.84  80.7 -0.446    19.61 21.70 02a58134o0416c 0x000000   1.000000
58134.400850 20.207197      NaN    -12     10 c    0   1.33 54.89629 -6.32511 10003.83  3762.10 2.85 2.77  73.9 -0.455    19.61 21.64 02a58134o0437c 0x000000  -1.200000
58398.605933 18.867907 0.084329    103      8 c    0   1.61 54.89629 -6.32511   479.82  2665.59 2.43 2.28  46.3 -0.431    19.76 21.68 02a58398o0348c 0x000000  12.875000
58398.606864 18.776955 0.087247    112      9 c    0   1.94 54.89629 -6.32511 10110.11  2815.89 2.53 2.44 -59.3 -0.444    19.77 21.70 02a58398o0350c 0x000000  12.444444
58402.574105 19.155932 0.123691     79      9 c    0   1.25 54.89629 -6.32511  8535.65  2258.53 2.60 2.47  61.3 -0.441    19.77 21.62 02a58402o0540c 0x000000   8.777778
58402.584909 18.944322 0.113098     96     10 c    0   1.56 54.89629 -6.32511  8516.31  2219.58 2.65 2.53  56.5 -0.436    19.77 21.61 02a58402o0562c 0x000000   9.600000
58402.595113 18.910912 0.087736     99      8 c    0   2.01 54.89629 -6.32511  8574.71  2299.03 2.61 2.54  68.6 -0.435    19.76 21.61 02a58402o0583c 0x000000  12.375000
58402.605894 19.026525 0.097594     89      8 c    0   1.55 54.89629 -6.32511  8594.67  2182.62 2.62 2.54  53.7 -0.434    19.77 21.59 02a58402o0605c 0x000000  11.125000
58430.512263 19.256669 0.120637     72      8 c    0   1.44 54.89629 -6.32511  1293.19  4090.99 2.38 2.28  40.2 -0.454    19.75 21.47 02a58430o0665c 0x000000   9.000000
58430.522291 19.674510 0.199421     49      9 c    0   1.34 54.89629 -6.32511  1274.24  4053.55 2.43 2.30  39.8 -0.453    19.67 21.43 02a58430o0686c 0x000000   5.444444
58430.532316 19.609992 0.167036     52      8 c    0   2.00 54.89629 -6.32511  1333.43  4130.93 2.43 2.35  48.5 -0.432    19.67 21.41 02a58430o0707c 0x000000   6.500000
58430.542508 19.115465 0.119166     82      9 c    0   1.29 54.89629 -6.32511  1353.78  4014.13 2.53 2.38  44.3 -0.443    19.61 21.35 02a58430o0728c 0x000000   9.111111
58434.494465 19.719755 0.207907     47      9 c    0   1.15 54.89629 -6.32511  1429.18  3895.60 2.51 2.38  45.7 -0.432    19.74 21.67 02a58434o0662c 0x000000   5.222222
58434.504545 19.419021 0.140095     62      8 c    0   1.34 54.89629 -6.32511  1409.83  3858.65 2.52 2.43  61.6 -0.427    19.70 21.66 02a58434o0683c 0x000000   7.750000
58434.514539 19.256669 0.150797     72     10 c    0   1.22 54.89629 -6.32511  1468.46  3936.23 2.60 2.46  47.5 -0.427    19.66 21.61 02a58434o0704c 0x000000   7.200000
58434.524633 19.367717 0.133629     65      8 c    0   2.27 54.89629 -6.32511  1488.48  3819.33 2.56 2.47  45.8 -0.423    19.68 21.58 02a58434o0725c 0x000000   8.125000
58454.449732 20.009244 0.271434     36      9 c    0   1.80 54.89629 -6.32511  8929.16  1212.57 2.88 2.65  33.0 -0.450    19.73 21.76 02a58454o0562c 0x000000   4.000000
58454.458889 19.529530      NaN     26     10 c    0   1.09 54.89629 -6.32511  8908.74  1175.57 2.96 2.69  35.5 -0.436    19.74 21.77 02a58454o0581c 0x000000   2.600000
58454.468061 19.472870 0.147218     59      8 c    0   1.40 54.89629 -6.32511  8965.69  1253.21 2.87 2.63  33.3 -0.443    19.77 21.79 02a58454o0600c 0x000000   7.375000
58454.477143 20.103715 0.296110     33      9 c    0   1.25 54.89629 -6.32511  8986.95  1136.68 2.80 2.57  32.9 -0.442    19.78 21.77 02a58454o0619c 0x000000   3.666667
58458.405660 20.137125 0.271434     32      8 c    0   1.50 54.89629 -6.32511  1660.66  6586.09 2.54 2.38  14.4 -0.448    19.77 21.78 02a58458o0145c 0x000000   4.000000
58458.414445 20.282105 0.310210     28      8 c    0   1.35 54.89629 -6.32511  1642.19  6546.82 2.47 2.38  16.9 -0.449    19.74 21.76 02a58458o0163c 0x000000   3.500000
58458.422921 19.472870 0.165621     59      9 c    0   1.18 54.89629 -6.32511  1700.04  6624.62 2.54 2.46  12.3 -0.440    19.73 21.77 02a58458o0180c 0x000000   6.555556
58458.431890 19.674510 0.199421     49      9 c    0   1.14 54.89629 -6.32511  1721.02  6509.37 2.48 2.42   6.9 -0.445    19.73 21.74 02a58458o0198c 0x000000   5.444444
58462.408896 19.766969      NaN     18      9 c    0   1.39 54.89629 -6.32511  9373.91  8556.16 3.01 2.89  51.5 -0.412    19.62 21.75 02a58462o0477c 0x000000   2.000000
58462.417567 19.609992 0.208795     52     10 c    0   1.37 54.89629 -6.32511  9353.55  8518.51 2.87 2.76  52.4 -0.411    19.69 21.75 02a58462o0495c 0x000000   5.200000
58462.426888 19.743105 0.259633     46     11 c    0   0.95 54.89629 -6.32511  9413.44  8596.87 3.08 2.99  55.2 -0.398    19.59 21.73 02a58462o0513c 0x000000   4.181818
58462.435708 19.816329 0.252497     43     10 c    0   1.35 54.89629 -6.32511  9432.80  8480.70 3.26 3.14  58.4 -0.394    19.54 21.74 02a58462o0531c 0x000000   4.300000
58486.363522 19.743105 0.188824     46      8 c    0   1.12 54.89629 -6.32511  5481.12  4664.05 2.59 2.46 -69.2 -0.414    19.67 21.69 02a58486o0368c 0x000000   5.750000
58486.372156 19.652575      NaN     23      9 c    0   1.25 54.89629 -6.32511  5462.87  4625.49 2.67 2.49 -70.1 -0.410    19.63 21.68 02a58486o0386c 0x000000   2.555556
58486.380332 19.841877      NaN     18      8 c    0   1.64 54.89629 -6.32511  5521.83  4703.16 2.68 2.51 -68.6 -0.405    19.63 21.66 02a58486o0403c 0x000000   2.250000
58486.389056 19.743105      NaN     19      9 c    0   1.12 54.89629 -6.32511  5543.49  4587.12 2.71 2.54 -74.8 -0.409    19.62 21.61 02a58486o0421c 0x000000   2.111111
58490.352371 19.454622      NaN   -116     20 c    0   0.74 54.89629 -6.32511  5462.22 10492.28 2.68 2.56  14.0 -0.454    19.69 21.66 02a58490o0341c 0x000000  -5.800000
58490.354333 20.071303      NaN      7      9 c    0   1.08 54.89629 -6.32511  5497.64   778.04 2.71 2.52  42.3 -0.419    19.66 21.64 02a58490o0345c 0x000000   0.777778
58490.361033 19.841877      NaN    -40     14 c    0   1.43 54.89629 -6.32511  5443.05 10453.03 2.70 2.60  11.8 -0.437    19.64 21.66 02a58490o0359c 0x000000  -2.857143
58490.362985 20.071303 0.287401     34      9 c    0   1.32 54.89629 -6.32511  5478.90   739.26 2.73 2.53  45.1 -0.422    19.64 21.64 02a58490o0363c 0x000000   3.777778
58490.371086 19.472870      NaN     29     10 c    0   1.33 54.89629 -6.32511  5538.01   818.22 2.69 2.54  44.4 -0.422    19.63 21.63 02a58490o0380c 0x000000   2.900000
58490.377952 19.454622      NaN     27     11 c    0   1.05 54.89629 -6.32511  5522.18 10414.09 2.68 2.56   8.0 -0.447    19.61 21.64 02a58490o0394c 0x000000   2.454545
58490.379821 19.868040      NaN     14      9 c    0   1.53 54.89629 -6.32511  5558.70   700.40 2.69 2.54  47.7 -0.420    19.61 21.64 02a58490o0398c 0x000000   1.555556
58494.318678 19.569016      NaN     24     10 c    0   1.46 54.89629 -6.32511  5474.50  8534.09 2.78 2.76  75.0 -0.410    19.52 21.53 02a58494o0265c 0x000000   2.400000
58494.326734 20.009244 0.331753     36     11 c    0   1.33 54.89629 -6.32511  5455.50  8496.85 2.87 2.81 -83.1 -0.411    19.50 21.55 02a58494o0282c 0x000000   3.272727
58494.334921 20.103715      NaN      3     10 c    0   0.89 54.89629 -6.32511  5513.79  8575.39 2.76 2.73 -73.5 -0.415    19.57 21.61 02a58494o0299c 0x000000   0.300000
58494.343043 20.103715 0.361912     33     11 c    0   1.11 54.89629 -6.32511  5533.12  8459.00 2.84 2.74 -70.7 -0.411    19.59 21.68 02a58494o0316c 0x000000   3.000000
58518.311964 19.979496 0.293442     37     10 c    0   0.93 54.89629 -6.32511  3601.47  6598.40 2.60 2.47 -69.8 -0.429    19.68 21.63 02a58518o0207c 0x000000   3.700000
58518.320452 19.922338      NaN     12      9 c    0   1.40 54.89629 -6.32511  3583.44  6559.67 2.67 2.52 -72.2 -0.430    19.64 21.59 02a58518o0225c 0x000000   1.333333
58518.328568 19.894850      NaN     13      9 c    0   1.42 54.89629 -6.32511  3642.45  6636.89 2.72 2.63 -72.8 -0.433    19.58 21.54 02a58518o0242c 0x000000   1.444444
58518.337089 20.039830      NaN      8      9 c    0   1.59 54.89629 -6.32511  3663.38  6519.75 2.81 2.70 -71.4 -0.427    19.52 21.49 02a58518o0260c 0x000000   0.888889
58694.600696 20.171596      NaN      4      9 c    0   1.47 54.89629 -6.32511  9290.15   848.31 2.81 2.40 -58.5 -0.404    19.56 21.64 02a58694o0761c 0x000000   0.444444
58694.603980 20.449472      NaN     -9      8 c    0   1.58 54.89629 -6.32511  9310.49   887.97 2.63 2.31 -57.6 -0.408    19.71 21.71 02a58694o0768c 0x000000  -1.125000
58694.609744 19.950541      NaN     14      8 c    0   2.04 54.89629 -6.32511  9249.84   809.13 2.61 2.19 -59.3 -0.415    19.74 21.71 02a58694o0780c 0x000000   1.750000
58694.616697 20.009244      NaN     12      8 c    0   1.62 54.89629 -6.32511  9232.40   926.66 2.63 2.27 -55.4 -0.406    19.61 21.46 02a58694o0794c 0x000000   1.500000
58702.536358 20.103715      NaN    -31     11 c    0   1.18 54.89629 -6.32511   549.31  9102.44 2.49 2.29 -44.8 -0.453    19.37 21.18 02a58702o0621c 0x000000  -2.818182
58702.539616 20.103715      NaN    -10     11 c    0   1.30 54.89629 -6.32511   568.46  9140.77 2.45 2.23 -43.7 -0.448    19.43 21.22 02a58702o0628c 0x000000  -0.909091
58702.545273 20.207197      NaN    -25     10 c    0   1.31 54.89629 -6.32511   511.49  9062.21 2.41 2.17 -47.0 -0.445    19.49 21.28 02a58702o0640c 0x000000  -2.500000
58702.556011 20.171596      NaN      4      9 c    0   1.42 54.89629 -6.32511   490.92  9179.27 2.39 2.17 -43.1 -0.448    19.53 21.38 02a58702o0662c 0x000000   0.444444
58706.569649 19.384550 0.271434     64     16 c    0   0.87 54.89629 -6.32511  9378.66  2795.58 2.44 2.41  18.8 -0.397    18.99 20.80 02a58706o0667c 0x000000   4.000000
58706.572495 18.944322      NaN     -8     32 c    0   1.05 54.89629 -6.32511  9398.00  2834.73 2.46 2.42  38.9 -0.395    18.49 20.32 02a58706o0673c 0x100002  -0.250000
58706.578293 19.766969      NaN     12     11 c    0   1.34 54.89629 -6.32511  9339.88  2756.94 2.44 2.42 -10.0 -0.396    19.46 21.37 02a58706o0685c 0x000000   1.090909
58706.588193 20.103715      NaN    -22     11 c    0   1.36 54.89629 -6.32511  9312.41  2875.34 2.49 2.46  -2.1 -0.390    19.29 21.19 02a58706o0705c 0x000000  -2.000000
58706.638770 18.389700      NaN     13     49 c    0   1.20 54.89629 -6.32511  9356.88  2817.86 2.47 2.35 -63.1 -0.420    17.86 18.77 02a58706o0808c 0x100002   0.265306
58726.536256 20.594452      NaN     -4      7 c    0   1.43 54.89629 -6.32511  3437.92  1122.99 2.41 2.29  70.8 -0.416    19.72 21.66 02a58726o0662c 0x000000  -0.571429
58726.539590 20.171596      NaN      7      8 c    0   1.18 54.89629 -6.32511  3451.49  1164.00 2.39 2.30  72.0 -0.419    19.73 21.66 02a58726o0669c 0x000000   0.875000
58726.546337 20.137125      NaN      2     10 c    0   0.86 54.89629 -6.32511  3388.71  1084.04 2.54 2.31  58.3 -0.410    19.73 21.66 02a58726o0683c 0x000000   0.200000
58726.557433 20.137125      NaN      8      8 c    0   1.23 54.89629 -6.32511  3369.13  1201.22 2.41 2.32 -87.7 -0.415    19.72 21.66 02a58726o0706c 0x000000   1.000000
58730.561362 20.282105      NaN      4      8 c    0   1.61 54.89629 -6.32511  3264.80  7427.48 2.43 2.36   3.9 -0.393    19.71 21.45 02a58730o0714c 0x000000   0.500000
58730.565378 20.207197      NaN    -32     10 c    0   1.35 54.89629 -6.32511  3282.15  7468.10 2.42 2.34 -18.4 -0.398    19.76 21.47 02a58730o0722c 0x000000  -3.200000
58730.570703 20.449472      NaN     -4      8 c    0   1.22 54.89629 -6.32511  3226.35  7387.74 2.42 2.33   6.6 -0.388    19.71 21.50 02a58730o0733c 0x000000  -0.500000
58730.582331 20.543943 0.345462     22      7 c    0   2.24 54.89629 -6.32511  3203.80  7504.79 2.38 2.32 -26.7 -0.397    19.76 21.61 02a58730o0758c 0x000000   3.142857
58750.606977 20.449472      NaN    -22      8 c    0   1.33 54.89629 -6.32511  5002.53  5645.65 2.75 2.38  45.5 -0.383    19.64 21.47 02a58750o0798c 0x000000  -2.750000
58750.610121 20.207197      NaN      0     10 c    0   1.06 54.89629 -6.32511  4983.04  5605.71 2.70 2.43  43.3 -0.379    19.65 21.46 02a58750o0804c 0x000000   0.000000
58750.616753 20.321591      NaN    -15      9 c    0   1.33 54.89629 -6.32511  5038.19  5687.14 2.73 2.39  40.9 -0.384    19.65 21.44 02a58750o0816c 0x000000  -1.666667
58750.630424 20.282105      NaN      4      8 c    0   1.49 54.89629 -6.32511  5055.95  5571.70 2.57 2.31  49.9 -0.389    19.66 21.36 02a58750o0842c 0x000000   0.500000
58762.494885 20.171596 0.350237     31     10 c    0   1.47 54.89629 -6.32511  6767.98  9288.62 2.64 2.46 -60.3 -0.407    19.67 21.49 02a58762o0614c 0x000000   3.100000
58762.498619 20.103715      NaN      6      9 c    0   1.47 54.89629 -6.32511  6787.81  9328.29 2.63 2.46 -59.7 -0.408    19.70 21.50 02a58762o0622c 0x000000   0.666667
58762.504198 19.791368 0.246758     44     10 c    0   1.14 54.89629 -6.32511  6730.70  9250.86 2.74 2.48 -58.3 -0.405    19.64 21.52 02a58762o0633c 0x000000   4.400000
58762.515045 20.449472      NaN      3      7 c    0   2.12 54.89629 -6.32511  6711.79  9367.96 2.72 2.50 -57.1 -0.409    19.66 21.55 02a58762o0656c 0x000000   0.428571
58782.512738 20.009244      NaN      3     11 c    0   1.35 54.89629 -6.32511  7684.66  1088.40 2.54 2.38 -73.1 -0.395    19.35 21.13 02a58782o0573c 0x000000   0.272727
58782.515994 20.103715      NaN     -8     11 c    0   1.82 54.89629 -6.32511  7665.58  1049.88 2.48 2.30 -66.3 -0.401    19.23 20.95 02a58782o0580c 0x000000  -0.727273
58782.523430 19.979496      NaN      1     12 c    0   1.18 54.89629 -6.32511  7724.18  1128.93 2.45 2.24 -65.8 -0.406    19.37 21.05 02a58782o0596c 0x000000   0.083333
58782.533453 19.529530      NaN     17     13 c    0   1.15 54.89629 -6.32511  7740.23  1012.57 2.43 2.24 -67.8 -0.404    19.31 20.97 02a58782o0617c 0x000000   1.307692
58790.392358 20.321591      NaN      6      7 c    0   1.68 54.89629 -6.32511  7436.54  2892.90 2.29 2.24 -71.0 -0.397    19.71 21.42 02a58790o0438c 0x000000   0.857143
58790.395703 19.950541      NaN     14      8 c    0   1.38 54.89629 -6.32511  7454.89  2932.34 2.26 2.24  75.1 -0.393    19.69 21.41 02a58790o0445c 0x000000   1.750000
58790.400946 20.594452      NaN    -26      7 c    0   2.19 54.89629 -6.32511  7396.32  2852.50 2.24 2.21 -77.9 -0.399    19.73 21.44 02a58790o0456c 0x000000  -3.714286
58790.411040 20.594452      NaN    -13      7 c    0   1.50 54.89629 -6.32511  7375.51  2971.46 2.26 2.24 -75.4 -0.392    19.69 21.45 02a58790o0478c 0x000000  -1.857143
58814.407868 17.821591      NaN    -36     90 c    0   1.24 54.89629 -6.32511  5765.68  1183.77 2.53 2.38 -69.7 -0.407    17.36 19.11 02a58814o0394c 0x100002  -0.400000
58814.411072 17.623637      NaN   -191    108 c    0   0.89 54.89629 -6.32511  5744.98  1145.40 2.52 2.35 -70.7 -0.405    17.91 19.74 02a58814o0401c 0x100002  -1.768519
58814.416620 18.757738      NaN   -103     38 c    0   1.76 54.89629 -6.32511  5803.55  1224.08 2.58 2.44 -73.0 -0.399    17.48 19.39 02a58814o0412c 0x100002  -2.710526
58814.431278 17.403024      NaN     34    121 c    0   1.56 54.89629 -6.32511  5819.16  1106.90 2.60 2.41 -62.7 -0.397    16.40 18.11 02a58814o0443c 0x100002   0.280992
58818.413438 18.317510      NaN    -48     57 c    0   0.92 54.89629 -6.32511  6950.81  5545.93 2.72 2.63 -68.2 -0.382    17.59 19.39 02a58818o0490c 0x100002  -0.842105
58818.416686 17.785989      NaN   -103     93 c    0   1.29 54.89629 -6.32511  6933.18  5508.68 2.67 2.57 -69.6 -0.391    17.23 19.12 02a58818o0497c 0x100002  -1.107527
58818.433967 18.847027      NaN    -75     35 c    0   1.43 54.89629 -6.32511  7002.36  5471.40 2.68 2.58 -63.8 -0.388    18.00 19.88 02a58818o0533c 0x100002  -2.142857
58841.407393 20.449472      NaN    -14      8 c    0   1.43 54.89629 -6.32511  5085.62  7576.35 2.60 2.33  48.0 -0.388    19.76 21.71 02a58841o0478c 0x000000  -1.750000
58841.410270 20.321591      NaN     -4      9 c    0   1.27 54.89629 -6.32511  5067.58  7538.74 2.57 2.36  47.1 -0.396    19.73 21.70 02a58841o0484c 0x000000  -0.444444
58841.417441 20.449472      NaN    -30      8 c    0   1.21 54.89629 -6.32511  5125.70  7618.00 2.41 2.32  52.7 -0.404    19.81 21.69 02a58841o0499c 0x000000  -3.750000
58841.427396 15.342295      NaN    -14    883 c    0   0.94 54.89629 -6.32511  5144.54  7500.88 2.57 2.38  45.8 -0.392    17.65 19.52 02a58841o0520c 0x100002  -0.015855
58846.330131 20.449472      NaN    -25      8 c    0   1.33 54.89629 -6.32511  7026.88  7483.54 2.73 2.62  51.9 -0.392    19.70 21.81 02a58846o0310c 0x000000  -3.125000
58846.333381 19.791368      NaN     20      8 c    0   1.17 54.89629 -6.32511  7009.09  7445.30 2.68 2.55  54.6 -0.399    19.75 21.82 02a58846o0317c 0x000000   2.500000
58846.339895 20.362567      NaN      2      8 c    0   1.49 54.89629 -6.32511  7068.24  7523.72 2.72 2.58  50.3 -0.392    19.73 21.83 02a58846o0331c 0x000000   0.250000
58846.351118 19.979496      NaN     13      8 c    0   1.22 54.89629 -6.32511  7086.73  7409.55 2.82 2.70  54.8 -0.386    19.70 21.85 02a58846o0355c 0x000000   1.625000
58866.365043 20.009244      NaN      6     10 c    0   1.20 54.89629 -6.32511  9094.80  9355.07 3.12 2.74 -55.4 -0.374    19.68 21.75 02a58866o0151c 0x000000   0.600000
58866.368276 20.321591      NaN    -11      9 c    0   1.47 54.89629 -6.32511  9075.10  9315.82 3.13 2.80 -54.0 -0.372    19.68 21.74 02a58866o0158c 0x000000  -1.222222
58866.375192 20.103715      NaN     -6     11 c    0   1.18 54.89629 -6.32511  9135.31  9395.37 3.19 2.89 -58.6 -0.366    19.62 21.73 02a58866o0173c 0x000000  -0.545455
58866.385396 20.207197      NaN    -17     10 c    0   1.11 54.89629 -6.32511  9157.46  9277.12 3.10 2.72 -53.1 -0.373    19.66 21.70 02a58866o0195c 0x000000  -1.700000
58869.340615 20.362567      NaN      2      8 c    0   1.67 54.89629 -6.32511  9093.95  9356.86 2.85 2.56  49.3 -0.377    19.79 21.91 02a58869o0302c 0x000000   0.250000
58869.344344 20.282105      NaN      4      8 c    0   1.40 54.89629 -6.32511  9074.91  9317.54 2.74 2.65 -79.3 -0.384    19.82 21.89 02a58869o0310c 0x000000   0.500000
58869.349866 19.922338 0.278394     39     10 c    0   1.09 54.89629 -6.32511  9135.29  9397.16 2.83 2.62 -61.9 -0.383    19.82 21.88 02a58869o0322c 0x000000   3.900000
58869.363172 20.207197      NaN     -5     10 c    0   0.95 54.89629 -6.32511  9157.76  9278.47 2.80 2.66 -56.9 -0.380    19.80 21.86 02a58869o0350c 0x000000  -0.500000
58870.291418 20.071303      NaN      4     10 c    0   1.31 54.89629 -6.32511  9101.76  9351.11 2.69 2.61 -79.2 -0.386    19.84 21.82 02a58870o0208c 0x000000   0.400000
58870.294697 20.071303      NaN     10      8 c    0   1.26 54.89629 -6.32511  9081.99  9310.99 2.71 2.62  80.8 -0.382    19.84 21.82 02a58870o0215c 0x000000   1.250000
58870.300263 19.791368      NaN     20      8 c    0   1.41 54.89629 -6.32511  9141.74  9391.64 2.80 2.64 -72.7 -0.379    19.82 21.82 02a58870o0227c 0x000000   2.500000
58870.310894 20.321591      NaN     -2      9 c    0   1.45 54.89629 -6.32511  9161.28  9273.32 2.75 2.64 -74.5 -0.378    19.83 21.82 02a58870o0250c 0x000000  -0.222222
58873.334927 20.207197      NaN     -9     10 c    0   1.18 54.89629 -6.32511  9089.28  9354.49 2.71 2.62  68.1 -0.379    19.71 21.56 02a58873o0283c 0x000000  -0.900000
58873.338933 19.696897      NaN     18     10 c    0   1.22 54.89629 -6.32511  9070.01  9316.18 2.75 2.63  70.7 -0.382    19.71 21.55 02a58873o0291c 0x000000   1.800000
58873.345904 19.589310      NaN     20     11 c    0   0.97 54.89629 -6.32511  9128.72  9394.29 2.76 2.66  83.8 -0.376    19.69 21.51 02a58873o0305c 0x000000   1.818182
58873.356237 20.207197      NaN     -4     10 c    0   1.27 54.89629 -6.32511  9148.56  9276.71 2.71 2.63  65.1 -0.377    19.68 21.50 02a58873o0326c 0x000000  -0.400000
58874.327491 20.171596      NaN      7      8 c    0   1.51 54.89629 -6.32511  8864.45  5462.14 2.59 2.36 -65.6 -0.401    19.79 21.72 02a58874o0281c 0x000000   0.875000
58874.330799 20.171596      NaN      7      8 c    0   1.34 54.89629 -6.32511  8845.26  5423.10 2.59 2.36 -65.6 -0.398    19.76 21.72 02a58874o0288c 0x000000   0.875000
58874.336875 20.449472      NaN     -4      8 c    0   1.83 54.89629 -6.32511  8903.43  5501.01 2.55 2.33 -66.8 -0.404    19.80 21.73 02a58874o0301c 0x000000  -0.500000
58874.349352 20.449472      NaN     -5      8 c    0   1.36 54.89629 -6.32511  8924.17  5384.77 2.56 2.43 -68.2 -0.398    19.78 21.74 02a58874o0328c 0x000000  -0.625000
58902.236743 20.321591      NaN    -28      9 c    0   1.21 54.89629 -6.32511 10017.55  1472.34 2.56 2.21 -57.5 -0.425    19.61 21.32 02a58902o0065c 0x000000  -3.111111
58902.240039 20.207197      NaN    -40     10 c    0   1.29 54.89629 -6.32511  9998.44  1432.68 2.65 2.18 -56.8 -0.431    19.60 21.31 02a58902o0072c 0x000000  -4.000000
58902.245111 20.321591      NaN    -30      9 c    0   1.24 54.89629 -6.32511 10056.73  1511.10 2.71 2.16 -58.4 -0.429    19.64 21.32 02a58902o0083c 0x000000  -3.333333
58902.255403 20.207197      NaN    -24     10 c    0   1.16 54.89629 -6.32511 10079.14  1391.64 2.81 2.19 -55.8 -0.429    19.62 21.36 02a58902o0105c 0x000000  -2.400000
58930.229427 19.212347      NaN    -16     25 c    0   0.85 54.89629 -6.32511  7316.88  3141.81 2.99 2.46  38.3 -0.361    18.61 19.82 02a58930o0008c 0x100002  -0.640000
58930.232655 19.696897      NaN      0     16 c    0   1.46 54.89629 -6.32511  7296.39  3102.91 2.95 2.50  38.8 -0.360    19.03 20.40 02a58930o0015c 0x000000   0.000000
58930.240488 20.103715      NaN    -25     11 c    0   1.36 54.89629 -6.32511  7351.49  3180.46 2.74 2.42  39.8 -0.371    19.33 20.98 02a58930o0032c 0x000000  -2.272727
58930.252534 20.009244      NaN    -36     12 c    0   1.21 54.89629 -6.32511  7370.70  3060.34 2.47 2.44 -79.4 -0.383    19.41 21.00 02a58930o0058c 0x000000  -3.000000
59058.595319 20.207197      NaN    -21     10 c    0   1.60 54.89629 -6.32511  7502.24  4827.16 2.93 2.60  38.3 -0.388    19.46 21.42 02a59058o0758c 0x000000  -2.100000
59058.616703 20.103715      NaN    -23     11 c    0   0.98 54.89629 -6.32511  7520.80  4864.74 2.92 2.46  36.6 -0.380    19.45 21.20 02a59058o0802c 0x000000  -2.090909
59058.620831 19.922338      NaN    -39     13 c    0   1.26 54.89629 -6.32511  7462.33  4786.80 2.88 2.38  36.3 -0.375    19.30 20.78 02a59058o0811c 0x000000  -3.000000
59058.628771 18.519279      NaN     40     34 c    0   1.03 54.89629 -6.32511  7444.78  4903.47 2.70 2.35  37.3 -0.378    18.15 19.15 02a59058o0828c 0x100002   1.176471
59078.593376 20.594452      NaN    -38      7 c    0   1.84 54.89629 -6.32511  1688.80  5098.32 2.54 2.51 -29.0 -0.406    19.60 21.64 02a59078o0782c 0x000000  -5.428571
59078.599951 20.207197      NaN    -46     10 c    0   1.08 54.89629 -6.32511  1707.16  5136.80 2.68 2.57  19.8 -0.401    19.61 21.67 02a59078o0795c 0x000000  -4.600000
59078.620423 20.761819      NaN    -37      6 c    0   2.78 54.89629 -6.32511  1645.57  5059.94 2.49 2.28  28.8 -0.403    19.69 21.60 02a59078o0835c 0x000000  -6.166667
59078.628731 20.207197      NaN    -28     10 c    0   1.83 54.89629 -6.32511  1626.33  5176.05 2.50 2.29  30.1 -0.404    19.35 20.86 02a59078o0853c 0x000000  -2.800000
59082.562095 20.207197      NaN    -45     10 c    0   1.35 54.89629 -6.32511  1312.87  7524.04 2.38 2.24 -39.9 -0.423    19.58 21.42 02a59082o0720c 0x000000  -4.500000
59082.565762 20.449472      NaN    -45      8 c    0   2.10 54.89629 -6.32511  1331.52  7562.68 2.35 2.24 -40.7 -0.423    19.65 21.43 02a59082o0728c 0x000000  -5.625000
59082.571256 20.449472      NaN    -45      8 c    0   1.85 54.89629 -6.32511  1271.51  7484.89 2.41 2.26 -44.1 -0.424    19.57 21.45 02a59082o0740c 0x000000  -5.625000
59082.581867 20.321591      NaN    -42      9 c    0   1.35 54.89629 -6.32511  1249.47  7601.44 2.39 2.23 -43.4 -0.427    19.63 21.46 02a59082o0763c 0x000000  -4.666667
59086.583878 20.207197      NaN    -35     10 c    0   1.46 54.89629 -6.32511  1307.88  7524.25 2.69 2.33 -49.6 -0.430    19.61 21.63 02a59086o0229c 0x000000  -3.500000
59086.587594 20.321591      NaN    -20      9 c    0   1.25 54.89629 -6.32511  1326.66  7563.00 2.43 2.12 -49.3 -0.431    19.69 21.64 02a59086o0237c 0x000000  -2.222222
59086.593940 20.207197      NaN     -2     10 c    0   1.36 54.89629 -6.32511  1264.81  7486.56 2.41 2.21 -42.5 -0.420    19.70 21.66 02a59086o0250c 0x000000  -0.200000
59086.611596 20.321591      NaN    -21      9 c    0   1.57 54.89629 -6.32511  1250.46  7603.59 2.56 2.11 -51.7 -0.445    19.65 21.68 02a59086o0288c 0x000000  -2.333333
59106.547716 20.321591      NaN    -23      9 c    0   1.28 54.89629 -6.32511  9377.63  2796.37 2.52 2.36 -55.9 -0.399    19.74 21.81 02a59106o0726c 0x000000  -2.555556
59106.549545 20.449472      NaN    -17      8 c    0   1.45 54.89629 -6.32511  9396.81  2835.45 2.50 2.37 -58.4 -0.400    19.77 21.80 02a59106o0730c 0x000000  -2.125000
59106.552313 20.449472      NaN    -28      8 c    0   1.24 54.89629 -6.32511  9338.36  2757.62 2.48 2.34 -59.9 -0.399    19.75 21.81 02a59106o0736c 0x000000  -3.500000
59106.557393 20.321591      NaN    -28      9 c    0   1.15 54.89629 -6.32511  9317.79  2874.76 2.50 2.40 -59.1 -0.396    19.73 21.81 02a59106o0747c 0x000000  -3.111111
59109.478474 20.449472      NaN    -42      8 c    0   1.62 54.89629 -6.32511  9367.23  2795.33 2.47 2.32 -56.9 -0.407    19.73 21.68 02a59109o0584c 0x000000  -5.250000
59109.500204 20.321591      NaN    -14      9 c    0   1.34 54.89629 -6.32511  9391.42  2831.81 2.45 2.37 -40.7 -0.399    19.74 21.70 02a59109o0631c 0x000000  -1.555556
59109.533911 20.594452      NaN    -17      7 c    0   2.38 54.89629 -6.32511  9335.45  2757.75 2.46 2.40 -27.7 -0.400    19.73 21.71 02a59109o0704c 0x000000  -2.428571
59109.538262 20.449472      NaN    -12      8 c    0   1.93 54.89629 -6.32511  9318.19  2874.52 2.47 2.37 -59.7 -0.402    19.78 21.70 02a59109o0713c 0x000000  -1.500000
59110.529124 20.449472      NaN    -15      8 c    0   1.46 54.89629 -6.32511  9375.87  2796.90 2.39 2.31   1.5 -0.394    19.68 21.60 02a59110o0688c 0x000000  -1.875000
59110.531431 20.594452      NaN    -22      7 c    0   1.46 54.89629 -6.32511  9396.35  2834.60 2.41 2.39 -17.4 -0.395    19.68 21.60 02a59110o0693c 0x000000  -3.142857
59110.537000 20.207197      NaN    -45     10 c    0   1.18 54.89629 -6.32511  9337.12  2758.72 2.40 2.37 -35.3 -0.394    19.67 21.59 02a59110o0705c 0x000000  -4.500000
59110.558146 20.594452      NaN    -49      7 c    0   2.13 54.89629 -6.32511  9315.56  2878.32 2.44 2.36  24.4 -0.391    19.71 21.65 02a59110o0750c 0x000000  -7.000000
59113.479849 19.454622      NaN    -41     20 c    0   1.40 54.89629 -6.32511  9366.68  2796.31 2.48 2.42 -18.2 -0.397    18.68 20.46 02a59113o0591c 0x000000  -2.050000
59113.485418 20.009244      NaN      0     12 c    0   1.25 54.89629 -6.32511  9392.75  2833.85 2.48 2.37 -28.6 -0.397    19.35 21.30 02a59113o0603c 0x000000   0.000000
59113.502059 20.207197      NaN    -27     10 c    0   1.09 54.89629 -6.32511  9332.75  2755.97 2.50 2.41 -54.2 -0.398    19.67 21.63 02a59113o0639c 0x000000  -2.700000
59113.507601 20.449472      NaN    -22      8 c    0   1.61 54.89629 -6.32511  9314.92  2871.90 2.50 2.42 -38.5 -0.392    19.68 21.69 02a59113o0651c 0x000000  -2.750000
59114.529462 20.321591      NaN    -15      9 c    0   1.58 54.89629 -6.32511  9067.43  7163.00 2.67 2.54  43.7 -0.390    19.68 21.54 02a59114o0693c 0x000000  -1.666667
59114.532686 20.321591      NaN    -47      9 c    0   1.17 54.89629 -6.32511  9086.27  7202.48 2.66 2.56  54.5 -0.395    19.67 21.55 02a59114o0700c 0x000000  -5.222222
59114.542830 20.321591      NaN     -8      9 c    0   1.15 54.89629 -6.32511  9025.74  7126.73 2.72 2.60  38.8 -0.391    19.65 21.54 02a59114o0721c 0x000000  -0.888889
59114.549412 20.321591      NaN    -42      9 c    0   1.35 54.89629 -6.32511  9006.50  7244.44 2.67 2.56  43.6 -0.395    19.58 21.41 02a59114o0735c 0x000000  -4.666667
59138.482047 19.351140      NaN    -15     22 c    0   1.15 54.89629 -6.32511  7347.83   938.45 2.31 2.14 -61.4 -0.414    18.64 20.42 02a59138o0632c 0x000000  -0.681818
59138.483875 19.401649      NaN    -15     21 c    0   1.47 54.89629 -6.32511  7367.13   976.96 2.31 2.16 -61.9 -0.410    18.44 20.23 02a59138o0636c 0x000000  -0.714286
59138.486623 18.005163      NaN   -165     76 c    0   1.32 54.89629 -6.32511  7309.47   900.17 2.32 2.19 -56.5 -0.394    17.23 18.95 02a59138o0642c 0x100002  -2.171053
59138.512406 19.841877      NaN    -62     14 c    0   1.12 54.89629 -6.32511  7290.43  1017.07 2.30 2.15 -58.6 -0.417    19.06 20.87 02a59138o0697c 0x000000  -4.428571
59142.437980 20.321591      NaN    -20      9 c    0   1.46 54.89629 -6.32511  7344.28   936.76 2.42 2.24 -60.2 -0.409    19.69 21.50 02a59142o0538c 0x000000  -2.222222
59142.441187 20.761819      NaN    -43      6 c    0   2.65 54.89629 -6.32511  7363.40   976.04 2.41 2.23 -59.5 -0.409    19.67 21.51 02a59142o0545c 0x000000  -7.166667
59142.444403 20.449472      NaN    -44      8 c    0   1.41 54.89629 -6.32511  7304.95   897.59 2.37 2.27 -63.0 -0.408    19.69 21.53 02a59142o0552c 0x000000  -5.500000
59142.460483 20.594452      NaN    -46      7 c    0   2.01 54.89629 -6.32511  7282.73  1016.30 2.35 2.20 -56.7 -0.412    19.77 21.60 02a59142o0585c 0x000000  -6.571429
59146.524075 20.761819      NaN    -17      6 c    0   1.81 54.89629 -6.32511  4989.13  5647.47 2.69 2.27  40.5 -0.388    19.74 21.61 02a59146o0675c 0x000000  -2.833333
59146.528194 20.449472      NaN    -35      8 c    0   1.63 54.89629 -6.32511  4972.84  5609.04 2.65 2.26  42.2 -0.389    19.75 21.58 02a59146o0684c 0x000000  -4.375000
59146.533715 20.449472      NaN    -35      8 c    0   1.68 54.89629 -6.32511  5031.72  5686.70 2.64 2.28  43.9 -0.391    19.71 21.56 02a59146o0696c 0x000000  -4.375000
59146.544879 20.449472      NaN    -30      8 c    0   1.79 54.89629 -6.32511  5053.46  5570.42 2.64 2.30  45.7 -0.392    19.68 21.51 02a59146o0720c 0x000000  -3.750000
59170.470973 20.321591      NaN     -9      9 c    0   1.07 54.89629 -6.32511  8976.39  7400.52 2.88 2.60  44.7 -0.387    19.67 21.56 02a59170o0527c 0x000000  -1.000000
59170.475639 20.321591      NaN    -38      9 c    0   1.19 54.89629 -6.32511  8956.33  7363.75 2.89 2.58  44.2 -0.381    19.66 21.57 02a59170o0537c 0x000000  -4.222222
59170.481265 20.207197      NaN    -38     10 c    0   0.96 54.89629 -6.32511  9015.83  7443.35 2.78 2.49  45.1 -0.388    19.71 21.56 02a59170o0549c 0x000000  -3.800000
59170.509294 20.321591      NaN    -44      9 c    0   1.34 54.89629 -6.32511  9035.98  7328.64 2.80 2.60  43.9 -0.386    19.65 21.47 02a59170o0609c 0x000000  -4.888889
59173.449772 20.321591      NaN    -19      9 c    0   1.17 54.89629 -6.32511  8973.24  7401.56 2.99 2.71  49.7 -0.381    19.71 21.78 02a59173o0561c 0x000000  -2.111111
59173.453890 20.321591      NaN    -37      9 c    0   1.04 54.89629 -6.32511  8952.92  7363.36 3.11 2.91  49.9 -0.383    19.60 21.77 02a59173o0570c 0x000000  -4.111111
59190.346230 20.405150      NaN      1      8 c    0   1.36 54.89629 -6.32511  7444.86  2884.61 2.38 2.34 -72.0 -0.391    19.76 21.59 02a59190o0294c 0x000000   0.125000
59190.348060 20.594452      NaN    -31      7 c    0   2.10 54.89629 -6.32511  7462.91  2925.15 2.35 2.33  81.0 -0.393    19.72 21.58 02a59190o0298c 0x000000  -4.428571
59190.353614 20.321591      NaN    -49      9 c    0   0.98 54.89629 -6.32511  7406.36  2847.11 2.37 2.35 -60.1 -0.392    19.78 21.60 02a59190o0310c 0x000000  -5.444444
59190.371179 20.321591      NaN    -31      9 c    0   1.27 54.89629 -6.32511  3202.20  7591.90 2.53 2.42  35.0 -0.397    19.70 21.62 02a59190o0347c 0x000000  -3.444444
59193.375667 20.594452      NaN    -38      7 c    0   1.89 54.89629 -6.32511  3137.92  7667.31 2.49 2.41  35.4 -0.506    19.74 21.78 02a59193o0423c 0x000000  -5.428571
59193.378867 20.449472      NaN    -26      8 c    0   1.29 54.89629 -6.32511  3118.18  7631.05 2.63 2.39  44.0 -0.384    19.75 21.79 02a59193o0430c 0x000000  -3.250000
59193.384818 20.449472      NaN    -10      8 c    0   1.30 54.89629 -6.32511  3175.97  7709.13 2.53 2.35  42.3 -0.399    19.77 21.78 02a59193o0443c 0x000000  -1.250000
59193.395345 20.321591      NaN    -73      9 c    0   1.13 54.89629 -6.32511  3198.28  7593.68 2.65 2.42  47.2 -0.391    19.72 21.79 02a59193o0466c 0x000000  -8.111111
59194.389641 20.594452      NaN    -28      7 c    0   1.40 54.89629 -6.32511  3444.12  3314.26 2.51 2.43  85.1 -0.403    19.77 21.91 02a59194o0447c 0x000000  -4.000000
59194.392843 20.449472      NaN    -36      8 c    0   1.12 54.89629 -6.32511  3425.57  3276.11 2.48 2.41  74.6 -0.403    19.79 21.91 02a59194o0454c 0x000000  -4.500000
59194.399257 20.594452      NaN     -7      7 c    0   1.41 54.89629 -6.32511  3480.93  3355.51 2.43 2.36  71.8 -0.404    19.79 21.90 02a59194o0468c 0x000000  -1.000000
59194.412641 20.761819      NaN    -74      6 c    0   1.96 54.89629 -6.32511  3498.70  3237.95 2.44 2.37  72.1 -0.403    19.78 21.89 02a59194o0497c 0x000000 -12.333333
59196.425993 19.766969      NaN    -32     15 c    0   0.98 54.89629 -6.32511   581.35  9122.61 4.68 4.39 -60.5 -0.302    19.15 21.83 01a59196o0070c 0x000000  -2.133333
59196.429221 20.103715      NaN    -30     11 c    0   1.11 54.89629 -6.32511   600.73  9162.77 3.69 3.56 -71.4 -0.377    19.28 21.82 01a59196o0077c 0x000000  -2.727273
59196.434755 20.321591      NaN    -36      9 c    0   1.23 54.89629 -6.32511   543.32  9085.27 3.06 2.85 -35.2 -0.351    19.65 21.82 01a59196o0089c 0x000000  -4.000000
59196.445900 20.207197      NaN    -27     10 c    0   1.16 54.89629 -6.32511   524.50  9202.12 3.58 3.29 -64.1 -0.319    19.50 21.77 01a59196o0113c 0x000000  -2.700000
59198.370978 18.590371      NaN     34     33 c    0   1.10 54.89629 -6.32511  3443.42  3314.44 2.40 2.32  77.9 -0.408    18.29 19.96 02a59198o0404c 0x100002   1.030303
59198.393399 20.009244      NaN    -30     12 c    0   1.19 54.89629 -6.32511  3424.82  3276.40 2.37 2.29 -85.5 -0.410    19.28 21.09 02a59198o0450c 0x000000  -2.500000
59198.397164 19.922338      NaN    -72     13 c    0   1.62 54.89629 -6.32511  3484.87  3357.75 2.38 2.30  77.6 -0.411    19.08 20.87 02a59198o0458c 0x000000  -5.538462
59198.402678 20.207197      NaN    -24     10 c    0   1.42 54.89629 -6.32511  3502.91  3239.42 2.41 2.32  76.6 -0.406    19.56 21.42 02a59198o0470c 0x000000  -2.400000
59200.358710 20.449472      NaN    -38      8 c    0   1.43 54.89629 -6.32511  9334.21  2767.01 2.60 2.45 -41.7 -0.390    19.89 21.92 01a59200o0266c 0x000000  -4.750000
59200.361485 20.594452      NaN    -13      7 c    0   2.03 54.89629 -6.32511  9354.93  2805.68 2.53 2.34 -71.9 -0.399    19.91 21.90 01a59200o0272c 0x000000  -1.857143
59200.393241 20.103715      NaN    -47     11 c    0   1.18 54.89629 -6.32511  9300.64  2724.88 2.46 2.35 -67.0 -0.386    19.37 21.34 01a59200o0340c 0x000000  -4.272727
59200.402085 20.321591      NaN    -18      9 c    0   1.57 54.89629 -6.32511  9279.88  2841.10 2.59 2.48 -63.1 -0.389    19.79 21.83 01a59200o0359c 0x000000  -2.000000
59220.319076 20.321591      NaN    -38      9 c    0   0.96 54.89629 -6.32511  3379.40  1141.03 2.53 2.36   4.1 -0.404    19.76 21.87 01a59220o0276c 0x000000  -4.222222
59220.322303 20.449472      NaN     -7      8 c    0   1.26 54.89629 -6.32511  3399.93  1179.96 2.57 2.20   1.1 -0.396    19.77 21.88 01a59220o0283c 0x000000  -0.875000
59220.332447 20.594452      NaN    -26      7 c    0   1.80 54.89629 -6.32511  3341.83  1101.70 2.44 2.21  -2.1 -0.399    19.80 21.89 01a59220o0305c 0x000000  -3.714286
59220.337988 20.761819      NaN    -46      6 c    0   1.45 54.89629 -6.32511  3324.40  1217.86 2.33 2.20   7.4 -0.403    19.88 21.91 01a59220o0317c 0x000000  -7.666667
59221.331102 20.761819      NaN    -46      6 c    0   2.31 54.89629 -6.32511  6924.23  5552.81 2.54 2.37  57.5 -0.404    19.78 21.78 02a59221o0301c 0x000000  -7.666667
59221.334322 20.594452      NaN    -26      7 c    0   1.44 54.89629 -6.32511  6905.70  5516.42 2.53 2.42  69.5 -0.403    19.76 21.79 02a59221o0308c 0x000000  -3.714286
59221.341212 20.449472      NaN    -26      8 c    0   1.22 54.89629 -6.32511  6961.47  5589.80 2.56 2.40  60.5 -0.399    19.76 21.79 02a59221o0323c 0x000000  -3.250000
59221.353597 19.674510      NaN     22      9 c    0   1.04 54.89629 -6.32511  6982.17  5480.26 2.53 2.43  63.3 -0.453    19.77 21.76 02a59221o0350c 0x000000   2.444444
59222.353405 20.321591      NaN    -28      9 c    0   1.09 54.89629 -6.32511  6919.97  5553.44 2.59 2.49  67.4 -0.398    19.71 21.74 02a59222o0349c 0x000000  -3.111111
59222.356631 20.449472      NaN    -26      8 c    0   1.15 54.89629 -6.32511  6901.06  5514.66 2.59 2.47  68.8 -0.399    19.74 21.73 02a59222o0356c 0x000000  -3.250000
59222.364493 20.449472      NaN    -49      8 c    0   1.38 54.89629 -6.32511  6959.59  5591.92 2.56 2.49  78.2 -0.399    19.74 21.71 02a59222o0373c 0x000000  -6.125000
59222.375060 20.449472      NaN    -39      8 c    0   1.83 54.89629 -6.32511  6980.79  5475.86 2.65 2.57 -79.9 -0.394    19.68 21.72 02a59222o0396c 0x000000  -4.875000
59224.333974 20.594452      NaN    -44      7 c    0   1.47 54.89629 -6.32511  3270.38  7443.42 2.44 2.19 -84.6 -0.399    19.85 21.87 01a59224o0241c 0x000000  -6.285714
59224.338117 20.761819      NaN     -2      6 c    0   1.76 54.89629 -6.32511  3290.89  7481.64 2.36 2.11 -83.3 -0.403    19.84 21.88 01a59224o0250c 0x000000  -0.333333
59224.344572 20.594452      NaN    -18      7 c    0   1.54 54.89629 -6.32511  3232.78  7405.16 2.45 2.13 -84.0 -0.405    19.80 21.85 01a59224o0264c 0x000000  -2.571429
59224.354810 20.321591      NaN    -40      9 c    0   1.06 54.89629 -6.32511  3213.52  7520.88 2.57 2.46 -43.3 -0.376    19.68 21.69 01a59224o0286c 0x000000  -4.444444
59226.338590 20.321591      NaN    -26      9 c    0   1.88 54.89629 -6.32511  5183.10  9525.80 2.58 2.53  84.1 -0.400    19.77 21.84 02a59226o0313c 0x000000  -2.888889
59226.341903 20.103715      NaN    -38     11 c    0   1.16 54.89629 -6.32511  5164.20  9486.72 2.70 2.65 -89.3 -0.397    19.68 21.83 02a59226o0320c 0x000000  -3.454545
59226.348384 20.321591      NaN    -36      9 c    0   1.40 54.89629 -6.32511  5223.31  9564.78 2.72 2.64 -84.7 -0.396    19.71 21.81 02a59226o0334c 0x000000  -4.000000
59226.358546 20.449472      NaN    -41      8 c    0   1.93 54.89629 -6.32511  5245.13  9449.07 2.58 2.53  88.2 -0.398    19.76 21.80 02a59226o0356c 0x000000  -5.125000
59228.340204 20.594452      NaN    -35      7 c    0   2.17 54.89629 -6.32511  3267.96  7434.44 2.81 2.60 -76.0 -0.362    19.67 21.90 01a59228o0035c 0x000000  -5.000000
59228.343449 20.449472      NaN    -29      8 c    0   1.36 54.89629 -6.32511  3287.73  7473.29 2.89 2.68 -79.0 -0.351    19.62 21.87 01a59228o0042c 0x000000  -3.625000
59228.349009 20.321591      NaN    -33      9 c    0   1.12 54.89629 -6.32511  3230.21  7395.78 2.81 2.55 -79.2 -0.375    19.68 21.86 01a59228o0054c 0x000000  -3.666667
59228.363334 20.321591      NaN    -39      9 c    0   1.01 54.89629 -6.32511  3209.00  7511.93 2.92 2.74 -29.3 -0.344    19.62 21.82 01a59228o0085c 0x000000  -4.333333
59230.288676 20.207197      NaN    -46     10 c    0   1.16 54.89629 -6.32511  5187.56  9525.08 2.48 2.45  41.5 -0.413    19.81 21.73 02a59230o0200c 0x000000  -4.600000
59230.298756 20.207197      NaN    -39     10 c    0   0.97 54.89629 -6.32511  5169.70  9484.87 2.58 2.49  60.8 -0.404    19.77 21.69 02a59230o0222c 0x000000  -3.900000
59230.302428 20.207197      NaN    -34     10 c    0   1.11 54.89629 -6.32511  5227.44  9563.51 2.58 2.51  77.7 -0.408    19.75 21.68 02a59230o0230c 0x000000  -3.400000
59230.308410 20.449472      NaN    -26      8 c    0   1.60 54.89629 -6.32511  5247.01  9446.30 2.56 2.48 -89.6 -0.411    19.78 21.66 02a59230o0243c 0x000000  -3.250000
59248.340359 20.207197      NaN    -20     10 c    0   1.26 54.89629 -6.32511  9438.56  4707.46 3.02 2.61  82.8 -0.389    19.58 21.65 01a59248o0240c 0x000000  -2.000000
59248.343615 20.103715      NaN    -34     11 c    0   1.36 54.89629 -6.32511  9457.66  4745.95 3.56 2.93 -87.4 -0.362    19.40 21.62 01a59248o0247c 0x000000  -3.090909
59248.349140 20.449472      NaN    -17      8 c    0   1.97 54.89629 -6.32511  9399.58  4670.11 2.67 2.27  89.7 -0.397    19.69 21.59 01a59248o0259c 0x000000  -2.125000
59248.361585 20.103715      NaN    -38     11 c    0   1.07 54.89629 -6.32511  9379.60  4791.32 3.01 2.53  88.6 -0.395    19.50 21.53 01a59248o0286c 0x000000  -3.454545
59252.292901 20.321591      NaN     -8      9 c    0   1.26 54.89629 -6.32511  9442.70  4702.78 2.50 2.26  87.6 -0.408    19.83 21.76 01a59252o0193c 0x000000  -0.888889
59252.297047 20.449472      NaN    -30      8 c    0   1.17 54.89629 -6.32511  9462.85  4742.12 2.61 2.22 -85.6 -0.414    19.81 21.75 01a59252o0202c 0x000000  -3.750000
59252.302579 20.449472      NaN    -11      8 c    0   2.35 54.89629 -6.32511  9402.76  4665.55 2.77 2.49 -81.8 -0.399    19.70 21.73 01a59252o0214c 0x000000  -1.375000
59252.312770 20.449472      NaN    -11      8 c    0   1.79 54.89629 -6.32511  9383.52  4783.34 2.81 2.46 -86.8 -0.402    19.68 21.72 01a59252o0236c 0x000000  -1.375000
59256.294104 20.321591      NaN    -27      9 c    0   1.37 54.89629 -6.32511  6789.44  9276.67 2.65 2.44 -84.7 -0.355    19.62 21.65 01a59256o0193c 0x000000  -3.000000
59256.297333 20.761819      NaN    -14      6 c    0   3.81 54.89629 -6.32511  6808.72  9315.81 2.68 2.47 -84.8 -0.348    19.64 21.64 01a59256o0200c 0x000000  -2.333333
59256.303330 20.449472      NaN     -3      8 c    0   1.59 54.89629 -6.32511  6749.81  9238.45 2.65 2.47 -87.9 -0.345    19.62 21.62 01a59256o0213c 0x000000  -0.375000
59256.314860 20.449472      NaN    -28      8 c    0   1.09 54.89629 -6.32511  6730.23  9356.51 2.73 2.47  87.2 -0.343    19.57 21.59 01a59256o0238c 0x000000  -3.500000
59258.253084 20.321591      NaN    -17      9 c    0   1.17 54.89629 -6.32511  3061.52  5732.52 2.48 2.38  72.6 -0.395    19.72 21.54 02a59258o0082c 0x000000  -1.888889
59258.256742 20.449472      NaN    -63      8 c    0   1.49 54.89629 -6.32511  3042.59  5694.11 2.53 2.44  68.1 -0.398    19.65 21.54 02a59258o0090c 0x000000  -7.875000
59258.262730 20.207197      NaN    -18     10 c    0   1.07 54.89629 -6.32511  3101.28  5771.64 2.56 2.42  57.8 -0.388    19.71 21.53 02a59258o0103c 0x000000  -1.800000
59258.273371 20.449472      NaN    -20      8 c    0   1.32 54.89629 -6.32511  3123.32  5655.23 2.47 2.36  63.7 -0.395    19.64 21.51 02a59258o0126c 0x000000  -2.500000
59260.247743 20.449472      NaN    -24      8 c    0   1.68 54.89629 -6.32511  6781.71  9275.79 2.14 2.01 -87.8 -0.370    19.88 21.65 01a59260o0020c 0x000000  -3.000000
59260.251895 20.959772      NaN    -32      5 c    0   2.83 54.89629 -6.32511  6802.43  9313.87 2.20 2.04 -82.9 -0.366    19.84 21.65 01a59260o0029c 0x000000  -6.400000
59260.258340 20.594452      NaN    -10      7 c    0   1.85 54.89629 -6.32511  6745.01  9235.43 2.18 2.06 -88.1 -0.368    19.84 21.65 01a59260o0043c 0x000000  -1.428571
59260.268997 20.959772      NaN    -35      5 c    0   2.41 54.89629 -6.32511  6726.50  9353.11 2.35 2.04 -87.7 -0.369    19.82 21.66 01a59260o0066c 0x000000  -7.000000
59278.225903 19.766969      NaN    -69     15 c    0   1.37 54.89629 -6.32511  8882.45  5464.77 2.58 2.44  42.3 -0.383    19.08 20.34 02a59278o0006c 0x000000  -4.600000
59278.229103 20.009244      NaN    -27     12 c    0   1.43 54.89629 -6.32511  8862.97  5426.28 2.57 2.43  47.5 -0.383    19.32 20.73 02a59278o0013c 0x000000  -2.250000
59278.235510 20.103715      NaN    -29     11 c    0   1.90 54.89629 -6.32511  8921.76  5504.05 2.57 2.49  48.6 -0.385    19.39 20.99 02a59278o0027c 0x000000  -2.636364
59278.245597 19.922338      NaN    -40     13 c    0   1.49 54.89629 -6.32511  8943.05  5387.02 2.54 2.48 -89.1 -0.389    19.25 20.80 02a59278o0049c 0x000000  -3.076923
59432.599964 20.449472      NaN    -12      8 c    0   1.36 54.89629 -6.32511  3242.78  9618.34 2.92 2.70 -74.4 -0.361    19.54 21.68 01a59432o0789c 0x000000  -1.500000
59432.615008 20.321591      NaN    -12      9 c    0   1.32 54.89629 -6.32511  3227.10  9581.67 2.96 2.69 -63.9 -0.362    19.59 21.62 01a59432o0821c 0x000000  -1.333333
59432.625296 20.103715      NaN    -13     11 c    0   1.40 54.89629 -6.32511  3287.78  9659.45 2.62 2.47 -35.6 -0.359    19.36 20.71 01a59432o0843c 0x000000  -1.181818
59432.629443 19.569016      NaN    -35     18 c    0   1.16 54.89629 -6.32511  3308.50  9542.07 2.70 2.54 -19.9 -0.353    18.86 19.78 01a59432o0852c 0x000000  -1.944444
59436.597578 20.594452      NaN    -16      7 c    0   2.16 54.89629 -6.32511  3250.71  9627.16 2.16 1.93 -60.5 -0.398    19.94 21.72 01a59436o0774c 0x000000  -2.285714
59436.615605 20.594452      NaN    -20      7 c    0   2.07 54.89629 -6.32511  3237.37  9589.86 2.16 1.94 -59.5 -0.397    19.92 21.71 01a59436o0813c 0x000000  -2.857143
59436.623954 20.594452      NaN    -35      7 c    0   2.46 54.89629 -6.32511  3295.03  9667.88 2.13 1.93 -58.2 -0.395    19.79 21.20 01a59436o0831c 0x000000  -5.000000
59436.632719 19.351140      NaN    -24     22 c    0   0.99 54.89629 -6.32511  3318.53  9550.98 2.32 2.14 -49.5 -0.376    18.73 19.31 01a59436o0850c 0x000000  -1.090909
59440.603324 20.449472      NaN    -23      8 c    0   1.05 54.89629 -6.32511  4998.64  5648.12 3.09 2.61  -5.9 -0.333    19.64 21.75 01a59440o0800c 0x000000  -2.875000
59440.616712 20.449472      NaN    -21      8 c    0   1.25 54.89629 -6.32511  4981.53  5610.10 3.35 2.82  -4.6 -0.327    19.54 21.71 01a59440o0829c 0x000000  -2.625000
59440.625586 20.207197      NaN     -2     10 c    0   1.18 54.89629 -6.32511  5039.76  5687.17 3.42 2.66  -2.3 -0.315    19.34 21.08 01a59440o0848c 0x000000  -0.200000
59440.631168 19.367717      NaN      5     20 c    0   0.83 54.89629 -6.32511  5058.64  5570.42 3.67 2.78   0.6 -0.297    18.72 19.88 01a59440o0860c 0x000000   0.250000
59444.552099 20.761819      NaN    -34      6 c    0   1.59 54.89629 -6.32511  4994.95  5651.15 2.59 2.54 -46.1 -0.368    19.69 21.53 01a59444o0642c 0x000000  -5.666667
59444.554871 20.594452      NaN    -29      7 c    0   1.56 54.89629 -6.32511  4975.75  5612.09 2.46 2.39 -47.0 -0.367    19.78 21.56 01a59444o0648c 0x000000  -4.142857
59444.560890 20.594452      NaN    -38      7 c    0   1.74 54.89629 -6.32511  5035.62  5690.29 2.50 2.44 -61.2 -0.362    19.78 21.58 01a59444o0661c 0x000000  -5.428571
59444.575188 20.761819      NaN    -46      6 c    0   1.53 54.89629 -6.32511  5058.71  5575.85 2.55 2.47 -62.4 -0.359    19.80 21.68 01a59444o0692c 0x000000  -7.666667
59462.564579 20.321591      NaN    -39      9 c    0   1.08 54.89629 -6.32511  7515.68  4830.93 2.44 2.29  38.1 -0.393    19.75 21.61 02a59462o0658c 0x000000  -4.333333
59462.566879 20.594452      NaN    -32      7 c    0   2.34 54.89629 -6.32511  7533.45  4871.51 2.45 2.29  36.8 -0.389    19.76 21.63 02a59462o0663c 0x000000  -4.571429
59462.572859 20.449472      NaN    -46      8 c    0   1.64 54.89629 -6.32511  7477.16  4792.14 2.44 2.28  37.5 -0.391    19.76 21.65 02a59462o0676c 0x000000  -5.750000
59462.586621 20.321591      NaN    -22      9 c    0   1.18 54.89629 -6.32511  7455.70  4911.84 2.53 2.34  31.2 -0.387    19.73 21.71 02a59462o0706c 0x000000  -2.444444
59466.542157 20.449472      NaN    -49      8 c    0   1.32 54.89629 -6.32511  1472.81  1214.22 2.42 2.28 -66.3 -0.425    19.70 21.62 02a59466o0703c 0x000000  -6.125000
59466.544465 20.321591      NaN    -49      9 c    0   1.21 54.89629 -6.32511  1492.94  1253.28 2.40 2.27 -67.3 -0.428    19.70 21.61 02a59466o0708c 0x000000  -5.444444
59466.549529 20.449472      NaN    -76      8 c    0   2.06 54.89629 -6.32511  1433.29  1174.38 2.41 2.25 -67.8 -0.429    19.76 21.60 02a59466o0719c 0x000000  -9.500000
59466.554580 20.594452      NaN    -18      7 c    0   2.14 54.89629 -6.32511  1413.62  1291.39 2.38 2.24 -60.7 -0.429    19.77 21.62 02a59466o0730c 0x000000  -2.571429
59470.537044 20.321591      NaN    -32      9 c    0   1.29 54.89629 -6.32511  1490.74  1251.38 2.40 2.24 -65.0 -0.429    19.59 21.20 02a59470o0654c 0x000000  -3.555556
59470.544001 20.103715      NaN    -33     11 c    0   1.34 54.89629 -6.32511  1494.16  1250.86 2.60 2.42 -63.4 -0.420    19.50 21.26 02a59470o0667c 0x000000  -3.000000
59470.547258 20.207197      NaN    -13     10 c    0   1.38 54.89629 -6.32511  1435.81  1171.08 2.49 2.25 -67.5 -0.429    19.61 21.30 02a59470o0674c 0x000000  -1.300000
59470.556412 20.321591      NaN    -42      9 c    0   1.27 54.89629 -6.32511  1415.95  1289.34 2.48 2.24 -60.9 -0.430    19.66 21.41 02a59470o0694c 0x000000  -4.666667
59518.440191 20.449472      NaN    -13      8 c    0   1.56 54.89629 -6.32511  9080.20  7160.75 2.53 2.46  57.5 -0.404    19.77 21.67 02a59518o0554c 0x000000  -1.625000
59518.448591 20.449472      NaN    -61      8 c    0   1.60 54.89629 -6.32511  9105.30  7200.05 2.58 2.46  39.3 -0.402    19.78 21.67 02a59518o0572c 0x000000  -7.625000
59518.451335 20.594452      NaN    -16      7 c    0   1.95 54.89629 -6.32511  9048.70  7120.52 2.61 2.43  40.3 -0.395    19.76 21.66 02a59518o0578c 0x000000  -2.285714
59518.456431 20.594452      NaN    -46      7 c    0   1.95 54.89629 -6.32511  9026.52  7238.11 2.61 2.45  44.3 -0.397    19.76 21.66 02a59518o0589c 0x000000  -6.571429
59522.498782 20.103715      NaN    -11     11 c    0   1.05 54.89629 -6.32511  7130.23  9437.99 2.80 2.70  52.3 -0.389    19.65 21.45 02a59522o0693c 0x000000  -1.000000
59522.502456 20.103715      NaN    -65     11 c    0   1.01 54.89629 -6.32511  7113.71  9400.28 2.81 2.66  52.9 -0.389    19.63 21.44 02a59522o0701c 0x000000  -5.909091
59522.530769 20.321591      NaN    -37      9 c    0   1.54 54.89629 -6.32511  7166.22  9480.63 2.67 2.59  62.9 -0.396    19.66 21.51 02a59522o0762c 0x000000  -4.111111
59522.537360 20.103715      NaN    -42     11 c    0   1.26 54.89629 -6.32511  7188.05  9363.74 2.78 2.69  66.0 -0.388    19.63 21.51 02a59522o0776c 0x000000  -3.818182
59526.428527 20.594452      NaN    -29      7 c    0   1.48 54.89629 -6.32511  3452.75  1122.70 2.43 2.31 -67.9 -0.419    19.68 21.55 02a59526o0536c 0x000000  -4.142857
59526.430357 20.449472      NaN    -22      8 c    0   1.16 54.89629 -6.32511  3471.98  1160.76 2.40 2.29 -67.0 -0.425    19.72 21.56 02a59526o0540c 0x000000  -2.750000
59526.434015 20.449472      NaN     -4      8 c    0   1.89 54.89629 -6.32511  3413.74  1084.53 2.43 2.30 -71.4 -0.423    19.76 21.56 02a59526o0548c 0x000000  -0.500000
59526.439071 20.594452      NaN    -23      7 c    0   1.61 54.89629 -6.32511  3393.48  1200.76 2.39 2.28 -65.4 -0.423    19.72 21.55 02a59526o0559c 0x000000  -3.285714