         MJD         m       dm   uJy  duJy F  err  chi/N        RA       Dec        x        y  maj  min   phi  apfit  mag5sig   Sky            Obs     Mask   __tmp_SN
57747.593407 19.766969      NaN   -17    15 c    0   2.15 151.44933 -17.43436  8498.80  5055.40 4.15 4.01   7.1 -0.380    19.62 21.73 02a57747o0814c 0x000000  -1.133333
57747.606892 19.841877      NaN   -10    14 c    0   2.16 151.44933 -17.43436  8482.04  5018.78 4.07 3.91  81.0 -0.377    19.62 21.68 02a57747o0841c 0x000000  -0.714286
57747.625109 19.766969      NaN   -78    15 c    0   2.29 151.44933 -17.43436  8538.21  5095.51 4.06 3.95  10.9 -0.384    19.61 21.66 02a57747o0877c 0x000000  -5.200000
57747.634613 19.766969      NaN  -128    15 c    0   2.38 151.44933 -17.43436  8558.10  4980.43 4.16 4.01   0.3 -0.366    19.58 21.65 02a57747o0896c 0x000000  -8.533333
57747.641106 19.766969      NaN   -41    15 c    0   2.05 151.44933 -17.43436  8522.17  5037.99 3.93 3.64  88.5 -0.394    19.65 21.62 02a57747o0909c 0x000000  -2.733333
57751.575353 19.766969      NaN   -97    15 c    0   1.74 151.44933 -17.43436  2273.50  3993.05 3.89 3.83 -85.9 -0.390    19.78 21.88 02a57751o0297c 0x000000  -6.466667
57751.588434 19.841877      NaN   -64    14 c    0   2.52 151.44933 -17.43436  2257.02  3956.82 3.85 3.78  85.0 -0.392    19.79 21.87 02a57751o0323c 0x000000  -4.571429
57751.602548 19.841877      NaN   -50    14 c    0   2.11 151.44933 -17.43436  2313.96  4035.45 3.82 3.78 -82.3 -0.391    19.79 21.86 02a57751o0351c 0x000000  -3.571429
57751.616624 19.766969      NaN   -10    15 c    0   1.92 151.44933 -17.43436  2333.26  3919.73 3.84 3.77 -86.6 -0.393    19.76 21.81 02a57751o0379c 0x000000  -0.666667
57751.630151 19.841877      NaN   -74    14 c    0   2.16 151.44933 -17.43436  2296.33  3979.41 3.88 3.82 -74.8 -0.391    19.72 21.75 02a57751o0406c 0x000000  -5.285714
57755.564921 19.841877      NaN   -94    14 c    0   2.61 151.44933 -17.43436  1076.53  6318.54 3.79 3.56  49.7 -0.429    19.86 21.92 02a57755o0712c 0x000000  -6.714286
57755.578355 19.922338      NaN   -84    13 c    0   2.61 151.44933 -17.43436  1059.63  6281.92 3.81 3.57  51.6 -0.431    19.82 21.86 02a57755o0738c 0x000000  -6.461538
57755.592246 19.766969      NaN   -30    15 c    0   2.04 151.44933 -17.43436  1115.95  6360.59 3.78 3.54  55.4 -0.435    19.82 21.85 02a57755o0765c 0x000000  -2.000000
57755.606108 19.841877      NaN    -2    14 c    0   2.62 151.44933 -17.43436  1136.79  6244.86 3.78 3.53  55.5 -0.436    19.80 21.80 02a57755o0792c 0x000000  -0.142857
57755.620227 19.766969      NaN   -34    15 c    0   2.33 151.44933 -17.43436  1099.65  6304.21 3.81 3.55  56.2 -0.427    19.77 21.75 02a57755o0819c 0x000000  -2.266667
57779.503634 19.841877      NaN   -92    14 c    0   2.46 151.44933 -17.43436   535.13  6651.43 4.07 3.62  53.2 -0.416    19.80 21.89 02a57779o0556c 0x000000  -6.571429
57779.516058 19.696897      NaN   -49    16 c    0   1.81 151.44933 -17.43436 10175.02  6680.42 3.93 3.44 -84.2 -0.433    19.79 21.87 02a57779o0580c 0x000000  -3.062500
57779.519151 19.696897      NaN   -18    16 c    0   1.99 151.44933 -17.43436   517.38  6612.95 4.16 3.74  55.6 -0.398    19.77 21.91 02a57779o0586c 0x000000  -1.125000
57779.531522 19.841877      NaN   -45    14 c    0   2.44 151.44933 -17.43436 10157.48  6644.74 3.92 3.40 -85.2 -0.430    19.80 21.89 02a57779o0610c 0x000000  -3.214286
57779.534622 19.696897      NaN   -11    16 c    0   2.12 151.44933 -17.43436   593.10  6695.28 4.16 3.77  34.5 -0.405    19.76 21.89 02a57779o0616c 0x000000  -0.687500
57779.547568 19.841877      NaN  -158    14 c    0   2.55 151.44933 -17.43436 10234.17  6723.72 4.06 3.97  81.6 -0.405    19.72 21.85 02a57779o0641c 0x000000 -11.285714
57779.550600 19.696897      NaN    -9    16 c    0   1.91 151.44933 -17.43436   613.55  6577.89 4.06 3.70  44.0 -0.407    19.76 21.83 02a57779o0647c 0x000000  -0.562500
57779.563064 19.841877      NaN   -26    14 c    0   2.73 151.44933 -17.43436 10253.48  6607.31 3.97 3.56 -87.8 -0.425    19.76 21.81 02a57779o0671c 0x000000  -1.857143
57779.566225 19.766969      NaN   -29    15 c    0   2.26 151.44933 -17.43436   577.45  6635.39 4.01 3.68  42.7 -0.413    19.73 21.79 02a57779o0677c 0x000000  -1.933333
57779.578600 19.766969      NaN  -119    15 c    0   2.14 151.44933 -17.43436 10217.77  6665.77 4.03 3.83 -89.2 -0.410    19.73 21.84 02a57779o0701c 0x000000  -7.933333
57783.511706 19.652575      NaN     5    15 c    0   2.30 151.44933 -17.43436  9242.02  4863.98 3.99 3.53  81.8 -0.424    19.76 21.87 02a57783o0564c 0x000000   0.333333
57783.526782 19.766969      NaN   -98    15 c    0   1.99 151.44933 -17.43436  9224.18  4827.78 4.08 3.65  81.7 -0.414    19.74 21.88 02a57783o0593c 0x000000  -6.533333
57783.542892 19.696897      NaN   -24    16 c    0   1.97 151.44933 -17.43436  9282.23  4905.66 4.08 3.73  80.5 -0.419    19.71 21.84 02a57783o0624c 0x000000  -1.500000
57783.558517 19.631075      NaN   -75    17 c    0   1.76 151.44933 -17.43436  9303.39  4789.31 4.29 4.05  80.6 -0.399    19.65 21.85 02a57783o0654c 0x000000  -4.411765
57783.574627 19.766969      NaN   -57    15 c    0   2.15 151.44933 -17.43436  9267.56  4847.64 4.08 3.71  81.9 -0.419    19.74 21.90 02a57783o0685c 0x000000  -3.800000
57787.481199 19.841877      NaN   -29    14 c    0   2.23 151.44933 -17.43436  8414.89  3671.27 3.97 3.69  81.0 -0.391    19.78 21.96 02a57787o0511c 0x000000  -2.071429
57787.494059 19.922338      NaN   -27    13 c    0   2.78 151.44933 -17.43436  8398.94  3630.90 3.97 3.64  84.0 -0.391    19.79 21.96 02a57787o0537c 0x000000  -2.076923
57787.509214 19.841877      NaN   -25    14 c    0   2.68 151.44933 -17.43436  8471.61  3710.67 3.89 3.56  83.1 -0.399    19.83 21.98 02a57787o0568c 0x000000  -1.785714
57787.523441 19.766969      NaN   -28    15 c    0   2.31 151.44933 -17.43436  8492.73  3596.93 3.85 3.52  85.8 -0.401    19.84 21.97 02a57787o0596c 0x000000  -1.866667
57787.541044 19.841877      NaN   -54    14 c    0   2.27 151.44933 -17.43436  8438.60  3651.90 3.82 3.51  85.9 -0.402    19.81 21.90 02a57787o0631c 0x000000  -3.857143
57803.486255 19.569016      NaN   -44    18 c    0   1.79 151.44933 -17.43436  1634.85  5063.19 3.92 3.74  67.5 -0.399    19.53 21.41 02a57803o0519c 0x000000  -2.444444
57803.498003 19.271854      NaN    20    17 c    0   1.78 151.44933 -17.43436  1619.72  5021.68 3.91 3.73  69.6 -0.399    19.45 21.23 02a57803o0542c 0x000000   1.176471
57803.521884 19.401649      NaN   -14    21 c    0   1.37 151.44933 -17.43436  1696.82  4984.77 3.82 3.64  72.6 -0.402    19.34 20.98 02a57803o0589c 0x000000  -0.666667
57803.533521 19.510313      NaN   -15    19 c    0   2.07 151.44933 -17.43436  1660.64  5040.45 3.83 3.65  72.2 -0.406    19.28 20.90 02a57803o0612c 0x000000  -0.789474
57807.481549 19.334813      NaN    19    16 c    0   2.21 151.44933 -17.43436  8525.52  6794.22 3.95 3.63  87.6 -0.415    19.71 21.81 02a57807o0491c 0x000000   1.187500
57807.496758 19.287255      NaN    28    14 c    0   3.56 151.44933 -17.43436  8508.94  6755.57 4.00 3.69  88.7 -0.407    19.67 21.78 02a57807o0520c 0x000000   2.000000
57807.512507 19.631075      NaN     9    14 c    0   3.07 151.44933 -17.43436  8567.70  6831.76 3.94 3.60  88.8 -0.414    19.69 21.77 02a57807o0550c 0x000000   0.642857
57807.527550 19.529530      NaN    11    15 c    0   2.61 151.44933 -17.43436  8588.46  6714.28 3.90 3.57  87.8 -0.421    19.67 21.73 02a57807o0579c 0x000000   0.733333
57807.542673 19.631075      NaN    -9    17 c    0   2.34 151.44933 -17.43436  8552.90  6769.92 3.86 3.55 -89.7 -0.425    19.65 21.69 02a57807o0608c 0x000000  -0.529412
57835.416793 19.510313      NaN   -43    19 c    0   2.06 151.44933 -17.43436  9588.70  6090.47 3.83 3.35 -86.0 -0.436    19.03 20.96 02a57835o0298c 0x000000  -2.263158
57835.432223 19.510313      NaN   -56    19 c    0   2.03 151.44933 -17.43436  9570.26  6051.99 3.89 3.45 -88.4 -0.433    19.02 20.96 02a57835o0328c 0x000000  -2.947368
57835.448475 19.334813      NaN     1    22 c    0   1.69 151.44933 -17.43436  9627.83  6128.75 3.84 3.36 -87.5 -0.437    19.00 20.89 02a57835o0359c 0x000000   0.045455
57835.464341 19.569016      NaN   -24    18 c    0   2.78 151.44933 -17.43436  9650.37  6009.62 3.87 3.46 -89.4 -0.432    18.96 20.81 02a57835o0389c 0x000000  -1.333333
57835.479542 19.510313      NaN   -86    19 c    0   2.04 151.44933 -17.43436  9614.55  6066.48 3.97 3.58 -88.4 -0.424    18.86 20.69 02a57835o0418c 0x000000  -4.526316
57839.390953 19.302877      NaN  -226    23 c    0   3.12 151.44933 -17.43436    70.36  5578.32 4.14 3.69  57.5 -0.371    18.97 20.85 02a57839o0328c 0x000000  -9.826087
57839.406286 18.978793      NaN  -311    31 c    0   2.08 151.44933 -17.43436    51.93  5538.63 4.14 3.70  58.8 -0.365    18.94 20.77 02a57839o0357c 0x100002 -10.032258
57839.417951 19.351140      NaN   -81    22 c    0   1.80 151.44933 -17.43436  9688.25  5582.79 3.90 3.46 -85.7 -0.428    18.72 20.45 02a57839o0379c 0x000000  -3.681818
57839.422212 19.351140      NaN  -172    22 c    0   1.82 151.44933 -17.43436   110.08  5615.32 4.12 3.66  58.4 -0.375    18.86 20.59 02a57839o0387c 0x000000  -7.818182
57839.433890 19.454622 0.361912    60    20 c    0   2.84 151.44933 -17.43436  9745.97  5658.58 3.91 3.47 -85.7 -0.428    18.88 20.63 02a57839o0409c 0x000000   3.000000
57839.437590 19.454622      NaN  -270    20 c    0   2.42 151.44933 -17.43436   132.54  5497.32 4.15 3.75  57.4 -0.371    18.85 20.62 02a57839o0416c 0x000000 -13.500000
57839.449259 19.510313      NaN  -273    19 c    0   2.35 151.44933 -17.43436  9767.39  5540.50 4.05 3.74 -88.6 -0.409    18.84 20.66 02a57839o0438c 0x000000 -14.368421
57839.453512 19.454622      NaN   -85    20 c    0   3.13 151.44933 -17.43436    96.70  5553.03 4.17 3.77  58.1 -0.365    18.81 20.61 02a57839o0446c 0x000000  -4.250000
57839.465262 19.351140      NaN   -34    22 c    0   2.02 151.44933 -17.43436  9732.01  5597.41 4.00 3.65 -88.5 -0.413    18.84 20.62 02a57839o0468c 0x000000  -1.545455
57843.381897 19.401649      NaN  -114    21 c    0   1.99 151.44933 -17.43436  1015.68  7084.68 4.07 3.77  32.1 -0.414    18.92 20.85 02a57843o0289c 0x000000  -5.428571
57843.397524 19.510313      NaN  -160    19 c    0   2.01 151.44933 -17.43436   998.93  7044.96 3.94 3.69  48.9 -0.428    18.94 20.83 02a57843o0317c 0x000000  -8.421053
57843.413263 19.454622      NaN  -105    20 c    0   2.55 151.44933 -17.43436  1055.12  7121.33 3.91 3.64  49.4 -0.430    18.92 20.79 02a57843o0347c 0x000000  -5.250000
57843.428865 19.351140      NaN   -47    22 c    0   1.95 151.44933 -17.43436  1075.58  7005.48 3.99 3.71  50.2 -0.418    18.86 20.73 02a57843o0377c 0x000000  -2.136364
57843.444587 19.302877      NaN  -222    23 c    0   2.09 151.44933 -17.43436  1042.35  7060.63 3.88 3.64  50.3 -0.426    18.84 20.63 02a57843o0407c 0x000000  -9.652174
57847.370994 18.186107      NaN    88    35 c    0   1.42 151.44933 -17.43436   818.01  5683.51 3.95 3.63  58.8 -0.423    18.35 19.48 02a57847o0278c 0x100002   2.514286
57847.382489 18.757738      NaN     3    37 c    0   1.50 151.44933 -17.43436 10454.35  5707.64 3.94 3.41 -86.4 -0.435    18.37 19.53 02a57847o0300c 0x100002   0.081081
57847.386250 18.675237      NaN  -131    41 c    0   1.46 151.44933 -17.43436   803.13  5643.45 3.98 3.63  58.7 -0.420    18.33 19.45 02a57847o0307c 0x100002  -3.195122
57847.398227 18.910912      NaN  -194    33 c    0   1.98 151.44933 -17.43436 10439.28  5668.06 3.97 3.40 -88.1 -0.429    18.35 19.50 02a57847o0330c 0x100002  -5.878788
57847.401919 18.702047      NaN   -87    40 c    0   1.77 151.44933 -17.43436   859.96  5720.19 3.97 3.58  60.0 -0.428    18.30 19.40 02a57847o0337c 0x100002  -2.175000
57847.413935 18.261819      NaN   -12    60 c    0   1.48 151.44933 -17.43436 10496.93  5744.25 3.94 3.44 -86.7 -0.429    18.32 19.46 02a57847o0360c 0x100002  -0.200000
57847.417605 18.816441      NaN  -167    36 c    0   1.78 151.44933 -17.43436   879.62  5602.90 4.02 3.63  60.1 -0.426    18.23 19.34 02a57847o0367c 0x100002  -4.638889
57847.433311 18.816441      NaN  -160    36 c    0   1.85 151.44933 -17.43436   845.50  5658.24 3.96 3.62  59.9 -0.419    18.20 19.29 02a57847o0397c 0x100002  -4.444444
57863.367582 19.401649      NaN   -14    21 c    0   1.60 151.44933 -17.43436  8810.36  6879.05 3.89 3.52  87.5 -0.427    18.77 20.43 02a57863o0254c 0x000000  -0.666667
57863.380133 19.051202      NaN    30    19 c    0   1.55 151.44933 -17.43436  8793.96  6839.40 3.87 3.50  88.6 -0.426    18.76 20.40 02a57863o0278c 0x000000   1.578947
57863.392213 19.510313      NaN    -7    19 c    0   1.85 151.44933 -17.43436  8851.29  6916.29 3.87 3.49  87.4 -0.428    18.75 20.38 02a57863o0301c 0x000000  -0.368421
57863.403749 19.454622      NaN   -49    20 c    0   1.60 151.44933 -17.43436  8870.17  6799.07 3.85 3.49  85.5 -0.426    18.70 20.29 02a57863o0323c 0x000000  -2.450000
57863.415796 19.302877      NaN     9    20 c    0   2.13 151.44933 -17.43436  8832.70  6856.88 3.87 3.50  85.6 -0.427    18.65 20.25 02a57863o0346c 0x000000   0.450000
57867.340983 15.638774      NaN -1056   672 c    0   1.03 151.44933 -17.43436  2310.22  5485.35 2.80 2.62  13.2 -0.461    15.68 16.73 02a57867o0233c 0x100002  -1.571429
57867.353018 17.809593      NaN  -450    91 c    0   2.01 151.44933 -17.43436  2294.53  5444.73 2.62 2.44  20.7 -0.472    16.49 17.49 02a57867o0256c 0x100002  -4.945055
57867.366703 16.485820      NaN  -569   308 c    0   1.07 151.44933 -17.43436  2352.68  5521.70 2.63 2.47  11.8 -0.467    15.74 16.71 02a57867o0282c 0x100002  -1.847403
57867.379836 17.729132      NaN  -413    98 c    0   1.27 151.44933 -17.43436  2372.87  5404.15 3.16 3.03   3.9 -0.439    16.68 17.89 02a57867o0307c 0x100002  -4.214286
57867.392395 17.990970      NaN  -353    77 c    0   1.97 151.44933 -17.43436  2336.26  5461.05 2.56 2.41  -0.0 -0.529    16.65 17.60 02a57867o0331c 0x100002  -4.584416
57871.348316 20.321591      NaN   -38     9 c    0   2.73 151.44933 -17.43436  2226.86  5810.24 2.84 2.58 -84.6 -0.416    19.43 20.70 02a57871o0085c 0x000000  -4.222222
57871.363599 20.137125      NaN     5     9 c    0   3.74 151.44933 -17.43436  2247.10  5694.07 2.84 2.54 -84.8 -0.423    19.40 20.65 02a57871o0114c 0x000000   0.555556
57871.379332 20.039830      NaN     2    11 c    0   3.19 151.44933 -17.43436  2212.66  5751.96 2.82 2.55 -82.6 -0.425    19.37 20.63 02a57871o0144c 0x000000   0.181818
57895.276432 19.922338      NaN   -17    13 c    0   2.95 151.44933 -17.43436  9134.98  6789.36 3.46 2.98  71.7 -0.454    19.41 21.43 02a57895o0080c 0x000000  -1.307692
57895.292360 19.766969      NaN   -45    15 c    0   2.91 151.44933 -17.43436  9121.49  6747.72 3.63 3.19  75.3 -0.456    19.42 21.48 02a57895o0110c 0x000000  -3.000000
57895.307630 19.696897      NaN     3    15 c    0   2.99 151.44933 -17.43436  9178.46  6823.36 3.08 2.64  72.7 -0.476    19.24 21.00 02a57895o0139c 0x000000   0.200000
57895.323927 19.549093      NaN    16    13 c    0   2.92 151.44933 -17.43436  9197.44  6706.49 3.47 3.14  72.3 -0.447    19.39 21.32 02a57895o0170c 0x000000   1.230769
57895.339742 19.089302      NaN   -27    28 c    0   1.33 151.44933 -17.43436  9159.91  6764.28 3.57 3.29  71.1 -0.425    18.71 20.61 02a57895o0200c 0x000000  -0.964286
57899.271400 19.719755      NaN     8    13 c    0   2.46 151.44933 -17.43436  8971.88  5586.63 3.02 2.71  62.7 -0.443    19.45 20.97 02a57899o0082c 0x000000   0.615385
57899.285676 19.922338      NaN   -37    13 c    0   2.19 151.44933 -17.43436  8954.76  5546.05 3.00 2.71  62.3 -0.444    19.48 21.00 02a57899o0109c 0x000000  -2.846154
57899.302082 19.922338      NaN   -14    13 c    0   2.32 151.44933 -17.43436  9012.63  5622.47 2.83 2.64  60.7 -0.456    19.56 21.15 02a57899o0140c 0x000000  -1.076923
57899.316917 20.009244      NaN   -28    12 c    0   2.28 151.44933 -17.43436  9050.94  5504.07 2.87 2.67  64.4 -0.451    19.50 21.18 02a57899o0168c 0x000000  -2.333333
57899.333314 19.419021      NaN    23    13 c    0   1.72 151.44933 -17.43436  8992.99  5561.46 2.84 2.69  65.6 -0.458    19.44 21.11 02a57899o0199c 0x000000   1.769231
57903.254567 19.766969      NaN   -43    15 c    0   2.54 151.44933 -17.43436  1071.30  4461.10 2.40 2.38  67.4 -0.461    19.30 20.36 02a57903o0037c 0x000000  -2.866667
57903.261165 20.009244      NaN   -55    12 c    0   2.20 151.44933 -17.43436  1052.09  4421.01 2.43 2.38  33.1 -0.459    19.39 20.61 02a57903o0050c 0x000000  -4.583333
57903.299560 19.351140      NaN   -23    22 c    0   4.11 151.44933 -17.43436  1090.46  4436.40 2.51 2.41   1.0 -0.469    19.28 20.44 02a57903o0125c 0x000000  -1.045455
58081.566201 20.103715      NaN   -28    11 c    0   3.09 151.44933 -17.43436  7687.48   582.89 3.39 2.74  48.2 -0.418    19.47 21.28 02a58081o0644c 0x000000  -2.545455
58081.568516 19.841877      NaN   -78    14 c    0   2.27 151.44933 -17.43436  7668.85   544.05 3.53 2.83  50.4 -0.407    19.44 21.30 02a58081o0649c 0x000000  -5.571429
58081.575895 20.009244      NaN   -39    12 c    0   2.57 151.44933 -17.43436  7632.28   505.52 3.42 2.65  47.5 -0.412    19.51 21.32 02a58081o0665c 0x000000  -3.250000
58081.584196 20.207197      NaN   -62    10 c    0   3.59 151.44933 -17.43436  7593.07   625.53 3.33 2.74  48.8 -0.418    19.49 21.33 02a58081o0683c 0x000000  -6.200000
58082.557066 20.009244      NaN   -19    12 c    0   3.92 151.44933 -17.43436  5769.32  8230.84 2.56 2.41  32.6 -0.459    19.41 21.05 02a58082o0779c 0x000000  -1.583333
58082.565131 20.103715      NaN   -87    11 c    0   3.76 151.44933 -17.43436  5785.62  8271.90 2.48 2.29  28.0 -0.475    19.66 21.27 02a58082o0796c 0x000000  -7.909091
58082.573101 19.868040      NaN    11    10 c    0   4.77 151.44933 -17.43436  5729.01  8195.21 2.60 2.41  31.1 -0.455    19.62 21.33 02a58082o0813c 0x000000   1.100000
58082.581010 20.103715      NaN   -10    11 c    0   3.95 151.44933 -17.43436  5707.57  8313.28 2.54 2.40  31.0 -0.463    19.52 21.22 02a58082o0830c 0x000000  -0.909091
58134.586726 20.207197      NaN   -12    10 c    0   2.75 151.44933 -17.43436  5858.79  1611.73 2.71 2.55  67.0 -0.413    19.83 21.85 02a58134o0826c 0x000000  -1.200000
58134.596697 20.207197      NaN    -9    10 c    0   3.20 151.44933 -17.43436  5824.17  1571.52 2.68 2.49  58.8 -0.414    19.81 21.85 02a58134o0847c 0x000000  -0.900000
58134.606734 20.449472      NaN   -64     8 c    0   3.12 151.44933 -17.43436  5900.10  1648.09 2.72 2.55  55.7 -0.416    19.77 21.86 02a58134o0868c 0x000000  -8.000000
58134.616770 19.436675 0.160191    61     9 c    0   2.71 151.44933 -17.43436  5921.54  1529.70 2.78 2.62  55.7 -0.412    19.73 21.81 02a58134o0889c 0x000000   6.777778
58161.484532 20.449472      NaN   -34     8 c    0   3.24 151.44933 -17.43436  4701.18  1220.19 2.86 2.53  49.5 -0.420    19.82 21.86 02a58161o0599c 0x000000  -4.250000
58161.487296 20.321591      NaN   -15     9 c    0   3.30 151.44933 -17.43436  4684.27  1181.83 2.91 2.56  42.3 -0.418    19.82 21.88 02a58161o0605c 0x000000  -1.666667
58161.499164 20.449472      NaN   -56     8 c    0   3.96 151.44933 -17.43436  4741.26  1258.35 2.89 2.58  47.1 -0.417    19.79 21.86 02a58161o0631c 0x000000  -7.000000
58161.510625 20.103715      NaN     9     8 c    0   6.12 151.44933 -17.43436  4762.72  1140.17 2.87 2.56  51.3 -0.419    19.79 21.87 02a58161o0656c 0x000000   1.125000
58162.544073 19.491430      NaN    25    11 c    0   5.21 151.44933 -17.43436  4680.86    79.83 2.84 2.51  54.1 -0.388    19.78 21.73 02a58162o0222c 0x000000   2.272727
58221.337094 20.103715      NaN   -37    11 c    0   2.46 151.44933 -17.43436  5721.48  8454.41 2.67 2.55  81.9 -0.412    19.71 21.64 02a58221o0240c 0x000000  -3.363636
58221.345886 20.207197      NaN   -38    10 c    0   3.84 151.44933 -17.43436  5704.17  8414.34 2.66 2.57 -80.8 -0.407    19.76 21.64 02a58221o0259c 0x000000  -3.800000
58221.354866 20.137125      NaN     2    10 c    0   4.07 151.44933 -17.43436  5761.78  8491.01 2.60 2.52 -84.3 -0.419    19.70 21.60 02a58221o0278c 0x000000   0.200000
58221.363638 20.071303      NaN     4    10 c    0   3.34 151.44933 -17.43436  5800.75  8375.08 2.61 2.52 -74.1 -0.417    19.70 21.62 02a58221o0297c 0x000000   0.400000
58250.290939 19.696897      NaN  -170    16 c    0   4.13 151.44933 -17.43436  2647.70 10475.54 2.84 2.68  64.1 -0.386    19.31 20.99 02a58250o0106c 0x000000 -10.625000
58250.298891 19.841877      NaN   -17    14 c    0   1.65 151.44933 -17.43436  2631.05 10436.44 3.12 2.91  87.3 -0.377    19.28 21.10 02a58250o0123c 0x000000  -1.214286
58250.306273 15.490970      NaN  -236   770 c    0   0.01 151.44933 -17.43436  2687.48 10514.45 2.93 2.81 -78.8 -0.377    18.32 19.96 02a58250o0139c 0x100002  -0.306494
58250.314200 19.696897      NaN   -94    16 c    0   1.89 151.44933 -17.43436  2709.27 10395.18 3.08 2.91  85.8 -0.371    19.10 20.84 02a58250o0156c 0x000000  -5.875000
58254.340981 19.791368      NaN     2    14 c    0   2.29 151.44933 -17.43436  7091.15  1161.93 3.05 2.77 -70.8 -0.396    19.32 21.24 02a58254o0004c 0x000000   0.142857
58254.348199 19.652575      NaN    14    12 c    0   2.48 151.44933 -17.43436  7109.44  1044.63 2.85 2.64 -70.8 -0.401    19.41 21.27 02a58254o0018c 0x000000   1.166667
58278.255006 17.027593      NaN   -60   187 c    0   0.08 151.44933 -17.43436  5937.82    48.42 2.70 2.50 -83.6 -0.407    18.35 19.54 02a58278o0038c 0x100002  -0.320856
58278.274203 18.878500      NaN    48    18 c    0   3.53 151.44933 -17.43436  5974.83    85.75 2.70 2.58  81.6 -0.417    18.89 20.40 02a58278o0078c 0x000000   2.666667
58281.265691 19.454622      NaN   -26    20 c    0   1.86 151.44933 -17.43436  4901.28  9885.70 3.34 3.02 -76.9 -0.356    19.20 20.91 02a58281o0011c 0x000000  -1.300000
58285.251016 18.208845      NaN   -36    63 c    0   1.70 151.44933 -17.43436  5995.54  9539.45 3.54 3.13 -87.4 -0.349    17.71 18.90 02a58285o0021c 0x100002  -0.571429
58285.254245 18.615142      NaN    13    39 c    0   1.66 151.44933 -17.43436  5975.27  9498.62 3.37 2.98 -87.6 -0.368    18.28 19.47 02a58285o0028c 0x100002   0.333333
58285.259368 19.128787      NaN    24    19 c    0   2.47 151.44933 -17.43436  6048.44  9576.00 3.28 2.95 -87.7 -0.371    18.85 20.23 02a58285o0039c 0x000000   1.263158
58285.266445 19.271854      NaN     8    21 c    0   1.58 151.44933 -17.43436  6065.51  9456.95 3.16 2.90 -81.4 -0.386    19.10 20.61 02a58285o0054c 0x000000   0.380952
58286.261734 15.924171      NaN    53   499 c    0   0.01 151.44933 -17.43436  6099.34    42.89 2.90 2.74  84.6 -0.406    18.98 20.32 02a58286o0047c 0x100002   0.106212
58485.594387 19.719755 0.277209    47    12 c    0   3.64 151.44933 -17.43436  3202.92 10264.86 3.04 2.92 -62.9 -0.374    19.57 21.88 02a58485o0865c 0x000000   3.916667
58485.603581 19.791368 0.320786    44    13 c    0   3.29 151.44933 -17.43436  8692.34   546.30 2.91 2.71 -75.5 -0.395    19.55 21.83 02a58485o0885c 0x000000   3.384615
58485.604038 19.791368      NaN     2    14 c    0   2.39 151.44933 -17.43436  3186.09 10224.81 3.16 3.11 -21.9 -0.402    19.50 21.83 02a58485o0886c 0x000000   0.142857
58485.613263 19.063754 0.201997    86    16 c    0   2.37 151.44933 -17.43436  8673.40   508.00 3.20 3.02 -78.2 -0.398    19.48 21.79 02a58485o0906c 0x000000   5.375000
58485.613719 19.922338      NaN    -3    13 c    0   2.52 151.44933 -17.43436  3239.87 10303.96 3.02 2.94 -24.9 -0.412    19.54 21.79 02a58485o0907c 0x000000  -0.230769
58485.629772 18.445391 0.114288   152    16 c    0   2.14 151.44933 -17.43436  8727.38   587.58 3.11 3.00  68.8 -0.411    19.53 21.70 02a58485o0942c 0x000000   9.500000
58485.631601 18.944322 0.158337    96    14 c    0   3.37 151.44933 -17.43436  3258.03 10188.09 3.02 2.91 -47.6 -0.394    19.54 21.68 02a58485o0946c 0x000000   6.857143
58485.632516 18.519279 0.107044   142    14 c    0   4.30 151.44933 -17.43436  8746.86   469.58 2.87 2.67 -73.8 -0.399    19.52 21.69 02a58485o0948c 0x000000  10.142857
58489.586857 19.102305 0.130812    83    10 c    0   3.40 151.44933 -17.43436  1006.94  2462.48 2.76 2.60  51.3 -0.421    19.59 21.93 02a58489o0461c 0x000000   8.300000
58489.596573 18.382935 0.074181   161    11 c    0   3.76 151.44933 -17.43436   987.74  2424.49 2.72 2.54  49.5 -0.426    19.63 21.90 02a58489o0482c 0x000000  14.636364
58489.605913 18.267867 0.066721   179    11 c    0   4.36 151.44933 -17.43436  1043.52  2503.76 2.54 2.39  53.1 -0.429    19.69 21.91 02a58489o0502c 0x000000  16.272727
58489.610957 18.208845      NaN -1331    63 c    0   5.55 151.44933 -17.43436 10530.03  2435.15 2.73 2.52 -68.5 -0.436    19.65 21.91 02a58489o0513c 0x100002 -21.126984
58489.615567 18.666446 0.087559   124    10 c    0   3.35 151.44933 -17.43436  1061.97  2387.57 2.59 2.41  55.6 -0.428    19.66 21.89 02a58489o0523c 0x000000  12.400000
58493.522365 19.696897 0.248815    48    11 c    0   3.82 151.44933 -17.43436  5591.84  2234.90 2.60 2.53  83.6 -0.397    19.64 21.59 02a58493o0706c 0x000000   4.363636
58493.531874 18.816441 0.120637   108    12 c    0   2.39 151.44933 -17.43436  5610.88  2272.16 2.69 2.57   5.5 -0.397    19.60 21.65 02a58493o0726c 0x000000   9.000000
58493.549788 19.841877 0.258509    42    10 c    0   5.10 151.44933 -17.43436  5031.08  8355.02 2.72 2.68 -48.2 -0.406    19.63 21.73 02a58493o0764c 0x000000   4.200000
58493.554076 18.806434 0.119531   109    12 c    0   2.11 151.44933 -17.43436  5507.73  2312.41 2.85 2.55 -57.8 -0.390    19.62 21.74 02a58493o0773c 0x000000   9.083333
58573.364122 19.529530      NaN    11    15 c    0   2.87 151.44933 -17.43436  8706.04  2507.83 2.64 2.38 -61.1 -0.398    18.93 20.75 02a58573o0312c 0x000000   0.733333
58573.371493 19.894850 0.298577    40    11 c    0   2.97 151.44933 -17.43436  8686.43  2471.62 2.56 2.43  68.6 -0.390    19.57 21.52 02a58573o0328c 0x000000   3.636364
58573.379342 20.103715      NaN   -26    11 c    0   2.33 151.44933 -17.43436  8742.07  2549.87 2.59 2.38 -65.6 -0.401    19.59 21.53 02a58573o0345c 0x000000  -2.363636
58573.386731 20.071303 0.319334    34    10 c    0   3.74 151.44933 -17.43436  8761.43  2432.68 2.56 2.30 -57.3 -0.406    19.46 21.37 02a58573o0361c 0x000000   3.400000
58577.365404 19.719755      NaN    11    12 c    0   2.12 151.44933 -17.43436  3119.52  6379.49 2.72 2.43  52.0 -0.386    19.59 21.45 02a58577o0312c 0x000000   0.916667
58577.373826 20.009244      NaN    -5    12 c    0   2.03 151.44933 -17.43436  3102.43  6340.14 2.68 2.42  49.7 -0.383    19.55 21.48 02a58577o0330c 0x000000  -0.416667
58577.382161 20.071303 0.319334    34    10 c    0   2.61 151.44933 -17.43436  3158.43  6417.65 2.66 2.41  51.5 -0.387    19.59 21.55 02a58577o0348c 0x000000   3.400000
58577.390485 20.039830      NaN     5    10 c    0   2.44 151.44933 -17.43436  3177.79  6301.76 2.69 2.36  51.7 -0.387    19.57 21.49 02a58577o0366c 0x000000   0.500000
58581.366239 19.384550 0.186611    64    11 c    0   2.03 151.44933 -17.43436  2941.40  4442.45 2.80 2.30  45.7 -0.392    19.58 21.51 02a58581o0305c 0x000000   5.818182
58581.374544 19.510313 0.190480    57    10 c    0   3.07 151.44933 -17.43436  2924.69  4403.72 2.54 2.30  55.6 -0.404    19.63 21.49 02a58581o0323c 0x000000   5.700000
58581.382879 20.137125 0.339293    32    10 c    0   3.40 151.44933 -17.43436  2980.62  4481.94 2.58 2.35  55.9 -0.400    19.59 21.43 02a58581o0341c 0x000000   3.200000
58581.391642 20.103715      NaN    -1    11 c    0   2.62 151.44933 -17.43436  2999.84  4366.03 2.58 2.39  63.7 -0.404    19.55 21.45 02a58581o0360c 0x000000  -0.090909
58605.321248 19.743105      NaN    10    12 c    0   2.04 151.44933 -17.43436   982.48   517.14 2.81 2.59 -54.8 -0.409    19.41 21.48 02a58605o0177c 0x000000   0.833333
58605.326497 19.609992      NaN     4    16 c    0   1.79 151.44933 -17.43436  4973.07 10282.01 3.21 3.05  74.2 -0.354    19.33 21.47 02a58605o0188c 0x000000   0.250000
58605.330215 19.419021      NaN    29    11 c    0   2.73 151.44933 -17.43436   963.36   477.62 2.94 2.55 -50.3 -0.407    19.43 21.46 02a58605o0196c 0x000000   2.636364
58605.335405 19.696897      NaN   -47    16 c    0   1.83 151.44933 -17.43436  4955.17 10242.94 2.82 2.68  88.4 -0.396    19.43 21.45 02a58605o0207c 0x000000  -2.937500
58605.339216 20.009244      NaN    -8    12 c    0   2.55 151.44933 -17.43436  1021.18   557.38 2.85 2.56 -51.7 -0.410    19.40 21.46 02a58605o0215c 0x000000  -0.666667
58605.344336 19.766969      NaN   -27    15 c    0   2.40 151.44933 -17.43436  5012.40 10321.07 2.84 2.68 -74.1 -0.398    19.38 21.42 02a58605o0226c 0x000000  -1.800000
58605.347581 19.816329 0.302996    43    12 c    0   1.83 151.44933 -17.43436  1040.51   439.34 2.94 2.54 -50.3 -0.404    19.38 21.41 02a58605o0233c 0x000000   3.583333
58605.352787 19.766969      NaN   -56    15 c    0   2.50 151.44933 -17.43436  5051.08 10203.48 2.82 2.74 -68.7 -0.397    19.40 21.38 02a58605o0244c 0x000000  -3.733333
58609.299822 20.282105      NaN     1     9 c    0   5.11 151.44933 -17.43436  1185.08  6362.71 2.63 2.55  85.3 -0.396    19.61 21.60 02a58609o0044c 0x000000   0.111111
58609.306434 20.207197      NaN   -67    10 c    0   3.20 151.44933 -17.43436  1166.63  6324.09 2.83 2.70 -80.2 -0.391    19.59 21.58 02a58609o0058c 0x000000  -6.700000
58609.313398 19.287255 0.155105    70    10 c    0   3.20 151.44933 -17.43436  1222.52  6403.37 2.74 2.61 -85.2 -0.394    19.58 21.56 02a58609o0073c 0x000000   7.000000
58609.319910 20.103715      NaN   -25    11 c    0   2.81 151.44933 -17.43436  1242.72  6286.67 2.57 2.45 -78.8 -0.405    19.62 21.53 02a58609o0087c 0x000000  -2.272727
58633.240980 16.954622      NaN  -135   200 c    0   0.90 151.44933 -17.43436  1248.43  8308.67 2.64 2.48  57.0 -0.512    17.22 17.98 02a58633o0026c 0x100002  -0.675000
58633.243776 17.729132      NaN   -35    98 c    0   0.87 151.44933 -17.43436  1228.51  8268.89 2.56 2.42  59.0 -0.516    17.87 18.68 02a58633o0032c 0x100002  -0.357143
58633.250681 19.631075      NaN   -70    17 c    0   2.64 151.44933 -17.43436  1287.84  8347.03 2.60 2.49 -85.4 -0.416    19.05 20.14 02a58633o0047c 0x000000  -4.117647
58633.261334 20.207197      NaN   -40    10 c    0   4.70 151.44933 -17.43436  1308.18  8229.79 2.69 2.36  50.7 -0.396    19.45 21.07 02a58633o0070c 0x000000  -4.000000
58789.632285 19.950541      NaN     2    12 c    0   3.26 151.44933 -17.43436  1280.29  4082.56 2.48 2.45  14.0 -0.413    19.46 21.13 02a58789o0862c 0x000000   0.166667
58789.635590 20.009244      NaN   -49    12 c    0   2.30 151.44933 -17.43436  1298.98  4121.07 2.60 2.30  30.3 -0.400    19.44 21.09 02a58789o0869c 0x000000  -4.083333
58789.640704 20.009244      NaN    -8    12 c    0   2.93 151.44933 -17.43436  1239.79  4044.25 2.41 2.29  27.8 -0.410    19.42 20.86 02a58789o0880c 0x000000  -0.666667
58789.643955 19.922338      NaN   -54    13 c    0   2.67 151.44933 -17.43436  1219.98  4160.63 2.51 2.24  28.8 -0.406    19.17 20.51 02a58789o0887c 0x000000  -4.153846
58841.594867 20.207197      NaN   -55    10 c    0   2.85 151.44933 -17.43436  1126.86  6353.77 2.72 2.68 -47.3 -0.418    19.62 21.84 02a58841o0871c 0x000000  -5.500000
58841.620753 20.321591      NaN   -87     9 c    0   3.95 151.44933 -17.43436  1113.21  6319.05 2.44 2.32  38.2 -0.416    19.75 21.77 02a58841o0885c 0x000000  -9.666667
58841.624312 20.321591      NaN    -8     9 c    0   3.72 151.44933 -17.43436  1171.76  6398.67 2.44 2.31  43.2 -0.416    19.72 21.75 02a58841o0892c 0x000000  -0.888889
58841.631614 20.103715      NaN   -61    11 c    0   1.92 151.44933 -17.43436  1183.48  6283.16 2.96 2.40  35.3 -0.378    19.62 21.72 02a58841o0907c 0x000000  -5.545455
58869.552320 20.321591      NaN   -86     9 c    0   2.96 151.44933 -17.43436  5151.05  8141.25 2.68 2.48  42.0 -0.402    19.76 21.90 02a58869o0732c 0x000000  -9.555556
58869.555736 19.816329      NaN    16     9 c    0   5.57 151.44933 -17.43436  5131.67  8101.62 2.69 2.49  46.0 -0.397    19.78 21.87 02a58869o0739c 0x000000   1.777778
58869.561926 20.321591      NaN   -21     9 c    0   3.61 151.44933 -17.43436  5189.32  8181.32 2.60 2.47  51.3 -0.405    19.78 21.84 02a58869o0752c 0x000000  -2.333333
58869.572077 19.302877      NaN   -69    23 c    0   4.71 151.44933 -17.43436  5211.51  8066.95 2.50 2.45  57.0 -0.414    19.78 21.82 02a58869o0772c 0x000000  -3.000000
58873.585089 20.103715      NaN   -20    11 c    0   3.07 151.44933 -17.43436  5149.96  8140.76 2.72 2.39  42.7 -0.396    19.74 21.79 02a58873o0808c 0x000000  -1.818182
58873.588837 20.321591      NaN    -1     9 c    0   4.18 151.44933 -17.43436  5137.79  8103.18 2.85 2.43  41.1 -0.386    19.73 21.80 02a58873o0815c 0x000000  -0.111111
58873.596014 19.816329      NaN    10    11 c    0   2.21 151.44933 -17.43436  5189.60  8179.85 2.76 2.40  39.7 -0.393    19.74 21.78 02a58873o0829c 0x000000   0.909091
58873.606372 20.071303 0.351268    34    11 c    0   3.08 151.44933 -17.43436  5208.31  8063.59 2.77 2.38  38.8 -0.394    19.69 21.74 02a58873o0850c 0x000000   3.090909
58877.492486 20.207197 0.325721    30     9 c    0   3.95 151.44933 -17.43436  5680.20  6286.25 2.78 2.42  29.1 -0.387    19.72 21.97 02a58877o0610c 0x000000   3.333333
58877.495341 19.868040 0.264814    41    10 c    0   3.15 151.44933 -17.43436  5698.43  6326.02 2.89 2.44  32.4 -0.386    19.72 21.96 02a58877o0616c 0x000000   4.100000
58877.505252 20.321591      NaN   -17     9 c    0   3.24 151.44933 -17.43436  4922.30  4303.51 2.67 2.41  42.5 -0.398    19.76 21.96 02a58877o0637c 0x000000  -1.888889
58877.510806 20.449472      NaN   -27     8 c    0   3.80 151.44933 -17.43436  4943.11  4189.91 2.63 2.43  44.9 -0.396    19.77 21.95 02a58877o0649c 0x000000  -3.375000
58878.390154 20.207197      NaN   -48    10 c    0   3.92 151.44933 -17.43436  5676.64  6286.85 2.57 2.48  28.9 -0.397    19.50 21.47 02a58878o0402c 0x000000  -4.800000
58878.392974 20.103715      NaN   -29    11 c    0   3.63 151.44933 -17.43436  5696.17  6325.18 2.69 2.52  23.7 -0.386    19.46 21.43 02a58878o0408c 0x000000  -2.636364
58878.399045 19.922338      NaN   -16    13 c    0   1.97 151.44933 -17.43436  5638.91  6247.33 2.63 2.33  31.1 -0.396    19.54 21.48 02a58878o0421c 0x000000  -1.230769
58878.410183 18.878500      NaN   -43    34 c    0   1.33 151.44933 -17.43436  5619.49  6362.59 2.56 2.31  35.2 -0.389    18.47 20.34 02a58878o0445c 0x100002  -1.264706
58902.424065 20.009244      NaN     6    10 c    0   3.71 151.44933 -17.43436  3316.41   260.66 2.86 2.40 -65.2 -0.406    19.75 21.87 02a58902o0461c 0x000000   0.600000
58902.427588 20.207197      NaN   -24    10 c    0   3.25 151.44933 -17.43436  7268.97 10330.19 2.96 2.52 -58.7 -0.404    19.76 21.88 02a58902o0468c 0x000000  -2.400000
58902.432995 20.103715      NaN   -27    11 c    0   3.21 151.44933 -17.43436  7215.38 10250.43 3.04 2.49 -56.2 -0.408    19.77 21.87 02a58902o0479c 0x000000  -2.454545
58902.443280 20.207197      NaN    -8    10 c    0   3.07 151.44933 -17.43436  3375.35   185.70 2.92 2.42 -57.6 -0.387    19.76 21.86 02a58902o0500c 0x000000  -0.800000
58929.355388 20.321591      NaN   -29     9 c    0   5.07 151.44933 -17.43436  7363.54  2330.81 2.46 2.21 -56.0 -0.400    19.76 21.67 02a58929o0288c 0x000000  -3.222222
58929.358431 20.321591      NaN   -34     9 c    0   4.00 151.44933 -17.43436  3172.09  8179.99 2.42 2.33 -19.2 -0.413    19.72 21.68 02a58929o0294c 0x000000  -3.777778
58929.372317 20.207197      NaN  -109    10 c    0   5.80 151.44933 -17.43436  3232.88  8258.03 2.38 2.35  16.4 -0.406    19.73 21.64 02a58929o0323c 0x000000 -10.900000
58929.379227 19.791368      NaN    20     8 c    0   8.14 151.44933 -17.43436  3252.78  8143.66 2.37 2.32  25.0 -0.403    19.73 21.65 02a58929o0337c 0x000000   2.500000
58930.424783 19.950541      NaN    11     9 c    0   4.44 151.44933 -17.43436  9190.63  1924.71 2.70 2.27 -56.9 -0.406    19.62 21.55 02a58930o0383c 0x000000   1.222222
58930.429934 20.009244      NaN   -74    12 c    0   4.05 151.44933 -17.43436  9171.30  1886.67 2.57 2.16 -57.6 -0.413    19.64 21.51 02a58930o0394c 0x000000  -6.166667
58930.433168 20.009244      NaN   -60    12 c    0   4.02 151.44933 -17.43436  9229.26  1963.89 2.69 2.20 -58.3 -0.408    19.16 21.02 02a58930o0401c 0x000000  -5.000000
58930.443344 19.922338      NaN     0    13 c    0   2.53 151.44933 -17.43436  9250.77  1847.84 2.60 2.19 -56.4 -0.410    19.38 21.20 02a58930o0423c 0x000000   0.000000
58934.360432 18.417189      NaN -1080    52 c    0   6.94 151.44933 -17.43436  9193.41  1921.34 3.60 3.15 -57.2 -0.376    18.33 20.51 02a58934o0306c 0x100002 -20.769231
58934.364130 19.169763      NaN   -55    26 c    0   2.01 151.44933 -17.43436  9173.93  1881.40 3.45 2.95 -59.2 -0.379    18.43 20.53 02a58934o0313c 0x000000  -2.115385
58934.371308 19.766969      NaN   -38    15 c    0   2.18 151.44933 -17.43436  9231.03  1961.41 3.35 2.92 -59.6 -0.380    19.11 21.32 02a58934o0327c 0x000000  -2.533333
58934.387843 18.878500      NaN  -115    34 c    0   1.24 151.44933 -17.43436  9254.10  1845.26 3.18 2.75 -56.1 -0.376    18.44 20.41 02a58934o0362c 0x100002  -3.382353
58937.435374 20.321591      NaN    -9     9 c    0   4.64 151.44933 -17.43436  9182.48  1930.99 2.45 2.31 -58.4 -0.399    19.65 21.57 02a58937o0034c 0x000000  -1.000000
58937.439192 20.207197      NaN    -8    10 c    0   2.95 151.44933 -17.43436  9162.88  1892.72 2.52 2.45 -75.1 -0.388    19.62 21.59 02a58937o0042c 0x000000  -0.800000
58937.445684 19.549093      NaN    25    10 c    0   2.98 151.44933 -17.43436  9218.57  1969.56 2.62 2.36 -58.3 -0.395    19.62 21.56 02a58937o0056c 0x000000   2.500000
58937.457368 11.887608      NaN 24718 13034 c    0   0.28 151.44933 -17.43436  9237.58  1851.93 2.69 2.30 -49.4 -0.400    18.95 20.78 02a58937o0081c 0x100002   1.896425
58957.364435 18.786693      NaN   -98    37 c    0   1.67 151.44933 -17.43436  7227.75  4661.71 2.77 2.46  41.8 -0.380    18.08 19.67 02a58957o0267c 0x100002  -2.648649
58957.367281 18.910912      NaN   -84    33 c    0   1.61 151.44933 -17.43436  7208.44  4623.71 2.74 2.46  43.5 -0.377    18.16 19.79 02a58957o0273c 0x100002  -2.545455
58957.377506 18.757738      NaN    -7    38 c    0   1.17 151.44933 -17.43436  7265.50  4701.03 2.72 2.44  42.7 -0.381    18.25 19.87 02a58957o0293c 0x100002  -0.184211
58957.383418 19.212347      NaN   -41    25 c    0   1.51 151.44933 -17.43436  7286.02  4584.58 2.76 2.47  40.8 -0.379    18.69 20.35 02a58957o0305c 0x000000  -1.640000
58961.331347 20.207197      NaN    -7    10 c    0   3.30 151.44933 -17.43436  7226.34  4661.83 2.75 2.36  47.9 -0.382    19.67 21.49 02a58961o0229c 0x000000  -0.700000
58961.334557 20.103715      NaN     3    10 c    0   3.17 151.44933 -17.43436  7207.43  4623.12 2.72 2.36  46.9 -0.381    19.66 21.48 02a58961o0236c 0x000000   0.300000
58961.341024 20.103715      NaN     0    11 c    0   2.37 151.44933 -17.43436  7265.86  4700.03 2.78 2.35  48.3 -0.381    19.65 21.46 02a58961o0250c 0x000000   0.000000
58961.353080 19.719755 0.277209    47    12 c    0   1.96 151.44933 -17.43436  7285.81  4584.46 2.74 2.40  47.5 -0.382    19.63 21.42 02a58961o0276c 0x000000   3.916667
58962.337908 18.186107      NaN    46    49 c    0   0.89 151.44933 -17.43436  7160.50    88.51 2.48 2.15 -63.9 -0.433    18.46 20.05 02a58962o0226c 0x100002   0.938776
58962.340688 18.675237      NaN   -58    41 c    0   1.25 151.44933 -17.43436  7141.84    49.06 2.48 2.17 -65.3 -0.428    18.48 20.08 02a58962o0232c 0x100002  -1.414634
58962.347197 18.910912      NaN   -54    33 c    0   1.42 151.44933 -17.43436  7200.03   127.69 2.49 2.18 -63.8 -0.434    18.41 20.02 02a58962o0246c 0x100002  -1.636364
58965.323882 20.009244      NaN   -76    12 c    0   3.30 151.44933 -17.43436  5546.18 10287.88 2.77 2.69  89.0 -0.398    19.51 21.25 02a58965o0209c 0x000000  -6.333333
58965.327116 20.009244      NaN   -20    12 c    0   4.43 151.44933 -17.43436  5526.66 10249.02 2.70 2.60 -89.0 -0.401    19.52 21.25 02a58965o0216c 0x000000  -1.666667
58965.328972 20.103715      NaN   -36    11 c    0   4.98 151.44933 -17.43436  7157.34    82.64 2.76 2.30 -58.9 -0.414    19.54 21.29 02a58965o0220c 0x000000  -3.272727
58965.333116 19.569016      NaN   -43    18 c    0   1.29 151.44933 -17.43436  7138.54    47.98 2.70 2.25 -58.1 -0.431    19.56 21.30 02a58965o0229c 0x000000  -2.388889
58965.334030 20.009244      NaN   -22    12 c    0   3.13 151.44933 -17.43436  5586.60 10328.39 2.70 2.61 -74.7 -0.408    19.54 21.26 02a58965o0231c 0x000000  -1.833333
58965.338210 20.009244      NaN   -51    12 c    0   2.83 151.44933 -17.43436  7197.06   123.40 2.78 2.30 -58.1 -0.423    19.53 21.28 02a58965o0240c 0x000000  -4.250000
58965.345680 19.529530      NaN    17    13 c    0   2.53 151.44933 -17.43436  5607.94 10212.82 2.79 2.67 -61.8 -0.398    19.49 21.23 02a58965o0256c 0x000000   1.307692
58981.311825 19.454622      NaN    24    12 c    0   3.07 151.44933 -17.43436  9507.74 10096.93 2.97 2.74 -66.7 -0.367    19.60 21.48 02a58981o0175c 0x000000   2.000000
58981.316452 20.103715      NaN   -13    11 c    0   2.49 151.44933 -17.43436  9489.04 10060.34 2.93 2.77 -68.7 -0.368    19.54 21.45 02a58981o0185c 0x000000  -1.181818
58981.322041 20.009244      NaN   -53    12 c    0   2.24 151.44933 -17.43436  9550.39 10139.36 2.91 2.70 -66.1 -0.379    19.58 21.49 02a58981o0197c 0x000000  -4.416667
58981.339129 20.039830      NaN     2    11 c    0   2.84 151.44933 -17.43436  9571.62 10017.94 3.02 2.59 -52.7 -0.377    19.60 21.46 02a58981o0234c 0x000000   0.181818
58985.261614 20.103715      NaN   -26    11 c    0   3.10 151.44933 -17.43436  9518.29 10098.84 2.94 2.71  60.3 -0.377    19.62 21.40 02a58985o0064c 0x000000  -2.363636
58985.264820 19.212347      NaN    36    13 c    0   2.42 151.44933 -17.43436  9496.87 10060.06 2.94 2.69  58.5 -0.378    19.60 21.37 02a58985o0071c 0x000000   2.769231
58985.272178 20.207197      NaN   -80    10 c    0   2.94 151.44933 -17.43436  9556.32 10139.41 2.85 2.68  73.6 -0.378    19.61 21.37 02a58985o0087c 0x000000  -8.000000
58985.284127 20.103715      NaN    -7    11 c    0   1.90 151.44933 -17.43436  9579.49 10021.55 2.83 2.67  73.1 -0.375    19.61 21.37 02a58985o0113c 0x000000  -0.636364
58989.280380 19.766969      NaN     9    12 c    0   1.41 151.44933 -17.43436  9279.57  6484.91 2.74 2.62  68.6 -0.388    19.60 21.45 02a58989o0101c 0x000000   0.750000
58989.283174 20.103715      NaN   -38    11 c    0   3.31 151.44933 -17.43436  9262.34  6449.23 2.87 2.70  52.1 -0.380    19.58 21.45 02a58989o0107c 0x000000  -3.454545
58989.289172 20.171596      NaN     4     9 c    0   3.86 151.44933 -17.43436  9320.73  6526.91 2.74 2.62  50.9 -0.383    19.60 21.45 02a58989o0120c 0x000000   0.444444
58989.299349 20.103715      NaN   -20    11 c    0   2.61 151.44933 -17.43436  9341.71  6410.39 2.68 2.61  70.0 -0.396    19.61 21.44 02a58989o0142c 0x000000  -1.818182
59169.575012 19.212347      NaN    27    16 c    0   2.38 151.44933 -17.43436  4993.19   273.52 2.67 2.49  78.4 -0.370    19.41 21.20 02a59169o0858c 0x000000   1.687500
59169.582366 17.564935      NaN  -320   114 c    0   1.04 151.44933 -17.43436  5015.35   312.71 2.54 2.40 -89.4 -0.400    17.05 18.69 02a59169o0874c 0x100002  -2.807018
59169.586502 19.696897      NaN     3    15 c    0   2.84 151.44933 -17.43436  4955.61   234.08 2.43 2.31 -88.2 -0.384    19.47 21.16 02a59169o0883c 0x000000   0.200000
59169.601579 19.922338      NaN   -54    13 c    0   3.07 151.44933 -17.43436  4932.91   351.06 2.62 2.45  65.7 -0.374    19.44 21.22 02a59169o0915c 0x000000  -4.153846
59169.616273 19.696897      NaN  -217    16 c    0   4.46 151.44933 -17.43436  3390.20 10475.94 2.62 2.42 -60.3 -0.397    19.55 21.23 02a59169o0947c 0x000000 -13.562500
59169.620294 18.944322      NaN  -474    32 c    0   3.76 151.44933 -17.43436  3407.93 10516.61 2.70 2.40 -60.0 -0.407    19.54 21.23 02a59169o0955c 0x100002 -14.812500
59169.637824 18.675237      NaN   -50    41 c    0   1.51 151.44933 -17.43436  3356.08 10437.29 2.57 2.32 -59.7 -0.396    18.09 19.64 02a59169o0993c 0x100002  -1.219512
59194.601261 20.103715      NaN   -17    11 c    0   2.19 151.44933 -17.43436  5235.47  8413.25 2.48 2.42  31.3 -0.410    19.74 21.61 02a59194o0902c 0x000000  -1.545455
59194.603555 20.207197      NaN   -18    10 c    0   4.80 151.44933 -17.43436  5253.93  8452.13 2.49 2.45  38.5 -0.406    19.74 21.60 02a59194o0907c 0x000000  -1.800000
59194.608920 20.207197      NaN   -13    10 c    0   3.29 151.44933 -17.43436  5197.09  8374.06 2.48 2.44  30.8 -0.409    19.73 21.57 02a59194o0918c 0x000000  -1.300000
59194.614448 20.321591      NaN   -29     9 c    0   7.37 151.44933 -17.43436  5177.70  8490.46 2.45 2.43  65.7 -0.408    19.71 21.54 02a59194o0930c 0x000000  -3.222222
59195.581456 19.766969      NaN   -52    15 c    0   2.58 151.44933 -17.43436  1639.18 10480.66 3.59 2.43  -1.8 -0.351    19.56 21.91 01a59195o0861c 0x000000  -3.466667
59195.581917 20.207197      NaN   -80    10 c    0   2.59 151.44933 -17.43436  3335.17   284.09 3.44 2.31   3.7 -0.360    19.63 21.91 01a59195o0862c 0x000000  -8.000000
59195.583301 19.894850      NaN    10    10 c    0   4.03 151.44933 -17.43436  1619.70 10441.53 2.78 2.31 -13.4 -0.386    19.70 21.91 01a59195o0865c 0x000000   1.000000
59195.584680 20.207197      NaN    -2    10 c    0   3.16 151.44933 -17.43436  3315.24   244.54 2.95 2.34   6.3 -0.383    19.71 21.91 01a59195o0868c 0x000000  -0.200000
59195.588727 19.696897      NaN   -22    16 c    0   5.38 151.44933 -17.43436  1679.37 10521.16 2.58 2.29 -18.4 -0.394    19.73 21.90 01a59195o0876c 0x000000  -1.375000
59195.589188 19.454622      NaN    27    11 c    0   2.82 151.44933 -17.43436  3371.52   323.85 3.84 2.46   3.4 -0.368    19.53 21.89 01a59195o0877c 0x000000   2.454545
59195.593809 20.449472      NaN   -12     8 c    0   5.43 151.44933 -17.43436  1701.87 10404.31 2.48 2.23 -21.7 -0.394    19.75 21.90 01a59195o0887c 0x000000  -1.500000
59195.594269 20.207197      NaN   -62    10 c    0   2.91 151.44933 -17.43436  3391.15   207.46 3.41 2.35   4.3 -0.379    19.61 21.91 01a59195o0888c 0x000000  -6.200000
59196.609829 19.766969      NaN  -120    15 c    0   2.45 151.44933 -17.43436  3326.19   280.72 5.68 4.70  -1.4 -0.294    18.92 21.65 01a59196o0398c 0x000000  -8.000000
59196.613971 19.922338      NaN  -138    13 c    0   2.00 151.44933 -17.43436  3307.51   242.57 4.48 4.27  23.7 -0.237    19.17 21.69 01a59196o0407c 0x000000 -10.615385
59196.642328 20.009244      NaN   -13    12 c    0   2.79 151.44933 -17.43436  7224.39 10228.24 4.17 3.90 -22.1 -0.276    19.23 21.65 01a59196o0468c 0x000000  -1.083333
59196.651226 19.696897      NaN   -47    16 c    0   2.08 151.44933 -17.43436  7208.30 10343.70 5.00 4.81 -18.4 -0.272    18.97 21.49 01a59196o0487c 0x000000  -2.937500
59197.573724 20.207197      NaN   -30    10 c    0   3.16 151.44933 -17.43436  5220.65  8418.47 2.51 2.45  30.8 -0.405    19.80 21.80 02a59197o0821c 0x000000  -3.000000
59197.576927 20.207197      NaN   -42    10 c    0   4.17 151.44933 -17.43436  5239.28  8455.01 2.46 2.44  41.4 -0.405    19.79 21.80 02a59197o0828c 0x000000  -4.200000
59197.581091 20.207197      NaN    -5    10 c    0   2.94 151.44933 -17.43436  5181.59  8377.28 2.71 2.40  37.0 -0.386    19.76 21.81 02a59197o0837c 0x000000  -0.500000
59197.586610 20.207197      NaN   -67    10 c    0   3.17 151.44933 -17.43436  5162.06  8493.85 2.58 2.38  36.2 -0.392    19.77 21.81 02a59197o0849c 0x000000  -6.700000
59198.550442 18.417189      NaN  -228    52 c    0   1.09 151.44933 -17.43436  5231.42  8415.13 2.54 2.49  30.8 -0.392    17.96 19.66 02a59198o0790c 0x100002  -4.384615
59198.552271 18.816441      NaN   -84    36 c    0   2.09 151.44933 -17.43436  5249.77  8453.58 2.52 2.51  77.6 -0.401    18.32 20.04 02a59198o0794c 0x100002  -2.333333
59198.555026 18.675237      NaN  -100    41 c    0   1.44 151.44933 -17.43436  5192.47  8375.49 2.57 2.48  30.3 -0.393    18.09 19.82 02a59198o0800c 0x100002  -2.439024
59198.561907 19.089302      NaN    -2    28 c    0   1.13 151.44933 -17.43436  5172.60  8492.16 2.51 2.48  24.7 -0.398    18.78 20.51 02a59198o0815c 0x000000  -0.071429
59205.558769 19.922338      NaN     6    11 c    0   3.04 151.44933 -17.43436  3300.53  8520.05 2.47 2.26 -54.3 -0.404    19.72 21.50 02a59205o0788c 0x000000   0.545455
59205.561972 20.071303 0.351268    34    11 c    0   3.69 151.44933 -17.43436  3319.71  8558.58 2.44 2.40 -35.3 -0.394    19.70 21.53 02a59205o0795c 0x000000   3.090909
59205.565171 20.207197      NaN    -3    10 c    0   4.85 151.44933 -17.43436  3262.35  8480.49 2.45 2.41 -22.4 -0.394    19.71 21.57 02a59205o0802c 0x000000  -0.300000
59205.570660 20.009244      NaN   -30    12 c    0   1.96 151.44933 -17.43436  3242.09  8597.20 2.48 2.23 -53.8 -0.406    19.72 21.61 02a59205o0814c 0x000000  -2.500000
59206.538355 20.103715      NaN   -10    11 c    0   4.37 151.44933 -17.43436  3311.65  8514.52 2.51 2.39 -49.3 -0.405    19.71 21.68 02a59206o0740c 0x000000  -0.909091
59206.540184 20.071303      NaN     4    10 c    0   3.18 151.44933 -17.43436  3329.96  8553.20 2.46 2.33 -42.7 -0.410    19.73 21.66 02a59206o0744c 0x000000   0.400000
59206.542939 20.207197      NaN   -56    10 c    0   2.77 151.44933 -17.43436  3272.79  8475.25 2.45 2.34 -41.5 -0.408    19.75 21.67 02a59206o0750c 0x000000  -5.600000
59206.548429 20.103715      NaN   -57    11 c    0   3.30 151.44933 -17.43436  3253.20  8591.92 2.42 2.31 -41.7 -0.412    19.75 21.68 02a59206o0762c 0x000000  -5.181818
59207.568267 20.103715      NaN   -21    11 c    0   2.13 151.44933 -17.43436  7363.81  6589.56 2.95 2.35   2.4 -0.353    19.71 21.78 01a59207o0797c 0x000000  -1.909091
59207.571032 20.039830 0.248168    35     8 c    0   4.63 151.44933 -17.43436  7344.68  6551.44 2.52 2.35 -17.7 -0.369    19.79 21.80 01a59207o0803c 0x000000   4.375000
59207.573795 20.071303      NaN    10     8 c    0   3.66 151.44933 -17.43436  7403.34  6628.57 2.45 2.34 -14.1 -0.374    19.85 21.79 01a59207o0809c 0x000000   1.250000
59207.583955 20.321591      NaN   -10     9 c    0   2.43 151.44933 -17.43436  7423.10  6512.67 2.79 2.45  -0.9 -0.359    19.72 21.83 01a59207o0831c 0x000000  -1.111111
59208.549266 19.841877      NaN    12    10 c    0   2.63 151.44933 -17.43436  3429.73  2233.60 2.94 2.43  -4.2 -0.381    19.59 21.39 01a59208o0749c 0x000000   1.200000
59208.551107 20.103715      NaN    -9    11 c    0   3.08 151.44933 -17.43436  3410.13  2194.73 2.76 2.36   4.7 -0.381    19.60 21.49 01a59208o0753c 0x000000  -0.818182
59208.553871 20.207197      NaN   -14    10 c    0   2.86 151.44933 -17.43436  3468.30  2272.89 2.73 2.34   0.9 -0.384    19.67 21.60 01a59208o0759c 0x000000  -1.400000
59208.558935 20.207197      NaN   -32    10 c    0   3.20 151.44933 -17.43436  3488.42  2157.42 2.72 2.33   1.0 -0.376    19.72 21.69 01a59208o0770c 0x000000  -3.200000
59223.512695 19.922338      NaN   -28    13 c    0   3.02 151.44933 -17.43436  3234.56  8233.51 2.49 2.34 -52.3 -0.375    19.07 21.25 01a59223o0688c 0x000000  -2.153846
59223.514540 18.757738      NaN    45    23 c    0   1.85 151.44933 -17.43436  3216.70  8195.48 2.57 2.44  -8.1 -0.372    19.17 21.37 01a59223o0692c 0x000000   1.956522
59223.522252 20.321591      NaN   -17     9 c    0   3.12 151.44933 -17.43436  3272.13  8271.36 2.74 2.55  -7.3 -0.381    19.66 21.96 01a59223o0708c 0x000000  -1.888889
59223.530089 20.103715      NaN   -60    11 c    0   2.58 151.44933 -17.43436  3297.32  8157.47 2.75 2.69 -26.5 -0.364    19.53 21.87 01a59223o0725c 0x000000  -5.454545
59224.525890 20.207197      NaN   -69    10 c    0   2.98 151.44933 -17.43436  9194.97  1911.86 2.77 2.57 -65.3 -0.372    19.81 21.94 01a59224o0654c 0x000000  -6.900000
59224.527733 20.207197      NaN   -31    10 c    0   3.38 151.44933 -17.43436  9176.13  1873.24 2.92 2.73 -26.7 -0.360    19.73 21.92 01a59224o0658c 0x000000  -3.100000
59224.530507 20.009244      NaN   -48    12 c    0   1.75 151.44933 -17.43436  9233.98  1950.86 2.98 2.74 -30.9 -0.373    19.77 21.92 01a59224o0664c 0x000000  -4.000000
59224.535581 20.009244      NaN    12     8 c    0   4.52 151.44933 -17.43436  9253.84  1833.40 2.80 2.61 -70.7 -0.363    19.81 21.99 01a59224o0675c 0x000000   1.500000
59227.509181 20.321591      NaN   -58     9 c    0   4.27 151.44933 -17.43436  9202.00  1914.79 2.80 2.60 -38.9 -0.377    19.83 22.19 01a59227o0624c 0x000000  -6.444444
59227.511023 20.321591      NaN  -101     9 c    0   4.07 151.44933 -17.43436  9183.95  1876.09 2.70 2.63 -69.3 -0.359    19.84 22.18 01a59227o0628c 0x000000 -11.222222
59227.513785 20.594452      NaN   -47     7 c    0   3.95 151.44933 -17.43436  9241.46  1953.46 2.71 2.56 -41.7 -0.352    19.88 22.20 01a59227o0634c 0x000000  -6.714286
59227.524789 20.321591      NaN   -32     9 c    0   3.76 151.44933 -17.43436  9262.27  1835.79 2.56 2.38 -48.8 -0.374    19.97 22.20 01a59227o0657c 0x000000  -3.555556
59229.375585 19.922338      NaN   -23    13 c    0   2.99 151.44933 -17.43436  9324.48  2251.95 2.82 2.63 -53.5 -0.405    19.41 21.19 02a59229o0391c 0x000000  -1.769231
59229.382060 19.472870      NaN    14    15 c    0   2.40 151.44933 -17.43436  9345.12  2290.68 2.71 2.52 -58.4 -0.395    19.49 21.26 02a59229o0405c 0x000000   0.933333
59229.388479 20.103715      NaN   -22    11 c    0   3.24 151.44933 -17.43436  9286.26  2211.93 2.54 2.46 -53.4 -0.389    19.55 21.31 02a59229o0419c 0x000000  -2.000000
59229.423694 20.103715      NaN   -35    11 c    0   4.68 151.44933 -17.43436  9269.47  2326.97 2.50 2.33 -55.8 -0.397    19.68 21.57 02a59229o0495c 0x000000  -3.181818
59231.416342 20.207197      NaN   -48    10 c    0   3.43 151.44933 -17.43436  9200.45  1919.13 3.69 3.07  61.8 -0.334    19.48 21.75 01a59231o0347c 0x000000  -4.800000
59231.427405 19.569016      NaN    21    11 c    0   2.67 151.44933 -17.43436  9180.43  1878.66 3.38 2.90 -73.1 -0.391    19.56 21.79 01a59231o0371c 0x000000   1.909091
59231.433407 20.207197      NaN   -77    10 c    0   3.61 151.44933 -17.43436  9237.63  1956.01 3.31 2.73 -85.0 -0.403    19.59 21.81 01a59231o0384c 0x000000  -7.700000
59231.437554 20.009244      NaN   -19    12 c    0   3.13 151.44933 -17.43436  9258.31  1838.37 3.07 2.50 -81.8 -0.387    19.70 21.81 01a59231o0393c 0x000000  -1.583333
59235.616148 20.137125 0.339293    32    10 c    0   4.11 151.44933 -17.43436  1150.58  2157.56 2.47 2.24 -87.1 -0.419    19.65 21.67 01a59235o0079c 0x000000   3.200000
59235.619379 20.103715      NaN   -42    11 c    0   3.50 151.44933 -17.43436  1170.90  2195.87 2.56 2.42  63.2 -0.412    19.62 21.68 01a59235o0086c 0x000000  -3.818182
59235.624935 19.652575 0.260577    50    12 c    0   3.77 151.44933 -17.43436  1109.47  2118.57 2.86 2.71  25.5 -0.403    19.54 21.74 01a59235o0098c 0x000000   4.166667
59235.648998 19.791368      NaN     2    14 c    0   2.19 151.44933 -17.43436  1089.12  2237.21 3.28 2.96  41.5 -0.383    19.19 21.45 01a59235o0150c 0x000000   0.142857
59251.478255 19.979496      NaN    10     9 c    0   5.50 151.44933 -17.43436  3326.79  5920.59 2.58 2.21 -86.1 -0.410    19.80 21.95 01a59251o0589c 0x000000   1.111111
59251.481488 20.594452      NaN   -43     7 c    0   6.77 151.44933 -17.43436  3346.84  5958.19 2.50 2.16 -84.2 -0.405    19.79 21.96 01a59251o0596c 0x000000  -6.142857
59251.485181 20.321591      NaN   -49     9 c    0   2.88 151.44933 -17.43436  3289.14  5880.81 2.65 2.26 -84.8 -0.406    19.73 21.96 01a59251o0604c 0x000000  -5.444444
59251.504405 20.321591      NaN   -28     9 c    0   3.73 151.44933 -17.43436  3265.85  5996.10 2.65 2.22 -81.2 -0.398    19.76 21.93 01a59251o0645c 0x000000  -3.111111
59252.496264 20.321591      NaN   -22     9 c    0   3.27 151.44933 -17.43436  3320.38  5920.21 3.18 2.72 -83.2 -0.345    19.61 22.10 01a59252o0632c 0x000000  -2.444444
59252.499036 20.137125      NaN     2    10 c    0   2.92 151.44933 -17.43436  3339.88  5958.60 3.25 2.64 -77.4 -0.350    19.61 22.10 01a59252o0638c 0x000000   0.200000
59252.505970 20.103715      NaN   -50    11 c    0   2.59 151.44933 -17.43436  3282.66  5882.34 3.71 2.79 -82.7 -0.332    19.47 22.08 01a59252o0653c 0x000000  -4.545455
59252.516723 20.321591      NaN   -24     9 c    0   3.16 151.44933 -17.43436  3264.09  5996.17 3.02 2.84 -80.9 -0.367    19.60 22.07 01a59252o0675c 0x000000  -2.666667
59253.517508 20.009244      NaN   -18    12 c    0   3.35 151.44933 -17.43436  3567.61 10385.35 3.48 3.06 -38.0 -0.346    19.42 21.83 02a59253o0388c 0x000000  -1.500000
59253.520711 20.207197      NaN  -105    10 c    0   5.33 151.44933 -17.43436  3547.42 10346.57 3.07 2.67 -36.4 -0.371    19.59 21.82 02a59253o0395c 0x000000 -10.500000
59253.527574 20.009244      NaN    -5    12 c    0   4.08 151.44933 -17.43436  3605.68 10425.30 3.18 2.80 -48.0 -0.382    19.57 21.79 02a59253o0410c 0x000000  -0.416667
59253.540912 19.922338      NaN   -79    13 c    0   2.71 151.44933 -17.43436  3626.25 10308.71 3.07 2.78 -49.7 -0.379    19.57 21.75 02a59253o0439c 0x000000  -6.076923
59255.429615 20.207197      NaN   -29    10 c    0   2.30 151.44933 -17.43436  7239.37  4653.75 2.85 2.77 -82.9 -0.347    19.61 22.01 01a59255o0466c 0x000000  -2.900000
59255.432380 20.137125      NaN     5     9 c    0   2.67 151.44933 -17.43436  7220.34  4614.57 2.67 2.61 -81.0 -0.358    19.72 22.00 01a59255o0472c 0x000000   0.555556
59255.459633 20.321591      NaN   -42     9 c    0   3.35 151.44933 -17.43436  7282.65  4685.15 2.89 2.85  78.5 -0.366    19.63 22.11 01a59255o0530c 0x000000  -4.666667
59255.486586 20.071303      NaN    10     8 c    0   3.98 151.44933 -17.43436  3266.27  6020.18 2.70 2.51 -88.0 -0.372    19.74 22.14 01a59255o0588c 0x000000   1.250000
59256.462736 18.631975 0.127235   128    15 c    0   3.91 151.44933 -17.43436  3425.92 10514.33 2.69 2.39 -70.4 -0.379    19.74 22.13 01a59256o0556c 0x000000   8.533333
59256.472408 19.241693 0.193350    73    13 c    0   2.96 151.44933 -17.43436  3391.27 10473.91 2.65 2.39 -65.5 -0.383    19.76 22.13 01a59256o0576c 0x000000   5.615385
59257.481131 20.207197      NaN   -98    10 c    0   4.87 151.44933 -17.43436  3568.24 10374.59 2.72 2.56  43.8 -0.386    19.72 21.92 02a59257o0596c 0x000000  -9.800000
59257.484363 20.207197      NaN    -1    10 c    0   5.01 151.44933 -17.43436  3548.76 10338.89 2.82 2.55  50.3 -0.380    19.71 21.92 02a59257o0603c 0x000000  -0.100000
59257.490371 19.922338      NaN    -3    13 c    0   2.56 151.44933 -17.43436  3608.98 10420.88 2.71 2.61  74.2 -0.389    19.74 21.91 02a59257o0616c 0x000000  -0.230769
59257.524679 20.321591      NaN     0     9 c    0   6.84 151.44933 -17.43436  3629.89 10302.06 2.71 2.59  73.5 -0.392    19.71 21.85 02a59257o0690c 0x000000   0.000000
59259.478598 20.594452      NaN   -46     7 c    0   4.17 151.44933 -17.43436  4955.95   295.75 2.53 2.46  18.1 -0.395    19.77 22.00 01a59259o0405c 0x000000  -6.571429
59259.479521 20.009244      NaN    -4    12 c    0   3.34 151.44933 -17.43436  3440.01 10506.89 2.42 2.18 -58.3 -0.397    19.89 22.01 01a59259o0407c 0x000000  -0.333333
59259.481824 19.894850 0.217147    40     8 c    0   3.49 151.44933 -17.43436  4976.43   334.42 2.31 2.16   1.1 -0.407    19.91 22.02 01a59259o0412c 0x000000   5.000000
59259.487807 19.841877      NaN    12    10 c    0   2.94 151.44933 -17.43436  4917.19   255.45 2.50 2.35  -1.4 -0.393    19.81 22.04 01a59259o0425c 0x000000   1.200000
59259.489190 20.207197      NaN   -12    10 c    0   3.55 151.44933 -17.43436  3403.15 10466.78 2.45 2.24 -44.4 -0.390    19.81 22.02 01a59259o0428c 0x000000  -1.200000
59259.523183 19.766969      NaN    18     9 c    0   4.02 151.44933 -17.43436  4905.39   370.31 2.87 2.84 -87.0 -0.372    19.55 21.88 01a59259o0501c 0x000000   2.000000
59260.467704 19.922338      NaN   -59    13 c    0   4.77 151.44933 -17.43436  3431.59 10512.75 2.57 2.30 -60.7 -0.388    19.77 21.92 01a59260o0458c 0x000000  -4.538462
59260.492406 19.334813      NaN    28    13 c    0   3.56 151.44933 -17.43436  3397.49 10470.63 2.73 2.49 -59.9 -0.379    19.70 21.94 01a59260o0510c 0x000000   2.153846
59261.486031 20.449472      NaN   -67     8 c    0   5.04 151.44933 -17.43436  9175.03  4548.15 2.60 2.47  57.1 -0.386    19.76 21.70 02a59261o0600c 0x000000  -8.375000
59261.490155 20.103715      NaN     0    11 c    0   2.11 151.44933 -17.43436  9156.55  4512.13 2.60 2.50  57.5 -0.384    19.71 21.71 02a59261o0609c 0x000000   0.000000
59261.496154 20.103715      NaN    -7    11 c    0   2.62 151.44933 -17.43436  9216.56  4586.31 2.59 2.47  56.6 -0.386    19.76 21.70 02a59261o0622c 0x000000  -0.636364
59261.525778 20.321591      NaN   -64     9 c    0   3.95 151.44933 -17.43436  9236.52  4471.02 2.60 2.53  65.1 -0.382    19.72 21.63 02a59261o0686c 0x000000  -7.111111
59263.411769 19.401649      NaN   -26    21 c    0   2.59 151.44933 -17.43436  5578.84 10278.09 2.31 2.20 -32.2 -0.357    18.70 20.65 01a59263o0348c 0x000000  -1.238095
59263.412231 18.362890      NaN    29    45 c    0   1.15 151.44933 -17.43436  7154.77    77.12 2.47 2.32 -26.0 -0.387    18.68 20.61 01a59263o0349c 0x100002   0.644444
59263.414073 19.351140      NaN   -33    22 c    0   1.93 151.44933 -17.43436  5560.87 10239.74 2.27 2.15 -44.9 -0.356    18.29 20.26 01a59263o0353c 0x000000  -1.500000
59263.415454 19.089302      NaN    -1    28 c    0   1.57 151.44933 -17.43436  7135.61    38.23 2.60 2.42 -25.0 -0.391    18.77 20.75 01a59263o0356c 0x000000  -0.035714
59263.416836 19.351140      NaN   -70    22 c    0   2.06 151.44933 -17.43436  5620.37 10318.36 2.26 2.10 -56.5 -0.367    18.38 20.32 01a59263o0359c 0x000000  -3.181818
59263.418679 19.212347      NaN   -46    25 c    0   2.61 151.44933 -17.43436  7193.38   116.75 2.50 2.29 -24.4 -0.373    18.74 20.67 01a59263o0363c 0x000000  -1.840000
59263.422821 18.280067      NaN  -134    59 c    0   1.18 151.44933 -17.43436  5640.85 10201.42 2.24 2.12 -37.4 -0.361    17.17 19.08 01a59263o0372c 0x100002  -2.271186
59265.511777 18.226218      NaN  -496    62 c    0   1.44 151.44933 -17.43436  9175.01  4548.17 2.87 2.74  44.1 -0.375    17.25 19.13 02a59265o0350c 0x100002  -8.000000
59265.514997 16.334689      NaN  -709   354 c    0   1.71 151.44933 -17.43436  9156.29  4511.50 2.84 2.63  37.2 -0.407    15.13 16.79 02a59265o0357c 0x100002  -2.002825
59265.521439 19.922338      NaN  -117    13 c    0   2.48 151.44933 -17.43436  9214.23  4589.52 3.01 2.87  36.2 -0.364    19.23 21.27 02a59265o0371c 0x000000  -9.000000
59265.533862 16.580291 0.292264   847   228 c    0   0.41 151.44933 -17.43436  9235.74  4473.71 3.91 3.69  30.1 -0.301    18.68 21.11 02a59265o0398c 0x100002   3.714912
59289.455034 19.401649      NaN   -61    21 c    0   2.13 151.44933 -17.43436  1152.53  1801.52 2.41 2.25  67.3 -0.424    18.43 20.30 02a59289o0384c 0x000000  -2.904762
59289.458700 19.841877      NaN   -62    14 c    0   2.27 151.44933 -17.43436  1133.48  1762.02 2.40 2.25 -80.8 -0.429    19.28 21.14 02a59289o0392c 0x000000  -4.428571
59307.365273 20.321591      NaN   -19     9 c    0   4.14 151.44933 -17.43436  2984.87   408.27 2.42 2.21  27.5 -0.404    19.82 21.54 01a59307o0299c 0x000000  -2.111111
59307.369437 20.321591      NaN    -5     9 c    0   3.98 151.44933 -17.43436  3005.52   446.66 2.40 2.24  18.1 -0.421    19.80 21.54 01a59307o0308c 0x000000  -0.555556
59307.375896 20.321591      NaN   -42     9 c    0   4.29 151.44933 -17.43436  2945.69   368.19 2.45 2.24  11.3 -0.406    19.80 21.48 01a59307o0322c 0x000000  -4.666667
59307.390036 20.009244      NaN     9     9 c    0   3.02 151.44933 -17.43436  2924.79   487.48 2.41 2.28  36.5 -0.405    19.79 21.51 01a59307o0351c 0x000000   1.000000
59311.339758 19.894850      NaN     7    11 c    0   3.46 151.44933 -17.43436  2984.95   410.40 2.24 2.03  14.1 -0.414    19.80 21.61 01a59311o0265c 0x000000   0.636364
59311.342984 20.321591 0.361912    27     9 c    0   5.37 151.44933 -17.43436  3005.21   448.73 2.31 2.12  10.8 -0.406    19.73 21.52 01a59311o0272c 0x000000   3.000000
59311.349005 20.321591      NaN   -14     9 c    0   4.32 151.44933 -17.43436  2945.74   370.06 2.32 2.15  21.3 -0.409    19.83 21.67 01a59311o0285c 0x000000  -1.555556
59311.383580 19.674510      NaN    16    11 c    0   2.39 151.44933 -17.43436  2925.33   486.40 2.36 2.25  21.2 -0.400    19.66 21.43 01a59311o0359c 0x000000   1.454545
59315.356042 20.321591      NaN    -8     9 c    0   4.77 151.44933 -17.43436  7607.57  6204.17 2.30 2.14 -90.0 -0.408    20.04 21.72 01a59315o0298c 0x000000  -0.888889
59315.359269 20.321591      NaN   -11     9 c    0   3.80 151.44933 -17.43436  7627.02  6242.27 2.32 2.13  87.5 -0.408    20.03 21.72 01a59315o0305c 0x000000  -1.222222
59315.365753 20.594452      NaN   -47     7 c    0   4.21 151.44933 -17.43436  7569.13  6164.61 2.27 2.18  80.1 -0.395    19.98 21.69 01a59315o0319c 0x000000  -6.714286
59315.377280 19.841877      NaN    15     9 c    0   2.22 151.44933 -17.43436  7551.42  6279.48 2.29 2.15  85.7 -0.404    19.95 21.61 01a59315o0344c 0x000000   1.666667
59319.325178 19.950541      NaN    11     9 c    0   4.34 151.44933 -17.43436  7604.62  6207.27 2.34 2.12 -84.1 -0.414    20.02 21.77 01a59319o0230c 0x000000   1.222222
59319.328399 20.321591      NaN   -28     9 c    0   3.29 151.44933 -17.43436  7624.97  6245.33 2.35 2.14 -83.3 -0.411    20.01 21.72 01a59319o0237c 0x000000  -3.111111
59319.333924 20.449472      NaN   -73     8 c    0   3.88 151.44933 -17.43436  7566.03  6166.74 2.31 2.13 -84.2 -0.414    20.04 21.78 01a59319o0249c 0x000000  -9.125000
59319.344080 20.321591      NaN    -2     9 c    0   3.68 151.44933 -17.43436  7548.68  6281.00 2.36 2.16 -89.4 -0.411    20.01 21.78 01a59319o0271c 0x000000  -0.222222
59337.310146 19.384550      NaN     7    19 c    0   1.97 151.44933 -17.43436  9193.66  1930.45 2.68 2.36 -62.8 -0.399    18.85 20.64 02a59337o0181c 0x000000   0.368421
59337.313812 19.241693      NaN    16    19 c    0   2.17 151.44933 -17.43436  9175.64  1893.18 2.50 2.27 -62.7 -0.401    18.98 20.75 02a59337o0189c 0x000000   0.842105
59337.321171 19.922338      NaN   -48    13 c    0   2.80 151.44933 -17.43436  9233.03  1971.42 2.56 2.24 -59.6 -0.403    19.47 21.31 02a59337o0205c 0x000000  -3.692308
59337.331711 19.841877      NaN   -25    14 c    0   2.40 151.44933 -17.43436  9253.09  1854.96 2.64 2.29 -57.5 -0.401    19.30 21.16 02a59337o0228c 0x000000  -1.785714
59349.275625 20.009244      NaN   -26    12 c    0   2.40 151.44933 -17.43436  1013.92  4427.96 2.60 2.42  41.4 -0.400    19.52 21.26 02a59349o0074c 0x000000  -2.166667
59349.278824 20.009244      NaN   -45    12 c    0   3.18 151.44933 -17.43436   998.39  4390.49 2.48 2.36 -71.6 -0.420    19.54 21.26 02a59349o0079c 0x000000  -3.750000
59349.284395 20.207197      NaN   -96    10 c    0   3.55 151.44933 -17.43436  1056.19  4466.27 2.65 2.57  60.9 -0.404    19.48 21.28 02a59349o0091c 0x000000  -9.600000
59349.296373 19.922338      NaN   -49    13 c    0   2.58 151.44933 -17.43436  1079.77  4350.89 2.59 2.51  88.5 -0.413    19.48 21.27 02a59349o0117c 0x000000  -3.769231
59367.259167 19.674510      NaN    16    11 c    0   2.71 151.44933 -17.43436  5375.21  2429.36 2.20 2.15  88.6 -0.389    19.72 21.10 01a59367o0054c 0x000000   1.454545
59367.263312 20.207197      NaN   -18    10 c    0   2.69 151.44933 -17.43436  5395.17  2468.44 2.24 2.22  54.4 -0.382    19.70 21.16 01a59367o0063c 0x000000  -1.800000
59367.268862 20.207197      NaN   -10    10 c    0   2.65 151.44933 -17.43436  5336.30  2391.65 2.22 2.18 -81.3 -0.384    19.71 21.18 01a59367o0075c 0x000000  -1.000000
59367.279471 20.137125      NaN     5     9 c    0   4.11 151.44933 -17.43436  5315.14  2508.05 2.18 2.10 -73.3 -0.392    19.68 21.13 01a59367o0098c 0x000000   0.555556
59371.258914 20.207197      NaN   -37    10 c    0   2.96 151.44933 -17.43436  5672.04  6294.68 2.48 2.34 -82.9 -0.361    19.54 20.95 01a59371o0049c 0x000000  -3.700000
59371.262622 20.207197      NaN   -46    10 c    0   3.78 151.44933 -17.43436  5690.80  6333.10 2.59 2.35 -82.2 -0.366    19.55 21.03 01a59371o0057c 0x000000  -4.600000
59371.272755 19.510313      NaN    24    11 c    0   1.92 151.44933 -17.43436  5632.35  6256.43 2.43 2.23 -79.5 -0.361    19.62 21.14 01a59371o0079c 0x000000   2.181818
59371.278287 20.103715      NaN    -8    11 c    0   4.27 151.44933 -17.43436  5612.69  6373.28 2.46 2.23 -81.9 -0.373    19.63 21.13 01a59371o0091c 0x000000  -0.727273
59522.621263 19.922338      NaN   -12    13 c    0   2.79 151.44933 -17.43436  7356.60  2325.12 2.57 2.50   5.8 -0.382    19.39 21.12 02a59522o0957c 0x000000  -0.923077
59522.629039 20.207197      NaN   -52    10 c    0   4.52 151.44933 -17.43436  7376.27  2363.81 2.51 2.46 -37.8 -0.384    19.43 21.15 02a59522o0974c 0x000000  -5.200000
59522.641895 19.589310      NaN     8    15 c    0   2.23 151.44933 -17.43436  7319.08  2285.19 2.70 2.67 -17.6 -0.388    19.21 20.84 02a59522o1002c 0x000000   0.533333
59522.647399 18.955691      NaN    35    20 c    0   1.83 151.44933 -17.43436  7298.55  2400.97 2.46 2.39  22.3 -0.377    18.82 20.03 02a59522o1014c 0x000000   1.750000
59525.612685 19.922338      NaN    -3    13 c    0   3.00 151.44933 -17.43436  7350.30  2325.42 2.54 2.47  42.6 -0.379    19.44 21.01 02a59525o0374c 0x000000  -0.230769
59525.631387 19.529530      NaN    26    10 c    0   2.77 151.44933 -17.43436  7370.62  2365.38 2.49 2.46  59.8 -0.378    19.47 21.07 02a59525o0414c 0x000000   2.600000
59525.641923 20.009244      NaN   -32    12 c    0   1.93 151.44933 -17.43436  7312.95  2287.19 2.50 2.43  44.1 -0.383    19.44 20.93 02a59525o0437c 0x000000  -2.666667
59525.650517 19.102305      NaN    17    22 c    0   1.16 151.44933 -17.43436  7290.09  2404.74 2.44 2.36  35.8 -0.380    18.76 19.63 02a59525o0455c 0x000000   0.772727
59526.626576 20.009244      NaN   -39    12 c    0   2.59 151.44933 -17.43436  7350.73  2326.81 2.50 2.45  48.8 -0.384    19.46 21.07 02a59526o0965c 0x000000  -3.250000
59526.635799 20.103715      NaN   -86    11 c    0   3.21 151.44933 -17.43436  7370.76  2365.79 2.61 2.50  40.6 -0.382    19.46 21.06 02a59526o0985c 0x000000  -7.818182
59526.641083 19.922338      NaN    -9    13 c    0   2.34 151.44933 -17.43436  7314.36  2288.13 2.61 2.56  46.5 -0.389    19.37 20.93 02a59526o0996c 0x000000  -0.692308
59526.648980 19.631075      NaN    -9    17 c    0   1.68 151.44933 -17.43436  7293.09  2404.12 2.67 2.54  36.3 -0.382    18.88 19.94 02a59526o1013c 0x000000  -0.529412
59529.620023 19.472870      NaN    23    12 c    0   2.57 151.44933 -17.43436  7346.21  2328.23 2.36 2.30  48.7 -0.395    19.54 21.11 02a59529o0946c 0x000000   1.916667
59529.637444 19.841877      NaN   -28    14 c    0   1.91 151.44933 -17.43436  7363.63  2367.57 2.60 2.41  33.8 -0.386    19.37 20.95 02a59529o0984c 0x000000  -2.000000
59529.647525 20.009244      NaN   -37    12 c    0   3.52 151.44933 -17.43436  7306.76  2288.39 2.61 2.37  34.0 -0.381    19.22 20.49 02a59529o1006c 0x000000  -3.083333
59529.654860 18.816441      NaN  -112    36 c    0   1.21 151.44933 -17.43436  7287.57  2405.22 2.59 2.33  32.3 -0.369    18.15 18.81 02a59529o1022c 0x100002  -3.111111
59585.643354 20.009244      NaN   -65    12 c    0   2.42 151.44933 -17.43436  9513.08 10115.79 3.06 2.93 -46.8 -0.371    19.47 21.65 02a59585o0793c 0x000000  -5.416667
59585.647038 20.103715      NaN   -28    11 c    0   3.12 151.44933 -17.43436  9493.27 10076.06 2.97 2.87 -46.0 -0.380    19.52 21.64 02a59585o0801c 0x000000  -2.545455
59585.652125 20.009244      NaN   -11    12 c    0   2.81 151.44933 -17.43436  9554.67 10150.87 2.96 2.87 -42.5 -0.377    19.53 21.62 02a59585o0812c 0x000000  -0.916667
59585.658177 20.009244      NaN   -58    12 c    0   3.05 151.44933 -17.43436  9574.87 10033.97 2.98 2.92 -41.5 -0.378    19.46 21.53 02a59585o0825c 0x000000  -4.833333
59589.598901 19.922338      NaN    -4    13 c    0   1.76 151.44933 -17.43436  9276.62  6499.99 2.80 2.63  40.8 -0.408    19.54 21.65 02a59589o0682c 0x000000  -0.307692
59589.602103 19.401649 0.206807    63    12 c    0   2.81 151.44933 -17.43436  9257.37  6461.62 2.78 2.60  38.4 -0.408    19.59 21.64 02a59589o0689c 0x000000   5.250000
59589.607597 20.103715      NaN   -72    11 c    0   3.51 151.44933 -17.43436  9315.28  6537.07 2.91 2.63  37.8 -0.403    19.53 21.61 02a59589o0701c 0x000000  -6.545455
59589.617669 20.207197      NaN   -17    10 c    0   3.32 151.44933 -17.43436  9336.09  6424.40 2.88 2.65  33.9 -0.402    19.49 21.57 02a59589o0723c 0x000000  -1.700000