         MJD         m       dm  uJy  duJy F  err  chi/N        RA     Dec        x       y  maj  min   phi  apfit  mag5sig   Sky            Obs     Mask  __tmp_SN
57718.582457 19.569016      NaN  -21    18 c    0   1.07 153.45112 38.7631  3278.99 3792.54 4.21 4.02  69.9 -0.379    19.53 21.60 02a57718o0747c 0x000000 -1.166667
57718.594618 19.454622      NaN  -23    20 c    0   0.89 153.45112 38.7631  3310.25 3833.39 4.25 4.03  72.3 -0.374    19.47 21.51 02a57718o0770c 0x000000 -1.150000
57718.606596 19.351140      NaN  -41    22 c    0   0.74 153.45112 38.7631  3248.50 3757.00 4.11 3.86  71.9 -0.392    19.48 21.47 02a57718o0793c 0x000000 -1.863636
57718.618626 19.454622      NaN  -36    20 c    0   1.13 153.45112 38.7631  3233.32 3874.49 4.26 3.97  76.6 -0.384    19.38 21.37 02a57718o0816c 0x000000 -1.800000
57718.630563 19.351140      NaN  -43    22 c    0   1.03 153.45112 38.7631  3263.96 3818.00 4.34 4.11  72.3 -0.374    19.32 21.32 02a57718o0839c 0x000000 -1.954545
57746.522874 19.766969      NaN  -75    15 c    0   1.24 153.45112 38.7631  5086.57 3456.34 3.95 3.83  84.5 -0.370    19.81 21.93 02a57746o0646c 0x000000 -5.000000
57746.536071 19.766969      NaN  -51    15 c    0   1.11 153.45112 38.7631  5118.40 3496.73 4.00 3.90  83.5 -0.363    19.79 21.97 02a57746o0671c 0x000000 -3.400000
57746.547737 19.841877      NaN  -48    14 c    0   1.38 153.45112 38.7631  5059.22 3419.83 4.03 3.86  84.8 -0.367    19.78 21.93 02a57746o0693c 0x000000 -3.428571
57746.559429 19.766969      NaN  -50    15 c    0   1.34 153.45112 38.7631  5039.42 3535.45 4.35 4.27  76.9 -0.351    19.64 21.85 02a57746o0715c 0x000000 -3.333333
57746.571007 19.696897      NaN  -63    16 c    0   1.00 153.45112 38.7631  5071.02 3481.27 4.02 3.86  88.8 -0.368    19.73 21.84 02a57746o0737c 0x000000 -3.937500
57750.523778 19.631075      NaN  -25    17 c    0   1.11 153.45112 38.7631  3003.79 1643.90 4.28 4.16  82.1 -0.370    19.62 21.74 02a57750o0479c 0x000000 -1.470588
57750.528491 19.569016      NaN  -47    18 c    0   1.00 153.45112 38.7631  3035.46 1683.01 4.35 4.22  81.0 -0.367    19.63 21.76 02a57750o0488c 0x000000 -2.611111
57750.542660 18.675237      NaN  -34    41 c    0   0.59 153.45112 38.7631  2978.53 1605.32 4.22 4.11  85.5 -0.372    19.11 21.17 02a57750o0515c 0x100002 -0.829268
57750.554196 18.459772      NaN   57    31 c    0   0.85 153.45112 38.7631  2958.00 1722.33 4.31 4.19  83.3 -0.363    19.21 21.29 02a57750o0537c 0x100002  1.838710
57750.565605 18.990530      NaN   20    24 c    0   0.71 153.45112 38.7631  2989.04 1666.64 4.74 4.61  81.4 -0.344    19.41 21.64 02a57750o0559c 0x000000  0.833333
57778.478200 19.401649      NaN  -17    21 c    0   0.72 153.45112 38.7631  3325.10 1387.55 4.00 3.75 -12.8 -0.425    19.73 21.77 02a57778o0396c 0x000000 -0.809524
57778.494819 19.696897      NaN  -50    16 c    0   1.22 153.45112 38.7631  3341.91 1429.21 4.00 3.74 -13.4 -0.427    19.72 21.74 02a57778o0428c 0x000000 -3.125000
57778.504299 19.631075      NaN  -87    17 c    0   0.91 153.45112 38.7631  7214.00 9099.91 3.97 3.66 -88.0 -0.426    19.72 21.73 02a57778o0445c 0x000000 -5.117647
57778.512962 19.696897      NaN  -54    16 c    0   0.95 153.45112 38.7631  7227.50 8975.83 3.97 3.68 -85.4 -0.423    19.71 21.74 02a57778o0462c 0x000000 -3.375000
57778.533614 19.569016      NaN  -41    18 c    0   0.81 153.45112 38.7631  7195.03 9036.83 3.97 3.67 -88.2 -0.424    19.73 21.77 02a57778o0501c 0x000000 -2.277778
57782.461918 19.766969      NaN  -15    15 c    0   1.30 153.45112 38.7631  3778.85 2404.73 3.93 3.79  83.2 -0.375    19.75 21.78 02a57782o0525c 0x000000 -1.000000
57782.474603 19.696897      NaN  -44    16 c    0   1.02 153.45112 38.7631  3791.56 2449.22 4.00 3.86  88.0 -0.375    19.75 21.81 02a57782o0549c 0x000000 -2.750000
57782.499583 19.696897      NaN  -34    16 c    0   0.89 153.45112 38.7631  6765.61 8082.23 3.65 3.53 -77.1 -0.446    19.79 21.82 02a57782o0596c 0x000000 -2.125000
57782.507132 19.631075      NaN  -59    17 c    0   0.94 153.45112 38.7631  6778.43 7957.76 3.74 3.59  84.4 -0.427    19.78 21.82 02a57782o0611c 0x000000 -3.470588
57782.523000 19.696897      NaN  -32    16 c    0   0.76 153.45112 38.7631  6730.90 8022.02 3.62 3.46 -75.0 -0.454    19.82 21.84 02a57782o0639c 0x000000 -2.000000
57786.463468 19.696897      NaN  -58    16 c    0   1.34 153.45112 38.7631  3521.92 1120.44 3.89 3.77 -20.7 -0.429    19.76 21.77 02a57786o0313c 0x000000 -3.625000
57786.487374 19.454622      NaN  -42    20 c    0   0.74 153.45112 38.7631  6948.71 9293.34 3.71 3.54 -87.2 -0.452    19.76 21.75 02a57786o0360c 0x000000 -2.100000
57786.498769 19.510313      NaN  -32    19 c    0   0.92 153.45112 38.7631  7005.87 9368.49 3.71 3.53 -81.6 -0.453    19.79 21.82 02a57786o0383c 0x000000 -1.684211
57786.510605 19.510313      NaN  -29    19 c    0   0.71 153.45112 38.7631  7020.73 9256.29 3.73 3.56 -87.3 -0.451    19.79 21.82 02a57786o0406c 0x000000 -1.526316
57786.516810 19.696897      NaN  -92    16 c    0   1.14 153.45112 38.7631  6986.68 9307.82 3.80 3.63  86.9 -0.431    19.75 21.77 02a57786o0418c 0x000000 -5.750000
57806.429524 19.631075      NaN  -24    17 c    0   1.17 153.45112 38.7631  5818.07 8093.32 3.88 3.70 -87.8 -0.417    19.77 21.84 02a57806o0390c 0x000000 -1.411765
57806.454021 19.696897      NaN  -64    16 c    0   1.05 153.45112 38.7631  5800.75 8054.98 3.83 3.65  86.1 -0.418    19.75 21.78 02a57806o0437c 0x000000 -4.000000
57806.465800 19.631075      NaN  -36    17 c    0   0.89 153.45112 38.7631  5857.67 8112.71 3.85 3.67  89.2 -0.414    19.74 21.77 02a57806o0460c 0x000000 -2.117647
57806.478177 19.569016      NaN  -88    18 c    0   0.78 153.45112 38.7631  5876.35 7999.25 3.79 3.62  85.8 -0.420    19.73 21.74 02a57806o0484c 0x000000 -4.888889
57806.498596 19.696897      NaN  -63    16 c    0   1.02 153.45112 38.7631  5831.52 8058.58 3.82 3.65 -87.6 -0.418    19.72 21.73 02a57806o0523c 0x000000 -3.937500
57817.352421 19.454622      NaN  -62    20 c    0   1.23 153.45112 38.7631  3034.16 3952.62 3.91 3.75 -85.0 -0.399    19.25 20.93 02a57817o0177c 0x000000 -3.100000
57817.374878 19.454622      NaN  -51    20 c    0   1.09 153.45112 38.7631  3048.01 3992.25 3.85 3.74 -84.1 -0.394    19.28 20.98 02a57817o0218c 0x000000 -2.550000
57817.384372 19.510313      NaN  -48    19 c    0   1.30 153.45112 38.7631  2988.80 3920.39 3.82 3.70  88.8 -0.391    19.32 21.01 02a57817o0234c 0x000000 -2.526316
57817.403165 19.510313      NaN  -21    19 c    0   1.00 153.45112 38.7631  2972.96 4035.61 3.76 3.69 -80.6 -0.398    19.35 21.07 02a57817o0268c 0x000000 -1.105263
57817.424324 19.454622      NaN  -61    20 c    0   1.01 153.45112 38.7631  7468.57 6470.71 3.88 3.57  87.2 -0.407    19.40 21.20 02a57817o0305c 0x000000 -3.050000
57834.398442 19.401649      NaN  -57    21 c    0   1.03 153.45112 38.7631  6950.02 6098.66 3.93 3.72 -89.0 -0.390    19.01 20.96 02a57834o0263c 0x000000 -2.714286
57834.415160 19.351140      NaN  -64    22 c    0   0.84 153.45112 38.7631  6935.64 6058.37 4.01 3.81  89.6 -0.377    18.99 20.97 02a57834o0295c 0x000000 -2.909091
57834.423935 19.454622      NaN  -53    20 c    0   0.86 153.45112 38.7631  6996.74 6135.94 3.93 3.71  87.9 -0.388    19.01 20.96 02a57834o0312c 0x000000 -2.650000
57834.432312 19.401649      NaN  -87    21 c    0   0.96 153.45112 38.7631  7015.83 6023.30 4.03 3.82  88.6 -0.381    18.99 20.98 02a57834o0328c 0x000000 -4.142857
57834.453102 19.454622      NaN  -73    20 c    0   1.00 153.45112 38.7631  6970.11 6079.32 3.89 3.75  83.9 -0.389    19.01 20.96 02a57834o0368c 0x000000 -3.650000
57838.399187 19.169763      NaN  -65    26 c    0   0.88 153.45112 38.7631  6038.18 9327.03 5.02 4.32  -4.3 -0.355    18.84 21.05 02a57838o0277c 0x000000 -2.500000
57838.403365 19.256669      NaN  -24    24 c    0   1.31 153.45112 38.7631  6009.07 9286.38 5.41 4.33  -1.4 -0.341    18.78 21.06 02a57838o0285c 0x000000 -1.000000
57838.416609 19.256669      NaN  -49    24 c    0   1.45 153.45112 38.7631  6068.83 9365.88 5.04 4.78  -7.7 -0.324    18.73 21.06 02a57838o0310c 0x000000 -2.041667
57838.434437 19.256669      NaN  -73    24 c    0   0.96 153.45112 38.7631  6085.66 9250.09 4.97 4.81  83.9 -0.322    18.80 21.03 02a57838o0344c 0x000000 -3.041667
57838.449017 19.212347      NaN  -78    25 c    0   0.74 153.45112 38.7631  6056.22 9304.46 4.23 4.12  82.4 -0.386    18.94 21.02 02a57838o0372c 0x000000 -3.120000
57842.379296 19.510313      NaN  -44    19 c    0   1.13 153.45112 38.7631  8421.13 5837.20 4.01 3.82  86.7 -0.385    19.03 21.09 02a57842o0298c 0x000000 -2.315789
57842.397165 19.454622      NaN  -65    20 c    0   0.90 153.45112 38.7631  8407.93 5797.36 4.06 3.76  88.5 -0.390    19.01 21.03 02a57842o0332c 0x000000 -3.250000
57842.414050 19.454622      NaN  -89    20 c    0   1.33 153.45112 38.7631  8469.16 5877.26 4.28 4.00  82.8 -0.378    18.89 20.91 02a57842o0364c 0x000000 -4.450000
57865.425181 16.518019      NaN -217   299 c    0   0.71 153.45112 38.7631  7881.34 6638.91 2.94 2.83 -21.6 -0.402    16.17 17.25 02a57865o0313c 0x100002 -0.725753
57869.417445 20.103715      NaN  -53    11 c    0   1.24 153.45112 38.7631  6183.24 8686.24 2.75 2.58  10.6 -0.471    19.39 20.64 02a57869o0157c 0x000000 -4.818182
57869.432125 20.009244      NaN  -53    12 c    0   1.42 153.45112 38.7631  6167.42 8648.59 2.75 2.54   8.1 -0.487    19.34 20.54 02a57869o0185c 0x000000 -4.416667
57869.446333 20.009244      NaN  -38    12 c    0   1.26 153.45112 38.7631  6227.95 8729.55 2.75 2.53   7.6 -0.484    19.26 20.41 02a57869o0212c 0x000000 -3.166667
57869.461254 19.922338      NaN  -53    13 c    0   1.38 153.45112 38.7631  6243.79 8611.20 2.81 2.56   7.5 -0.483    19.15 20.25 02a57869o0240c 0x000000 -4.076923
57869.476143 19.569016      NaN  -10    18 c    0   0.98 153.45112 38.7631  6211.65 8673.15 2.97 2.73   7.2 -0.487    18.98 20.08 02a57869o0268c 0x000000 -0.555556
57894.288302 20.009244      NaN  -28    12 c    0   1.01 153.45112 38.7631  5874.88 8700.05 2.50 2.38  11.7 -0.498    19.70 21.35 02a57894o0105c 0x000000 -2.333333
57894.300350 20.207197      NaN  -47    10 c    0   1.18 153.45112 38.7631  5859.41 8659.95 2.49 2.36  20.2 -0.496    19.70 21.31 02a57894o0128c 0x000000 -4.700000
57894.317690 19.841877      NaN  -40    14 c    0   0.82 153.45112 38.7631  5917.49 8736.04 2.48 2.42  36.9 -0.486    19.48 21.01 02a57894o0161c 0x000000 -2.857143
57894.325101 20.009244      NaN  -34    12 c    0   1.07 153.45112 38.7631  5934.39 8618.93 2.50 2.41  33.3 -0.487    19.68 21.30 02a57894o0175c 0x000000 -2.833333
57894.341296 20.103715      NaN  -37    11 c    0   1.06 153.45112 38.7631  5887.78 8675.09 2.56 2.45  34.7 -0.484    19.67 21.32 02a57894o0206c 0x000000 -3.363636
57898.344209 19.841877      NaN  -38    14 c    0   0.77 153.45112 38.7631  6433.90 7688.44 2.81 2.44  65.3 -0.488    19.55 21.22 02a57898o0053c 0x000000 -2.714286
57902.271589 19.212347      NaN   -9    25 c    0   0.83 153.45112 38.7631  9006.89 6660.18 2.86 2.69 -18.8 -0.421    18.82 20.13 02a57902o0073c 0x000000 -0.360000
57902.283820 19.454622      NaN  -10    20 c    0   0.92 153.45112 38.7631  8988.29 6619.91 2.70 2.59 -18.5 -0.414    19.05 20.40 02a57902o0097c 0x000000 -0.500000
57902.296033 19.922338      NaN   -1    13 c    0   1.32 153.45112 38.7631  9032.80 6698.59 2.65 2.61 -10.4 -0.429    19.41 20.88 02a57902o0121c 0x000000 -0.076923
57902.308812 20.009244      NaN  -28    12 c    0   1.34 153.45112 38.7631  9064.55 6579.13 2.69 2.66 -21.3 -0.431    19.59 21.09 02a57902o0146c 0x000000 -2.333333
57902.324121 19.922338      NaN  -54    13 c    0   0.92 153.45112 38.7631  9015.59 6637.75 2.64 2.62  54.1 -0.440    19.53 20.98 02a57902o0176c 0x000000 -4.153846
58194.395885 17.262154 0.028825  452    12 c    0   1.03 153.45112 38.7631  6820.47 7902.04 2.42 2.37  16.9 -0.435    19.84 21.74 02a58194o0391c 0x000000 37.666667
58194.406198 17.276663 0.024344  446    10 c    0   2.28 153.45112 38.7631  6790.14 7864.33 2.42 2.35  -0.3 -0.440    19.84 21.73 02a58194o0413c 0x000000 44.600000
58194.411759 17.187887 0.031406  484    14 c    0   1.12 153.45112 38.7631  6849.64 7941.02 2.44 2.38  22.5 -0.436    19.85 21.71 02a58194o0425c 0x000000 34.571429
58194.425284 17.264559 0.026481  451    11 c    0   1.63 153.45112 38.7631  6866.15 7827.03 2.49 2.41  -3.4 -0.422    19.82 21.67 02a58194o0454c 0x000000 41.000000
58196.424291 17.318857 0.030370  429    12 c    0   1.23 153.45112 38.7631  2461.78 2773.98 2.50 2.29  52.6 -0.417    19.83 21.95 02a58196o0428c 0x000000 35.750000
58196.431431 17.368040 0.066203  410    25 c    0   0.58 153.45112 38.7631  2445.86 2733.23 2.52 2.32  48.1 -0.413    18.80 20.85 02a58196o0443c 0x000000 16.400000
58196.445706 17.354880 0.285169  415   109 c    0   0.70 153.45112 38.7631  2493.12 2810.06 2.46 2.27  53.3 -0.420    17.04 18.86 02a58196o0474c 0x100002  3.807339
58196.449069 17.336719 0.077185  422    30 c    0   1.04 153.45112 38.7631  2522.58 2710.99 2.46 2.25  54.5 -0.414    18.42 20.34 02a58196o0481c 0x100002 14.066667
58251.416068 20.009244      NaN   -4    12 c    0   0.97 153.45112 38.7631  1667.55 2863.92 2.69 2.60 -69.1 -0.381    19.37 21.11 02a58251o0407c 0x000000 -0.333333
58251.422129 20.009244      NaN   -7    12 c    0   1.33 153.45112 38.7631  1665.26 2868.55 2.64 2.56 -69.8 -0.382    19.39 21.04 02a58251o0419c 0x000000 -0.583333
58251.429485 19.816329      NaN    7    12 c    0   0.70 153.45112 38.7631  1651.53 2862.75 2.56 2.45 -81.5 -0.390    19.38 20.96 02a58251o0435c 0x000000  0.583333
58252.332023 20.039830      NaN    2    11 c    0   0.78 153.45112 38.7631  1672.79 2855.87 2.48 2.33  41.9 -0.414    19.68 21.33 02a58252o0209c 0x000000  0.181818
58252.348514 20.103715      NaN   -5    11 c    0   0.75 153.45112 38.7631  1669.89 2853.91 2.45 2.42  78.5 -0.394    19.61 21.28 02a58252o0244c 0x000000 -0.454545
58252.365271 19.510313      NaN   21    12 c    0   0.76 153.45112 38.7631  1656.14 2853.42 2.46 2.34  43.7 -0.411    19.59 21.23 02a58252o0280c 0x000000  1.750000
58252.382367 20.009244      NaN   -2    12 c    0   0.96 153.45112 38.7631  1671.74 2871.40 2.53 2.41  44.6 -0.409    19.54 21.22 02a58252o0316c 0x000000 -0.166667
58256.301807 16.611500      NaN  325   166 c    0   0.93 153.45112 38.7631   705.09 4491.91 2.70 2.58 -42.9 -0.419    16.31 18.09 02a58256o0008c 0x100002  1.957831
58256.311851 19.401649      NaN  -26    21 c    0   1.01 153.45112 38.7631   684.27 4450.00 2.54 2.48 -48.7 -0.403    18.81 20.59 02a58256o0029c 0x000000 -1.238095
58256.317022 20.009244      NaN   -5    12 c    0   1.04 153.45112 38.7631 10358.98 4521.44 2.94 2.70 -21.7 -0.402    19.56 21.48 02a58256o0040c 0x000000 -0.416667
58256.321452 20.009244      NaN  -12    12 c    0   0.85 153.45112 38.7631   741.95 4523.53 2.62 2.57 -49.4 -0.407    19.51 21.41 02a58256o0049c 0x000000 -1.000000
58256.329815 20.009244      NaN  -23    12 c    0   0.88 153.45112 38.7631 10341.43 4480.40 3.00 2.87 -11.9 -0.423    19.56 21.54 02a58256o0067c 0x000000 -1.916667
58256.331641 20.207197      NaN  -20    10 c    0   1.18 153.45112 38.7631   755.92 4406.94 2.66 2.63  68.7 -0.421    19.52 21.45 02a58256o0071c 0x000000 -2.000000
58256.335044 20.009244      NaN  -18    12 c    0   1.10 153.45112 38.7631 10401.15 4559.51 3.03 2.87  17.9 -0.428    19.57 21.54 02a58256o0078c 0x000000 -1.500000
58256.349802 20.103715      NaN  -16    11 c    0   0.92 153.45112 38.7631 10414.47 4442.66 2.99 2.81  50.0 -0.436    19.55 21.48 02a58256o0110c 0x000000 -1.454545
58280.261305 20.009244      NaN  -24    12 c    0   0.72 153.45112 38.7631  2909.66 4001.39 2.62 2.48 -55.2 -0.412    19.41 20.94 02a58280o0046c 0x000000 -2.000000
58280.271314 19.569016      NaN  -35    18 c    0   0.49 153.45112 38.7631  2894.72 3959.24 2.53 2.49  34.3 -0.415    19.25 20.95 02a58280o0066c 0x000000 -1.944444
58280.281272 19.922338      NaN  -22    13 c    0   1.24 153.45112 38.7631  2954.07 4033.62 2.53 2.51  42.4 -0.405    19.29 20.92 02a58280o0087c 0x000000 -1.692308
58280.291124 17.527492      NaN  -11   118 c    0   0.91 153.45112 38.7631  2966.49 3917.02 2.55 2.53  40.5 -0.408    17.91 19.55 02a58280o0108c 0x100002 -0.093220
58284.262430 19.674510      NaN    1    16 c    0   0.86 153.45112 38.7631   335.57 4771.57 3.06 2.91  63.5 -0.383    19.18 20.81 02a58284o0046c 0x000000  0.062500
58284.271525 19.696897      NaN  -17    16 c    0   0.86 153.45112 38.7631  9994.29 4781.55 3.10 3.03  47.4 -0.431    19.38 21.13 02a58284o0065c 0x000000 -1.062500
58284.271982 19.922338      NaN  -36    13 c    0   1.22 153.45112 38.7631   321.49 4730.10 2.93 2.68  46.9 -0.417    19.33 20.98 02a58284o0066c 0x000000 -2.769231
58284.281497 19.922338      NaN  -20    13 c    0   1.21 153.45112 38.7631  9977.51 4739.86 2.92 2.87  45.3 -0.432    19.42 21.14 02a58284o0086c 0x000000 -1.538462
58284.281955 19.609992      NaN    4    16 c    0   0.55 153.45112 38.7631   380.93 4804.58 2.82 2.68  50.6 -0.405    19.33 20.99 02a58284o0087c 0x000000  0.250000
58284.291572 19.569016      NaN   -9    18 c    0   0.80 153.45112 38.7631 10038.06 4819.38 3.01 2.95  -5.5 -0.430    19.36 21.09 02a58284o0107c 0x000000 -0.500000
58284.292030 19.569016      NaN  -47    18 c    0   0.60 153.45112 38.7631   396.25 4686.68 3.10 2.93  48.3 -0.393    19.14 20.84 02a58284o0108c 0x000000 -2.611111
58284.301120 19.696897      NaN  -17    16 c    0   1.06 153.45112 38.7631 10051.84 4704.45 3.35 3.27  43.1 -0.413    19.22 21.10 02a58284o0127c 0x000000 -1.062500
58428.653072 18.910912      NaN  -22    33 c    0   1.21 153.45112 38.7631  8276.11 9524.64 2.64 2.59   5.9 -0.435    18.49 19.28 02a58428o0887c 0x100002 -0.666667
58432.656623 18.847027      NaN  -51    35 c    0   0.85 153.45112 38.7631  9475.03 6210.50 2.52 2.46 -61.8 -0.462    18.43 19.18 02a58432o1003c 0x100002 -1.457143
58436.642732 19.841877      NaN  -26    14 c    0   0.91 153.45112 38.7631  8608.17 8814.69 2.95 2.85 -89.1 -0.369    19.40 21.22 02a58436o0973c 0x000000 -1.857143
58436.651068 19.510313      NaN  -40    19 c    0   1.08 153.45112 38.7631  8625.58 8854.56 2.82 2.77  72.8 -0.388    19.02 20.27 02a58436o0991c 0x000000 -2.105263
58436.659932 17.131075      NaN -196   170 c    0   1.40 153.45112 38.7631  8566.48 8778.86 2.83 2.73 -80.6 -0.397    17.48 18.04 02a58436o1010c 0x100002 -1.152941
58460.639109 19.922338      NaN  -36    13 c    0   0.74 153.45112 38.7631   457.67 6841.43 2.80 2.56  24.3 -0.407    19.79 21.97 02a58460o0968c 0x000000 -2.769231
58460.648943 19.922338      NaN    0    13 c    0   0.78 153.45112 38.7631   424.36 6806.80 2.93 2.66  10.1 -0.384    19.73 21.94 02a58460o0989c 0x000000  0.000000
58460.658169 20.009244      NaN  -39    12 c    0   0.91 153.45112 38.7631  9697.36 6853.01 2.61 2.55  16.0 -0.426    19.63 21.32 02a58460o1008c 0x000000 -3.250000
58460.662787 19.510313      NaN   -4    19 c    0   0.70 153.45112 38.7631   478.82 6880.84 2.94 2.77  14.1 -0.384    19.08 20.40 02a58460o1018c 0x000000 -0.210526
58460.668084 18.280067      NaN  -36    59 c    0   1.61 153.45112 38.7631  9664.92 6818.97 3.02 2.92  52.9 -0.465    18.07 19.12 02a58460o1029c 0x100002 -0.610169
58460.672915 17.381362      NaN  -11   135 c    0   1.01 153.45112 38.7631   491.94 6767.04 2.75 2.61  22.7 -0.446    16.84 17.70 02a58460o1039c 0x100002 -0.081481
58488.585111 20.009244      NaN  -49    12 c    0   1.01 153.45112 38.7631  7901.47 4866.58 2.98 2.91 -33.9 -0.393    19.55 21.77 02a58488o0838c 0x000000 -4.083333
58488.593933 19.922338      NaN  -22    13 c    0   0.61 153.45112 38.7631  7883.99 4826.52 3.05 3.01 -55.3 -0.385    19.54 21.77 02a58488o0857c 0x000000 -1.692308
58488.602754 20.103715      NaN  -41    11 c    0   1.11 153.45112 38.7631  7941.63 4904.81 3.03 2.94 -43.7 -0.386    19.51 21.78 02a58488o0876c 0x000000 -3.727273
58488.611647 19.922338      NaN  -37    13 c    0   0.88 153.45112 38.7631  7955.68 4789.62 3.14 3.09  63.3 -0.389    19.48 21.79 02a58488o0895c 0x000000 -2.846154
58492.625182 20.009244      NaN  -22    12 c    0   0.64 153.45112 38.7631  6558.37  955.49 2.66 2.51  53.8 -0.415    19.75 21.90 02a58492o0899c 0x000000 -1.833333
58492.636178 20.207197      NaN  -25    10 c    0   1.08 153.45112 38.7631  6541.03  915.87 2.68 2.58  63.1 -0.410    19.73 21.87 02a58492o0921c 0x000000 -2.500000
58492.646384 20.009244      NaN  -31    12 c    0   0.88 153.45112 38.7631  6599.74  992.60 2.69 2.58  50.1 -0.407    19.67 21.84 02a58492o0942c 0x000000 -2.583333
58492.656829 20.103715      NaN  -40    11 c    0   0.92 153.45112 38.7631  6616.22  876.08 2.73 2.54  45.2 -0.420    19.69 21.77 02a58492o0964c 0x000000 -3.636364
58520.551079 20.103715      NaN  -49    11 c    0   0.97 153.45112 38.7631  2338.06 6801.85 2.56 2.50 -23.5 -0.422    19.78 21.95 02a58520o0035c 0x000000 -4.454545
58520.563950 20.321591      NaN  -22     9 c    0   0.98 153.45112 38.7631  2321.22 6762.53 2.67 2.54  27.1 -0.424    19.75 21.92 02a58520o0063c 0x000000 -2.444444
58520.568373 20.009244      NaN  -39    12 c    0   0.60 153.45112 38.7631  2379.46 6836.61 2.61 2.50  22.6 -0.426    19.73 21.92 02a58520o0072c 0x000000 -3.250000
58520.583239 20.207197      NaN  -43    10 c    0   0.94 153.45112 38.7631  2396.68 6718.35 2.55 2.39  28.3 -0.444    19.77 21.90 02a58520o0104c 0x000000 -4.300000
58576.431716 20.009244      NaN  -29    12 c    0   0.92 153.45112 38.7631  2221.18 8751.57 2.45 2.29 -40.5 -0.418    19.69 21.63 02a58576o0450c 0x000000 -2.416667
58576.436585 20.103715      NaN  -44    11 c    0   1.00 153.45112 38.7631  2191.83 8712.41 2.42 2.18 -42.2 -0.426    19.74 21.62 02a58576o0460c 0x000000 -4.000000
58576.454284 20.103715      NaN  -36    11 c    0   0.94 153.45112 38.7631  2252.01 8787.11 2.39 2.18 -42.9 -0.426    19.72 21.58 02a58576o0498c 0x000000 -3.272727
58576.470766 20.009244      NaN  -44    12 c    0   0.79 153.45112 38.7631  2270.17 8667.72 2.40 2.16 -40.3 -0.428    19.65 21.49 02a58576o0534c 0x000000 -3.666667
58580.415526 20.103715      NaN  -20    11 c    0   0.85 153.45112 38.7631  5806.02 6786.13 2.48 2.30  47.3 -0.399    19.63 21.47 02a58580o0414c 0x000000 -1.818182
58580.426961 20.103715      NaN  -39    11 c    0   0.91 153.45112 38.7631  5788.79 6745.10 2.50 2.32  43.9 -0.401    19.63 21.41 02a58580o0439c 0x000000 -3.545455
58580.446506 20.103715      NaN  -26    11 c    0   1.01 153.45112 38.7631  5835.97 6821.54 2.49 2.37  46.4 -0.405    19.57 21.30 02a58580o0481c 0x000000 -2.363636
58580.450449 20.103715      NaN  -35    11 c    0   1.33 153.45112 38.7631  5864.69 6703.84 2.87 2.42  42.8 -0.388    19.50 21.30 02a58580o0489c 0x000000 -3.181818
58604.365262 20.207197      NaN  -34    10 c    0   1.25 153.45112 38.7631  2449.52 2927.15 2.44 2.34 -55.9 -0.407    19.54 21.43 02a58604o0273c 0x000000 -3.400000
58604.370995 20.321591      NaN  -24     9 c    0   1.70 153.45112 38.7631  2420.41 2887.20 2.39 2.33 -60.5 -0.412    19.53 21.41 02a58604o0285c 0x000000 -2.666667
58612.286264 20.009244      NaN  -43    12 c    0   0.95 153.45112 38.7631  2464.55 7209.70 2.32 2.28  -4.5 -0.407    19.64 21.18 02a58612o0119c 0x000000 -3.583333
58612.288094 20.207197      NaN  -49    10 c    0   1.15 153.45112 38.7631  2446.05 7171.37 2.35 2.30  17.8 -0.402    19.65 21.19 02a58612o0123c 0x000000 -4.900000
58612.293286 19.922338      NaN  -50    13 c    0   0.73 153.45112 38.7631  2501.84 7246.95 2.33 2.32  24.1 -0.398    19.63 21.19 02a58612o0134c 0x000000 -3.846154
58612.309556 20.207197      NaN  -41    10 c    0   0.96 153.45112 38.7631  2520.34 7126.59 2.30 2.27   0.0 -0.404    19.65 21.22 02a58612o0169c 0x000000 -4.100000
58636.258201 20.009244      NaN  -21    12 c    0   1.01 153.45112 38.7631  4537.18 3415.93 2.78 2.43  49.6 -0.391    19.43 20.90 02a58636o0060c 0x000000 -1.750000
58636.260950 20.009244      NaN  -32    12 c    0   1.07 153.45112 38.7631  4517.50 3376.30 2.81 2.30  46.8 -0.393    19.52 21.04 02a58636o0066c 0x000000 -2.666667
58636.266017 20.009244      NaN  -39    12 c    0   1.07 153.45112 38.7631  4574.70 3452.52 2.58 2.28  45.1 -0.403    19.62 21.17 02a58636o0077c 0x000000 -3.250000
58636.275710 20.103715      NaN  -21    11 c    0   0.82 153.45112 38.7631  4595.47 3333.23 2.53 2.33  53.9 -0.402    19.64 21.30 02a58636o0098c 0x000000 -1.909091
58792.555384 19.922338      NaN  -42    13 c    0   0.86 153.45112 38.7631  7995.49 7051.34 2.65 2.52  36.4 -0.397    19.52 21.11 02a58792o0796c 0x000000 -3.230769
58792.558927 19.841877      NaN  -32    14 c    0   1.01 153.45112 38.7631  8013.93 7089.93 2.64 2.58  34.1 -0.394    19.48 21.11 02a58792o0803c 0x000000 -2.285714
58792.564457 19.922338      NaN  -41    13 c    0   1.04 153.45112 38.7631  7954.85 7013.98 3.00 2.41  39.2 -0.373    19.48 21.16 02a58792o0814c 0x000000 -3.153846
58792.575818 20.009244      NaN  -47    12 c    0   0.84 153.45112 38.7631  7934.68 7132.30 2.69 2.43  38.0 -0.392    19.60 21.30 02a58792o0837c 0x000000 -3.916667
58796.606068 20.103715      NaN  -35    11 c    0   1.15 153.45112 38.7631  6232.12 1258.28 2.43 2.21 -57.7 -0.408    19.59 21.14 02a58796o0887c 0x000000 -3.181818
58796.612870 20.103715      NaN  -43    11 c    0   0.62 153.45112 38.7631  6247.79 1299.70 2.36 2.18 -60.0 -0.413    19.62 21.12 02a58796o0901c 0x000000 -3.909091
58796.616589 20.207197      NaN  -36    10 c    0   1.14 153.45112 38.7631  6194.51 1221.68 2.38 2.18 -59.8 -0.406    19.61 21.12 02a58796o0909c 0x000000 -3.600000
58796.626878 20.207197      NaN  -25    10 c    0   1.36 153.45112 38.7631  6175.12 1340.25 2.38 2.21 -60.5 -0.407    19.64 21.20 02a58796o0931c 0x000000 -2.500000
58796.653551 19.256669      NaN  -10    24 c    0   1.16 153.45112 38.7631  6217.42 1283.39 2.45 2.20 -58.2 -0.412    18.51 19.53 02a58796o0987c 0x000000 -0.416667
58816.499649 20.009244      NaN  -30    12 c    0   0.99 153.45112 38.7631  8114.58 3374.74 2.80 2.63  -8.0 -0.374    19.51 21.35 02a58816o0674c 0x000000 -2.500000
58816.502950 20.009244      NaN  -16    12 c    0   1.00 153.45112 38.7631  8130.96 3415.25 2.75 2.65   4.2 -0.375    19.49 21.39 02a58816o0681c 0x000000 -1.333333
58816.509018 19.922338      NaN  -21    13 c    0   0.81 153.45112 38.7631  8074.96 3337.22 2.66 2.57   4.7 -0.378    19.59 21.42 02a58816o0694c 0x000000 -1.615385
58816.522732 20.103715      NaN  -50    11 c    0   0.95 153.45112 38.7631  8053.86 3458.62 2.60 2.58  -0.4 -0.384    19.63 21.51 02a58816o0723c 0x000000 -4.545455
58816.662377 18.978793      NaN   -6    31 c    0   0.60 153.45112 38.7631  8111.89 3413.99 2.58 2.43 -63.0 -0.375    18.39 19.31 02a58816o1015c 0x100002 -0.193548
58868.537146 20.207197      NaN  -18    10 c    0   0.65 153.45112 38.7631  8427.74 5191.85 2.52 2.48  52.6 -0.391    19.83 21.91 02a58868o0731c 0x000000 -1.800000
58868.540479 20.321591      NaN  -54     9 c    0   0.86 153.45112 38.7631  8407.96 5152.41 2.46 2.37 -74.7 -0.399    19.79 21.90 02a58868o0738c 0x000000 -6.000000
58868.546012 20.449472      NaN  -26     8 c    0   1.20 153.45112 38.7631  8465.69 5230.64 2.58 2.34  35.0 -0.390    19.85 21.88 02a58868o0750c 0x000000 -3.250000
58868.548898 20.321591      NaN  -45     9 c    0   0.90 153.45112 38.7631  8485.20 5114.91 2.48 2.37 -71.1 -0.394    19.83 21.87 02a58868o0756c 0x000000 -5.000000
58868.560127 20.321591      NaN  -53     9 c    0   0.95 153.45112 38.7631  8442.65 5168.75 2.48 2.35 -71.9 -0.395    19.86 21.83 02a58868o0780c 0x000000 -5.888889
58872.470174 20.207197      NaN  -35    10 c    0   0.78 153.45112 38.7631  2147.44 5376.72 2.32 2.27  83.9 -0.420    19.88 22.04 02a58872o0584c 0x000000 -3.500000
58872.473425 20.207197      NaN  -31    10 c    0   1.05 153.45112 38.7631  2167.85 5416.43 2.59 2.29  43.7 -0.402    19.82 22.03 02a58872o0591c 0x000000 -3.100000
58872.478928 20.594452      NaN  -45     7 c    0   1.65 153.45112 38.7631  2109.32 5338.17 2.49 2.27  45.7 -0.408    19.86 22.04 02a58872o0603c 0x000000 -6.428571
58872.490393 20.207197      NaN  -40    10 c    0   1.11 153.45112 38.7631  2090.48 5453.95 2.38 2.29  51.6 -0.414    19.85 22.01 02a58872o0628c 0x000000 -4.000000
58876.532619 19.922338      NaN  -38    13 c    0   0.73 153.45112 38.7631  2594.20 1281.12 2.46 2.28 -62.2 -0.422    19.51 21.49 02a58876o0688c 0x000000 -2.923077
58876.535537 19.841877      NaN  -27    14 c    0   0.72 153.45112 38.7631  2576.06 1241.41 2.50 2.31 -59.2 -0.421    19.74 21.82 02a58876o0694c 0x000000 -1.928571
58876.543386 20.207197      NaN  -51    10 c    0   0.96 153.45112 38.7631  2637.74 1316.89 2.43 2.30 -66.3 -0.425    19.79 21.81 02a58876o0711c 0x000000 -5.100000
58876.555055 20.207197      NaN  -21    10 c    0   0.85 153.45112 38.7631  2656.03 1198.64 2.44 2.30 -69.1 -0.427    19.82 21.86 02a58876o0735c 0x000000 -2.100000
58880.424950 19.351140      NaN  -76    22 c    0   1.15 153.45112 38.7631  7978.66 9291.93 2.89 2.66 -61.4 -0.390    18.98 20.87 02a58880o0123c 0x000000 -3.454545
58880.428346 19.212347      NaN  -19    25 c    0   0.87 153.45112 38.7631  7997.48 9330.00 2.85 2.60 -57.0 -0.397    18.86 20.76 02a58880o0130c 0x000000 -0.760000
58880.433629 18.649074      NaN  -80    42 c    0   0.80 153.45112 38.7631  7936.85 9252.09 3.44 3.13 -55.9 -0.389    18.39 20.47 02a58880o0141c 0x100002 -1.904762
58900.474346 19.816329      NaN   10    11 c    0   0.77 153.45112 38.7631  6413.31 7479.81 2.73 2.56 -56.1 -0.403    19.72 21.89 02a58900o0543c 0x000000  0.909091
58900.477091 19.841877      NaN   12    10 c    0   1.20 153.45112 38.7631  6394.86 7443.06 2.67 2.53 -56.0 -0.407    19.74 21.88 02a58900o0549c 0x000000  1.200000
58900.482168 20.039830      NaN    5    10 c    0   1.26 153.45112 38.7631  6452.44 7520.87 2.71 2.58 -56.3 -0.407    19.70 21.87 02a58900o0560c 0x000000  0.500000
58900.492693 19.674510      NaN   10    13 c    0   0.62 153.45112 38.7631  6466.51 7404.62 2.88 2.48  36.7 -0.386    19.75 21.85 02a58900o0579c 0x000000  0.769231
58932.349692 20.009244      NaN   -1    12 c    0   0.69 153.45112 38.7631  2499.16 1397.88 2.64 2.35 -60.5 -0.425    19.77 21.85 02a58932o0280c 0x000000 -0.083333
58932.355054 19.841877      NaN   15     9 c    0   1.13 153.45112 38.7631  8066.20 9134.50 2.75 2.47  41.5 -0.392    19.78 21.86 02a58932o0291c 0x000000  1.666667
58932.358402 19.674510      NaN   13    12 c    0   0.80 153.45112 38.7631  8122.89 9213.97 2.81 2.53 -62.9 -0.395    19.75 21.83 02a58932o0298c 0x000000  1.083333
58932.368880 19.766969      NaN   15    10 c    0   1.27 153.45112 38.7631  8139.71 9095.64 2.69 2.52 -61.4 -0.396    19.80 21.81 02a58932o0320c 0x000000  1.500000
58960.376804 19.922338      NaN    6    11 c    0   0.80 153.45112 38.7631  4690.55 1667.91 2.39 2.33  86.8 -0.404    19.69 21.47 02a58960o0318c 0x000000  0.545455
58960.381239 20.207197      NaN   -3    10 c    0   1.03 153.45112 38.7631  4679.81 1627.52 2.45 2.36  74.4 -0.398    19.68 21.46 02a58960o0327c 0x000000 -0.300000
58960.386229 20.207197      NaN   -7    10 c    0   1.18 153.45112 38.7631  4737.37 1708.04 2.42 2.35  68.5 -0.398    19.68 21.46 02a58960o0337c 0x000000 -0.700000
58960.396181 19.696897      NaN   12    12 c    0   0.73 153.45112 38.7631  4759.26 1585.30 2.45 2.33  64.0 -0.401    19.67 21.45 02a58960o0357c 0x000000  1.000000
58964.323853 17.797727      NaN   48    76 c    0   0.86 153.45112 38.7631   504.53 7354.56 3.00 2.62 -50.8 -0.389    17.34 18.98 02a58964o0194c 0x100002  0.631579
58964.327099 17.137480      NaN  159   116 c    0   0.94 153.45112 38.7631   485.80 7315.71 2.67 2.29 -51.5 -0.404    16.93 18.45 02a58964o0201c 0x100002  1.370690
58964.332630 15.444057      NaN  726   562 c    0   1.15 153.45112 38.7631   543.03 7390.93 2.94 2.59 -56.5 -0.379    15.28 16.81 02a58964o0213c 0x100002  1.291815
58964.335845 15.815607      NaN  573   380 c    0   1.34 153.45112 38.7631 10250.59 7396.66 3.06 2.72 -60.6 -0.487    15.63 17.06 02a58964o0220c 0x100002  1.507895
58964.339057 15.988374      NaN -153   487 c    0   0.99 153.45112 38.7631 10231.08 7356.93 3.07 2.79 -62.2 -0.483    15.96 17.43 02a58964o0227c 0x100002 -0.314168
58964.346442 19.051202      NaN  -29    29 c    0   1.33 153.45112 38.7631 10289.04 7437.23 3.03 2.67 -60.7 -0.381    18.59 20.26 02a58964o0243c 0x000000 -1.000000
58964.353355 19.063754      NaN   26    20 c    0   1.18 153.45112 38.7631   564.90 7273.09 2.62 2.22 -54.4 -0.411    18.39 20.03 02a58964o0258c 0x000000  1.300000
58964.358036 18.136622      NaN   58    48 c    0   0.72 153.45112 38.7631 10308.35 7320.62 2.93 2.71 -63.3 -0.389    18.44 20.07 02a58964o0268c 0x100002  1.208333
58980.269791 20.071303      NaN    4    10 c    0   1.05 153.45112 38.7631  4355.27 7089.53 2.51 2.23  38.1 -0.395    19.73 21.46 02a58980o0083c 0x000000  0.400000
58980.273485 19.652575      NaN   20    10 c    0   1.27 153.45112 38.7631  4339.47 7050.13 2.26 2.22 -44.5 -0.414    19.73 21.45 02a58980o0091c 0x000000  2.000000
58980.279464 19.894850      NaN    7    11 c    0   0.90 153.45112 38.7631  4395.40 7127.18 2.35 2.28  39.6 -0.406    19.72 21.46 02a58980o0104c 0x000000  0.636364
58980.290509 19.674510      NaN   10    13 c    0   0.57 153.45112 38.7631  4411.94 7010.16 2.49 2.23  39.2 -0.395    19.74 21.49 02a58980o0128c 0x000000  0.769231
58984.294042 19.719755      NaN   17    10 c    0   0.90 153.45112 38.7631  4353.29 7089.51 2.31 2.20  29.8 -0.410    19.75 21.39 02a58984o0052c 0x000000  1.700000
58984.297284 20.009244      NaN   -3    12 c    0   0.59 153.45112 38.7631  4334.82 7049.80 2.32 2.22  26.3 -0.406    19.72 21.40 02a58984o0059c 0x000000 -0.250000
58984.302825 19.894850      NaN   10    10 c    0   0.77 153.45112 38.7631  4390.71 7125.83 2.33 2.22  27.0 -0.405    19.73 21.39 02a58984o0071c 0x000000  1.000000
58984.316170 20.009244      NaN    6    10 c    0   1.50 153.45112 38.7631  4409.70 7009.81 2.28 2.24   8.1 -0.409    19.71 21.38 02a58984o0100c 0x000000  0.600000
58988.295311 19.979496      NaN    4    11 c    0   0.95 153.45112 38.7631  2540.57 3523.13 2.53 2.49 -70.4 -0.402    19.55 21.26 02a58988o0133c 0x000000  0.363636
58988.299481 19.868040      NaN    2    13 c    0   0.78 153.45112 38.7631  2521.33 3483.26 2.77 2.71  81.9 -0.381    19.47 21.24 02a58988o0142c 0x000000  0.153846
58988.305050 19.922338      NaN    9    10 c    0   1.33 153.45112 38.7631  2580.33 3557.63 2.50 2.45 -80.8 -0.395    19.54 21.25 02a58988o0154c 0x000000  0.900000
58988.318932 19.868040      NaN    2    13 c    0   0.74 153.45112 38.7631  2603.41 3438.11 2.44 2.42 -86.3 -0.403    19.57 21.26 02a58988o0184c 0x000000  0.153846
58992.252690 19.401649      NaN   24    13 c    0   1.03 153.45112 38.7631  2554.65 3527.59 2.47 2.44  34.9 -0.415    19.45 20.94 02a58992o0039c 0x000000  1.846154
58992.258219 20.103715      NaN    0    11 c    0   0.90 153.45112 38.7631  2533.81 3486.91 2.42 2.42 -56.2 -0.415    19.59 21.24 02a58992o0051c 0x000000  0.000000
58992.261478 19.529530      NaN   20    12 c    0   0.55 153.45112 38.7631  2591.90 3562.64 2.40 2.36  49.7 -0.412    19.60 21.30 02a58992o0058c 0x000000  1.666667
58992.275284 19.743105      NaN   13    11 c    0   0.85 153.45112 38.7631  2609.09 3442.41 2.38 2.35 -81.7 -0.415    19.65 21.34 02a58992o0088c 0x000000  1.181818
59011.252939 18.606822      NaN   56    25 c    0   2.77 153.45112 38.7631  2444.17 7202.52 2.68 2.49 -45.6 -0.394    18.68 19.85 02a59011o0022c 0x000000  2.240000
59011.255748 19.950541      NaN    2    12 c    0   1.83 153.45112 38.7631  2424.43 7162.60 2.41 2.26 -48.6 -0.400    19.14 20.29 02a59011o0028c 0x000000  0.166667
59011.265926 19.791368      NaN    2    14 c    0   0.81 153.45112 38.7631  2477.90 7235.84 2.73 2.57 -41.8 -0.388    19.36 20.95 02a59011o0050c 0x000000  0.142857
59011.272892 19.436675      NaN   16    15 c    0   0.97 153.45112 38.7631  2497.81 7119.10 2.69 2.53 -42.8 -0.391    19.40 20.98 02a59011o0065c 0x000000  1.066667
59144.550347 19.102305      NaN   35    16 c    0   0.75 153.45112 38.7631  7937.04 5113.13 2.57 2.48  18.4 -0.386    19.43 21.12 02a59144o0728c 0x000000  2.187500
59144.573992 19.318728      NaN   29    13 c    0   1.15 153.45112 38.7631  7956.77 5152.20 2.57 2.44  27.3 -0.387    19.57 21.32 02a59144o0779c 0x000000  2.230769
59144.578157 19.351140      NaN   21    15 c    0   0.72 153.45112 38.7631  7898.61 5074.89 2.62 2.46  30.4 -0.387    19.54 21.36 02a59144o0788c 0x000000  1.400000
59144.592010 19.922338      NaN    6    11 c    0   1.05 153.45112 38.7631  7876.06 5190.61 2.63 2.43  32.1 -0.383    19.57 21.43 02a59144o0818c 0x000000  0.545455
59194.584760 20.207197      NaN   -2    10 c    0   0.80 153.45112 38.7631  6435.13 7456.90 2.57 2.46 -74.6 -0.367    19.71 22.99 01a59194o0868c 0x000000 -0.200000
59194.587534 19.979496      NaN   10     9 c    0   1.67 153.45112 38.7631  6416.63 7418.15 2.75 2.54  25.5 -0.359    19.68 22.99 01a59194o0874c 0x000000  1.111111
59194.590302 19.652575      NaN   17    11 c    0   0.69 153.45112 38.7631  6473.32 7496.07 2.48 2.36 -87.5 -0.380    19.76 23.01 01a59194o0880c 0x000000  1.545455
59194.595372 19.950541      NaN    2    12 c    0   0.59 153.45112 38.7631  6492.01 7380.39 2.47 2.41  68.6 -0.369    19.75 23.03 01a59194o0891c 0x000000  0.166667
59200.567128 19.868040      NaN    8    11 c    0   1.00 153.45112 38.7631  6293.39 1298.00 2.47 2.36 -80.1 -0.406    19.75 21.76 02a59200o0717c 0x000000  0.727273
59200.572488 20.449472      NaN   -4     8 c    0   1.24 153.45112 38.7631  6292.06 1295.06 2.47 2.33 -73.2 -0.405    19.77 21.77 02a59200o0728c 0x000000 -0.500000
59200.575740 20.244005      NaN    2     9 c    0   0.99 153.45112 38.7631  6236.31 1219.14 2.45 2.33 -75.8 -0.401    19.75 21.79 02a59200o0735c 0x000000  0.222222
59200.583609 19.816329      NaN   16     9 c    0   0.97 153.45112 38.7631  6220.28 1338.60 2.52 2.41 -75.1 -0.397    19.74 21.81 02a59200o0752c 0x000000  1.777778
59206.482751 19.743105      NaN   10    12 c    0   0.86 153.45112 38.7631   582.81 3654.99 3.23 2.69   8.0 -0.370    19.47 21.68 01a59206o0607c 0x000000  0.833333
59206.494345 19.979496      NaN    7    10 c    0   1.24 153.45112 38.7631   558.99 3612.05 2.59 2.54 -46.9 -0.370    19.72 21.91 01a59206o0632c 0x000000  0.700000
59206.502230 20.009244      NaN   -1    12 c    0   0.65 153.45112 38.7631   617.50 3689.83 2.45 2.43  89.6 -0.374    19.78 21.95 01a59206o0649c 0x000000 -0.083333
59206.503190 19.922338      NaN   -7    13 c    0   1.21 153.45112 38.7631 10492.86 3686.78 3.19 2.87   6.8 -0.315    19.65 21.93 01a59206o0651c 0x000000 -0.538462
59206.507794 20.207197      NaN    0    10 c    0   1.05 153.45112 38.7631   637.28 3574.68 2.49 2.46  72.8 -0.376    19.76 21.96 01a59206o0661c 0x000000  0.000000
59206.508746 19.922338      NaN  -20    13 c    0   0.92 153.45112 38.7631 10472.62 3645.75 3.30 2.77  10.8 -0.308    19.66 21.94 01a59206o0663c 0x000000 -1.538462
59206.518898 19.766969      NaN  -12    15 c    0   1.50 153.45112 38.7631 10529.09 3718.82 2.82 2.69 -72.3 -0.339    19.77 21.94 01a59206o0685c 0x000000 -0.800000
59222.488850 20.449472      NaN   -4     8 c    0   1.41 153.45112 38.7631  6489.52 5233.26 2.62 2.55 -84.3 -0.368    19.76 21.92 01a59222o0635c 0x000000 -0.500000
59222.492073 20.137125      NaN    2    10 c    0   0.69 153.45112 38.7631  6469.19 5195.16 2.53 2.44 -64.4 -0.373    19.81 21.92 01a59222o0642c 0x000000  0.200000
59222.503424 20.071303      NaN    1    11 c    0   0.89 153.45112 38.7631  6526.87 5274.22 2.74 2.64  88.5 -0.372    19.71 21.92 01a59222o0665c 0x000000  0.090909
59222.512390 19.841877      NaN   12    10 c    0   1.14 153.45112 38.7631  6547.35 5159.90 2.91 2.79 -87.7 -0.350    19.64 21.91 01a59222o0684c 0x000000  1.200000
59226.464889 20.103715      NaN  -10    11 c    0   0.75 153.45112 38.7631  8092.40 9138.61 2.85 2.61  42.2 -0.328    19.72 22.08 01a59226o0546c 0x000000 -0.909091
59226.469976 19.318728      NaN   26    14 c    0   0.57 153.45112 38.7631  8072.75 9096.69 3.33 3.12  79.5 -0.317    19.58 22.09 01a59226o0557c 0x000000  1.857143
59226.471819 19.922338      NaN  -14    13 c    0   0.76 153.45112 38.7631  8130.68 9177.09 3.17 3.06  22.8 -0.312    19.58 22.09 01a59226o0561c 0x000000 -1.076923
59226.482899 19.334813      NaN   22    15 c    0   0.45 153.45112 38.7631  8150.73 9058.50 2.91 2.79 -84.7 -0.341    19.71 22.11 01a59226o0585c 0x000000  1.466667
59228.551300 20.321591      NaN   -3     9 c    0   1.18 153.45112 38.7631  4555.48 5333.20 2.67 2.52  28.9 -0.388    19.73 21.87 02a59228o0695c 0x000000 -0.333333
59228.554077 19.631075      NaN   15    12 c    0   0.78 153.45112 38.7631  4535.97 5294.83 2.58 2.47  27.0 -0.386    19.74 21.86 02a59228o0701c 0x000000  1.250000
59228.560538 19.719755      NaN   11    12 c    0   0.66 153.45112 38.7631  4592.79 5373.05 2.60 2.50  23.9 -0.389    19.74 21.84 02a59228o0715c 0x000000  0.916667
59228.595246 20.449472      NaN   -6     8 c    0   1.21 153.45112 38.7631  4608.08 5256.66 2.51 2.36  29.4 -0.396    19.76 21.79 02a59228o0790c 0x000000 -0.750000
59230.470448 19.868040      NaN    8    11 c    0   0.71 153.45112 38.7631  8100.18 9138.42 2.66 2.60 -33.3 -0.359    19.76 21.95 01a59230o0589c 0x000000  0.727273
59230.474646 19.868040      NaN    8    11 c    0   0.63 153.45112 38.7631  8079.29 9097.33 2.55 2.36  85.8 -0.350    19.86 21.92 01a59230o0598c 0x000000  0.727273
59230.480274 19.922338      NaN    3    12 c    0   0.69 153.45112 38.7631  8137.33 9176.38 2.60 2.49 -88.1 -0.354    19.82 21.94 01a59230o0610c 0x000000  0.250000
59230.491826 20.009244      NaN    6    10 c    0   0.83 153.45112 38.7631  8155.29 9060.97 2.67 2.58 -72.8 -0.349    19.78 21.99 01a59230o0634c 0x000000  0.600000
59252.489946 20.207197      NaN    0    10 c    0   0.86 153.45112 38.7631  8333.36 7418.72 2.53 2.44 -73.9 -0.404    19.84 21.87 02a59252o0619c 0x000000  0.000000
59252.493196 19.652575      NaN   20    10 c    0   1.08 153.45112 38.7631  8313.35 7379.58 2.58 2.42  44.4 -0.400    19.85 21.88 02a59252o0626c 0x000000  2.000000
59252.499643 19.589310      NaN   20    11 c    0   0.92 153.45112 38.7631  8370.23 7458.41 2.58 2.50 -74.3 -0.401    19.85 21.87 02a59252o0640c 0x000000  1.818182
59252.515153 20.009244      NaN  -24    12 c    0   0.57 153.45112 38.7631  8388.31 7343.39 2.63 2.51  34.9 -0.395    19.86 21.88 02a59252o0673c 0x000000 -2.000000
59254.498294 20.039830      NaN    2    11 c    0   0.74 153.45112 38.7631  5876.83 8897.61 2.53 2.22 -75.5 -0.386    19.79 21.95 01a59254o0630c 0x000000  0.181818
59254.501987 20.009244      NaN    6    10 c    0   0.95 153.45112 38.7631  5898.62 8936.95 2.55 2.24 -76.7 -0.388    19.79 21.97 01a59254o0638c 0x000000  0.600000
59254.507542 20.321591      NaN   -1     9 c    0   1.57 153.45112 38.7631  5838.66 8858.91 2.64 2.31 -75.3 -0.382    19.75 21.98 01a59254o0650c 0x000000 -0.111111
59254.531956 20.244005 0.336953   29     9 c    0   1.26 153.45112 38.7631  5826.74 8973.41 2.52 2.24 -78.9 -0.391    19.82 21.99 01a59254o0702c 0x000000  3.222222
59256.357136 20.009244      NaN   -3    12 c    0   0.87 153.45112 38.7631  2237.54 3148.45 2.83 2.47  38.8 -0.382    19.61 21.70 02a59256o0326c 0x000000 -0.250000
59256.386900 20.103715      NaN  -12    11 c    0   0.88 153.45112 38.7631  2270.35 3187.77 2.64 2.41  30.9 -0.394    19.69 21.77 02a59256o0389c 0x000000 -1.090909
59256.396287 20.207197 0.361912   30    10 c    0   0.77 153.45112 38.7631  2206.25 3109.28 2.46 2.37  50.8 -0.401    19.75 21.81 02a59256o0409c 0x000000  3.000000
59256.406886 20.449472      NaN   -3     8 c    0   1.43 153.45112 38.7631  2189.21 3224.05 2.61 2.30  39.8 -0.394    19.73 21.85 02a59256o0432c 0x000000 -0.375000
59257.475439 20.009244      NaN   -2    12 c    0   0.61 153.45112 38.7631  9996.95 3185.72 2.67 2.58 -55.2 -0.377    19.88 22.12 01a59257o0576c 0x000000 -0.166667
59257.481542 19.631075      NaN   18    11 c    0   0.66 153.45112 38.7631 10016.65 3222.87 2.76 2.64 -79.7 -0.360    19.85 22.12 01a59257o0588c 0x000000  1.636364
59257.484919 19.589310      NaN   14    13 c    0   0.69 153.45112 38.7631  9959.43 3146.27 2.75 2.59 -71.8 -0.367    19.85 22.13 01a59257o0594c 0x000000  1.076923
59257.498563 19.696897      NaN   12    12 c    0   0.91 153.45112 38.7631  9942.13 3261.70 2.80 2.69 -41.0 -0.361    19.80 22.10 01a59257o0623c 0x000000  1.000000
59258.459861 19.569016      NaN   21    11 c    0   1.17 153.45112 38.7631 10001.46 3191.14 2.82 2.68 -62.1 -0.366    19.75 21.89 01a59258o0550c 0x000000  1.909091
59258.462639 19.491430      NaN   16    14 c    0   0.40 153.45112 38.7631 10022.05 3228.77 2.72 2.61 -57.4 -0.368    19.81 21.91 01a59258o0556c 0x000000  1.142857
59258.469548 19.922338 0.306233   39    11 c    0   0.94 153.45112 38.7631  9964.93 3152.05 2.79 2.70 -46.6 -0.354    19.79 21.90 01a59258o0571c 0x000000  3.545455
59258.475075 20.009244      NaN   -6    12 c    0   0.49 153.45112 38.7631   263.15 3254.60 2.48 2.34  70.4 -0.377    19.78 21.92 01a59258o0583c 0x000000 -0.500000
59258.504537 19.454622      NaN   21    13 c    0   0.82 153.45112 38.7631  9951.70 3262.42 2.83 2.66 -59.9 -0.355    19.74 21.88 01a59258o0646c 0x000000  1.615385
59258.507301 19.791368      NaN   11    11 c    0   0.58 153.45112 38.7631   289.26 3288.84 2.60 2.50  67.7 -0.361    19.72 21.91 01a59258o0652c 0x000000  1.000000
59258.510071 20.009244      NaN  -10    12 c    0   0.73 153.45112 38.7631   230.07 3207.66 2.47 2.41  49.4 -0.368    19.75 21.91 01a59258o0658c 0x000000 -0.833333
59258.516525 20.009244      NaN    0    12 c    0   0.59 153.45112 38.7631   213.70 3323.02 2.64 2.57  34.6 -0.338    19.68 21.90 01a59258o0672c 0x000000  0.000000
59258.667973 18.286218      NaN   20    52 c    0   1.00 153.45112 38.7631 10002.79 3221.92 3.18 2.80 -76.7 -0.361    17.87 18.70 01a59258o0993c 0x100002  0.384615
59258.668434 18.356290      NaN  -53    55 c    0   1.04 153.45112 38.7631   277.96 3241.74 3.08 2.95  16.3 -0.336    17.96 18.75 01a59258o0994c 0x100002 -0.963636
59261.410274 19.979496      NaN    7    10 c    0   0.88 153.45112 38.7631   523.54 7358.82 2.30 2.08 -68.8 -0.408    19.88 21.95 01a59261o0423c 0x000000  0.700000
59261.412117 19.631075      NaN   21    10 c    0   0.89 153.45112 38.7631   504.43 7320.77 2.43 2.18 -68.7 -0.404    19.82 21.95 01a59261o0427c 0x000000  2.100000
59261.430471 20.405150      NaN    7     6 c    0   2.62 153.45112 38.7631   561.04 7397.32 2.42 2.21 -68.2 -0.394    19.83 21.95 01a59261o0462c 0x000000  1.166667
59261.440864 19.868040      NaN    8    11 c    0   0.48 153.45112 38.7631   580.36 7281.73 2.34 2.12 -72.0 -0.405    19.86 21.94 01a59261o0484c 0x000000  0.727273
59262.396304 20.009244      NaN    6    10 c    0   0.85 153.45112 38.7631   527.87 7350.61 2.31 2.10 -70.5 -0.408    19.88 21.82 01a59262o0394c 0x000000  0.600000
59262.398612 20.321591      NaN   -5     9 c    0   1.06 153.45112 38.7631   509.12 7312.46 2.34 2.11 -69.8 -0.407    19.83 21.83 01a59262o0399c 0x000000 -0.555556
59262.401833 19.549093      NaN   19    12 c    0   0.65 153.45112 38.7631   567.25 7388.91 2.30 2.10 -68.3 -0.407    19.83 21.83 01a59262o0406c 0x000000  1.583333
59262.408286 19.841877      NaN   15     9 c    0   0.99 153.45112 38.7631   588.30 7273.14 2.35 2.14 -73.9 -0.405    19.85 21.84 01a59262o0420c 0x000000  1.666667
59262.409208 20.171596      NaN    1    10 c    0   0.85 153.45112 38.7631 10265.86 7357.56 2.66 2.39  63.1 -0.359    19.88 21.84 01a59262o0422c 0x000000  0.100000
59262.411053 19.696897      NaN   12    12 c    0   0.89 153.45112 38.7631 10246.46 7317.46 2.68 2.42  56.8 -0.361    19.85 21.84 01a59262o0426c 0x000000  1.000000
59262.414741 19.894850      NaN   10    10 c    0   0.88 153.45112 38.7631 10303.67 7396.70 2.67 2.37  63.5 -0.358    19.84 21.85 01a59262o0434c 0x000000  1.000000
59262.419810 20.103715      NaN   -3    11 c    0   0.89 153.45112 38.7631 10322.39 7280.33 2.61 2.37  56.6 -0.379    19.86 21.84 01a59262o0445c 0x000000 -0.272727
59284.413967 19.841877      NaN    9    11 c    0   0.84 153.45112 38.7631   392.15 9119.96 2.50 2.08 -48.7 -0.445    19.79 21.73 02a59284o0358c 0x000000  0.818182
59284.419971 18.158337      NaN   84    38 c    0   1.18 153.45112 38.7631   370.07 9075.15 2.85 2.31 -49.8 -0.422    18.31 20.18 02a59284o0371c 0x100002  2.210526
59288.379235 19.894850      NaN    1    13 c    0   0.49 153.45112 38.7631   390.60 9119.51 2.55 2.03 -52.9 -0.443    19.80 21.81 02a59288o0359c 0x000000  0.076923
59288.412203 20.009244      NaN    3    11 c    0   0.83 153.45112 38.7631   371.21 9077.14 2.59 2.11 -47.7 -0.438    19.77 21.83 02a59288o0424c 0x000000  0.272727
59288.415405 20.009244      NaN    6    10 c    0   0.77 153.45112 38.7631   427.85 9152.78 2.49 2.02 -48.5 -0.439    19.81 21.83 02a59288o0431c 0x000000  0.600000
59288.423316 19.979496      NaN    7    10 c    0   1.30 153.45112 38.7631   451.08 9034.44 2.43 2.04 -44.6 -0.430    19.84 21.83 02a59288o0448c 0x000000  0.700000
59288.425183 19.766969      NaN    3    14 c    0   0.62 153.45112 38.7631  9992.35 9146.37 2.71 2.65  54.6 -0.386    19.83 21.87 02a59288o0452c 0x000000  0.214286
59288.455998 19.719755      NaN   17    10 c    0   1.09 153.45112 38.7631  9966.51 9100.08 2.66 2.63 -26.3 -0.379    19.80 21.82 02a59288o0517c 0x000000  1.700000
59288.460149 19.841877      NaN    0    14 c    0   0.77 153.45112 38.7631 10023.38 9180.85 2.69 2.57 -58.3 -0.389    19.85 21.80 02a59288o0526c 0x000000  0.000000
59288.488519 19.287255      NaN   31    13 c    0   0.53 153.45112 38.7631 10042.23 9065.21 2.73 2.64   8.4 -0.380    19.75 21.70 02a59288o0587c 0x000000  2.384615
59310.325851 19.816329      NaN   13    10 c    0   0.77 153.45112 38.7631  8076.30 3350.13 2.57 2.35 -82.0 -0.427    19.97 21.89 01a59310o0161c 0x000000  1.300000
59310.329546 20.103715      NaN    0    11 c    0   0.61 153.45112 38.7631  8096.74 3388.53 2.73 2.55 -87.0 -0.403    19.90 21.88 01a59310o0169c 0x000000  0.000000
59310.335079 19.766969      NaN   12    11 c    0   0.64 153.45112 38.7631  8039.80 3311.35 2.56 2.37 -75.5 -0.417    20.00 21.90 01a59310o0181c 0x000000  1.090909
59310.344868 19.652575      NaN   14    12 c    0   0.67 153.45112 38.7631  8023.33 3426.76 2.56 2.32 -75.5 -0.418    20.01 21.90 01a59310o0202c 0x000000  1.166667
59314.327174 19.816329      NaN   16     9 c    0   0.98 153.45112 38.7631  9995.71 9106.53 2.46 2.31  46.9 -0.358    19.98 21.71 01a59314o0235c 0x000000  1.777778
59314.330414 19.454622      NaN   18    14 c    0   0.88 153.45112 38.7631 10018.11 9144.59 2.58 2.39  27.8 -0.352    19.50 21.23 01a59314o0242c 0x000000  1.285714
59314.339185 18.836735      NaN   16    30 c    0   0.75 153.45112 38.7631  9956.60 9067.01 2.53 2.38  63.1 -0.352    19.12 20.79 01a59314o0261c 0x100002  0.533333
59314.350281 20.009244      NaN  -10    12 c    0   0.60 153.45112 38.7631  9941.30 9184.37 2.50 2.41  71.9 -0.354    19.54 21.24 01a59314o0285c 0x000000 -0.833333
59318.320649 20.137125      NaN    2    10 c    0   0.88 153.45112 38.7631  9994.89 9104.77 2.49 2.35  75.0 -0.358    19.98 21.63 01a59318o0220c 0x000000  0.200000
59318.326190 20.009244      NaN    3    11 c    0   0.61 153.45112 38.7631 10015.92 9142.49 2.54 2.40  70.6 -0.357    19.94 21.62 01a59318o0232c 0x000000  0.272727
59318.329882 19.841877      NaN    9    11 c    0   0.81 153.45112 38.7631  9955.97 9067.01 2.58 2.50  64.4 -0.346    19.92 21.61 01a59318o0240c 0x000000  0.818182
59318.365320 19.979496      NaN    4    11 c    0   0.82 153.45112 38.7631  9943.80 9183.62 2.52 2.40  85.2 -0.361    19.88 21.52 01a59318o0312c 0x000000  0.363636
59344.271363 19.510313      NaN   24    11 c    0   0.89 153.45112 38.7631  2624.22 5469.21 2.32 2.20 -51.7 -0.410    19.70 21.41 02a59344o0071c 0x000000  2.181818
59344.274153 20.103715      NaN    3    10 c    0   1.14 153.45112 38.7631  2605.17 5431.25 2.30 2.21 -49.7 -0.414    19.71 21.41 02a59344o0077c 0x000000  0.300000
59344.279736 19.652575      NaN   17    11 c    0   0.81 153.45112 38.7631  2662.98 5506.35 2.26 2.25 -13.2 -0.406    19.65 21.43 02a59344o0089c 0x000000  1.545455
59344.289919 20.207197      NaN   -2    10 c    0   1.04 153.45112 38.7631  2682.02 5388.70 2.23 2.22  28.5 -0.410    19.74 21.47 02a59344o0111c 0x000000 -0.200000
59348.277984 19.979496      NaN    1    12 c    0   0.84 153.45112 38.7631  8699.86 1517.25 2.71 2.40 -55.1 -0.411    19.59 21.41 02a59348o0079c 0x000000  0.083333
59348.281645 20.207197      NaN   -4    10 c    0   1.24 153.45112 38.7631  8678.88 1478.35 2.61 2.21 -57.1 -0.413    19.64 21.42 02a59348o0087c 0x000000 -0.400000
59348.287696 19.569016      NaN   18    12 c    0   1.02 153.45112 38.7631  8738.86 1557.95 2.57 2.25 -57.4 -0.412    19.62 21.44 02a59348o0100c 0x000000  1.500000
59348.312755 19.674510      NaN   13    12 c    0   0.90 153.45112 38.7631  8762.27 1439.98 2.53 2.21 -55.6 -0.413    19.65 21.45 02a59348o0116c 0x000000  1.083333
59524.628267 19.816329      NaN   10    11 c    0   1.03 153.45112 38.7631  4078.40 5325.51 2.58 2.44  40.5 -0.379    19.57 21.25 02a59524o0975c 0x000000  0.909091
59524.633457 19.419021      NaN   20    14 c    0   0.92 153.45112 38.7631  4097.14 5364.09 2.70 2.50  44.4 -0.379    19.52 21.27 02a59524o0986c 0x000000  1.428571
59524.641995 19.816329      NaN    7    12 c    0   0.93 153.45112 38.7631  4040.43 5285.13 2.58 2.42  48.9 -0.382    19.54 21.12 02a59524o1004c 0x000000  0.583333
59524.647539 19.367717      NaN   17    16 c    0   0.79 153.45112 38.7631  4018.63 5403.76 2.57 2.38  26.9 -0.387    19.26 20.54 02a59524o1014c 0x000000  1.062500
59528.572346 19.589310      NaN   17    12 c    0   0.87 153.45112 38.7631  4069.41 5325.40 2.63 2.33  43.6 -0.385    19.56 21.30 02a59528o0838c 0x000000  1.416667
59528.576007 19.674510      NaN   13    12 c    0   0.84 153.45112 38.7631  4089.38 5364.28 2.60 2.34  43.4 -0.391    19.60 21.32 02a59528o0846c 0x000000  1.083333
59528.582488 19.791368      NaN    5    13 c    0   0.66 153.45112 38.7631  4030.92 5285.68 2.69 2.40  42.3 -0.381    19.56 21.32 02a59528o0860c 0x000000  0.384615
59528.595065 19.696897      NaN    9    13 c    0   0.88 153.45112 38.7631  4008.94 5400.59 2.67 2.33  41.1 -0.380    19.61 21.33 02a59528o0887c 0x000000  0.692308
59588.514203 19.589310      NaN   11    14 c    0   0.78 153.45112 38.7631  8039.88 7052.02 2.81 2.50  42.1 -0.406    19.64 21.75 02a59588o0705c 0x000000  0.785714
59588.516046 19.631075      NaN   12    13 c    0   0.84 153.45112 38.7631  8059.31 7090.35 2.66 2.48  47.6 -0.411    19.66 21.76 02a59588o0709c 0x000000  0.923077
59588.518789 19.791368      NaN   14    10 c    0   1.13 153.45112 38.7631  8001.07 7013.69 2.70 2.48  47.2 -0.411    19.66 21.77 02a59588o0715c 0x000000  1.400000
59588.546580 19.719755      NaN   14    11 c    0   1.21 153.45112 38.7631  2610.89 3445.72 2.57 2.24  33.6 -0.416    19.69 21.81 02a59588o0774c 0x000000  1.272727