         MJD         m       dm   uJy  duJy F  err  chi/N        RA      Dec        x        y  maj  min   phi  apfit  mag5sig   Sky            Obs     Mask   __tmp_SN
57717.648544 17.797727      NaN   -45    92 c    0   1.34 136.66492 19.33809  7885.53  8057.37 4.57 4.51  28.8 -0.358    17.48 19.21 02a57717o0025c 0x100002  -0.489130
57717.664468 16.982110      NaN  -146   195 c    0   1.24 136.66492 19.33809  7866.07  8018.75 4.46 4.42  72.2 -0.399    17.62 18.39 02a57717o0049c 0x100002  -0.748718
57745.520454 19.696897      NaN   -25    16 c    0   1.09 136.66492 19.33809 10126.95  1869.28 4.03 3.73 -88.4 -0.421    19.69 21.69 02a57745o0615c 0x000000  -1.562500
57745.524133 19.766969      NaN   -23    15 c    0   1.22 136.66492 19.33809   536.85  1832.62 4.13 3.84  79.3 -0.381    19.70 21.64 02a57745o0622c 0x000000  -1.533333
57745.524770 19.766969      NaN   -82    15 c    0   1.03 136.66492 19.33809 10144.19  1905.02 4.01 3.65  88.3 -0.426    19.68 21.65 02a57745o0623c 0x000000  -5.466667
57745.543651 19.766969      NaN   -56    15 c    0   1.48 136.66492 19.33809   551.63  1877.65 4.29 3.95  75.0 -0.380    19.60 21.51 02a57745o0654c 0x000000  -3.733333
57745.549073 19.766969      NaN   -33    15 c    0   1.31 136.66492 19.33809   496.94  1795.96 4.23 3.89  77.1 -0.384    19.59 21.48 02a57745o0664c 0x000000  -2.200000
57745.549585 19.696897      NaN   -56    16 c    0   1.05 136.66492 19.33809 10070.62  1832.91 4.04 3.69  87.6 -0.419    19.61 21.49 02a57745o0665c 0x000000  -3.500000
57745.566717 19.631075      NaN   -65    17 c    0   1.03 136.66492 19.33809   468.48  8503.63 4.05 3.65  32.3 -0.430    19.57 21.46 02a57745o0692c 0x000000  -3.823529
57745.574232 19.631075      NaN   -58    17 c    0   1.01 136.66492 19.33809   478.42  1915.72 4.13 3.82  76.3 -0.381    19.61 21.45 02a57745o0705c 0x000000  -3.411765
57745.575155 19.569016      NaN   -76    18 c    0   0.93 136.66492 19.33809   409.03  8560.29 3.99 3.53  27.8 -0.416    19.58 21.45 02a57745o0706c 0x000000  -4.222222
57745.587165 19.569016      NaN   -15    18 c    0   1.19 136.66492 19.33809 10000.40  8594.10 3.74 3.29 -75.0 -0.409    19.60 21.43 02a57745o0725c 0x000000  -0.833333
57753.505179 18.152867      NaN    55    48 c    0   1.19 136.66492 19.33809  2874.72  1157.71 3.96 3.92 -80.2 -0.407    18.35 20.30 02a57753o0468c 0x100002   1.145833
57753.523776 18.158337      NaN  -106    66 c    0   1.22 136.66492 19.33809  2887.44  1201.12 3.91 3.84 -16.8 -0.412    18.05 19.93 02a57753o0500c 0x100002  -1.606061
57753.546319 16.927812      NaN  -135   205 c    0   1.40 136.66492 19.33809  7671.64  9330.30 3.75 3.54 -86.5 -0.450    16.66 18.42 02a57753o0539c 0x100002  -0.658537
57753.553864 19.212347      NaN     3    24 c    0   1.10 136.66492 19.33809  7688.91  9209.22 3.64 3.42 -77.2 -0.461    19.23 21.13 02a57753o0552c 0x000000   0.125000
57753.568852 16.057406      NaN  -249   457 c    0   1.15 136.66492 19.33809  7655.69  9275.21 3.83 3.66  85.5 -0.437    16.04 17.83 02a57753o0577c 0x100002  -0.544858
57757.490334 19.631075      NaN   -50    17 c    0   1.18 136.66492 19.33809 10108.86  1084.16 3.90 3.55  82.9 -0.438    19.70 21.61 02a57757o0543c 0x000000  -2.941176
57757.508396 19.631075      NaN   -40    17 c    0   1.22 136.66492 19.33809   385.91  9324.51 3.90 3.48  26.3 -0.441    19.69 21.59 02a57757o0575c 0x000000  -2.352941
57757.509290 19.841877      NaN   -50    14 c    0   1.09 136.66492 19.33809   499.37  1051.71 4.05 3.83  84.3 -0.400    19.71 21.61 02a57757o0576c 0x000000  -3.571429
57757.513451 19.841877      NaN   -55    14 c    0   1.04 136.66492 19.33809   538.54  1090.23 4.03 3.77  88.8 -0.400    19.73 21.64 02a57757o0584c 0x000000  -3.928571
57757.531017 19.631075      NaN   -45    17 c    0   1.23 136.66492 19.33809   439.15  9403.47 3.78 3.37  21.6 -0.452    19.71 21.62 02a57757o0613c 0x000000  -2.647059
57757.531519 19.631075      NaN   -42    17 c    0   1.06 136.66492 19.33809 10046.36  9434.54 3.64 3.11 -74.8 -0.454    19.72 21.64 02a57757o0614c 0x000000  -2.470588
57757.538762 19.696897      NaN   -16    16 c    0   1.12 136.66492 19.33809   459.53  9284.78 3.81 3.38  23.8 -0.451    19.71 21.63 02a57757o0626c 0x000000  -1.000000
57757.554340 19.631075      NaN   -57    17 c    0   1.00 136.66492 19.33809   424.07  9345.22 3.68 3.33  14.9 -0.446    19.71 21.62 02a57757o0652c 0x000000  -3.352941
57757.554833 19.766969      NaN   -22    15 c    0   0.99 136.66492 19.33809 10065.61  9319.91 3.54 3.04 -68.8 -0.475    19.72 21.63 02a57757o0653c 0x000000  -1.466667
57757.563780 19.841877      NaN   -71    14 c    0   1.54 136.66492 19.33809 10028.27  9376.90 3.62 3.07 -73.3 -0.464    19.71 21.62 02a57757o0668c 0x000000  -5.071429
57777.476150 19.841877      NaN   -42    14 c    0   1.06 136.66492 19.33809  7252.41  7856.17 3.81 3.61  80.4 -0.410    19.76 21.77 02a57777o0529c 0x000000  -3.000000
57777.497862 19.696897      NaN   -44    16 c    0   0.84 136.66492 19.33809  7233.01  7819.92 3.85 3.59  87.8 -0.417    19.74 21.75 02a57777o0568c 0x000000  -2.750000
57777.504014 19.841877      NaN   -51    14 c    0   1.19 136.66492 19.33809  7289.84  7896.90 3.76 3.53  87.8 -0.429    19.74 21.73 02a57777o0579c 0x000000  -3.642857
57777.519775 19.766969      NaN   -25    15 c    0   0.99 136.66492 19.33809  7308.00  7783.76 3.83 3.55  88.9 -0.416    19.73 21.72 02a57777o0606c 0x000000  -1.666667
57777.527435 19.841877      NaN   -26    14 c    0   1.36 136.66492 19.33809  7270.11  7840.31 3.77 3.55 -83.5 -0.427    19.72 21.71 02a57777o0620c 0x000000  -1.857143
57781.458247 19.841877      NaN   -30    14 c    0   1.22 136.66492 19.33809  7604.49  8114.57 3.55 3.36 -74.2 -0.458    19.77 21.73 02a57781o0432c 0x000000  -2.142857
57781.480980 19.696897      NaN   -44    16 c    0   0.88 136.66492 19.33809  7567.35  8080.15 3.59 3.42 -72.0 -0.461    19.74 21.71 02a57781o0473c 0x000000  -2.750000
57781.498194 19.841877      NaN   -42    14 c    0   1.11 136.66492 19.33809  7639.16  8153.97 3.62 3.38 -76.5 -0.460    19.74 21.70 02a57781o0503c 0x000000  -3.000000
57781.504848 19.841877      NaN   -46    14 c    0   1.18 136.66492 19.33809  7660.47  8039.60 3.57 3.35 -71.4 -0.457    19.74 21.70 02a57781o0515c 0x000000  -3.285714
57781.529432 19.841877      NaN   -39    14 c    0   1.27 136.66492 19.33809  7622.42  8094.93 3.52 3.25 -71.8 -0.426    19.74 21.69 02a57781o0556c 0x000000  -2.785714
57805.419554 19.351140      NaN   -35    22 c    0   1.24 136.66492 19.33809  7854.68 10468.75 3.76 3.65 -68.9 -0.466    19.67 21.63 02a57805o0377c 0x000000  -1.590909
57805.420546 19.766969      NaN   -49    15 c    0   1.43 136.66492 19.33809  4931.70   669.93 3.90 3.85 -32.7 -0.411    19.65 21.62 02a57805o0379c 0x000000  -3.266667
57805.429142 19.631075      NaN   -46    17 c    0   1.22 136.66492 19.33809  4914.24   632.85 4.03 4.01 -44.1 -0.402    19.62 21.62 02a57805o0393c 0x000000  -2.705882
57805.442166 19.652575      NaN     2    16 c    0   1.36 136.66492 19.33809  7835.41 10431.18 3.93 3.80  88.0 -0.430    19.64 21.61 02a57805o0415c 0x000000   0.125000
57805.447164 18.336727      NaN    39    43 c    0   2.45 136.66492 19.33809  7911.30 10517.70 3.76 3.70 -79.2 -0.442    19.67 21.62 02a57805o0425c 0x100002   0.906977
57805.450438 19.631075      NaN   -67    17 c    0   0.91 136.66492 19.33809  4971.97   712.77 3.88 3.83 -43.7 -0.413    19.64 21.58 02a57805o0430c 0x000000  -3.941176
57805.462415 19.569016      NaN   -58    18 c    0   1.07 136.66492 19.33809  4992.35   592.84 3.98 3.95 -49.5 -0.398    19.63 21.60 02a57805o0449c 0x000000  -3.222222
57805.464398 19.696897      NaN   -47    16 c    0   1.17 136.66492 19.33809  7930.68 10393.64 3.90 3.71 -85.1 -0.440    19.65 21.59 02a57805o0453c 0x000000  -2.937500
57805.472792 19.696897      NaN   -54    16 c    0   1.10 136.66492 19.33809  4957.65   653.44 4.00 3.97 -38.9 -0.401    19.60 21.57 02a57805o0468c 0x000000  -3.375000
57805.487448 19.510313      NaN   -10    19 c    0   0.84 136.66492 19.33809  7895.54 10452.39 3.83 3.71 -89.8 -0.439    19.63 21.55 02a57805o0492c 0x000000  -0.526316
57809.421770 19.454622      NaN    -2    20 c    0   1.14 136.66492 19.33809  8111.03  8164.29 3.78 3.46 -83.5 -0.444    19.36 21.32 02a57809o0376c 0x000000  -0.100000
57809.425766 19.510313      NaN   -38    19 c    0   1.04 136.66492 19.33809  8094.11  8130.91 3.65 3.38 -81.5 -0.456    19.54 21.50 02a57809o0384c 0x000000  -2.000000
57809.450522 19.766969      NaN   -37    15 c    0   1.12 136.66492 19.33809  8149.44  8210.83 3.85 3.66  83.6 -0.422    19.72 21.74 02a57809o0425c 0x000000  -2.466667
57809.466741 19.766969      NaN   -72    15 c    0   1.09 136.66492 19.33809  8169.07  8088.44 3.81 3.45 -89.4 -0.433    19.72 21.70 02a57809o0452c 0x000000  -4.800000
57809.475154 19.841877      NaN   -25    14 c    0   1.71 136.66492 19.33809  8134.38  8151.74 3.87 3.62  88.7 -0.417    19.63 21.62 02a57809o0467c 0x000000  -1.785714
57817.308227 19.351140      NaN   -23    22 c    0   1.18 136.66492 19.33809  1818.67  2709.31 4.08 3.86  85.9 -0.392    19.16 20.79 02a57817o0094c 0x000000  -1.045455
57817.321483 19.454622      NaN   -49    20 c    0   1.16 136.66492 19.33809  1833.99  2746.80 4.05 3.88  83.8 -0.391    19.16 20.81 02a57817o0120c 0x000000  -2.450000
57817.343450 19.454622      NaN    -4    20 c    0   1.21 136.66492 19.33809  1786.70  2679.25 4.02 3.81 -84.4 -0.402    19.22 20.87 02a57817o0161c 0x000000  -0.200000
57817.349713 19.631075      NaN   -64    17 c    0   1.52 136.66492 19.33809  1746.16  2796.70 4.02 3.83 -84.6 -0.396    19.22 20.87 02a57817o0172c 0x000000  -3.764706
57817.357673 19.569016      NaN   -61    18 c    0   1.08 136.66492 19.33809  1803.03  2732.73 3.98 3.78 -81.7 -0.397    19.24 20.89 02a57817o0187c 0x000000  -3.388889
57833.362492 19.510313      NaN   -69    19 c    0   1.13 136.66492 19.33809  8218.73  7262.19 3.85 3.60 -22.7 -0.441    18.97 20.88 02a57833o0259c 0x000000  -3.631579
57833.387496 19.454622      NaN   -46    20 c    0   1.06 136.66492 19.33809  8203.81  7224.77 3.52 3.19 -70.9 -0.408    19.05 20.86 02a57833o0303c 0x000000  -2.300000
57833.403899 19.569016      NaN   -23    18 c    0   1.21 136.66492 19.33809  8256.97  7299.42 3.50 3.14 -71.0 -0.408    19.05 20.84 02a57833o0332c 0x000000  -1.277778
57833.411498 19.510313      NaN   -25    19 c    0   1.19 136.66492 19.33809  8277.42  7187.35 3.57 3.28 -68.2 -0.405    19.01 20.83 02a57833o0345c 0x000000  -1.315789
57833.426815 19.569016      NaN   -78    18 c    0   1.25 136.66492 19.33809  8241.19  7240.67 3.56 3.22 -71.9 -0.411    18.99 20.77 02a57833o0371c 0x000000  -4.333333
57837.363580 19.510313      NaN   -39    19 c    0   1.44 136.66492 19.33809  7485.96  8335.79 4.12 3.96  83.7 -0.389    18.84 20.69 02a57837o0189c 0x000000  -2.052632
57837.383714 19.454622      NaN   -52    20 c    0   1.21 136.66492 19.33809  7466.89  8295.64 3.95 3.78  85.2 -0.414    18.91 20.71 02a57837o0225c 0x000000  -2.600000
57837.390324 19.510313      NaN   -61    19 c    0   1.21 136.66492 19.33809  7524.64  8377.41 3.81 3.63 -88.6 -0.433    18.93 20.71 02a57837o0236c 0x000000  -3.210526
57837.405623 19.401649      NaN   -29    21 c    0   0.88 136.66492 19.33809  7542.43  8257.33 3.76 3.54 -89.8 -0.433    18.92 20.67 02a57837o0263c 0x000000  -1.380952
57837.428176 19.569016      NaN   -90    18 c    0   1.27 136.66492 19.33809  7506.95  8314.15 3.76 3.57  89.3 -0.436    18.89 20.63 02a57837o0302c 0x000000  -5.000000
57841.362045 19.510313      NaN   -62    19 c    0   1.15 136.66492 19.33809  7452.18  9684.16 3.74 3.68 -89.2 -0.449    18.95 20.75 02a57841o0255c 0x000000  -3.263158
57841.366493 19.454622      NaN     0    20 c    0   1.21 136.66492 19.33809  7436.60  9646.77 3.89 3.76  84.6 -0.435    18.93 20.74 02a57841o0263c 0x000000   0.000000
57841.382062 19.401649      NaN   -47    21 c    0   1.12 136.66492 19.33809  7507.67  9723.62 3.79 3.69 -86.0 -0.446    18.93 20.71 02a57841o0293c 0x000000  -2.238095
57841.403418 19.454622      NaN   -56    20 c    0   1.19 136.66492 19.33809  7528.42  9604.84 3.96 3.79 -88.3 -0.423    18.87 20.66 02a57841o0332c 0x000000  -2.800000
57841.412192 19.351140      NaN   -31    22 c    0   1.05 136.66492 19.33809  7475.27  9665.67 3.99 3.87  78.3 -0.414    18.86 20.65 02a57841o0347c 0x000000  -1.409091
57845.279775 19.089302      NaN   -59    28 c    0   1.21 136.66492 19.33809   703.75  8834.06 4.63 4.20  -1.4 -0.417    18.53 20.16 02a57845o0112c 0x000000  -2.107143
57845.289691 18.967180      NaN    16    26 c    0   1.01 136.66492 19.33809 10283.94  8873.25 4.44 4.17  83.0 -0.423    18.61 20.21 02a57845o0129c 0x000000   0.615385
57845.290215 19.014394      NaN   -18    30 c    0   1.12 136.66492 19.33809   687.76  8792.52 5.53 4.06  -1.0 -0.401    18.46 20.17 02a57845o0130c 0x100002  -0.600000
57845.300570 19.302877      NaN   -52    23 c    0   1.09 136.66492 19.33809   232.69  1617.53 4.30 4.00 -39.6 -0.398    18.69 20.22 02a57845o0149c 0x000000  -2.260870
57845.301987 19.014394      NaN   -41    30 c    0   1.02 136.66492 19.33809   740.62  8867.39 5.82 4.24  -1.3 -0.358    18.39 20.17 02a57845o0151c 0x100002  -1.366667
57845.312019 19.038793      NaN    16    24 c    0   1.42 136.66492 19.33809 10320.05  8914.89 4.74 4.43  13.8 -0.390    18.54 20.21 02a57845o0169c 0x000000   0.666667
57845.323781 19.128787      NaN   -69    27 c    0   1.17 136.66492 19.33809   761.40  8750.86 4.32 4.13   4.2 -0.398    18.57 20.17 02a57845o0189c 0x000000  -2.555556
57845.324302 19.014394      NaN   -14    30 c    0   1.23 136.66492 19.33809 10356.53  8799.27 6.43 4.92   4.3 -0.306    18.33 20.21 02a57845o0190c 0x100002  -0.466667
57845.333799 18.125925      NaN   -18    68 c    0   0.91 136.66492 19.33809 10300.61  8860.03 5.76 4.66   4.8 -0.340    17.60 19.17 02a57845o0208c 0x100002  -0.264706
57845.334316 18.847027      NaN   -68    35 c    0   1.16 136.66492 19.33809   724.69  8813.24 5.80 4.42  -3.0 -0.363    18.24 19.99 02a57845o0209c 0x100002  -1.942857
57865.377282 19.631075      NaN   -49    17 c    0   1.62 136.66492 19.33809  9110.97  7875.15 3.20 3.02 -23.3 -0.407    19.16 20.41 02a57865o0227c 0x000000  -2.882353
57865.406809 17.747755      NaN    31    86 c    0   0.87 136.66492 19.33809  9159.15  7915.78 3.17 3.07   1.2 -0.437    17.97 19.04 02a57865o0278c 0x100002   0.360465
57869.384228 19.922338      NaN   -42    13 c    0   1.17 136.66492 19.33809  7378.94  9894.00 2.94 2.61  13.1 -0.470    19.22 20.36 02a57869o0094c 0x000000  -3.230769
57869.394204 19.696897      NaN   -54    16 c    0   1.25 136.66492 19.33809  4498.60   201.25 3.86 2.77  23.4 -0.473    19.20 20.28 02a57869o0113c 0x000000  -3.375000
57869.408489 19.569016      NaN   -81    18 c    0   0.99 136.66492 19.33809  4517.70    85.43 3.96 2.86  23.7 -0.462    19.10 20.17 02a57869o0140c 0x000000  -4.500000
57869.413249 19.766969      NaN   -20    15 c    0   1.13 136.66492 19.33809  7448.19  9856.83 2.89 2.56  11.4 -0.479    19.11 20.17 02a57869o0149c 0x000000  -1.333333
57869.423219 19.569016      NaN   -22    18 c    0   1.33 136.66492 19.33809  4480.27   144.38 4.14 2.96  23.4 -0.454    18.97 20.01 02a57869o0168c 0x000000  -1.222222
57869.427935 19.631075      NaN   -45    17 c    0   1.22 136.66492 19.33809  7409.74  9917.37 2.98 2.57  10.5 -0.471    18.95 19.98 02a57869o0177c 0x000000  -2.647059
57893.261627 19.841877      NaN   -26    14 c    0   0.90 136.66492 19.33809  4125.91   809.19 3.85 2.61  28.8 -0.447    19.51 20.94 02a57893o0033c 0x000000  -1.857143
57893.272130 19.841877      NaN   -25    14 c    0   1.01 136.66492 19.33809  4105.65   770.52 3.92 2.59  27.0 -0.451    19.49 20.92 02a57893o0053c 0x000000  -1.785714
57893.285242 19.696897      NaN   -32    16 c    0   0.95 136.66492 19.33809  4157.99   849.86 4.07 2.60  28.3 -0.457    19.43 20.85 02a57893o0078c 0x000000  -2.000000
57893.296750 19.841877      NaN   -52    14 c    0   1.36 136.66492 19.33809  4184.87   727.02 4.15 2.64  28.1 -0.467    19.39 20.82 02a57893o0100c 0x000000  -3.714286
57893.309864 19.766969      NaN   -25    15 c    0   1.25 136.66492 19.33809  4148.27   785.34 4.10 2.55  27.1 -0.478    19.36 20.77 02a57893o0125c 0x000000  -1.666667
57901.256359 19.766969      NaN   -50    15 c    0   1.16 136.66492 19.33809  8127.21  9066.08 2.94 2.88 -29.7 -0.426    19.32 20.73 02a57901o0038c 0x000000  -3.333333
57901.264285 19.569016      NaN     9    15 c    0   0.89 136.66492 19.33809  8180.65  9144.22 2.96 2.87 -21.3 -0.425    19.39 20.91 02a57901o0053c 0x000000   0.600000
58071.637151 20.207197      NaN    -8    10 c    0   1.05 136.66492 19.33809  9459.15  4647.40 2.48 2.35  74.2 -0.460    19.77 21.30 02a58071o0752c 0x000000  -0.800000
58071.646615 20.321591      NaN   -38     9 c    0   1.22 136.66492 19.33809  9476.56  4687.80 2.49 2.40  75.5 -0.470    19.61 21.07 02a58071o0770c 0x000000  -4.222222
58071.655344 19.454622      NaN   -47    20 c    0   1.42 136.66492 19.33809  9420.53  4611.43 2.50 2.38  72.3 -0.469    18.79 19.64 02a58071o0787c 0x000000  -2.350000
58075.631325 20.207197      NaN   -23    10 c    0   1.18 136.66492 19.33809  9433.12  5699.25 2.52 2.39  71.3 -0.454    19.61 21.23 02a58075o0795c 0x000000  -2.300000
58075.643819 20.449472      NaN   -33     8 c    0   1.58 136.66492 19.33809  1028.56  4696.35 2.47 2.31  29.3 -0.454    19.65 21.24 02a58075o0813c 0x000000  -4.125000
58079.627887 20.594452      NaN   -22     7 c    0   2.05 136.66492 19.33809   715.36  3262.25 2.58 2.32  46.1 -0.447    19.78 21.52 02a58079o0829c 0x000000  -3.142857
58079.637555 20.321591      NaN   -23     9 c    0   1.07 136.66492 19.33809   694.74  3222.18 2.54 2.33  48.8 -0.449    19.78 21.53 02a58079o0847c 0x000000  -2.555556
58079.640586 20.321591      NaN    -9     9 c    0   0.79 136.66492 19.33809 10440.09  3276.66 2.66 2.54  50.8 -0.476    19.78 21.49 02a58079o0853c 0x000000  -1.000000
58079.646621 20.321591      NaN   -40     9 c    0   1.04 136.66492 19.33809   768.22  3300.86 2.62 2.33  25.5 -0.459    19.74 21.40 02a58079o0864c 0x000000  -4.444444
58079.651888 19.922338      NaN   -45    13 c    0   1.08 136.66492 19.33809 10417.49  3237.13 3.15 2.58   7.3 -0.436    19.43 20.94 02a58079o0871c 0x000000  -3.461538
58079.658667 19.351140      NaN   -32    22 c    0   1.08 136.66492 19.33809   782.32  3178.06 2.56 2.27  40.7 -0.479    18.72 19.56 02a58079o0882c 0x000000  -1.454545
58079.662547 18.019544      NaN   -19    75 c    0   1.36 136.66492 19.33809 10473.98  3317.73 2.76 2.57  61.7 -0.461    17.77 18.52 02a58079o0888c 0x100002  -0.253333
58135.547545 20.009244      NaN   -12    12 c    0   1.01 136.66492 19.33809  2253.40  4466.66 3.38 3.24  51.4 -0.401    19.46 21.53 02a58135o0729c 0x000000  -1.000000
58135.559695 20.449472      NaN   -25     8 c    0   1.45 136.66492 19.33809  2236.47  4426.99 2.83 2.64  41.3 -0.412    19.60 21.54 02a58135o0753c 0x000000  -3.125000
58135.569039 20.449472      NaN   -17     8 c    0   1.37 136.66492 19.33809  2293.04  4503.61 2.72 2.54  40.2 -0.414    19.64 21.54 02a58135o0773c 0x000000  -2.125000
58135.578621 20.321591      NaN   -15     9 c    0   1.46 136.66492 19.33809  2312.68  4387.58 3.09 2.94  44.0 -0.388    19.52 21.54 02a58135o0792c 0x000000  -1.666667
58163.509375 14.251254 0.012904  7236    86 c    0   3.13 136.66492 19.33809  2434.86  5357.66 2.52 2.50 -23.4 -0.413    17.58 19.24 02a58163o0627c 0x100002  84.139535
58167.484977 14.389311 0.004601  6372    27 c    0  38.06 136.66492 19.33809  2987.90  2701.16 2.66 2.41  45.4 -0.400    19.58 21.36 02a58167o0573c 0x100001 236.000000
58167.492697 14.399239 0.005675  6314    33 c    0  13.67 136.66492 19.33809  2969.58  2662.79 2.68 2.43  43.4 -0.407    19.19 20.91 02a58167o0588c 0x100003 191.333333
58167.503284 14.386928 0.004420  6386    26 c    0  40.48 136.66492 19.33809  3024.49  2740.11 2.70 2.44  44.5 -0.404    19.62 21.42 02a58167o0611c 0x100001 245.615385
58167.511692 14.384550 0.004411  6400    26 c    0  31.27 136.66492 19.33809  3045.33  2623.48 2.78 2.51  44.1 -0.402    19.57 21.41 02a58167o0628c 0x100001 246.153846
58171.443340 14.611036 0.058310  5195   279 c    0   1.19 136.66492 19.33809  1685.72  2900.37 2.49 2.27  42.6 -0.464    16.58 18.24 02a58171o0278c 0x100002  18.620072
58171.455001 14.581147 0.020942  5340   103 c    0   1.80 136.66492 19.33809  1669.24  2862.09 2.68 2.47  46.3 -0.421    17.46 19.24 02a58171o0301c 0x100002  51.844660
58171.468831 14.567810 0.005623  5406    28 c    0  17.94 136.66492 19.33809  1725.25  2936.99 2.62 2.35  40.6 -0.426    19.35 21.07 02a58171o0327c 0x100001 193.071429
58171.476081 14.576683 0.004860  5362    24 c    0  42.14 136.66492 19.33809  1743.69  2821.50 2.63 2.37  43.4 -0.434    19.58 21.37 02a58171o0341c 0x100001 223.416667
58227.354683 16.439807      NaN   247   239 c    0   0.71 136.66492 19.33809  3255.17  2691.50 2.68 2.60 -80.7 -0.389    16.00 17.66 02a58227o0108c 0x100002   1.033473
58227.366278 15.574981      NaN   218   640 c    0   1.40 136.66492 19.33809  3274.49  2573.84 2.62 2.55  74.8 -0.382    15.17 16.72 02a58227o0130c 0x100002   0.340625
58251.292117 17.568114 0.038208   341    12 c    0   1.11 136.66492 19.33809   359.79  4748.60 2.51 2.43 -51.3 -0.376    19.52 21.11 02a58251o0150c 0x000000  28.416667
58251.303066 17.675104 0.042165   309    12 c    0   1.54 136.66492 19.33809   341.13  4709.26 2.46 2.40   7.0 -0.402    19.54 21.12 02a58251o0173c 0x000000  25.750000
58251.303524 17.530563 0.039985   353    13 c    0   1.17 136.66492 19.33809 10054.86  4764.13 2.66 2.59 -52.6 -0.442    19.56 21.23 02a58251o0174c 0x000000  27.153846
58251.314108 17.668099 0.038402   311    11 c    0   1.56 136.66492 19.33809   396.85  4785.93 2.46 2.36 -63.9 -0.381    19.53 21.10 02a58251o0196c 0x000000  28.272727
58251.314565 17.692816 0.042858   304    12 c    0   1.27 136.66492 19.33809 10034.36  4725.17 2.72 2.58 -43.8 -0.424    19.54 21.23 02a58251o0197c 0x000000  25.333333
58251.325118 17.568114 0.035024   341    11 c    0   1.64 136.66492 19.33809   418.58  4666.88 2.49 2.44  20.3 -0.403    19.48 21.08 02a58251o0219c 0x000000  31.000000
58251.325575 17.692816 0.046430   304    13 c    0   1.82 136.66492 19.33809 10090.66  4802.45 2.65 2.58 -39.2 -0.442    19.54 21.21 02a58251o0220c 0x000000  23.384615
58251.336869 17.766704 0.049699   284    13 c    0   1.11 136.66492 19.33809 10111.12  4685.60 2.70 2.61 -43.8 -0.446    19.51 21.17 02a58251o0243c 0x000000  21.846154
58279.251964 18.079051 0.193699   213    38 c    0   1.43 136.66492 19.33809  3806.15  3452.25 2.66 2.50 -87.5 -0.433    18.06 19.09 02a58279o0030c 0x100002   5.605263
58279.258634 18.542463 0.156221   139    20 c    0   1.47 136.66492 19.33809  3785.91  3412.39 2.77 2.63 -84.1 -0.413    18.73 20.00 02a58279o0044c 0x000000   6.950000
58279.268335 18.369531 0.106575   163    16 c    0   1.41 136.66492 19.33809  3838.78  3489.30 2.85 2.60 -72.5 -0.399    18.99 20.35 02a58279o0064c 0x000000  10.187500
58279.279377 18.382935 0.114643   161    17 c    0   1.36 136.66492 19.33809  3858.25  3371.72 2.67 2.60 -76.2 -0.405    18.95 20.33 02a58279o0087c 0x000000   9.470588
58283.249231 17.883650 0.302303   255    71 c    0   1.40 136.66492 19.33809  3672.64  5119.60 2.75 2.53 -69.9 -0.446    17.25 18.28 02a58283o0021c 0x100002   3.591549
58283.253483 18.099634      NaN   101    36 c    0   1.30 136.66492 19.33809  3654.20  5078.94 2.72 2.50 -75.4 -0.427    18.12 19.12 02a58283o0030c 0x100002   2.805556
58283.260758 18.566153 0.167650   136    21 c    0   1.25 136.66492 19.33809  3707.63  5154.90 2.77 2.52 -67.8 -0.418    18.82 19.97 02a58283o0045c 0x000000   6.476190
58283.270793 18.574166 0.152807   135    19 c    0   1.10 136.66492 19.33809  3724.42  5040.03 2.72 2.53 -67.9 -0.419    18.94 20.16 02a58283o0066c 0x000000   7.105263
58455.605774 20.449472      NaN     0     8 c    0   1.51 136.66492 19.33809  8134.08  2770.88 2.50 2.44  71.6 -0.433    19.69 21.43 02a58455o0765c 0x000000   0.000000
58455.611676 20.207197      NaN    -2    10 c    0   1.48 136.66492 19.33809  8111.76  2734.71 2.54 2.46  54.4 -0.424    19.68 21.41 02a58455o0775c 0x000000  -0.200000
58455.623134 20.207197      NaN    -4    10 c    0   0.92 136.66492 19.33809  8181.84  2815.10 2.56 2.47  62.3 -0.427    19.72 21.42 02a58455o0792c 0x000000  -0.400000
58455.635582 20.321591      NaN   -12     9 c    0   1.35 136.66492 19.33809  8192.88  2694.38 2.54 2.47  48.6 -0.430    19.72 21.40 02a58455o0810c 0x000000  -1.333333
58459.586806 20.207197      NaN    -7    10 c    0   1.12 136.66492 19.33809  1388.30  2636.15 2.59 2.40  41.5 -0.445    19.76 21.71 02a58459o0818c 0x000000  -0.700000
58459.591642 20.321591      NaN   -16     9 c    0   1.26 136.66492 19.33809  1352.62  2596.02 2.73 2.51  42.2 -0.439    19.76 21.70 02a58459o0828c 0x000000  -1.777778
58459.595177 20.207197      NaN   -10    10 c    0   1.12 136.66492 19.33809  1408.03  2675.46 2.66 2.46  44.2 -0.437    19.75 21.69 02a58459o0835c 0x000000  -1.000000
58459.605546 20.449472      NaN   -18     8 c    0   1.44 136.66492 19.33809  1334.79  2714.28 2.64 2.45  41.4 -0.444    19.75 21.72 02a58459o0854c 0x000000  -2.250000
58487.524243 20.321591      NaN   -29     9 c    0   1.34 136.66492 19.33809  3452.50  5948.51 2.57 2.45 -51.8 -0.406    19.68 21.61 02a58487o0672c 0x000000  -3.222222
58487.537182 20.103715      NaN   -51    11 c    0   1.19 136.66492 19.33809  3485.17  5985.85 2.68 2.61 -55.3 -0.403    19.61 21.60 02a58487o0699c 0x000000  -4.636364
58487.548706 20.207197      NaN   -39    10 c    0   1.08 136.66492 19.33809  3501.54  5867.91 2.71 2.59 -53.1 -0.402    19.60 21.59 02a58487o0719c 0x000000  -3.900000
58491.516104 20.362567      NaN     2     8 c    0   1.53 136.66492 19.33809  3499.67  8484.74 2.48 2.33 -12.0 -0.448    19.75 21.73 02a58491o0663c 0x000000   0.250000
58491.526651 20.761819      NaN   -39     6 c    0   2.08 136.66492 19.33809  7101.67  2042.89 2.56 2.44  62.5 -0.416    19.71 21.74 02a58491o0684c 0x000000  -6.500000
58491.546242 20.449472      NaN   -13     8 c    0   1.79 136.66492 19.33809  7149.76  2119.17 2.60 2.46  54.5 -0.419    19.68 21.74 02a58491o0719c 0x000000  -1.625000
58491.554156 20.207197      NaN   -20    10 c    0   1.08 136.66492 19.33809  7167.06  2006.22 2.61 2.48  58.5 -0.421    19.71 21.74 02a58491o0734c 0x000000  -2.000000
58519.466731 20.207197      NaN   -18    10 c    0   1.30 136.66492 19.33809  1570.82  7908.91 2.51 2.37 -11.5 -0.444    19.75 21.66 02a58519o0537c 0x000000  -1.800000
58519.471432 20.207197      NaN   -12    10 c    0   1.64 136.66492 19.33809  1552.93  7870.92 2.58 2.40   4.1 -0.443    19.76 21.66 02a58519o0546c 0x000000  -1.200000
58519.482584 20.321591      NaN   -18     9 c    0   1.30 136.66492 19.33809  1603.09  7946.02 2.49 2.32  -9.5 -0.449    19.74 21.65 02a58519o0568c 0x000000  -2.000000
58519.493018 20.321591      NaN   -19     9 c    0   1.33 136.66492 19.33809  1622.94  7832.31 2.57 2.37   7.5 -0.447    19.74 21.67 02a58519o0588c 0x000000  -2.111111
58523.468130 20.321591      NaN    -8     9 c    0   1.37 136.66492 19.33809  7256.39  7904.40 2.47 2.32   0.6 -0.433    19.74 21.59 02a58523o0538c 0x000000  -0.888889
58523.472872 20.207197      NaN   -36    10 c    0   1.27 136.66492 19.33809  7238.05  7866.33 2.50 2.36  -3.1 -0.436    19.72 21.58 02a58523o0547c 0x000000  -3.600000
58523.483969 20.321591      NaN   -23     9 c    0   1.32 136.66492 19.33809  7306.72  7942.62 2.55 2.38   0.7 -0.439    19.73 21.60 02a58523o0569c 0x000000  -2.555556
58523.494155 20.207197      NaN   -27    10 c    0   1.27 136.66492 19.33809  7325.08  7830.14 2.56 2.42  -1.7 -0.451    19.73 21.62 02a58523o0589c 0x000000  -2.700000
58575.362464 20.009244      NaN   -19    12 c    0   1.22 136.66492 19.33809  5303.90   132.70 2.79 2.28 -48.7 -0.418    19.60 21.43 02a58575o0078c 0x000000  -1.583333
58575.364369 20.207197      NaN   -16    10 c    0   1.39 136.66492 19.33809  7524.48  9865.52 2.87 2.58 -48.8 -0.407    19.64 21.45 02a58575o0082c 0x000000  -1.600000
58575.374319 19.950541      NaN     2    12 c    0   1.26 136.66492 19.33809  7506.03  9827.15 2.80 2.58 -45.1 -0.406    19.62 21.38 02a58575o0102c 0x000000   0.166667
58575.376157 19.841877      NaN   -37    14 c    0   1.47 136.66492 19.33809  5340.48   171.53 2.79 2.29 -48.4 -0.415    19.58 21.36 02a58575o0106c 0x000000  -2.642857
58575.376614 19.922338      NaN   -43    13 c    0   1.50 136.66492 19.33809  5285.86    92.51 2.82 2.29 -49.5 -0.401    19.56 21.35 02a58575o0107c 0x000000  -3.307692
58575.384427 19.766969      NaN   -24    15 c    0   1.07 136.66492 19.33809  5359.34    51.90 2.82 2.29 -47.7 -0.398    19.58 21.32 02a58575o0124c 0x000000  -1.600000
58575.385341 20.103715      NaN   -24    11 c    0   1.81 136.66492 19.33809  7559.54  9904.37 2.88 2.58 -46.2 -0.403    19.61 21.33 02a58575o0126c 0x000000  -2.181818
58575.395098 20.103715      NaN   -25    11 c    0   1.24 136.66492 19.33809  7580.27  9787.73 2.91 2.58 -45.6 -0.409    19.60 21.35 02a58575o0146c 0x000000  -2.272727
58579.360304 20.449472      NaN   -10     8 c    0   1.41 136.66492 19.33809  5328.42  7899.21 2.66 2.37  46.4 -0.398    19.70 21.50 02a58579o0301c 0x000000  -1.250000
58579.375350 20.321591      NaN   -16     9 c    0   1.45 136.66492 19.33809  5365.50  7936.28 2.70 2.36  44.5 -0.397    19.65 21.48 02a58579o0332c 0x000000  -1.777778
58579.375807 20.103715      NaN   -23    11 c    0   1.12 136.66492 19.33809  5311.07  7858.41 2.69 2.36  43.3 -0.404    19.65 21.47 02a58579o0333c 0x000000  -2.090909
58579.383737 20.321591      NaN   -28     9 c    0   1.17 136.66492 19.33809  5385.80  7819.95 2.56 2.35  44.5 -0.407    19.69 21.45 02a58579o0349c 0x000000  -3.111111
58583.349373 20.009244      NaN   -32    12 c    0   1.17 136.66492 19.33809  1726.48  3952.82 2.97 2.84 -53.1 -0.385    19.29 21.04 02a58583o0183c 0x000000  -2.666667
58603.315385 20.103715      NaN   -25    11 c    0   1.48 136.66492 19.33809  3419.19  4028.50 2.46 2.30 -49.6 -0.412    19.44 21.11 02a58603o0191c 0x000000  -2.272727
58603.324406 20.207197      NaN   -33    10 c    0   1.59 136.66492 19.33809  3403.26  3989.26 2.47 2.42 -57.5 -0.406    19.38 21.08 02a58603o0210c 0x000000  -3.300000
58603.333424 20.009244      NaN   -19    12 c    0   1.45 136.66492 19.33809  3460.03  4066.98 2.45 2.38 -46.3 -0.403    19.37 21.05 02a58603o0229c 0x000000  -1.583333
58603.342455 19.922338      NaN    -9    13 c    0   0.97 136.66492 19.33809  3480.61  3949.79 2.63 2.45 -47.2 -0.409    19.33 21.02 02a58603o0248c 0x000000  -0.692308
58607.308678 20.103715      NaN   -41    11 c    0   1.41 136.66492 19.33809  5598.19  9855.32 3.00 2.56 -42.5 -0.408    19.53 21.26 02a58607o0175c 0x000000  -3.727273
58607.310556 20.009244      NaN   -23    12 c    0   1.25 136.66492 19.33809  3324.69   134.41 3.02 2.44 -45.8 -0.382    19.56 21.24 02a58607o0179c 0x000000  -1.916667
58607.317798 20.009244      NaN   -19    12 c    0   1.69 136.66492 19.33809  5581.66  9815.46 3.06 2.65 -41.8 -0.408    19.47 21.25 02a58607o0194c 0x000000  -1.583333
58607.319669 19.922338      NaN     0    13 c    0   1.11 136.66492 19.33809  3308.52    94.14 3.13 2.65 -50.9 -0.380    19.47 21.21 02a58607o0198c 0x000000   0.000000
58607.327082 20.009244      NaN   -60    12 c    0   1.80 136.66492 19.33809  5638.07  9893.58 3.01 2.55 -39.4 -0.421    19.48 21.22 02a58607o0213c 0x000000  -5.000000
58607.328945 20.009244      NaN   -20    12 c    0   1.22 136.66492 19.33809  3365.16   171.94 2.93 2.45 -46.6 -0.385    19.53 21.19 02a58607o0217c 0x000000  -1.666667
58607.336119 20.009244      NaN   -16    12 c    0   1.28 136.66492 19.33809  5658.58  9774.89 3.10 2.58 -40.2 -0.414    19.45 21.16 02a58607o0232c 0x000000  -1.333333
58607.337950 19.696897      NaN   -48    16 c    0   1.14 136.66492 19.33809  3386.04    52.75 3.35 2.70 -45.0 -0.368    19.40 21.14 02a58607o0236c 0x000000  -3.000000
58611.296627 20.321591      NaN   -29     9 c    0   1.54 136.66492 19.33809  8580.62  2315.92 2.40 2.32 -57.4 -0.402    19.63 21.13 02a58611o0140c 0x000000  -3.222222
58611.298629 20.207197      NaN   -33    10 c    0   0.96 136.66492 19.33809  8561.65  2276.02 2.43 2.35 -54.8 -0.394    19.62 21.12 02a58611o0144c 0x000000  -3.300000
58611.304417 20.449472      NaN   -55     8 c    0   1.88 136.66492 19.33809  8622.05  2353.21 2.44 2.34 -51.7 -0.397    19.61 21.13 02a58611o0156c 0x000000  -6.875000
58611.321881 20.207197      NaN   -16    10 c    0   1.25 136.66492 19.33809  8644.87  2234.75 2.43 2.31 -50.4 -0.402    19.60 21.11 02a58611o0192c 0x000000  -1.600000
58635.246201 18.786693      NaN   -94    37 c    0   1.23 136.66492 19.33809  8300.75  6490.02 2.82 2.35  41.8 -0.410    18.13 19.01 02a58635o0035c 0x100002  -2.540541
58635.249446 19.197966      NaN     4    24 c    0   1.08 136.66492 19.33809  8281.51  6449.35 2.74 2.35  43.3 -0.387    18.71 19.62 02a58635o0042c 0x000000   0.166667
58635.255045 19.696897      NaN    -8    16 c    0   0.99 136.66492 19.33809  8338.35  6528.59 2.75 2.38  41.4 -0.383    19.25 20.40 02a58635o0054c 0x000000  -0.500000
58635.266189 20.103715      NaN   -51    11 c    0   1.18 136.66492 19.33809  8358.10  6411.29 2.78 2.37  41.7 -0.376    19.43 20.83 02a58635o0078c 0x000000  -4.636364
58783.545947 19.841877      NaN   -16    14 c    0   1.83 136.66492 19.33809  8294.51   405.76 2.59 2.37 -47.4 -0.386    19.40 20.99 02a58783o0683c 0x000000  -1.142857
58783.549621 19.491430      NaN    16    14 c    0   1.46 136.66492 19.33809  8310.77   445.07 2.49 2.28 -50.4 -0.393    19.42 21.01 02a58783o0691c 0x000000   1.142857
58783.556427 19.631075      NaN   -35    17 c    0   1.08 136.66492 19.33809  8257.21   366.47 2.45 2.23 -49.3 -0.395    19.46 21.02 02a58783o0704c 0x000000  -2.058824
58783.573962 19.922338      NaN   -18    13 c    0   1.58 136.66492 19.33809  8238.98   484.60 2.48 2.17 -52.6 -0.406    19.47 21.05 02a58783o0740c 0x000000  -1.384615
58787.587562 20.321591      NaN   -33     9 c    0   1.08 136.66492 19.33809  4199.31  4022.49 2.24 2.22 -73.2 -0.402    19.55 21.11 02a58787o0748c 0x000000  -3.666667
58787.598959 19.454622      NaN   -48    20 c    0   1.33 136.66492 19.33809  4226.04  4060.74 2.26 2.20 -59.9 -0.407    18.69 20.20 02a58787o0770c 0x000000  -2.400000
58787.602210 19.766969      NaN   -41    15 c    0   1.31 136.66492 19.33809  4168.24  3984.38 2.25 2.22 -79.5 -0.407    18.94 20.44 02a58787o0777c 0x000000  -2.733333
58787.607665 19.051202      NaN   -30    29 c    0   1.11 136.66492 19.33809  4142.30  4101.13 2.27 2.22  43.6 -0.401    18.24 19.70 02a58787o0788c 0x000000  -1.034483
58791.569516 19.696897      NaN   -45    16 c    0   1.49 136.66492 19.33809  4199.97  4022.11 2.41 2.26  42.1 -0.400    18.89 20.38 02a58791o0769c 0x000000  -2.812500
58791.574911 20.009244      NaN   -10    12 c    0   0.90 136.66492 19.33809  4216.37  4061.07 2.48 2.24  41.0 -0.396    19.33 20.85 02a58791o0779c 0x000000  -0.833333
58791.580869 20.449472      NaN   -23     8 c    0   1.87 136.66492 19.33809  4161.48  3982.82 2.61 2.24  39.6 -0.393    19.53 21.05 02a58791o0792c 0x000000  -2.875000
58791.594353 18.978793      NaN   -40    31 c    0   1.31 136.66492 19.33809  4141.12  4100.03 2.64 2.28  39.3 -0.388    18.59 20.04 02a58791o0821c 0x100002  -1.290323
58795.588316 20.207197      NaN   -34    10 c    0   1.74 136.66492 19.33809 10187.98  8374.00 2.98 2.65 -57.4 -0.382    19.59 21.22 02a58795o0698c 0x000000  -3.400000
58795.596797 20.103715      NaN   -48    11 c    0   1.45 136.66492 19.33809 10212.20  8416.21 2.82 2.56 -56.4 -0.388    19.58 21.16 02a58795o0714c 0x000000  -4.363636
58795.600281 20.009244      NaN   -18    12 c    0   1.13 136.66492 19.33809 10143.44  8340.52 2.88 2.58 -59.3 -0.385    19.63 21.22 02a58795o0721c 0x000000  -1.500000
58795.614267 20.009244      NaN   -12    12 c    0   1.02 136.66492 19.33809 10135.34  8455.97 2.91 2.58 -57.7 -0.385    19.57 21.23 02a58795o0748c 0x000000  -1.000000
58795.626488 17.152575      NaN    65   145 c    0   0.06 136.66492 19.33809    34.32  8383.05 2.40 2.09 -43.9 -0.402    19.67 21.29 02a58795o0772c 0x100002   0.448276
58815.502184 20.103715      NaN    -3    11 c    0   1.06 136.66492 19.33809 10254.38   282.51 2.75 2.17 -51.8 -0.427    19.69 21.56 02a58815o0637c 0x000000  -0.272727
58815.502642 20.321591      NaN   -30     9 c    0   1.29 136.66492 19.33809   196.09   255.82 2.83 2.35 -56.3 -0.406    19.65 21.49 02a58815o0638c 0x000000  -3.333333
58815.512829 20.321591      NaN   -29     9 c    0   1.19 136.66492 19.33809   205.68   295.41 2.72 2.26 -59.1 -0.404    19.69 21.51 02a58815o0657c 0x000000  -3.222222
58815.515596 20.009244      NaN   -13    12 c    0   1.29 136.66492 19.33809 10270.22   322.99 2.77 2.14 -53.6 -0.432    19.68 21.53 02a58815o0663c 0x000000  -1.083333
58815.516054 20.321591      NaN   -30     9 c    0   1.62 136.66492 19.33809   153.25   215.30 2.87 2.29 -58.0 -0.408    19.70 21.52 02a58815o0664c 0x000000  -3.333333
58815.520749 19.766969      NaN   -34    15 c    0   1.29 136.66492 19.33809 10214.24   246.65 2.72 2.11 -54.3 -0.428    19.56 21.41 02a58815o0672c 0x000000  -2.266667
58815.523051 20.321591      NaN    -2     9 c    0   1.38 136.66492 19.33809   132.18   333.17 2.44 2.26 -75.5 -0.415    19.49 21.36 02a58815o0677c 0x000000  -0.222222
58815.528856 19.631075      NaN   -35    17 c    0   1.03 136.66492 19.33809 10203.93   362.89 2.69 2.13 -52.9 -0.434    19.44 21.29 02a58815o0687c 0x000000  -2.058824
58815.560476 19.212347      NaN   -37    25 c    0   1.28 136.66492 19.33809  6282.23 10504.77 2.69 2.51 -49.5 -0.424    19.53 21.38 02a58815o0750c 0x000000  -1.480000
58871.397803 20.207197      NaN   -10    10 c    0   0.99 136.66492 19.33809  8353.61  2356.79 2.59 2.28 -55.9 -0.402    19.77 21.62 02a58871o0402c 0x000000  -1.000000
58871.409356 20.594452      NaN   -11     7 c    0   1.85 136.66492 19.33809  8372.27  2398.11 2.55 2.24 -57.7 -0.400    19.79 21.62 02a58871o0424c 0x000000  -1.571429
58871.413236 20.449472      NaN   -28     8 c    0   1.68 136.66492 19.33809  8318.04  2319.36 2.60 2.27 -58.8 -0.403    19.73 21.64 02a58871o0431c 0x000000  -3.500000
58871.425760 20.449472      NaN   -27     8 c    0   1.09 136.66492 19.33809  8297.83  2439.64 2.58 2.30 -54.8 -0.394    19.78 21.65 02a58871o0455c 0x000000  -3.375000
58875.557381 20.449472      NaN   -11     8 c    0   0.91 136.66492 19.33809  2131.62  4327.53 2.42 2.34 -58.1 -0.412    19.75 21.68 02a58875o0746c 0x000000  -1.375000
58875.565395 20.449472      NaN   -24     8 c    0   1.44 136.66492 19.33809  2111.97  4286.68 2.52 2.39 -51.4 -0.408    19.72 21.66 02a58875o0761c 0x000000  -3.000000
58875.568872 20.321591      NaN   -44     9 c    0   1.04 136.66492 19.33809  2160.99  4362.05 2.42 2.31 -63.1 -0.409    19.68 21.66 02a58875o0767c 0x000000  -4.888889
58875.578899 20.321591      NaN   -29     9 c    0   1.24 136.66492 19.33809  2187.08  4246.25 2.45 2.28 -53.2 -0.414    19.68 21.62 02a58875o0786c 0x000000  -3.222222
58903.393211 19.212347      NaN    30    15 c    0   1.04 136.66492 19.33809  8477.04   349.90 3.03 2.39 -57.9 -0.528    19.68 21.71 02a58903o0370c 0x000000   2.000000
58903.396282 19.922338      NaN   -22    13 c    0   1.43 136.66492 19.33809  8459.69   311.48 2.96 2.32 -57.3 -0.397    19.72 21.70 02a58903o0376c 0x000000  -1.692308
58903.398283 19.351140      NaN   -52    22 c    0   1.21 136.66492 19.33809  4577.33 10499.25 2.94 2.44 -43.7 -0.415    19.72 21.71 02a58903o0380c 0x000000  -2.363636
58903.408597 19.696897      NaN     6    14 c    0   1.01 136.66492 19.33809  8516.89   390.64 3.03 2.50 -53.2 -0.376    19.68 21.71 02a58903o0399c 0x000000   0.428571
58903.414945 19.318728      NaN    23    15 c    0   1.10 136.66492 19.33809  8535.92   273.91 2.68 2.19 -58.1 -0.402    19.75 21.69 02a58903o0412c 0x000000   1.533333
58903.419772 19.631075      NaN    -8    17 c    0   0.74 136.66492 19.33809  4648.76 10458.86 2.90 2.41 -47.0 -0.410    19.75 21.69 02a58903o0422c 0x000000  -0.470588
58931.397217 20.321591      NaN    -9     9 c    0   1.29 136.66492 19.33809  4302.98  2000.68 2.88 2.65 -58.0 -0.385    19.54 21.64 02a58931o0338c 0x000000  -1.000000
58931.400976 19.979496      NaN     7    10 c    0   1.13 136.66492 19.33809  4285.44  1960.24 2.92 2.74 -58.0 -0.381    19.54 21.63 02a58931o0346c 0x000000   0.700000
58931.406965 19.922338      NaN     6    11 c    0   1.06 136.66492 19.33809  4344.30  2038.08 2.90 2.69 -58.5 -0.392    19.53 21.61 02a58931o0359c 0x000000   0.545455
58931.416853 19.841877      NaN    15     9 c    0   1.25 136.66492 19.33809  4366.30  1920.32 2.73 2.55 -57.8 -0.391    19.59 21.58 02a58931o0380c 0x000000   1.666667
58951.328666 20.207197      NaN     0    10 c    0   1.03 136.66492 19.33809  8213.10  4546.77 2.45 2.29 -63.7 -0.397    19.75 21.47 02a58951o0178c 0x000000   0.000000
58951.352883 20.321591      NaN   -16     9 c    0   1.10 136.66492 19.33809  8193.28  4508.57 2.39 2.31 -72.3 -0.395    19.71 21.46 02a58951o0190c 0x000000  -1.777778
58951.355670 20.244005      NaN     2     9 c    0   1.32 136.66492 19.33809  8251.22  4586.14 2.41 2.30 -63.2 -0.396    19.70 21.47 02a58951o0196c 0x000000   0.222222
58951.358888 20.321591      NaN    -2     9 c    0   1.88 136.66492 19.33809  8271.84  4468.99 2.45 2.28 -58.6 -0.391    19.71 21.47 02a58951o0203c 0x000000  -0.222222
58951.373359 20.103715      NaN   -18    11 c    0   1.20 136.66492 19.33809  8234.94  4527.49 2.63 2.24 -54.1 -0.400    19.57 21.26 02a58951o0234c 0x000000  -1.636364
58959.270358 20.321591      NaN    -1     9 c    0   1.18 136.66492 19.33809  4335.91  4719.70 2.43 2.21  42.4 -0.397    19.70 21.30 02a58959o0097c 0x000000  -0.111111
58959.275813 20.321591      NaN    -8     9 c    0   1.54 136.66492 19.33809  4316.32  4680.49 2.51 2.31  41.5 -0.395    19.65 21.30 02a58959o0108c 0x000000  -0.888889
58959.278612 20.137125 0.339293    32    10 c    0   1.34 136.66492 19.33809  4374.46  4758.42 2.44 2.24  45.2 -0.398    19.67 21.30 02a58959o0114c 0x000000   3.200000
58959.288500 20.449472      NaN    -8     8 c    0   1.46 136.66492 19.33809  4394.50  4642.39 2.52 2.30  43.7 -0.393    19.65 21.30 02a58959o0134c 0x000000  -1.000000
58963.310850 18.649074      NaN   -23    42 c    0   0.94 136.66492 19.33809  2269.10   141.15 2.71 2.45 -72.5 -0.365    17.72 19.24 02a58963o0187c 0x100002  -0.547619
58963.337091 15.893098      NaN   185   470 c    0   1.26 136.66492 19.33809  8473.45 10427.38 3.10 3.07  34.0 -0.434    15.61 17.02 02a58963o0244c 0x100002   0.393617
58963.351351 16.673947      NaN    66   237 c    0   1.30 136.66492 19.33809  8494.26 10309.06 2.88 2.81  32.8 -0.442    15.75 17.13 02a58963o0275c 0x100002   0.278481
58979.295403 19.589310      NaN    23    10 c    0   1.32 136.66492 19.33809  2249.84 10164.34 2.43 2.16 -51.9 -0.426    19.61 21.14 02a58979o0031c 0x000000   2.300000
58979.302321 20.207197      NaN    -5    10 c    0   1.42 136.66492 19.33809  2230.86 10123.01 2.47 2.13 -48.7 -0.432    19.60 21.13 02a58979o0046c 0x000000  -0.500000
58979.319325 19.950541      NaN     2    12 c    0   1.03 136.66492 19.33809  2285.36 10199.91 2.47 2.20 -50.5 -0.421    19.42 20.82 02a58979o0083c 0x000000   0.166667
58979.325281 20.009244      NaN    -3    12 c    0   1.33 136.66492 19.33809  2307.09 10080.16 2.45 2.19 -47.4 -0.433    19.27 20.44 02a58979o0096c 0x000000  -0.250000
58983.243721 19.197966      NaN    22    18 c    0   1.08 136.66492 19.33809  2258.92 10167.76 2.46 2.31 -74.9 -0.431    19.01 19.98 02a58983o0006c 0x000000   1.222222
58983.255032 20.103715      NaN    -9    11 c    0   0.98 136.66492 19.33809  2241.38 10125.32 2.49 2.14 -52.3 -0.434    19.53 20.87 02a58983o0030c 0x000000  -0.818182
58983.258727 20.103715      NaN     3    10 c    0   1.32 136.66492 19.33809  2297.82 10203.88 2.54 2.09 -48.9 -0.432    19.57 20.91 02a58983o0038c 0x000000   0.300000
58983.266090 19.894850      NaN     7    11 c    0   1.11 136.66492 19.33809  2318.28 10084.63 2.51 2.08 -49.8 -0.433    19.58 20.94 02a58983o0054c 0x000000   0.636364
58987.288615 19.950541      NaN     2    12 c    0   1.07 136.66492 19.33809  6350.87  6557.54 2.64 2.50  45.4 -0.394    19.48 21.02 02a58987o0119c 0x000000   0.166667
58987.292285 19.950541      NaN     2    12 c    0   0.98 136.66492 19.33809  6331.74  6518.46 2.66 2.50  44.5 -0.392    19.45 21.01 02a58987o0127c 0x000000   0.166667
58987.298725 20.103715      NaN   -15    11 c    0   1.18 136.66492 19.33809  6389.39  6595.67 2.74 2.55  42.9 -0.387    19.46 21.00 02a58987o0141c 0x000000  -1.363636
58987.312036 19.652575      NaN    14    12 c    0   1.48 136.66492 19.33809  6410.14  6477.63 2.73 2.57  38.9 -0.392    19.42 20.98 02a58987o0170c 0x000000   1.166667
59019.251686 16.634162      NaN   107   233 c    0   0.92 136.66492 19.33809 10176.17  4477.47 3.18 2.60 -55.5 -0.400    16.29 17.08 02a59019o0020c 0x100002   0.459227
59019.254897 17.524429      NaN    97    86 c    0   0.90 136.66492 19.33809 10157.63  4437.70 3.00 2.82 -38.5 -0.381    17.63 18.58 02a59019o0027c 0x100002   1.127907
59019.260409 18.110074      NaN   -76    69 c    0   1.44 136.66492 19.33809 10217.31  4515.08 3.13 2.86 -45.2 -0.397    17.29 18.43 02a59019o0039c 0x100002  -1.101449
59019.270993 16.608865      NaN  -577   275 c    0   1.21 136.66492 19.33809 10236.65  4399.17 3.06 2.81 -34.1 -0.414    16.38 17.64 02a59019o0062c 0x100002  -2.098182
59147.614208 20.449472      NaN   -16     8 c    0   2.28 136.66492 19.33809  2354.25  6031.40 2.44 2.22  39.0 -0.399    19.58 21.16 02a59147o0838c 0x000000  -2.000000
59147.617485 19.950541      NaN     8    10 c    0   1.05 136.66492 19.33809  2373.92  6070.03 2.42 2.20  38.3 -0.400    19.60 21.17 02a59147o0845c 0x000000   0.800000
59147.638852 19.674510      NaN    19    10 c    0   1.36 136.66492 19.33809  2318.95  5993.06 2.45 2.26  37.8 -0.399    19.50 21.03 02a59147o0887c 0x000000   1.900000
59147.643037 19.674510      NaN    10    13 c    0   1.33 136.66492 19.33809  2297.42  6109.04 2.45 2.22  35.6 -0.395    19.41 20.68 02a59147o0896c 0x000000   0.769231
59175.594130 20.137125      NaN     2    10 c    0   1.39 136.66492 19.33809  8404.73  4305.22 2.52 2.39 -70.3 -0.388    19.67 21.33 02a59175o0049c 0x000000   0.200000
59175.596156 20.103715      NaN   -14    11 c    0   1.08 136.66492 19.33809  8424.52  4344.73 2.60 2.51 -35.1 -0.379    19.65 21.33 02a59175o0053c 0x000000  -1.272727
59175.599310 20.071303      NaN     4    10 c    0   1.53 136.66492 19.33809  8366.29  4267.01 2.52 2.46 -69.0 -0.382    19.60 21.29 02a59175o0059c 0x000000   0.400000
59175.605217 19.894850      NaN    10    10 c    0   1.47 136.66492 19.33809  8346.62  4384.83 2.55 2.41 -63.2 -0.387    19.42 21.05 02a59175o0069c 0x000000   1.000000
59195.516557 20.171596      NaN     4     9 c    0   1.48 136.66492 19.33809 10213.30  8370.83 2.85 2.72 -45.5 -0.376    19.71 21.66 02a59195o0710c 0x000000   0.444444
59195.518844 20.071303      NaN     1    11 c    0   0.95 136.66492 19.33809 10233.09  8410.33 2.84 2.70 -55.1 -0.380    19.74 21.67 02a59195o0715c 0x000000   0.090909
59195.520678 17.485380      NaN    53   105 c    0   0.21 136.66492 19.33809    33.03  8336.54 2.67 2.26 -47.7 -0.394    19.69 21.64 02a59195o0719c 0x100002   0.504762
59195.522050 20.321591      NaN    -5     9 c    0   1.50 136.66492 19.33809 10172.62  8332.57 2.96 2.82 -55.6 -0.376    19.69 21.66 02a59195o0722c 0x000000  -0.555556
59195.523881 19.549093      NaN    10    15 c    0   0.84 136.66492 19.33809    53.31  8375.96 2.73 2.35 -47.0 -0.393    19.68 21.65 02a59195o0726c 0x000000   0.666667
59195.527538 19.696897      NaN    18    10 c    0   1.28 136.66492 19.33809 10154.64  8451.06 2.88 2.71 -62.8 -0.373    19.72 21.65 02a59195o0734c 0x000000   1.800000
59197.492806 19.652575      NaN     5    15 c    0   1.47 136.66492 19.33809  4619.20 10523.61 2.40 2.19 -56.6 -0.392    19.84 21.80 01a59197o0480c 0x000000   0.333333
59197.503507 20.207197      NaN     3     9 c    0   1.31 136.66492 19.33809  8478.46   340.47 2.52 2.40 -41.0 -0.367    19.88 21.82 01a59197o0501c 0x000000   0.333333
59197.503967 20.009244      NaN   -31    12 c    0   1.14 136.66492 19.33809  4600.45 10485.32 2.42 2.21 -64.4 -0.383    19.84 21.84 01a59197o0502c 0x000000  -2.583333
59197.506792 20.321591      NaN   -11     9 c    0   1.08 136.66492 19.33809  8457.63   300.19 2.53 2.36 -49.0 -0.367    19.84 21.81 01a59197o0508c 0x000000  -1.222222
59197.510018 20.137125      NaN     8     8 c    0   1.88 136.66492 19.33809  8516.59   379.05 2.70 2.49 -46.2 -0.368    19.81 21.82 01a59197o0515c 0x000000   1.000000
59197.512857 19.609992      NaN    19    11 c    0   1.10 136.66492 19.33809  4679.66 10447.09 2.71 2.20  -5.2 -0.398    19.78 21.84 01a59197o0521c 0x000000   1.727273
59197.515161 20.321591      NaN    -9     9 c    0   1.44 136.66492 19.33809  8538.17   261.32 2.86 2.36 -16.2 -0.361    19.78 21.86 01a59197o0526c 0x000000  -1.000000
59205.506859 20.594452      NaN    -2     7 c    0   1.25 136.66492 19.33809  4433.78  6638.89 2.34 2.24 -67.9 -0.373    19.88 21.67 01a59205o0614c 0x000000  -0.285714
59205.509164 20.071303      NaN    13     7 c    0   1.27 136.66492 19.33809  4414.11  6600.04 2.23 2.13 -68.9 -0.379    19.89 21.79 01a59205o0619c 0x000000   1.857143
59205.511942 20.449472      NaN    -4     8 c    0   1.46 136.66492 19.33809  4472.47  6677.51 2.44 2.27 -73.9 -0.375    19.89 21.64 01a59205o0625c 0x000000  -0.500000
59205.540411 20.039830      NaN    11     8 c    0   0.95 136.66492 19.33809  4490.65  6562.32 2.37 2.23 -74.0 -0.377    19.90 21.64 01a59205o0681c 0x000000   1.375000
59223.454590 19.589310      NaN    20    11 c    0   1.21 136.66492 19.33809 10420.72  6132.72 2.70 2.53 -53.2 -0.412    19.76 21.59 02a59223o0537c 0x000000   1.818182
59223.457333 19.089302      NaN    36    16 c    0   1.39 136.66492 19.33809 10440.82  6171.80 2.65 2.52 -56.5 -0.409    18.98 20.72 02a59223o0543c 0x000000   2.250000
59223.460077 20.103715      NaN    -7    11 c    0   1.51 136.66492 19.33809 10381.99  6093.62 2.72 2.47 -63.7 -0.411    19.37 21.23 02a59223o0549c 0x000000  -0.636364
59223.460991 19.743105      NaN     7    13 c    0   1.09 136.66492 19.33809   416.91  6103.71 2.41 2.21 -53.1 -0.394    19.25 21.09 02a59223o0551c 0x000000   0.538462
59223.462780 19.652575      NaN    17    11 c    0   1.40 136.66492 19.33809   435.09  6143.99 2.40 2.19 -51.3 -0.392    19.58 21.43 02a59223o0554c 0x000000   1.545455
59223.468807 19.894850      NaN    16     8 c    0   1.92 136.66492 19.33809   379.27  6063.54 2.38 2.29 -50.3 -0.398    19.57 21.43 02a59223o0566c 0x000000   2.000000
59223.492845 17.785989      NaN  -175    93 c    0   1.08 136.66492 19.33809 10368.98  6214.46 2.70 2.68  71.5 -0.407    16.92 18.59 02a59223o0613c 0x100002  -1.881720
59223.556687 14.310615      NaN  1256  1865 c    0   1.66 136.66492 19.33809   195.03  4417.57 2.43 2.40  -9.7 -0.409    14.47 15.97 02a59223o0732c 0x100002   0.673458
59223.557144 14.973643      NaN -1339  1240 c    0   1.06 136.66492 19.33809 10197.28  4449.21 2.65 2.52 -56.5 -0.437    15.10 16.58 02a59223o0733c 0x100002  -1.079839
59229.507650 20.207197      NaN     6     8 c    0   1.03 136.66492 19.33809  6258.36  8561.82 2.58 2.37 -67.8 -0.369    19.81 21.83 01a59229o0361c 0x000000   0.750000
59229.511335 20.594452      NaN   -10     7 c    0   0.93 136.66492 19.33809  6279.63  8599.21 2.44 2.32 -77.9 -0.376    19.89 21.83 01a59229o0369c 0x000000  -1.428571
59229.519587 20.039830      NaN    11     8 c    0   1.18 136.66492 19.33809  6222.31  8520.55 2.39 2.31 -88.5 -0.380    19.91 21.82 01a59229o0385c 0x000000   1.375000
59229.530163 20.449472      NaN     0     8 c    0   1.22 136.66492 19.33809  6204.49  8637.07 2.74 2.40  -7.3 -0.368    19.84 21.84 01a59229o0407c 0x000000   0.000000
59231.447436 20.449472      NaN    -6     8 c    0   1.21 136.66492 19.33809  2230.90  2157.94 2.41 2.31 -76.8 -0.412    19.79 21.65 02a59231o0519c 0x000000  -0.750000
59231.451118 20.244005      NaN     5     8 c    0   1.71 136.66492 19.33809  2250.90  2194.06 2.41 2.36 -77.0 -0.408    19.73 21.66 02a59231o0527c 0x000000   0.625000
59231.454319 20.103715      NaN     6     9 c    0   1.21 136.66492 19.33809  2192.73  2116.89 2.49 2.40 -72.9 -0.409    19.71 21.66 02a59231o0534c 0x000000   0.666667
59231.459913 20.449472      NaN    -1     8 c    0   1.42 136.66492 19.33809  2174.29  2234.53 2.47 2.38 -61.3 -0.408    19.76 21.67 02a59231o0546c 0x000000  -0.125000
59233.422710 15.537546      NaN   368   615 c    0   0.94 136.66492 19.33809  6442.10  8475.03 2.43 2.16 -79.0 -0.392    15.32 17.22 01a59233o0005c 0x100002   0.598374
59233.425834 19.102305      NaN    11    24 c    0   1.36 136.66492 19.33809  6425.61  8437.56 2.52 2.17 -81.5 -0.386    18.60 20.63 01a59233o0011c 0x000000   0.458333
59233.428599 19.696897      NaN    -6    16 c    0   1.51 136.66492 19.33809  6483.78  8515.97 2.46 2.15 -82.1 -0.390    18.78 20.76 01a59233o0017c 0x000000  -0.375000
59233.436075 19.696897      NaN    15    11 c    0   0.96 136.66492 19.33809  6504.08  8400.22 2.55 2.12 -84.1 -0.395    19.40 21.36 01a59233o0033c 0x000000   1.363636
59235.482807 20.321591      NaN    -5     9 c    0   1.17 136.66492 19.33809  8288.39  6469.91 2.63 2.38  40.1 -0.391    19.64 21.55 02a59235o0586c 0x000000  -0.555556
59235.486030 20.449472      NaN     0     8 c    0   1.91 136.66492 19.33809  8269.14  6432.16 2.58 2.36  41.7 -0.392    19.62 21.48 02a59235o0593c 0x000000   0.000000
59235.493690 19.841877      NaN     3    13 c    0   1.08 136.66492 19.33809  8326.65  6512.91 2.61 2.40  39.3 -0.391    19.46 21.31 02a59235o0609c 0x000000   0.230769
59235.506104 19.652575      NaN    11    13 c    0   1.52 136.66492 19.33809  8347.38  6398.23 2.72 2.52  43.3 -0.391    19.22 21.06 02a59235o0633c 0x000000   0.846154
59251.447495 19.674510      NaN    16    11 c    0   1.13 136.66492 19.33809  6521.59 10444.87 2.59 2.51 -47.2 -0.422    19.75 21.56 02a59251o0443c 0x000000   1.454545
59251.448868 20.207197      NaN     3     9 c    0   1.10 136.66492 19.33809   277.06   232.58 2.67 2.20 -54.5 -0.430    19.77 21.61 02a59251o0446c 0x000000   0.333333
59251.449414 19.510313      NaN    18    13 c    0   1.06 136.66492 19.33809 10492.38   263.95 2.68 2.01 -54.3 -0.432    19.77 21.61 02a59251o0447c 0x000000   1.384615
59251.450328 20.321591      NaN    -2     9 c    0   1.70 136.66492 19.33809  6501.36 10403.55 2.66 2.49 -53.2 -0.418    19.77 21.57 02a59251o0449c 0x000000  -0.222222
59251.454790 20.449472      NaN   -15     8 c    0   1.66 136.66492 19.33809   255.05   188.21 2.73 2.23 -55.3 -0.415    19.75 21.61 02a59251o0458c 0x000000  -1.875000
59251.458004 19.791368      NaN    14    10 c    0   1.21 136.66492 19.33809   316.55   267.34 2.82 2.24 -54.3 -0.420    19.74 21.61 02a59251o0465c 0x000000   1.400000
59251.461871 19.631075      NaN   -14    17 c    0   1.33 136.66492 19.33809  6558.20 10483.81 2.65 2.50 -54.7 -0.417    19.80 21.58 02a59251o0473c 0x000000  -0.823529
59251.464719 20.009244      NaN     6    10 c    0   1.30 136.66492 19.33809 10473.90   227.81 2.64 1.99 -53.3 -0.451    19.74 21.62 02a59251o0479c 0x000000   0.600000
59251.467105 19.979496      NaN     7    10 c    0   1.51 136.66492 19.33809  6579.79 10368.46 2.67 2.49 -51.5 -0.417    19.75 21.57 02a59251o0484c 0x000000   0.700000
59251.468477 20.321591      NaN    -4     9 c    0   1.15 136.66492 19.33809   339.55   153.92 2.76 2.27 -57.6 -0.418    19.70 21.61 02a59251o0487c 0x000000  -0.444444
59253.373969 20.449472      NaN    -5     8 c    0   1.35 136.66492 19.33809  4334.72  4711.67 2.57 2.40  87.9 -0.382    19.70 21.76 01a59253o0321c 0x000000  -0.625000
59253.377143 20.449472      NaN   -10     8 c    0   1.34 136.66492 19.33809  4313.29  4674.21 2.61 2.39 -82.6 -0.384    19.72 21.74 01a59253o0327c 0x000000  -1.250000
59253.379905 20.449472      NaN   -10     8 c    0   1.51 136.66492 19.33809  4371.22  4751.64 2.77 2.57 -88.7 -0.358    19.66 21.76 01a59253o0333c 0x000000  -1.250000
59253.395661 20.244005      NaN     8     7 c    0   1.50 136.66492 19.33809  4387.95  4633.74 2.54 2.28 -88.7 -0.390    19.74 21.76 01a59253o0367c 0x000000   1.142857
59255.355887 20.103715      NaN     6     9 c    0   1.20 136.66492 19.33809 10309.83 10330.81 3.08 2.72 -52.2 -0.378    19.68 21.53 02a59255o0315c 0x000000   0.666667
59255.359111 20.103715      NaN    -7    11 c    0   1.17 136.66492 19.33809 10330.11 10370.74 3.05 2.74 -48.9 -0.379    19.71 21.56 02a59255o0322c 0x000000  -0.636364
59255.364523 20.207197      NaN    -3    10 c    0   1.09 136.66492 19.33809 10273.33 10291.62 3.16 2.95 -18.1 -0.359    19.63 21.58 02a59255o0333c 0x000000  -0.300000
59255.367289 19.841877      NaN    12    10 c    0   0.95 136.66492 19.33809  4062.56   117.28 2.51 2.41 -61.8 -0.373    19.66 21.56 02a59255o0339c 0x000000   1.200000
59255.367746 19.589310      NaN    14    13 c    0   1.41 136.66492 19.33809    95.77 10298.61 2.72 2.14 -43.6 -0.457    19.67 21.57 02a59255o0340c 0x000000   1.076923
59255.369170 20.071303      NaN     7     9 c    0   1.50 136.66492 19.33809  4081.31   157.97 2.44 2.22 -67.7 -0.386    19.70 21.57 02a59255o0343c 0x000000   0.777778
59255.369627 20.207197      NaN   -10    10 c    0   1.23 136.66492 19.33809 10254.26 10413.47 2.97 2.74 -50.7 -0.385    19.74 21.60 02a59255o0344c 0x000000  -1.000000
59255.370084 20.103715      NaN     0    11 c    0   1.62 136.66492 19.33809   114.69 10339.42 2.57 2.08 -48.4 -0.518    19.73 21.57 02a59255o0345c 0x000000   0.000000
59255.372370 19.791368      NaN    11    11 c    0   0.97 136.66492 19.33809  4023.92    79.14 2.46 2.24 -70.3 -0.388    19.75 21.56 02a59255o0350c 0x000000   1.000000
59255.372827 19.841877      NaN   -12    14 c    0   1.57 136.66492 19.33809    54.74 10260.31 2.56 2.10 -47.8 -0.516    19.74 21.57 02a59255o0351c 0x000000  -0.857143
59255.398222 20.449472      NaN    -3     8 c    0   1.43 136.66492 19.33809  4012.66   196.27 2.48 2.25 -74.9 -0.394    19.72 21.64 02a59255o0402c 0x000000  -0.375000
59257.438847 20.244005 0.299513    29     8 c    0   1.55 136.66492 19.33809  8319.47 10415.69 2.52 2.37  63.3 -0.366    19.84 21.93 01a59257o0499c 0x000000   3.625000
59257.440691 20.449472      NaN    -9     8 c    0   1.47 136.66492 19.33809  2063.19   239.10 2.41 2.25  24.5 -0.416    19.79 21.89 01a59257o0503c 0x000000  -1.125000
59257.442072 20.207197      NaN   -10    10 c    0   1.59 136.66492 19.33809  8340.83 10455.52 2.54 2.39  71.4 -0.375    19.85 21.93 01a59257o0506c 0x000000  -1.000000
59257.444834 20.244005      NaN     2     9 c    0   1.10 136.66492 19.33809  2084.20   278.84 2.41 2.30  18.2 -0.414    19.84 21.89 01a59257o0512c 0x000000   0.222222
59257.447193 20.207197      NaN     6     8 c    0   1.45 136.66492 19.33809  8281.37 10377.21 2.53 2.36  81.6 -0.368    19.81 21.92 01a59257o0517c 0x000000   0.750000
59257.450976 20.449472      NaN   -12     8 c    0   1.65 136.66492 19.33809  2026.76   198.56 2.29 2.14  21.8 -0.411    19.86 21.89 01a59257o0525c 0x000000  -1.500000
59257.458181 20.009244      NaN    -2    12 c    0   1.57 136.66492 19.33809  8263.16 10492.93 2.46 2.33  75.5 -0.380    19.83 21.92 01a59257o0539c 0x000000  -0.166667
59257.460960 20.449472      NaN    -2     8 c    0   1.30 136.66492 19.33809  2009.91   314.07 2.62 2.36  14.9 -0.405    19.74 21.88 01a59257o0545c 0x000000  -0.250000
59261.358620 20.103715      NaN     9     8 c    0   1.22 136.66492 19.33809  8452.22 10357.40 2.45 2.24  37.2 -0.366    19.76 21.84 01a59261o0317c 0x000000   1.125000
59261.361348 20.449472      NaN     0     8 c    0   1.40 136.66492 19.33809  8432.68 10317.31 2.41 2.28  55.6 -0.364    19.83 21.78 01a59261o0322c 0x000000   0.000000
59261.361808 19.816329      NaN    19     8 c    0   1.63 136.66492 19.33809  2258.72   139.09 2.21 2.04  22.6 -0.412    19.89 21.79 01a59261o0323c 0x000000   2.375000
59261.364113 20.171596      NaN     7     8 c    0   1.07 136.66492 19.33809  8491.24 10396.07 2.40 2.24  54.3 -0.372    19.85 21.77 01a59261o0328c 0x000000   0.875000
59261.369221 20.449472      NaN   -11     8 c    0   1.23 136.66492 19.33809  8510.82 10277.33 2.40 2.30  63.2 -0.365    19.86 21.77 01a59261o0339c 0x000000  -1.375000
59261.371063 20.103715      NaN    -7    11 c    0   1.57 136.66492 19.33809  2238.09    98.69 2.25 2.02  12.1 -0.408    19.90 21.80 01a59261o0343c 0x000000  -0.636364
59261.372906 20.449472      NaN    -5     8 c    0   1.77 136.66492 19.33809  2298.24   177.57 2.30 2.04  15.0 -0.406    19.83 21.81 01a59261o0347c 0x000000  -0.625000
59261.398458 19.766969      NaN    12    11 c    0   1.85 136.66492 19.33809  2313.64    58.08 2.25 2.05   6.0 -0.415    19.90 21.82 01a59261o0398c 0x000000   1.090909
59263.414399 17.633737      NaN  -121   107 c    0   1.24 136.66492 19.33809  6271.12  4614.26 2.56 2.40  43.5 -0.396    16.72 18.27 02a59263o0160c 0x100002  -1.130841
59263.423456 15.946821      NaN   -13   506 c    0   1.06 136.66492 19.33809  6251.90  4576.96 2.60 2.33  43.6 -0.401    15.31 16.88 02a59263o0179c 0x100002  -0.025692
59263.426657 16.600997      NaN   -84   277 c    0   0.75 136.66492 19.33809  6311.35  4656.88 2.62 2.37  41.0 -0.396    16.09 17.70 02a59263o0186c 0x100002  -0.303249
59287.337921 19.609992      NaN    22    10 c    0   1.32 136.66492 19.33809  6271.48  1905.22 2.51 2.37 -74.7 -0.391    19.55 21.48 02a59287o0243c 0x000000   2.200000
59287.341359 19.743105      NaN    19     9 c    0   1.02 136.66492 19.33809  6252.98  1866.92 2.52 2.42 -79.4 -0.395    19.66 21.61 02a59287o0250c 0x000000   2.111111
59287.346860 19.766969      NaN   -20    15 c    0   1.15 136.66492 19.33809  6310.72  1945.47 2.52 2.42 -74.9 -0.389    19.06 20.96 02a59287o0261c 0x000000  -1.333333
59287.356816 20.321591      NaN    -4     9 c    0   1.31 136.66492 19.33809  6330.10  1827.98 2.43 2.34 -65.9 -0.398    19.59 21.56 02a59287o0279c 0x000000  -0.444444
59291.374443 20.207197      NaN   -18    10 c    0   1.18 136.66492 19.33809  4509.72  8585.22 2.58 2.46  41.2 -0.400    19.69 21.61 02a59291o0104c 0x000000  -1.800000
59291.379972 20.103715      NaN    -8    11 c    0   1.13 136.66492 19.33809  4491.60  8544.96 2.47 2.41  46.9 -0.409    19.75 21.61 02a59291o0116c 0x000000  -0.727273
59291.402600 20.071303      NaN     4    10 c    0   1.51 136.66492 19.33809  4547.27  8625.35 2.57 2.44  30.8 -0.402    19.69 21.59 02a59291o0163c 0x000000   0.400000
59291.406322 20.207197      NaN   -21    10 c    0   1.21 136.66492 19.33809  4566.82  8508.74 2.56 2.40  42.2 -0.401    19.69 21.58 02a59291o0171c 0x000000  -2.100000
59309.306121 19.652575 0.325721    50    15 c    0   1.30 136.66492 19.33809  6338.05 10522.04 2.20 2.06 -69.7 -0.379    19.95 21.49 01a59309o0047c 0x000000   3.333333
59309.309842 19.631075      NaN    18    11 c    0   1.05 136.66492 19.33809 10184.38   244.67 2.68 2.46 -47.4 -0.326    19.91 21.49 01a59309o0055c 0x000000   1.636364
59309.314467 20.321591      NaN    -3     9 c    0   2.09 136.66492 19.33809  6299.34 10482.51 2.23 2.12 -66.1 -0.378    19.92 21.50 01a59309o0065c 0x000000  -0.333333
59309.320465 19.841877      NaN    12    10 c    0   1.54 136.66492 19.33809 10202.95   281.86 2.42 2.42 -13.4 -0.365    19.84 21.61 01a59309o0077c 0x000000   1.200000
59309.324165 20.103715      NaN     6     9 c    0   1.36 136.66492 19.33809 10146.63   206.00 2.67 2.29 -57.9 -0.346    19.90 21.53 01a59309o0084c 0x000000   0.666667
59309.332778 20.207197      NaN    -8    10 c    0   1.41 136.66492 19.33809   130.31   294.43 2.31 2.04  36.9 -0.439    19.90 21.72 01a59309o0102c 0x000000  -0.800000
59309.335545 20.103715      NaN    -5    11 c    0   0.77 136.66492 19.33809   150.94   334.75 2.29 2.09  35.4 -0.438    19.91 21.57 01a59309o0108c 0x000000  -0.454545
59309.341281 20.009244      NaN   -38    12 c    0   1.33 136.66492 19.33809    90.31   255.34 2.27 2.03  48.7 -0.454    19.94 21.59 01a59309o0120c 0x000000  -3.166667
59309.341743 20.207197      NaN    -9    10 c    0   0.99 136.66492 19.33809 10125.55   325.49 2.63 2.32 -68.3 -0.352    19.92 21.56 01a59309o0121c 0x000000  -0.900000
59309.355007 19.631075      NaN   -17    17 c    0   0.94 136.66492 19.33809    73.93   372.69 2.30 2.05  45.9 -0.410    19.96 21.61 01a59309o0148c 0x000000  -1.000000
59313.307649 20.321591      NaN     0     9 c    0   1.29 136.66492 19.33809 10380.41  6089.49 2.53 2.16  80.4 -0.395    19.88 21.50 01a59313o0193c 0x000000   0.000000
59313.311831 19.841877      NaN    12    10 c    0   0.79 136.66492 19.33809 10401.44  6128.25 2.59 2.19  88.0 -0.397    19.93 21.45 01a59313o0202c 0x000000   1.200000
59313.317485 19.950541      NaN    11     9 c    0   1.26 136.66492 19.33809 10343.28  6051.31 2.58 2.16 -89.4 -0.405    19.88 21.44 01a59313o0214c 0x000000   1.222222
59313.317947 20.405150      NaN     1     8 c    0   1.29 136.66492 19.33809   386.34  6150.88 2.29 2.04  89.9 -0.417    19.79 21.56 01a59313o0215c 0x000000   0.125000
59313.320793 20.137125      NaN     8     8 c    0   0.99 136.66492 19.33809   406.86  6188.91 2.21 2.03 -79.9 -0.415    19.88 21.52 01a59313o0221c 0x000000   1.000000
59313.326888 20.362567      NaN     2     8 c    0   1.01 136.66492 19.33809   349.13  6110.38 2.28 2.03 -88.4 -0.412    19.92 21.50 01a59313o0234c 0x000000   0.250000
59313.327349 19.766969      NaN    18     9 c    0   1.23 136.66492 19.33809 10325.16  6167.92 2.69 2.22 -88.1 -0.390    19.88 21.45 01a59313o0235c 0x000000   2.000000
59313.337503 20.244005      NaN     5     8 c    0   0.98 136.66492 19.33809   330.34  6226.64 2.24 2.01 -74.6 -0.409    19.91 21.59 01a59313o0256c 0x000000   0.625000
59343.247492 20.009244      NaN    -5    12 c    0   1.27 136.66492 19.33809  6448.14  8511.48 2.53 2.38  48.9 -0.410    19.50 20.86 02a59343o0020c 0x000000  -0.416667
59343.250704 20.009244      NaN   -25    12 c    0   1.37 136.66492 19.33809  6428.82  8471.49 2.60 2.46  46.6 -0.406    19.50 20.99 02a59343o0027c 0x000000  -2.083333
59343.256685 20.009244      NaN   -15    12 c    0   1.03 136.66492 19.33809  6485.79  8549.15 2.51 2.39  42.7 -0.410    19.56 21.05 02a59343o0040c 0x000000  -1.250000
59343.271364 19.791368      NaN     8    12 c    0   1.06 136.66492 19.33809  6505.89  8432.46 2.50 2.38  43.4 -0.411    19.61 21.10 02a59343o0072c 0x000000   0.666667
59347.278740 20.009244      NaN   -10    12 c    0   1.11 136.66492 19.33809  8220.66  4552.81 2.74 2.71 -84.0 -0.380    19.39 21.08 02a59347o0102c 0x000000  -0.833333
59347.282406 20.009244      NaN   -13    12 c    0   1.11 136.66492 19.33809  8201.20  4514.05 2.68 2.63  52.6 -0.380    19.46 21.07 02a59347o0110c 0x000000  -1.083333
59347.287918 20.244005      NaN     2     9 c    0   1.61 136.66492 19.33809  8260.00  4591.42 2.47 2.41  39.7 -0.388    19.50 21.05 02a59347o0122c 0x000000   0.222222
59347.298010 19.743105      NaN     7    13 c    0   1.21 136.66492 19.33809  8279.91  4474.91 2.54 2.47  45.1 -0.379    19.46 21.02 02a59347o0144c 0x000000   0.538462
59369.251910 19.922338      NaN    -7    13 c    0   1.02 136.66492 19.33809  8429.99  6216.71 2.40 2.12 -82.5 -0.381    19.21 20.10 01a59369o0036c 0x000000  -0.538462
59369.256058 19.569016      NaN    12    14 c    0   1.08 136.66492 19.33809  8450.61  6254.87 2.44 2.09 -82.8 -0.391    19.38 20.42 01a59369o0045c 0x000000   0.857143
59369.261585 19.841877      NaN     3    13 c    0   1.24 136.66492 19.33809  8391.44  6180.54 2.39 2.06 -83.4 -0.396    19.45 20.54 01a59369o0057c 0x000000   0.230769
59369.273122 19.791368      NaN     8    12 c    0   1.12 136.66492 19.33809  8371.00  6298.24 2.32 2.21 -85.3 -0.372    19.41 20.55 01a59369o0082c 0x000000   0.666667
59373.252548 19.491430      NaN     7    17 c    0   1.07 136.66492 19.33809  8429.26  6216.18 2.53 2.09 -88.0 -0.400    19.09 19.91 01a59373o0034c 0x000000   0.411765
59373.255770 19.841877      NaN    -3    14 c    0   1.19 136.66492 19.33809  8448.69  6255.31 2.57 2.13 -87.6 -0.392    19.28 20.23 01a59373o0041c 0x000000  -0.214286
59373.261305 19.841877      NaN    -2    14 c    0   0.98 136.66492 19.33809  8389.53  6179.24 2.57 2.09 -89.4 -0.404    19.37 20.45 01a59373o0053c 0x000000  -0.142857
59373.271456 19.766969      NaN     6    13 c    0   1.37 136.66492 19.33809  8369.16  6296.98 2.65 2.10 -89.0 -0.401    19.37 20.50 01a59373o0075c 0x000000   0.461538
59523.603739 19.922338 0.334073    39    12 c    0   1.50 136.66492 19.33809 10291.48  2238.44 3.11 2.61 -24.6 -0.380    19.40 21.23 02a59523o0899c 0x000000   3.250000
59523.615706 19.569016      NaN    18    12 c    0   1.12 136.66492 19.33809 10314.53  2276.81 2.96 2.71 -36.8 -0.383    19.44 21.22 02a59523o0924c 0x000000   1.500000
59523.620926 19.894850      NaN    10    10 c    0   1.86 136.66492 19.33809 10251.34  2201.75 2.71 2.39 -45.3 -0.396    19.51 21.23 02a59523o0932c 0x000000   1.000000
59523.624140 19.894850      NaN    13     9 c    0   2.09 136.66492 19.33809 10233.54  2319.42 2.78 2.53 -40.6 -0.394    19.48 21.24 02a59523o0939c 0x000000   1.444444
59523.627942 20.207197      NaN   -14    10 c    0   1.23 136.66492 19.33809   270.29  2210.86 2.70 2.58 -28.5 -0.396    19.49 21.19 02a59523o0947c 0x000000  -1.400000
59523.633216 20.207197      NaN    -3    10 c    0   1.31 136.66492 19.33809   295.17  2249.55 2.89 2.65 -20.3 -0.382    19.43 21.20 02a59523o0957c 0x000000  -0.300000
59523.636086 20.449472      NaN   -22     8 c    0   1.78 136.66492 19.33809   236.90  2170.33 2.61 2.50 -55.7 -0.403    19.50 21.18 02a59523o0963c 0x000000  -2.750000
59523.641680 19.609992      NaN    22    10 c    0   1.44 136.66492 19.33809   217.64  2288.65 2.65 2.50 -29.8 -0.390    19.44 21.07 02a59523o0975c 0x000000   2.200000
59527.557814 19.743105      NaN     4    14 c    0   1.26 136.66492 19.33809 10289.14  2239.54 2.42 2.28 -45.3 -0.411    19.00 20.56 02a59527o0781c 0x000000   0.285714
59527.561473 20.103715      NaN     3    10 c    0   2.26 136.66492 19.33809 10308.08  2278.35 2.42 2.23 -47.5 -0.421    19.38 20.90 02a59527o0789c 0x000000   0.300000
59527.563311 19.419021      NaN     5    19 c    0   1.00 136.66492 19.33809   267.60  2213.86 2.33 2.25 -84.5 -0.414    18.82 20.48 02a59527o0793c 0x000000   0.263158
59527.566991 19.719755      NaN     5    14 c    0   0.96 136.66492 19.33809   287.06  2253.39 2.33 2.25 -87.0 -0.416    19.23 20.85 02a59527o0801c 0x000000   0.357143
59527.567448 19.922338      NaN    -8    13 c    0   1.24 136.66492 19.33809 10250.53  2201.93 2.44 2.25 -46.1 -0.417    19.21 20.70 02a59527o0802c 0x000000  -0.615385
59527.577255 20.009244      NaN    -6    12 c    0   1.53 136.66492 19.33809   227.90  2174.11 2.37 2.29 -82.0 -0.409    19.27 20.77 02a59527o0822c 0x000000  -0.500000
59527.580494 19.696897      NaN     9    13 c    0   1.34 136.66492 19.33809 10230.74  2321.56 2.39 2.25 -39.4 -0.417    19.38 20.91 02a59527o0829c 0x000000   0.692308
59527.582324 19.766969      NaN   -35    15 c    0   1.05 136.66492 19.33809   210.05  2291.25 2.52 2.27 -79.9 -0.415    19.00 21.04 02a59527o0833c 0x000000  -2.333333
59587.515825 20.103715      NaN   -12    11 c    0   1.18 136.66492 19.33809  6354.24  6551.07 2.68 2.40  41.5 -0.408    19.65 21.67 02a59587o0695c 0x000000  -1.090909
59587.519024 20.207197      NaN   -12    10 c    0   1.17 136.66492 19.33809  6335.43  6512.97 2.65 2.40  38.9 -0.407    19.62 21.66 02a59587o0701c 0x000000  -1.200000
59587.550146 20.321591      NaN     0     9 c    0   1.35 136.66492 19.33809  6388.89  6591.31 2.76 2.47  40.2 -0.407    19.58 21.65 02a59587o0767c 0x000000   0.000000
59587.555842 19.979496      NaN     4    11 c    0   1.03 136.66492 19.33809  6410.73  6478.22 2.81 2.52  41.8 -0.401    19.59 21.63 02a59587o0779c 0x000000   0.363636