         MJD         m       dm    uJy  duJy F  err  chi/N        RA      Dec        x       y  maj  min   phi  apfit  mag5sig   Sky            Obs     Mask   __tmp_SN
57779.615015 19.089302      NaN   -358    28 c    0   1.77 193.45112 -39.6971  4081.05 2454.14 4.18 3.59 -10.9 -0.388    19.05 21.18 02a57779o0772c 0x000000 -12.785714
57779.630995 19.454622      NaN   -336    20 c    0   1.87 193.45112 -39.6971  4067.63 2415.42 4.00 3.73  -6.1 -0.387    19.47 21.48 02a57779o0803c 0x000000 -16.800000
57779.647400 19.631075      NaN   -366    17 c    0   1.63 193.45112 -39.6971  4114.65 2496.42 3.90 3.86 -83.9 -0.381    19.53 21.52 02a57779o0835c 0x000000 -21.529412
57783.611904 19.169763      NaN   -350    26 c    0   2.11 193.45112 -39.6971  3166.86  604.98 4.60 3.81  -9.5 -0.430    19.56 21.69 02a57783o0757c 0x000000 -13.461538
57783.628501 19.696897      NaN   -342    16 c    0   3.64 193.45112 -39.6971  3152.64  565.43 4.24 3.90 -12.7 -0.427    19.65 21.75 02a57783o0789c 0x000000 -21.375000
57783.645110 19.569016      NaN   -355    18 c    0   1.77 193.45112 -39.6971  3215.52  645.52 4.51 4.20 -11.7 -0.403    19.57 21.75 02a57783o0821c 0x000000 -19.722222
57803.593583 19.051202      NaN   -346    29 c    0   1.37 193.45112 -39.6971  5119.49  849.39 3.95 3.89 -13.2 -0.429    18.96 20.39 02a57803o0730c 0x000000 -11.931034
57803.605257 19.014394      NaN   -333    30 c    0   1.69 193.45112 -39.6971  5106.65  810.54 3.85 3.77 -12.1 -0.434    18.99 20.37 02a57803o0753c 0x000000 -11.100000
57803.617424 19.128787      NaN   -425    27 c    0   1.39 193.45112 -39.6971  5168.57  887.30 3.86 3.79 -11.1 -0.433    18.99 20.39 02a57803o0777c 0x000000 -15.740741
57803.629087 18.910912      NaN   -361    33 c    0   1.08 193.45112 -39.6971  5185.62  768.07 3.92 3.83 -16.9 -0.422    18.99 20.40 02a57803o0800c 0x100002 -10.939394
57803.641273 19.089302      NaN   -402    28 c    0   1.49 193.45112 -39.6971  5157.25  824.98 3.94 3.78  -6.0 -0.430    18.95 20.34 02a57803o0822c 0x000000 -14.357143
57807.594200 19.631075      NaN   -332    17 c    0   2.30 193.45112 -39.6971  2461.48 2481.17 3.96 3.88 -39.6 -0.385    19.53 21.51 02a57807o0707c 0x000000 -19.529412
57807.609371 19.696897      NaN   -349    16 c    0   2.29 193.45112 -39.6971  2511.23 2558.71 4.02 3.93 -38.9 -0.384    19.47 21.43 02a57807o0736c 0x000000 -21.812500
57807.624441 19.454622      NaN   -352    20 c    0   1.32 193.45112 -39.6971  2542.85 2442.70 3.98 3.89 -38.8 -0.384    19.40 21.31 02a57807o0765c 0x000000 -17.600000
57807.639652 19.454622      NaN   -379    20 c    0   1.48 193.45112 -39.6971  2499.05 2497.55 4.11 3.98 -41.9 -0.375    19.28 21.18 02a57807o0794c 0x000000 -18.950000
57835.514951 19.454622      NaN   -286    20 c    0   4.65 193.45112 -39.6971  3503.33 1844.78 3.99 3.88  82.1 -0.389    18.69 20.47 02a57835o0486c 0x000000 -14.300000
57835.530236 19.169763      NaN   -286    26 c    0   4.10 193.45112 -39.6971  3491.50 1803.61 3.79 3.68  85.6 -0.406    18.32 20.01 02a57835o0515c 0x000000 -11.000000
57835.546656 19.302877      NaN   -347    23 c    0   2.83 193.45112 -39.6971  3538.47 1880.14 4.15 3.97  80.1 -0.409    18.55 20.33 02a57835o0546c 0x000000 -15.086957
57835.562422 19.169763      NaN   -318    26 c    0   2.94 193.45112 -39.6971  3568.30 1761.62 3.83 3.72  31.4 -0.401    18.52 20.09 02a57835o0576c 0x000000 -12.230769
57839.499107 19.569016      NaN   -277    18 c    0   6.64 193.45112 -39.6971  3628.33 1374.45 3.85 3.77  87.0 -0.410    18.86 20.60 02a57839o0532c 0x000000 -15.388889
57839.514628 19.401649      NaN   -355    21 c    0   2.66 193.45112 -39.6971  3597.55 1334.37 4.02 3.98  87.0 -0.397    18.78 20.59 02a57839o0561c 0x000000 -16.904762
57839.530562 19.401649      NaN   -378    21 c    0   2.91 193.45112 -39.6971  3661.60 1409.76 3.87 3.76 -89.4 -0.409    18.83 20.57 02a57839o0591c 0x000000 -18.000000
57839.561826 19.212347      NaN   -316    25 c    0   3.32 193.45112 -39.6971  3649.11 1347.87 4.04 3.77  31.4 -0.414    18.66 20.48 02a57839o0650c 0x000000 -12.640000
57843.490569 19.510313      NaN   -351    19 c    0   3.80 193.45112 -39.6971  4532.56 2879.66 4.20 4.19 -42.0 -0.361    18.66 20.49 02a57843o0495c 0x000000 -18.473684
57843.505711 19.212347      NaN   -367    25 c    0   1.55 193.45112 -39.6971  4506.16 2838.33 4.60 4.53 -44.8 -0.350    18.53 20.45 02a57843o0524c 0x000000 -14.680000
57847.479274 19.256669      NaN   -336    24 c    0   2.69 193.45112 -39.6971  4340.67 1475.99 4.10 4.03 -78.1 -0.384    18.49 19.99 02a57847o0485c 0x000000 -14.000000
57847.510693 19.510313      NaN   -362    19 c    0   3.32 193.45112 -39.6971  4377.35 1511.09 3.98 3.89 -81.7 -0.390    18.70 20.42 02a57847o0545c 0x000000 -19.052632
57847.526352 19.256669      NaN   -398    24 c    0   2.02 193.45112 -39.6971  4392.82 1392.80 4.02 3.97  13.6 -0.390    18.64 20.36 02a57847o0575c 0x000000 -16.583333
57847.542018 19.014394      NaN   -345    30 c    0   2.36 193.45112 -39.6971  4362.46 1451.19 4.29 3.96  28.1 -0.391    18.48 20.28 02a57847o0605c 0x000000 -11.500000
57863.461310 19.529530      NaN      2    18 c    0  10.02 193.45112 -39.6971  2745.35 2607.34 3.81 3.75 -87.5 -0.393    18.70 20.34 02a57863o0433c 0x100001   0.111111
57863.473876 19.401649      NaN    -16    21 c    0   5.47 193.45112 -39.6971  2717.45 2566.24 3.79 3.71 -81.9 -0.396    18.67 20.30 02a57863o0457c 0x000000  -0.761905
57863.485965 19.256669      NaN     -5    24 c    0   6.03 193.45112 -39.6971  2780.32 2643.36 3.82 3.74 -89.1 -0.391    18.59 20.18 02a57863o0480c 0x000000  -0.208333
57867.455289 10.881008      NaN -79310 53762 c    0   1.26 193.45112 -39.6971  5777.10 1258.40 3.49 3.01  30.8 -0.477    13.53 14.70 02a57867o0451c 0x100002  -1.475206
57867.467895 12.925579      NaN  -5583  8178 c    0   1.15 193.45112 -39.6971  5748.88 1218.46 3.66 2.70  23.7 -0.484    14.04 15.14 02a57867o0475c 0x100002  -0.682685
57867.481016 16.693689      NaN     61   234 c    0   3.06 193.45112 -39.6971  5809.97 1294.67 4.15 2.86  26.3 -0.505    16.46 17.59 02a57867o0500c 0x100002   0.260684
57871.422609 20.207197      NaN   -341    10 c    0   2.31 193.45112 -39.6971  5643.72 1554.87 3.28 2.77  25.3 -0.474    19.38 20.63 02a57871o0225c 0x000000 -34.100000
57871.437875 19.922338      NaN   -335    13 c    0   3.09 193.45112 -39.6971  5632.64 1513.89 3.35 2.85  25.1 -0.466    19.30 20.52 02a57871o0254c 0x000000 -25.769231
57871.453621 20.103715      NaN   -360    11 c    0   2.24 193.45112 -39.6971  5679.24 1589.89 3.48 2.92  25.5 -0.449    19.18 20.41 02a57871o0284c 0x000000 -32.727273
57871.469471 19.510313      NaN   -359    19 c    0   1.80 193.45112 -39.6971  5709.69 1471.90 4.36 3.68  31.6 -0.397    18.85 20.34 02a57871o0314c 0x000000 -18.894737
57895.362940 19.922338      NaN   -333    13 c    0   6.79 193.45112 -39.6971  3035.49 2516.96 3.83 3.13  17.9 -0.448    19.34 21.28 02a57895o0244c 0x000000 -25.615385
57895.379245 19.696897      NaN   -309    16 c    0   7.58 193.45112 -39.6971  3023.32 2477.49 4.07 3.46  20.2 -0.475    19.28 21.27 02a57895o0275c 0x000000 -19.312500
57895.396619 19.510313      NaN   -364    19 c    0   5.11 193.45112 -39.6971  3086.27 2553.75 4.51 3.92  24.4 -0.446    19.05 21.14 02a57895o0308c 0x000000 -19.157895
57899.354821 20.103715      NaN   -364    11 c    0   1.92 193.45112 -39.6971  2899.29 1305.37 3.28 2.57  20.8 -0.477    19.58 21.34 02a57899o0240c 0x000000 -33.090909
57899.371103 19.841877      NaN   -363    14 c    0   1.85 193.45112 -39.6971  2871.79 1263.69 3.35 2.60  20.1 -0.480    19.52 21.24 02a57899o0271c 0x000000 -25.928571
57899.387395 16.718153 0.016010    746    11 c    0 305.70 193.45112 -39.6971  2935.00 1342.50 3.32 2.61  20.3 -0.483    19.49 21.19 02a57899o0302c 0x100001  67.818182
57899.404257 19.922338      NaN   -333    13 c    0   1.49 193.45112 -39.6971  2951.13 1221.77 3.54 2.77  21.1 -0.478    19.42 21.04 02a57899o0334c 0x000000 -25.615385
57903.342584 19.631075      NaN   -302    17 c    0   3.78 193.45112 -39.6971  4552.55  231.03 2.88 2.68  45.1 -0.472    19.46 20.84 02a57903o0209c 0x000000 -17.764706
57903.359407 19.569016      NaN   -302    18 c    0   1.57 193.45112 -39.6971  4539.64  190.44 2.80 2.67  57.6 -0.448    19.46 20.86 02a57903o0242c 0x000000 -16.777778
57903.375269 19.454622      NaN   -347    20 c    0   1.83 193.45112 -39.6971  4602.68  269.16 2.90 2.75  44.7 -0.481    19.45 20.95 02a57903o0273c 0x000000 -17.350000
58109.624178 18.147425 0.097716    200    18 c    0   8.52 193.45112 -39.6971  9307.60 4347.56 5.41 4.83   8.0 -0.236    18.89 21.67 02a58109o0540c 0x000000  11.111111
58161.585067 17.862567 0.033407    260     8 c    0 256.54 193.45112 -39.6971  7908.95 6533.40 2.56 2.45  61.8 -0.468    19.69 21.63 02a58161o0819c 0x100001  32.500000
58161.591921 20.321591      NaN   -399     9 c    0   3.39 193.45112 -39.6971  7895.24 6494.46 2.54 2.44  71.0 -0.468    19.68 21.59 02a58161o0834c 0x000000 -44.333333
58161.600588 20.449472      NaN   -334     8 c    0   1.57 193.45112 -39.6971  7956.71 6571.84 2.70 2.52  67.1 -0.455    19.61 21.56 02a58161o0853c 0x000000 -41.750000
58161.606062 20.449472      NaN   -333     8 c    0   1.38 193.45112 -39.6971  7972.96 6456.96 2.66 2.55  72.7 -0.446    19.61 21.54 02a58161o0865c 0x000000 -41.625000
58193.459015 14.902204 0.005739   3973    21 c    0  26.86 193.45112 -39.6971  8921.30 3228.71 2.90 2.46  62.0 -0.433    19.57 21.31 02a58193o0494c 0x100001 189.190476
58193.467152 14.961164 0.006636   3763    23 c    0   9.31 193.45112 -39.6971  8890.70 3187.55 2.76 2.41  61.0 -0.438    19.59 21.33 02a58193o0511c 0x000000 163.608696
58193.471271 14.953402 0.006302   3790    22 c    0  15.39 193.45112 -39.6971  8947.97 3269.80 2.78 2.41  61.4 -0.436    19.62 21.35 02a58193o0520c 0x100001 172.272727
58193.479033 14.949113 0.006278   3805    22 c    0   8.88 193.45112 -39.6971  8870.67 3307.39 2.74 2.35  60.4 -0.434    19.62 21.39 02a58193o0537c 0x000000 172.954545
58197.457118 15.294977 0.007848   2767    20 c    0   3.48 193.45112 -39.6971  2267.99 3240.99 2.53 2.28  47.0 -0.406    19.56 21.45 02a58197o0085c 0x000000 138.350000
58197.466601 15.307210 0.008730   2736    22 c    0   3.29 193.45112 -39.6971  2281.77 3279.17 2.58 2.32  52.2 -0.414    19.56 21.47 02a58197o0105c 0x000000 124.363636
58197.479316 14.036944      NaN   2683  2044 c    0   1.20 193.45112 -39.6971  2218.59 3205.32 2.85 2.54  51.5 -0.399    15.00 17.00 02a58197o0132c 0x100002   1.312622
58225.412197 15.658337      NaN    564   472 c    0   1.60 193.45112 -39.6971  8602.71 7201.41 3.19 2.96  67.6 -0.418    15.98 18.35 02a58225o0409c 0x100002   1.194915
58225.417672 15.986147      NaN    531   311 c    0   1.72 193.45112 -39.6971  8588.70 7162.52 3.00 2.80  68.1 -0.429    16.46 18.68 02a58225o0421c 0x100002   1.707395
58225.426296 16.896491      NaN    231   134 c    0   2.25 193.45112 -39.6971  8664.84 7116.97 3.18 3.01  59.5 -0.387    17.17 19.28 02a58225o0439c 0x100002   1.723881
58225.427665 17.411259 0.148806    394    54 c    0   4.78 193.45112 -39.6971  8651.63 7235.52 3.21 3.00  66.0 -0.394    17.67 19.78 02a58225o0442c 0x100002   7.296296
58250.368957 19.334813      NaN     31    12 c    0   3.01 193.45112 -39.6971  7650.59 6031.20 2.78 2.67  79.4 -0.380    19.39 21.00 02a58250o0275c 0x000000   2.583333
58250.376745 19.491430      NaN     13    15 c    0   5.93 193.45112 -39.6971  7638.38 5992.72 2.69 2.57  72.5 -0.408    19.40 21.01 02a58250o0292c 0x000000   0.866667
58250.384575 19.401649      NaN     24    13 c    0   2.61 193.45112 -39.6971  7699.79 6068.22 2.61 2.49  74.2 -0.409    19.46 20.99 02a58250o0309c 0x000000   1.846154
58250.392368 19.271854      NaN     35    12 c    0   3.73 193.45112 -39.6971  7716.26 5951.39 2.60 2.47  89.3 -0.416    19.42 20.98 02a58250o0326c 0x000000   2.916667
58257.355288 19.841877      NaN    -34    14 c    0   1.81 193.45112 -39.6971  8277.65 6367.92 3.15 2.86  80.6 -0.408    19.23 21.26 02a58257o0263c 0x000000  -2.428571
58257.363069 19.302877 0.204559     69    13 c    0   4.44 193.45112 -39.6971  8264.99 6328.73 2.87 2.71  65.3 -0.419    19.30 21.25 02a58257o0280c 0x000000   5.307692
58257.370907 19.569016      NaN     12    14 c    0   3.19 193.45112 -39.6971  8327.91 6403.69 2.90 2.76  78.2 -0.403    19.30 21.16 02a58257o0297c 0x000000   0.857143
58257.378711 19.631075      NaN    -74    17 c    0   5.99 193.45112 -39.6971  8343.64 6286.60 3.02 2.80  79.6 -0.412    19.25 21.15 02a58257o0314c 0x000000  -4.352941
58281.302844 19.922338      NaN   -148    13 c    0   2.30 193.45112 -39.6971   215.39 5430.77 3.13 2.97  50.3 -0.365    19.30 21.49 02a58281o0089c 0x000000 -11.384615
58281.310250 20.103715      NaN   -132    11 c    0   4.27 193.45112 -39.6971   187.64 5387.78 2.79 2.64  44.1 -0.370    19.34 21.43 02a58281o0105c 0x000000 -12.000000
58281.313491 19.922338      NaN   -221    13 c    0   4.40 193.45112 -39.6971  9819.50 5487.50 3.62 3.41  66.9 -0.373    19.24 21.47 02a58281o0112c 0x000000 -17.000000
58281.317615 20.009244      NaN   -147    12 c    0   6.60 193.45112 -39.6971   250.28 5466.99 3.00 2.91  41.3 -0.362    19.23 21.36 02a58281o0121c 0x000000 -12.250000
58281.320838 19.841877      NaN   -158    14 c    0   1.91 193.45112 -39.6971  9806.89 5448.44 2.98 2.76  75.9 -0.428    19.44 21.44 02a58281o0128c 0x000000 -11.285714
58281.325474 19.841877      NaN   -171    14 c    0   1.88 193.45112 -39.6971   268.13 5349.27 2.68 2.58  48.4 -0.389    19.24 21.29 02a58281o0138c 0x000000 -12.214286
58281.328685 19.841877      NaN   -171    14 c    0   2.18 193.45112 -39.6971  9869.50 5523.07 3.06 2.84  73.7 -0.428    19.35 21.39 02a58281o0145c 0x000000 -12.214286
58281.336047 19.922338      NaN   -220    13 c    0   4.60 193.45112 -39.6971  9886.23 5405.23 3.14 2.86  75.9 -0.434    19.34 21.34 02a58281o0161c 0x000000 -16.923077
58285.293350 19.841877      NaN   -186    14 c    0   2.17 193.45112 -39.6971  1356.70 5061.90 2.61 2.51  49.0 -0.416    19.35 21.04 02a58285o0111c 0x000000 -13.285714
58285.301322 20.009244      NaN   -188    12 c    0   1.74 193.45112 -39.6971  1343.99 5022.18 2.61 2.49  41.7 -0.420    19.43 21.07 02a58285o0128c 0x000000 -15.666667
58285.309233 18.481707 0.059088    147     8 c    0  90.26 193.45112 -39.6971  1405.76 5100.18 2.67 2.55  51.7 -0.432    19.36 21.07 02a58285o0145c 0x100001  18.375000
58285.317149 20.321591      NaN   -188     9 c    0   2.82 193.45112 -39.6971  1423.15 4982.57 2.68 2.57  62.2 -0.413    19.37 21.11 02a58285o0162c 0x000000 -20.888889
58309.256157 19.169763      NaN   -257    26 c    0   1.56 193.45112 -39.6971  9253.29 4038.62 2.72 2.51 -66.5 -0.408    18.59 19.68 02a58309o0030c 0x000000  -9.884615
58309.261814 19.569016      NaN   -282    18 c    0   1.12 193.45112 -39.6971  9236.45 3999.99 2.71 2.51 -68.9 -0.409    19.16 20.52 02a58309o0042c 0x000000 -15.666667
58309.269389 20.009244      NaN   -263    12 c    0   2.63 193.45112 -39.6971  9297.38 4076.84 2.74 2.51 -69.1 -0.407    19.35 20.90 02a58309o0058c 0x000000 -21.916667
58309.277439 20.009244      NaN   -208    12 c    0   3.45 193.45112 -39.6971  9313.47 3960.73 2.73 2.51 -73.6 -0.416    19.38 20.98 02a58309o0075c 0x000000 -17.333333
58493.617151 19.922338      NaN   -347    13 c    0   4.73 193.45112 -39.6971  6846.39 6625.80 3.28 3.25 -15.5 -0.386    19.31 21.58 02a58493o0910c 0x000000 -26.692308
58493.632707 20.009244      NaN   -373    12 c    0   2.48 193.45112 -39.6971  6858.52 6664.33 2.81 2.77   7.6 -0.403    19.47 21.60 02a58493o0944c 0x000000 -31.083333
58493.640037 20.207197      NaN   -182    10 c    0   9.33 193.45112 -39.6971  6796.43 6586.27 2.83 2.67 -39.8 -0.388    19.46 21.64 02a58493o0960c 0x000000 -18.200000
58493.647812 20.009244      NaN   -353    12 c    0   5.18 193.45112 -39.6971  6778.41 6702.43 2.87 2.68 -30.2 -0.392    19.40 21.61 02a58493o0977c 0x000000 -29.416667
58573.437071 18.816441      NaN   -422    36 c    0   2.90 193.45112 -39.6971  2694.93 7784.17 2.66 2.26 -77.6 -0.419    18.02 20.12 02a58573o0470c 0x100002 -11.722222
58573.444911 19.256669      NaN   -365    24 c    0   1.14 193.45112 -39.6971  2665.38 7746.17 2.67 2.29 -64.3 -0.424    18.48 20.60 02a58573o0487c 0x000000 -15.208333
58573.452244 19.089302      NaN   -342    28 c    0   0.95 193.45112 -39.6971  2724.81 7825.69 2.62 2.33 -70.5 -0.419    18.45 20.56 02a58573o0503c 0x000000 -12.214286
58573.460415 19.569016      NaN   -423    18 c    0   1.46 193.45112 -39.6971  2754.24 7704.36 2.75 2.36 -56.0 -0.427    18.52 20.55 02a58573o0520c 0x000000 -23.500000
58577.456387 20.449472      NaN   -364     8 c    0   3.57 193.45112 -39.6971  6425.11 1996.48 2.73 2.49 -65.0 -0.397    19.44 21.35 02a58577o0509c 0x000000 -45.500000
58577.462788 20.321591      NaN   -361     9 c    0   2.53 193.45112 -39.6971  6395.81 1958.28 2.75 2.55  66.2 -0.395    19.41 21.35 02a58577o0523c 0x000000 -40.111111
58577.470105 20.207197      NaN   -355    10 c    0   3.85 193.45112 -39.6971  6457.16 2036.33 2.74 2.47 -66.4 -0.388    19.44 21.33 02a58577o0539c 0x000000 -35.500000
58577.484737 19.841877      NaN   -362    14 c    0   1.80 193.45112 -39.6971  6471.86 1920.61 2.70 2.50 -89.9 -0.386    19.40 21.28 02a58577o0571c 0x000000 -25.857143
58581.464519 20.103715      NaN   -380    11 c    0   1.15 193.45112 -39.6971  6372.69 9749.13 3.04 2.50  46.8 -0.384    19.38 21.14 02a58581o0516c 0x000000 -34.545455
58581.473237 20.103715      NaN   -320    11 c    0   5.86 193.45112 -39.6971  6358.44 9712.68 2.80 2.56  55.7 -0.407    19.38 21.11 02a58581o0535c 0x000000 -29.090909
58581.482919 19.922338      NaN   -339    13 c    0   1.55 193.45112 -39.6971  6420.35 9790.89 2.72 2.63  81.0 -0.415    19.35 21.07 02a58581o0556c 0x000000 -26.076923
58581.491679 20.207197      NaN   -376    10 c    0   2.57 193.45112 -39.6971  6436.64 9673.42 2.76 2.70 -80.6 -0.412    19.32 21.06 02a58581o0575c 0x000000 -37.600000
58605.421533 20.009244      NaN   -344    12 c    0   2.80 193.45112 -39.6971  8748.71 5832.42 3.01 2.59  51.0 -0.375    19.26 21.20 02a58605o0391c 0x000000 -28.666667
58605.430392 19.922338      NaN   -298    13 c    0   1.45 193.45112 -39.6971  8719.85 5795.80 2.81 2.68  83.7 -0.390    19.18 21.08 02a58605o0410c 0x000000 -22.923077
58605.439707 18.094452      NaN   -207    70 c    0   1.19 193.45112 -39.6971  8779.87 5872.96 3.06 2.69  52.2 -0.362    17.76 19.58 02a58605o0430c 0x100002  -2.957143
58605.449481 19.351140      NaN   -322    22 c    0   1.23 193.45112 -39.6971  8811.23 5756.89 2.96 2.59  55.1 -0.370    18.56 20.36 02a58605o0451c 0x000000 -14.636364
58609.371658 20.207197      NaN   -359    10 c    0   1.93 193.45112 -39.6971  4542.42 1999.10 2.94 2.75  82.9 -0.381    19.44 21.52 02a58609o0199c 0x000000 -35.900000
58609.378552 20.449472      NaN   -356     8 c    0   1.65 193.45112 -39.6971  4512.50 1960.18 2.60 2.45 -88.2 -0.385    19.60 21.54 02a58609o0214c 0x000000 -44.500000
58609.385913 20.594452      NaN   -352     7 c    0   3.54 193.45112 -39.6971  4572.16 2039.16 2.97 2.84 -79.0 -0.378    19.42 21.54 02a58609o0230c 0x000000 -50.285714
58609.393269 20.321591      NaN   -337     9 c    0   2.71 193.45112 -39.6971  4587.12 1923.84 2.87 2.65 -71.4 -0.382    19.49 21.49 02a58609o0246c 0x000000 -37.444444
58633.316803 20.449472      NaN   -311     8 c    0   2.32 193.45112 -39.6971  8782.11 5833.78 2.72 2.51  58.4 -0.390    19.48 21.22 02a58633o0190c 0x000000 -38.875000
58633.319598 20.207197      NaN   -350    10 c    0   2.19 193.45112 -39.6971  8761.56 5796.14 2.94 2.58  47.6 -0.374    19.43 21.23 02a58633o0196c 0x000000 -35.000000
58633.325090 20.207197      NaN   -322    10 c    0   2.16 193.45112 -39.6971  8820.35 5873.08 2.99 2.49  45.9 -0.376    19.42 21.25 02a58633o0208c 0x000000 -32.200000
58633.336077 20.009244      NaN   -326    12 c    0   2.91 193.45112 -39.6971  8839.93 5757.59 2.95 2.47  45.7 -0.375    19.41 21.22 02a58633o0232c 0x000000 -27.166667
58637.245862 18.174913      NaN   -393    65 c    0   1.21 193.45112 -39.6971  7147.40 6625.53 2.83 2.47  43.4 -0.393    17.89 18.69 02a58637o0030c 0x100002  -6.046154
58637.264393 20.321591      NaN   -334     9 c    0   1.60 193.45112 -39.6971  3379.70 3875.91 2.79 2.37  44.9 -0.398    19.46 21.17 02a58637o0069c 0x000000 -37.111111
58637.266888 20.103715      NaN   -352    11 c    0   1.97 193.45112 -39.6971  7101.09 6589.38 2.70 2.48  45.8 -0.388    19.50 21.22 02a58637o0074c 0x000000 -32.000000
58637.276333 20.959772      NaN    -47     5 c    0  82.91 193.45112 -39.6971  3452.62 3838.75 2.69 2.33  45.9 -0.402    19.54 21.30 02a58637o0094c 0x100001  -9.400000
58641.303722 20.207197      NaN   -337    10 c    0   1.45 193.45112 -39.6971  3402.44 3923.82 2.53 2.30  58.4 -0.405    19.43 21.03 02a58641o0151c 0x000000 -33.700000
58641.307017 20.207197      NaN   -308    10 c    0   1.90 193.45112 -39.6971  3382.04 3881.46 2.61 2.33  51.2 -0.398    19.41 21.04 02a58641o0158c 0x000000 -30.800000
58641.312098 20.009244      NaN   -370    12 c    0   1.58 193.45112 -39.6971  3439.70 3960.54 2.63 2.28  48.9 -0.397    19.41 21.04 02a58641o0169c 0x000000 -30.833333
58641.330166 20.009244      NaN   -296    12 c    0   5.12 193.45112 -39.6971  3459.76 3845.09 2.68 2.35  51.5 -0.391    19.36 21.02 02a58641o0207c 0x000000 -24.666667
58661.263168 19.922338      NaN   -372    13 c    0   2.52 193.45112 -39.6971  5897.54 2096.18 3.19 2.71  49.8 -0.371    19.17 20.92 02a58661o0007c 0x000000 -28.615385
58661.266376 19.841877      NaN   -336    14 c    0   2.18 193.45112 -39.6971  5878.28 2058.55 3.19 2.70  49.3 -0.370    19.16 20.96 02a58661o0014c 0x000000 -24.000000
58661.272788 20.009244      NaN   -350    12 c    0   1.84 193.45112 -39.6971  5934.44 2137.23 3.04 2.66  49.1 -0.381    19.26 21.12 02a58661o0028c 0x000000 -29.166667
58661.282922 18.142010      NaN   -206    67 c    0   6.54 193.45112 -39.6971  5953.49 2021.91 3.14 2.78  54.9 -0.368    16.99 18.78 02a58661o0050c 0x100002  -3.074627
58665.245860 17.685696      NaN   -248   102 c    0   1.11 193.45112 -39.6971  5903.81 2096.87 2.68 2.38  57.0 -0.429    16.80 17.76 02a58665o0020c 0x100002  -2.431373
58665.247233 17.858399      NaN   -145    87 c    0   1.28 193.45112 -39.6971  5884.93 2058.23 2.63 2.37  58.4 -0.416    17.20 18.09 02a58665o0023c 0x100002  -1.666667
58665.252733 19.014394      NaN   -307    30 c    0   1.20 193.45112 -39.6971  5943.46 2136.27 2.58 2.32  59.4 -0.392    18.36 19.31 02a58665o0035c 0x000000 -10.233333
58665.261938 20.103715      NaN   -336    11 c    0   1.99 193.45112 -39.6971  5963.36 2023.82 2.63 2.38  59.8 -0.382    19.26 20.70 02a58665o0055c 0x000000 -30.545455
58669.253069 18.649074      NaN   -339    42 c    0   1.25 193.45112 -39.6971  2752.81 5655.36 4.04 2.93  39.8 -0.313    17.96 19.21 02a58669o0012c 0x100002  -8.071429
58669.257585 19.510313      NaN   -370    19 c    0   2.26 193.45112 -39.6971  2731.89 5615.18 3.86 2.85  41.4 -0.326    18.63 20.04 02a58669o0021c 0x000000 -19.473684
58669.267638 20.009244      NaN   -352    12 c    0   1.35 193.45112 -39.6971  2788.94 5694.91 3.10 2.44  44.3 -0.368    19.16 20.84 02a58669o0042c 0x000000 -29.333333
58669.275371 20.009244      NaN   -341    12 c    0   1.87 193.45112 -39.6971  2807.81 5578.74 2.98 2.52  46.9 -0.373    19.20 20.93 02a58669o0058c 0x000000 -28.416667
58670.254328 18.944322      NaN   -404    32 c    0   1.10 193.45112 -39.6971  2751.37 5654.16 2.90 2.26  43.3 -0.362    18.27 19.19 02a58670o0038c 0x000000 -12.625000
58670.258481 19.510313      NaN   -348    19 c    0   1.10 193.45112 -39.6971  2731.43 5614.31 2.54 2.33  47.8 -0.390    18.89 19.95 02a58670o0046c 0x000000 -18.315789
58670.265412 19.841877      NaN   -361    14 c    0   2.57 193.45112 -39.6971  2790.58 5692.48 2.74 2.27  47.6 -0.374    19.24 20.61 02a58670o0060c 0x000000 -25.785714
58670.276499 20.009244      NaN   -271    12 c    0   4.57 193.45112 -39.6971  2810.62 5577.31 2.81 2.29  46.3 -0.372    19.20 20.64 02a58670o0083c 0x000000 -22.583333
58671.246531 17.021802      NaN   -168   188 c    0   0.87 193.45112 -39.6971  2753.19 5655.46 3.18 2.59  41.1 -0.485    16.47 17.34 02a58671o0023c 0x100002  -0.893617
58671.249754 17.922662      NaN   -340    82 c    0   1.07 193.45112 -39.6971  2732.83 5616.19 2.92 2.49  44.1 -0.380    17.22 18.11 02a58671o0030c 0x100002  -4.146341
58671.255318 18.978793      NaN   -336    31 c    0   0.96 193.45112 -39.6971  2790.82 5693.78 3.01 2.49  44.1 -0.350    18.32 19.32 02a58671o0042c 0x000000 -10.838710
58671.265526 20.009244      NaN   -306    12 c    0   2.62 193.45112 -39.6971  2811.32 5577.42 2.94 2.45  44.5 -0.360    19.05 20.42 02a58671o0064c 0x000000 -25.500000
58841.643301 20.207197      NaN   -326    10 c    0   2.00 193.45112 -39.6971  7149.51 6625.93 2.92 2.41  36.2 -0.371    19.50 21.28 02a58841o0932c 0x000000 -32.600000
58841.646994 20.321591      NaN   -364     9 c    0   2.54 193.45112 -39.6971  7173.97 6662.75 2.93 2.39  36.1 -0.370    19.49 21.27 02a58841o0940c 0x000000 -40.444444
58841.663681 19.454622      NaN   -354    20 c    0   1.28 193.45112 -39.6971  7111.44 6584.97 2.88 2.39  35.7 -0.362    18.97 20.20 02a58841o0973c 0x000000 -17.700000
58841.669105 18.574166      NaN   -357    45 c    0   1.36 193.45112 -39.6971  7092.02 6699.63 2.89 2.34  35.6 -0.355    18.03 18.88 02a58841o0984c 0x100002  -7.933333
58877.530231 20.009244      NaN   -359    12 c    0   2.28 193.45112 -39.6971  8586.01 8787.34 2.95 2.70  41.8 -0.385    19.50 21.61 02a58877o0690c 0x000000 -29.916667
58877.532989 20.009244      NaN   -353    12 c    0   2.37 193.45112 -39.6971  8605.03 8827.18 2.91 2.68  41.3 -0.387    19.55 21.62 02a58877o0696c 0x000000 -29.416667
58877.539383 20.207197      NaN   -340    10 c    0   4.26 193.45112 -39.6971  8541.95 8747.58 2.95 2.71  43.5 -0.384    19.52 21.62 02a58877o0709c 0x000000 -34.000000
58877.549158 20.207197      NaN   -377    10 c    0   2.41 193.45112 -39.6971  8525.75 8863.90 2.89 2.72  52.7 -0.391    19.53 21.62 02a58877o0730c 0x000000 -37.700000
58929.547868 19.302877 0.188824     69    12 c    0   3.32 193.45112 -39.6971   768.86 5704.01 2.51 2.37  52.9 -0.391    19.41 21.31 02a58929o0647c 0x000000   5.750000
58929.552413 19.491430      NaN     22    12 c    0   1.62 193.45112 -39.6971   746.04 5663.92 2.48 2.35  63.5 -0.394    19.39 21.29 02a58929o0656c 0x000000   1.833333
58929.557920 19.589310      NaN     17    12 c    0   1.80 193.45112 -39.6971   804.87 5745.95 2.52 2.35  61.2 -0.398    19.34 21.20 02a58929o0668c 0x000000   1.416667
58929.572568 19.922338      NaN     -8    13 c    0   1.61 193.45112 -39.6971   825.34 5626.93 2.46 2.40 -90.0 -0.398    19.26 21.06 02a58929o0699c 0x000000  -0.615385
58957.337525 18.389700      NaN     16    48 c    0   0.86 193.45112 -39.6971  6555.18 8362.38 2.93 2.53  41.8 -0.380    18.13 19.78 02a58957o0212c 0x100002   0.333333
58957.342755 18.158337      NaN    -23    66 c    0   0.79 193.45112 -39.6971  6574.11 8400.95 2.99 2.49  41.7 -0.372    17.91 19.55 02a58957o0222c 0x100002  -0.348485
58957.345852 18.158337      NaN     -9    66 c    0   1.40 193.45112 -39.6971  6518.18 8321.75 2.90 2.55  40.5 -0.383    17.68 19.35 02a58957o0228c 0x100002  -0.136364
58957.354987 17.976960      NaN   -100    78 c    0   1.17 193.45112 -39.6971  6500.41 8437.87 2.85 2.58  41.4 -0.383    17.47 19.15 02a58957o0247c 0x100002  -1.282051
58981.336829 19.609992      NaN     13    13 c    0   1.95 193.45112 -39.6971  2923.50 7584.22 2.66 2.42  34.7 -0.375    19.51 21.38 02a58981o0229c 0x000000   1.000000
58981.342898 19.922338      NaN    -31    13 c    0   1.32 193.45112 -39.6971  2905.27 7546.69 2.56 2.42  40.1 -0.387    19.52 21.37 02a58981o0242c 0x000000  -2.384615
58981.346100 20.103715      NaN    -17    11 c    0  16.66 193.45112 -39.6971  2963.93 7625.59 2.70 2.55  35.2 -0.373    19.44 21.37 02a58981o0249c 0x100001  -1.545455
58981.357231 20.009244      NaN    -14    12 c    0   1.22 193.45112 -39.6971  2985.92 7509.92 2.67 2.43  43.5 -0.376    19.49 21.38 02a58981o0273c 0x000000  -1.166667
58982.313228 20.009244      NaN    -27    12 c    0   2.54 193.45112 -39.6971  6242.68 8390.97 2.95 2.47 -58.4 -0.403    19.36 21.24 02a58982o0157c 0x000000  -2.250000
58982.313684 19.922338      NaN    -14    13 c    0   1.33 193.45112 -39.6971  6261.43 8429.88 2.79 2.61 -70.4 -0.394    19.25 21.11 02a58982o0158c 0x000000  -1.076923
58982.314142 19.609992      NaN      7    15 c    0   2.30 193.45112 -39.6971  6204.64 8351.82 2.75 2.56 -70.4 -0.397    19.22 21.06 02a58982o0159c 0x000000   0.466667
58982.314599 19.318728      NaN     23    15 c    0   1.68 193.45112 -39.6971  6185.55 8467.88 2.91 2.71 -67.7 -0.387    19.14 21.06 02a58982o0160c 0x000000   1.533333
58982.315056 19.569016      NaN     12    14 c    0   1.09 193.45112 -39.6971  6223.40 8409.97 2.78 2.58 -70.7 -0.393    19.23 21.11 02a58982o0161c 0x000000   0.857143
58982.428952 20.103715      NaN     -4    11 c    0   1.57 193.45112 -39.6971  4451.23 2088.36 2.50 2.35  77.9 -0.388    19.45 21.20 02a58982o0404c 0x000000  -0.363636
58993.372495 19.922338      NaN    -45    13 c    0   3.73 193.45112 -39.6971  1464.37 3973.86 2.95 2.57  41.6 -0.381    19.30 21.20 02a58993o0006c 0x000000  -3.461538
58993.376656 19.791368      NaN      8    12 c    0   1.43 193.45112 -39.6971  1445.09 3934.87 2.76 2.37  43.6 -0.386    19.38 21.20 02a58993o0015c 0x000000   0.666667
58993.382234 20.103715      NaN    -36    11 c    0   2.06 193.45112 -39.6971  1502.97 4013.65 2.75 2.42  44.6 -0.386    19.34 21.19 02a58993o0027c 0x000000  -3.272727
58993.392401 19.367717      NaN     23    14 c    0   5.35 193.45112 -39.6971  1520.87 3897.99 2.97 2.72  39.1 -0.380    19.21 21.12 02a58993o0049c 0x000000   1.642857
59017.265914 20.103715      NaN     -1    11 c    0   1.66 193.45112 -39.6971   952.05 7633.08 2.62 2.33  35.6 -0.392    19.42 21.03 02a59017o0051c 0x000000  -0.090909
59017.269609 20.009244      NaN    -30    12 c    0   2.29 193.45112 -39.6971   932.38 7594.16 2.62 2.31  36.4 -0.394    19.41 21.09 02a59017o0059c 0x000000  -2.500000
59017.276025 19.841877      NaN    -13    14 c    0   1.13 193.45112 -39.6971   993.22 7673.90 2.46 2.43  67.9 -0.414    19.47 21.09 02a59017o0073c 0x000000  -0.928571
59017.286087 19.841877      NaN     -4    14 c    0   0.75 193.45112 -39.6971  1014.97 7558.78 2.61 2.31  38.7 -0.396    19.41 21.05 02a59017o0095c 0x000000  -0.285714
59021.254266 18.729535      NaN      3    38 c    0   0.73 193.45112 -39.6971    57.02 1772.50 2.42 2.28 -76.1 -0.402    18.67 19.67 02a59021o0025c 0x100002   0.078947
59021.257470 17.976960      NaN   -137    78 c    0   1.12 193.45112 -39.6971    37.62 1732.44 2.39 2.26 -88.1 -0.413    19.10 20.30 02a59021o0032c 0x100002  -1.756410
59021.258858 19.922338 0.361912     39    13 c    0   3.10 193.45112 -39.6971  9684.66 1817.20 2.68 2.32 -65.2 -0.399    19.26 20.58 02a59021o0035c 0x000000   3.000000
59021.262526 19.609992      NaN     16    12 c    0   1.49 193.45112 -39.6971  9665.81 1779.30 2.74 2.36 -63.2 -0.398    19.41 21.02 02a59021o0043c 0x000000   1.333333
59021.264821 18.180496 0.067159    194    12 c    0  17.26 193.45112 -39.6971    96.02 1814.92 2.41 2.30 -84.3 -0.405    19.50 21.15 02a59021o0048c 0x100001  16.166667
59021.268031 19.674510 0.288052     49    13 c    0   2.38 193.45112 -39.6971  9724.86 1856.47 2.61 2.30 -66.6 -0.400    19.57 21.30 02a59021o0055c 0x000000   3.769231
59021.275841 19.950541      NaN      2    12 c    0   1.66 193.45112 -39.6971   118.12 1696.66 2.69 2.38 -62.4 -0.392    19.51 21.30 02a59021o0072c 0x000000   0.166667
59021.279572 19.743105      NaN     10    12 c    0   1.31 193.45112 -39.6971  9746.52 1740.69 2.78 2.38 -62.9 -0.398    19.55 21.33 02a59021o0080c 0x000000   0.833333
59195.631970 19.841877      NaN    -37    14 c    0   2.23 193.45112 -39.6971  5000.73 8009.88 3.32 3.09  -5.6 -0.325    19.05 21.03 01a59195o0969c 0x000000  -2.642857
59195.637545 19.766969      NaN     -3    15 c    0   7.28 193.45112 -39.6971  4982.06 7970.88 3.31 3.16  89.1 -0.308    19.05 21.01 01a59195o0981c 0x000000  -0.200000
59195.654083 19.569016      NaN    -52    18 c    0   1.68 193.45112 -39.6971  5048.49 8050.06 3.35 3.07   2.0 -0.311    18.82 20.40 01a59195o1016c 0x000000  -2.888889
59195.660997 18.702047      NaN    -59    40 c    0   1.34 193.45112 -39.6971  5070.29 7933.83 3.48 3.30   2.2 -0.291    17.78 18.99 01a59195o1031c 0x100002  -1.475000
59197.635634 19.631075      NaN    -28    17 c    0   4.90 193.45112 -39.6971  8167.22  725.38 2.50 2.34 -68.3 -0.404    19.36 21.08 02a59197o0956c 0x000000  -1.647059
59197.640723 20.103715      NaN    -29    11 c    0   2.40 193.45112 -39.6971  8185.97  764.07 2.45 2.31 -74.8 -0.400    19.40 21.08 02a59197o0967c 0x000000  -2.636364
59197.657200 19.631075      NaN    -71    17 c    0   3.82 193.45112 -39.6971  8125.17  683.56 2.50 2.21 -61.6 -0.409    19.21 20.58 02a59197o1003c 0x000000  -4.176471
59197.663164 18.978793      NaN    -35    31 c    0   0.91 193.45112 -39.6971  8104.39  799.74 2.54 2.25 -62.6 -0.410    18.55 19.57 02a59197o1016c 0x000000  -1.129032
59207.609769 19.922338      NaN    -18    13 c    0   4.79 193.45112 -39.6971  9333.57 4077.45 3.19 2.90 -80.3 -0.332    19.27 21.19 01a59207o0887c 0x000000  -1.384615
59207.613927 20.009244      NaN     -4    12 c    0   2.14 193.45112 -39.6971  9316.85 4040.59 3.07 2.81 -77.8 -0.333    19.35 21.21 01a59207o0896c 0x000000  -0.333333
59207.620372 20.009244      NaN    -14    12 c    0   1.19 193.45112 -39.6971  9375.48 4114.89 3.02 2.78 -73.8 -0.338    19.40 21.26 01a59207o0910c 0x000000  -1.166667
59207.639913 20.009244      NaN    -23    12 c    0   2.71 193.45112 -39.6971  9395.01 3995.25 3.24 2.70 -83.8 -0.372    19.44 21.30 01a59207o0952c 0x000000  -1.916667
59227.598380 20.009244      NaN     -6    12 c    0   1.36 193.45112 -39.6971  6442.62 9657.26 2.87 2.82  -8.7 -0.325    19.40 21.72 01a59227o0815c 0x000000  -0.500000
59227.603326 16.115142 0.007517   1300     9 c    0 823.69 193.45112 -39.6971  6425.22 9616.78 2.68 2.60  46.3 -0.342    19.46 21.73 01a59227o0825c 0x100001 144.444444
59227.606109 20.103715      NaN    -19    11 c    0   7.08 193.45112 -39.6971  6486.26 9695.54 2.76 2.59 -30.9 -0.334    19.49 21.73 01a59227o0831c 0x000000  -1.727273
59227.611177 19.766969      NaN     15    10 c    0   5.92 193.45112 -39.6971  6506.83 9578.49 2.63 2.57  -9.5 -0.337    19.54 21.74 01a59227o0842c 0x000000   1.500000
59229.591202 18.000411 0.056894    229    12 c    0  20.42 193.45112 -39.6971  1773.38 4720.18 2.45 2.38  -7.0 -0.408    19.54 21.45 02a59229o0854c 0x100001  19.083333
59229.594402 17.785989 0.046698    279    12 c    0  28.07 193.45112 -39.6971  1793.29 4757.29 2.40 2.31 -68.0 -0.409    19.59 21.46 02a59229o0861c 0x100001  23.250000
59229.600358 19.631075      NaN     18    11 c    0   3.36 193.45112 -39.6971  1733.83 4680.62 2.48 2.40  34.9 -0.403    19.60 21.48 02a59229o0874c 0x000000   1.636364
59229.610425 19.696897      NaN     18    10 c    0   5.08 193.45112 -39.6971  1713.98 4795.82 2.51 2.33  35.4 -0.400    19.55 21.50 02a59229o0896c 0x000000   1.800000
59231.567476 16.682364 0.016899    771    12 c    0 135.45 193.45112 -39.6971  6435.52 9654.73 3.38 2.87 -82.2 -0.345    19.30 21.58 01a59231o0671c 0x100001  64.250000
59231.570700 19.472870      NaN     26    11 c    0   9.14 193.45112 -39.6971  6416.81 9616.99 3.77 3.22 -80.8 -0.318    19.07 21.57 01a59231o0678c 0x000000   2.363636
59231.576230 19.791368      NaN      2    14 c    0   4.26 193.45112 -39.6971  6478.77 9694.82 3.19 2.69 -85.0 -0.355    19.33 21.61 01a59231o0690c 0x000000   0.142857
59231.586368 19.894850      NaN      1    13 c    0   0.95 193.45112 -39.6971  6501.51 9577.95 2.69 2.37 -81.8 -0.371    19.54 21.64 01a59231o0712c 0x000000   0.076923
59253.560782 20.207197      NaN    -26    10 c    0   2.87 193.45112 -39.6971  3597.69 2647.78 2.83 2.64  21.7 -0.384    19.43 21.49 02a59253o0482c 0x000000  -2.600000
59253.562611 19.922338      NaN    -28    13 c    0   2.27 193.45112 -39.6971  3619.55 2686.41 3.52 3.23  15.0 -0.379    19.20 21.48 02a59253o0486c 0x000000  -2.153846
59253.567668 20.009244      NaN    -12    12 c    0   5.12 193.45112 -39.6971  3560.78 2608.49 3.15 3.00  10.9 -0.377    19.28 21.50 02a59253o0497c 0x000000  -1.000000
59253.577831 19.696897      NaN    -48    16 c    0   2.54 193.45112 -39.6971  3541.72 2721.95 4.37 4.21  45.2 -0.363    18.92 21.47 02a59253o0519c 0x000000  -3.000000
59253.668797 19.014394      NaN    -20    30 c    0   1.88 193.45112 -39.6971  6967.28 7891.90 3.26 2.98  48.8 -0.368    18.38 19.66 02a59253o0649c 0x000000  -0.666667
59255.545893 16.696538 0.014267    761    10 c    0 185.83 193.45112 -39.6971  3998.94 2208.54 3.05 2.86  74.4 -0.368    19.51 21.99 01a59255o0715c 0x100001  76.100000
59255.547735 20.207197      NaN    -11    10 c    0   3.19 193.45112 -39.6971  3980.09 2169.02 3.32 3.05  69.6 -0.355    19.45 22.02 01a59255o0719c 0x000000  -1.100000
59255.550499 20.103715      NaN    -12    11 c    0   3.11 193.45112 -39.6971  4037.68 2247.94 3.33 3.10  68.5 -0.355    19.40 22.04 01a59255o0725c 0x000000  -1.090909
59255.556446 20.207197      NaN    -13    10 c    0   1.47 193.45112 -39.6971  4057.13 2131.76 3.09 2.78  77.3 -0.378    19.55 22.06 01a59255o0737c 0x000000  -1.300000
59257.550603 20.321591      NaN    -17     9 c    0   2.31 193.45112 -39.6971  3603.74 2646.92 2.63 2.49  42.1 -0.392    19.56 21.59 02a59257o0745c 0x000000  -1.888889
59257.552433 19.609992      NaN     22    10 c    0   1.24 193.45112 -39.6971  3622.59 2686.16 2.57 2.40  40.3 -0.393    19.62 21.60 02a59257o0749c 0x000000   2.200000
59257.562370 16.759689 0.013610    718     9 c    0 246.98 193.45112 -39.6971  3562.07 2605.16 2.56 2.39  42.3 -0.394    19.61 21.60 02a59257o0769c 0x100001  79.777778
59257.567790 19.529530      NaN     17    13 c    0   0.95 193.45112 -39.6971  3543.42 2720.53 2.53 2.38  42.2 -0.399    19.58 21.61 02a59257o0780c 0x000000   1.307692
59259.514250 20.103715      NaN    -29    11 c    0   1.69 193.45112 -39.6971  8942.28 7761.69 3.03 2.82  88.1 -0.333    19.42 21.61 01a59259o0482c 0x000000  -2.636364
59259.517477 20.103715      NaN    -39    11 c    0   2.42 193.45112 -39.6971  8922.82 7723.00 3.04 2.72 -87.0 -0.333    19.46 21.63 01a59259o0489c 0x000000  -3.545455
59259.545474 20.103715      NaN    -26    11 c    0   1.23 193.45112 -39.6971  8989.42 7794.22 2.95 2.55 -88.8 -0.348    19.55 21.64 01a59259o0549c 0x000000  -2.363636
59259.550997 20.321591      NaN    -43     9 c    0   4.50 193.45112 -39.6971  9008.09 7679.58 2.90 2.59 -84.6 -0.346    19.55 21.63 01a59259o0561c 0x000000  -4.777778
59261.501338 19.979496      NaN      1    12 c    0   1.27 193.45112 -39.6971  4671.79 8449.47 2.67 2.44  40.7 -0.388    19.54 21.44 02a59261o0633c 0x000000   0.083333
59261.504538 20.009244      NaN     -8    12 c    0   1.62 193.45112 -39.6971  4690.60 8487.64 2.50 2.44  68.0 -0.403    19.59 21.45 02a59261o0640c 0x000000  -0.666667
59261.510054 18.582238 0.089128    134    11 c    0   8.28 193.45112 -39.6971  4634.59 8409.33 2.47 2.43  73.3 -0.402    19.62 21.46 02a59261o0652c 0x000000  12.181818
59261.520121 20.207197      NaN      0    10 c    0   1.48 193.45112 -39.6971  4615.01 8524.04 2.55 2.42  44.2 -0.395    19.59 21.48 02a59261o0674c 0x000000   0.000000
59265.603220 15.890379      NaN   -231   533 c    0   1.15 193.45112 -39.6971  5925.05 2146.58 4.16 3.95  60.4 -0.346    15.09 17.34 02a59265o0549c 0x100002  -0.433396
59293.535852 19.841877      NaN     -9    14 c    0   1.69 193.45112 -39.6971  4880.17 6074.19 3.08 2.58  38.9 -0.358    19.36 21.28 02a59293o0233c 0x000000  -0.642857
59293.539539 19.922338      NaN    -31    13 c    0   1.21 193.45112 -39.6971  4860.36 6036.95 2.99 2.36  40.0 -0.367    19.39 21.27 02a59293o0241c 0x000000  -2.384615
59293.546894 19.652575 0.238862     50    11 c    0   4.40 193.45112 -39.6971  4917.55 6115.41 3.05 2.45  42.5 -0.358    19.36 21.23 02a59293o0257c 0x000000   4.545455
59293.560187 19.922338      NaN    -14    13 c    0   2.32 193.45112 -39.6971  4937.37 6002.56 3.03 2.47  47.5 -0.356    19.28 21.15 02a59293o0286c 0x000000  -1.076923
59311.364401 19.454622      NaN    -36    20 c    0   0.95 193.45112 -39.6971   966.78 7661.96 2.77 2.50  83.9 -0.372    18.90 20.73 01a59311o0318c 0x000000  -1.800000
59311.367206 18.978793      NaN     21    24 c    0   1.27 193.45112 -39.6971   951.03 7622.19 2.51 2.32 -88.5 -0.384    18.61 20.37 01a59311o0324c 0x000000   0.875000
59311.372742 19.256669      NaN     18    18 c    0   1.68 193.45112 -39.6971  1007.96 7703.11 2.78 2.37  85.2 -0.380    18.85 20.63 01a59311o0336c 0x000000   1.000000
59311.389726 19.302877      NaN    -11    23 c    0   1.47 193.45112 -39.6971  1032.47 7588.36 3.14 2.68  79.4 -0.373    18.80 20.70 01a59311o0372c 0x000000  -0.478261
59315.387598 20.103715      NaN     -9    11 c    0   1.83 193.45112 -39.6971  9678.27 1813.03 2.69 2.38 -79.2 -0.390    19.77 21.30 01a59315o0366c 0x000000  -0.818182
59315.390823 18.657725 0.086859    125    10 c    0   9.00 193.45112 -39.6971  9661.22 1775.56 2.69 2.53 -53.6 -0.364    19.73 21.29 01a59315o0373c 0x000000  12.500000
59315.394048 20.207197      NaN    -10    10 c    0   3.28 193.45112 -39.6971  9716.65 1850.85 2.71 2.41 -73.1 -0.385    19.79 21.30 01a59315o0380c 0x000000  -1.000000
59315.399111 19.841877 0.336061     42    13 c    0   2.63 193.45112 -39.6971  9735.67 1732.48 2.73 2.43 -77.1 -0.382    19.78 21.30 01a59315o0391c 0x000000   3.230769
59315.420527 19.766969      NaN    -72    15 c    0  14.99 193.45112 -39.6971 10525.43 8737.64 2.58 2.36  71.4 -0.349    19.73 21.24 01a59315o0437c 0x100001  -4.800000
59315.430690 20.103715      NaN    -12    11 c    0   1.45 193.45112 -39.6971 10488.95 8694.88 2.61 2.33  76.6 -0.350    19.73 21.24 01a59315o0459c 0x000000  -1.090909
59315.440475 19.922338      NaN     -9    13 c    0   3.12 193.45112 -39.6971 10471.41 8809.70 2.69 2.37  76.1 -0.347    19.67 21.16 01a59315o0480c 0x000000  -0.692308
59319.381584 20.137125      NaN      2    10 c    0   1.78 193.45112 -39.6971  9679.36 1811.11 2.94 2.48 -84.0 -0.389    19.74 21.38 01a59319o0352c 0x000000   0.200000
59319.383889 19.743105      NaN      7    13 c    0   2.27 193.45112 -39.6971  9660.69 1774.03 3.14 2.56  84.2 -0.379    19.68 21.38 01a59319o0357c 0x000000   0.538462
59319.387112 20.009244      NaN     -3    12 c    0   5.17 193.45112 -39.6971  9716.44 1849.91 2.94 2.57 -81.2 -0.372    19.71 21.36 01a59319o0364c 0x000000  -0.250000
59319.394015 19.549093 0.236888     55    12 c    0   2.70 193.45112 -39.6971  9735.74 1731.69 2.85 2.52 -76.4 -0.370    19.75 21.35 01a59319o0379c 0x000000   4.583333
59319.418611 19.696897      NaN    -75    16 c    0   1.56 193.45112 -39.6971 10525.67 8733.92 2.79 2.21 -87.9 -0.367    19.75 21.25 01a59319o0432c 0x000000  -4.687500
59319.429231 19.816329 0.328246     43    13 c    0   1.83 193.45112 -39.6971 10487.83 8690.74 2.92 2.36 -89.8 -0.357    19.65 21.25 01a59319o0455c 0x000000   3.307692
59319.462880 19.894850      NaN      7    11 c    0   1.68 193.45112 -39.6971 10471.36 8806.27 2.93 2.54  77.7 -0.336    19.55 21.16 01a59319o0527c 0x000000   0.636364
59337.361558 20.009244      NaN     -7    12 c    0   2.95 193.45112 -39.6971  6393.77 9656.83 2.75 2.63  41.7 -0.385    19.37 21.24 02a59337o0293c 0x000000  -0.583333
59337.367092 19.841877      NaN      6    12 c    0   1.58 193.45112 -39.6971  6373.56 9620.18 2.90 2.62  43.2 -0.375    19.46 21.33 02a59337o0305c 0x000000   0.500000
59337.370757 19.719755 0.277209     47    12 c    0   7.83 193.45112 -39.6971  6434.45 9697.68 2.82 2.68  42.7 -0.388    19.46 21.34 02a59337o0313c 0x000000   3.916667
59337.405091 19.401649      NaN    -37    21 c    0   1.35 193.45112 -39.6971  6457.79 9582.29 2.81 2.55  46.2 -0.390    19.05 20.82 02a59337o0387c 0x000000  -1.761905
59367.302521 20.009244      NaN    -10    12 c    0   1.20 193.45112 -39.6971  7810.55 4887.43 2.51 2.30 -72.6 -0.388    19.67 21.29 01a59367o0148c 0x000000  -0.833333
59367.305745 20.321591      NaN    -18     9 c    0   1.33 193.45112 -39.6971  7830.64 4926.12 2.47 2.27 -74.6 -0.393    19.70 21.31 01a59367o0155c 0x000000  -2.000000
59367.311300 20.207197      NaN     -4    10 c    0   2.32 193.45112 -39.6971  7771.67 4847.53 2.44 2.28 -71.3 -0.391    19.70 21.32 01a59367o0167c 0x000000  -0.400000
59367.322828 20.071303      NaN      1    11 c    0   3.12 193.45112 -39.6971  7753.15 4962.91 2.55 2.33 -66.5 -0.387    19.65 21.35 01a59367o0192c 0x000000   0.090909
59371.295316 20.321591      NaN    -29     9 c    0   1.52 193.45112 -39.6971  8615.10 8774.98 2.65 2.28 -81.9 -0.350    19.68 21.43 01a59371o0128c 0x000000  -3.222222
59371.298543 20.103715      NaN     -2    11 c    0   3.03 193.45112 -39.6971  8634.98 8813.96 2.66 2.32 -80.2 -0.344    19.69 21.43 01a59371o0135c 0x000000  -0.181818
59371.304998 20.009244      NaN      0    12 c    0   2.43 193.45112 -39.6971  8577.11 8734.69 2.63 2.39 -82.9 -0.343    19.68 21.44 01a59371o0149c 0x000000   0.000000
59371.315616 20.103715      NaN    -20    11 c    0   1.39 193.45112 -39.6971  8560.09 8850.13 2.65 2.39 -82.2 -0.346    19.66 21.42 01a59371o0172c 0x000000  -1.818182
59379.279430 19.922338      NaN    -19    13 c    0   0.76 193.45112 -39.6971  2080.79 1073.51 2.19 1.99   9.0 -0.411    19.63 21.09 01a59379o0090c 0x000000  -1.461538
59379.282227 20.009244      NaN     -8    12 c    0   1.18 193.45112 -39.6971  2101.74 1112.35 2.16 1.96   6.6 -0.416    19.63 21.09 01a59379o0096c 0x000000  -0.666667
59379.289602 19.922338      NaN    -20    13 c    0   1.00 193.45112 -39.6971  2040.02 1034.81 2.22 2.04  12.7 -0.416    19.62 21.12 01a59379o0112c 0x000000  -1.538462
59379.300215 19.743105      NaN     10    12 c    0   1.22 193.45112 -39.6971  2021.97 1151.89 2.18 2.09  45.6 -0.427    19.61 21.14 01a59379o0135c 0x000000   0.833333
59589.629737 19.841877      NaN     -3    14 c    0   2.03 193.45112 -39.6971  9082.52 6563.20 3.09 2.76  39.7 -0.386    19.27 21.23 02a59589o0749c 0x000000  -0.214286
59589.632940 20.009244      NaN    -11    12 c    0   5.99 193.45112 -39.6971  9101.23 6603.22 2.90 2.53  39.5 -0.391    19.38 21.22 02a59589o0756c 0x000000  -0.916667
59589.650221 20.103715      NaN    -11    11 c    0   2.93 193.45112 -39.6971  9042.35 6522.92 2.95 2.59  38.4 -0.391    19.32 21.19 02a59589o0793c 0x000000  -1.000000
59589.655264 19.652575      NaN      8    14 c    0   4.07 193.45112 -39.6971  9023.26 6639.35 2.99 2.66  39.4 -0.388    19.27 21.15 02a59589o0804c 0x000000   0.571429