         MJD         m       dm   uJy  duJy F  err  chi/N        RA     Dec        x        y  maj  min   phi  apfit  mag5sig   Sky            Obs     Mask  __tmp_SN
57816.634014 19.841877      NaN   -10    14 c    0   1.00 243.58617 3.23197  4168.04  5322.58 3.86 3.73  75.0 -0.388    19.69 21.83 02a57816o0732c 0x000000 -0.714286
57816.662004 18.978793      NaN   -59    31 c    0   1.37 243.58617 3.23197  6296.61  5088.51 3.71 3.50 -87.9 -0.407    18.61 19.65 02a57816o0785c 0x100002 -1.903226
57844.602973 19.631075      NaN    -5    17 c    0   1.28 243.58617 3.23197  6020.60  6650.50 3.66 3.61  76.8 -0.419    19.58 21.57 02a57844o0703c 0x000000 -0.294118
57844.617285 19.569016      NaN   -24    18 c    0   1.06 243.58617 3.23197  6003.24  6614.70 3.79 3.67  78.0 -0.408    19.55 21.55 02a57844o0730c 0x000000 -1.333333
57844.640330 18.738855      NaN    47    23 c    0   1.46 243.58617 3.23197  6064.17  6691.31 3.58 3.47 -79.8 -0.444    19.12 20.62 02a57844o0772c 0x100002  2.043478
57868.628209 19.491430      NaN     4    18 c    0   1.59 243.58617 3.23197  4683.67  4794.12 2.80 2.59  19.8 -0.470    18.66 19.15 02a57868o0548c 0x000000  0.222222
57900.489784 20.207197      NaN    -6    10 c    0   0.94 243.58617 3.23197  4963.85  5591.25 2.49 2.35  22.7 -0.479    19.78 21.51 02a57900o0458c 0x000000 -0.600000
57900.507347 20.207197      NaN   -15    10 c    0   0.83 243.58617 3.23197  4946.83  5554.08 2.48 2.31  22.8 -0.481    19.77 21.51 02a57900o0491c 0x000000 -1.500000
57900.544222 20.207197      NaN     0    10 c    0   0.92 243.58617 3.23197  5027.66  5514.13 2.50 2.34  21.2 -0.482    19.72 21.40 02a57900o0560c 0x000000  0.000000
57904.414324 20.321591      NaN   -14     9 c    0   1.04 243.58617 3.23197  3793.18  5971.65 3.02 2.76 -42.7 -0.375    19.68 21.49 02a57904o0160c 0x000000 -1.555556
57904.433743 20.321591      NaN   -18     9 c    0   0.87 243.58617 3.23197  3774.14  5936.67 3.04 2.80 -52.3 -0.372    19.73 21.62 02a57904o0197c 0x000000 -2.000000
57904.452151 20.449472      NaN   -19     8 c    0   1.28 243.58617 3.23197  3832.11  6012.27 3.05 2.80 -49.1 -0.373    19.72 21.58 02a57904o0233c 0x000000 -2.375000
57904.464863 20.321591      NaN   -27     9 c    0   0.67 243.58617 3.23197  3852.62  5899.45 3.10 2.82 -53.4 -0.377    19.70 21.60 02a57904o0257c 0x000000 -3.000000
57904.487902 20.207197      NaN    -8    10 c    0   1.01 243.58617 3.23197  3814.12  5956.79 3.08 2.73 -52.1 -0.376    19.70 21.58 02a57904o0301c 0x000000 -0.800000
57982.298020 20.321591      NaN   -21     9 c    0   0.72 243.58617 3.23197  4103.24  5993.82 2.46 2.32 -55.3 -0.420    19.77 21.44 02a57982o0137c 0x000000 -2.333333
57982.307100 20.449472      NaN    -9     8 c    0   1.66 243.58617 3.23197  4085.11  5956.06 2.55 2.43 -55.1 -0.415    19.75 21.45 02a57982o0155c 0x000000 -1.125000
57982.315767 20.449472      NaN    -4     8 c    0   1.27 243.58617 3.23197  4144.78  6032.20 2.45 2.32 -56.3 -0.417    19.75 21.44 02a57982o0172c 0x000000 -0.500000
57982.324987 20.321591      NaN   -11     9 c    0   0.81 243.58617 3.23197  4165.03  5915.62 2.46 2.34 -53.5 -0.417    19.72 21.41 02a57982o0190c 0x000000 -1.222222
57986.291485 18.356290      NaN   -10    55 c    0   1.34 243.58617 3.23197  7039.72  8208.01 2.72 2.68 -28.2 -0.393    17.76 19.53 02a57986o0101c 0x100002 -0.181818
57986.300685 19.510313      NaN   -11    19 c    0   0.96 243.58617 3.23197  7021.90  8168.87 2.65 2.57 -48.6 -0.397    18.47 20.10 02a57986o0119c 0x000000 -0.578947
57986.309322 13.051024      NaN  3542  6105 c    0   1.15 243.58617 3.23197  7082.37  8246.47 2.73 2.58 -19.4 -0.410    15.81 17.29 02a57986o0136c 0x100002  0.580180
57986.318523 16.796601      NaN    34   220 c    0   0.88 243.58617 3.23197  7103.30  8128.93 2.61 2.51 -27.3 -0.415    17.14 18.71 02a57986o0154c 0x100002  0.154545
58221.433071 20.761819      NaN   -10     6 c    0   1.68 243.58617 3.23197  3635.33  3321.57 2.42 2.37 -83.6 -0.406    19.74 21.53 02a58221o0426c 0x000000 -1.666667
58221.435436 20.449472      NaN    -3     8 c    0   1.09 243.58617 3.23197  3653.53  3360.55 2.42 2.36  87.7 -0.406    19.73 21.53 02a58221o0431c 0x000000 -0.375000
58221.437756 20.449472      NaN    -6     8 c    0   1.26 243.58617 3.23197  3594.75  3283.34 2.41 2.36 -84.8 -0.402    19.73 21.55 02a58221o0436c 0x000000 -0.750000
58221.440125 20.449472      NaN    -5     8 c    0   1.45 243.58617 3.23197  3575.00  3400.05 2.47 2.42  65.6 -0.404    19.71 21.56 02a58221o0441c 0x000000 -0.625000
58222.597079 19.510313      NaN   -13    19 c    0   0.92 243.58617 3.23197  1207.40  9610.72 2.87 2.71 -12.8 -0.443    18.97 20.71 02a58222o0022c 0x000000 -0.684211
58226.587735 18.158337      NaN  -110    66 c    0   0.94 243.58617 3.23197  3438.82 10247.89 2.72 2.54  -1.9 -0.425    17.69 19.14 02a58226o0562c 0x100002 -1.666667
58226.591581 18.005163      NaN   -62    76 c    0   1.06 243.58617 3.23197  3659.38   473.11 2.76 2.51  54.1 -0.411    17.41 18.89 02a58226o0570c 0x100002 -0.815789
58226.598335 17.061003      NaN   127   139 c    0   1.19 243.58617 3.23197  3421.53 10208.40 2.77 2.58  -1.6 -0.430    16.59 18.03 02a58226o0584c 0x100002  0.913669
58226.602270 16.390272      NaN   355   218 c    0   1.00 243.58617 3.23197  3642.85   431.95 2.77 2.50  52.4 -0.402    16.43 17.86 02a58226o0592c 0x100002  1.628440
58226.609484 16.218456      NaN -1068   394 c    0   1.11 243.58617 3.23197  3481.26 10286.46 2.75 2.57   2.0 -0.404    15.62 16.99 02a58226o0607c 0x100002 -2.710660
58226.613420 16.094460      NaN   383   314 c    0   0.94 243.58617 3.23197  3703.04   510.25 2.83 2.56  45.7 -0.407    15.97 17.40 02a58226o0615c 0x100002  1.219745
58226.620205 16.795038      NaN   185   170 c    0   0.87 243.58617 3.23197  3502.41 10167.32 2.75 2.53   1.6 -0.434    16.75 18.16 02a58226o0629c 0x100002  1.088235
58226.624009 17.740268      NaN   -96    97 c    0   0.87 243.58617 3.23197  3723.30   391.76 2.80 2.51  46.5 -0.405    17.20 18.60 02a58226o0637c 0x100002 -0.989691
58254.523932 20.449472      NaN   -25     8 c    0   1.00 243.58617 3.23197  4373.38  2405.29 2.71 2.54  56.1 -0.399    19.63 21.54 02a58254o0389c 0x000000 -3.125000
58254.534727 20.282105      NaN     1     9 c    0   1.00 243.58617 3.23197  4354.51  2366.29 2.74 2.63  62.0 -0.399    19.66 21.57 02a58254o0412c 0x000000  0.111111
58254.546059 20.207197      NaN    -2    10 c    0   1.49 243.58617 3.23197  4414.11  2443.62 2.70 2.60  63.7 -0.397    19.58 21.45 02a58254o0435c 0x000000 -0.200000
58254.556889 20.594452      NaN   -24     7 c    0   1.21 243.58617 3.23197  4436.58  2327.03 2.70 2.61  46.3 -0.395    19.64 21.55 02a58254o0458c 0x000000 -3.428571
58258.348002 19.841877      NaN   -15    14 c    0   1.19 243.58617 3.23197  7167.96  8707.57 3.68 3.10  10.0 -0.407    19.29 21.19 02a58258o0004c 0x000000 -1.071429
58258.348459 19.766969      NaN   -24    15 c    0   0.93 243.58617 3.23197  7167.69  8707.21 3.76 3.22  12.1 -0.404    19.25 21.19 02a58258o0005c 0x000000 -1.600000
58286.461005 20.449472      NaN    -7     8 c    0   1.10 243.58617 3.23197  3366.65  1288.82 2.57 2.43  60.0 -0.424    19.76 21.65 02a58286o0467c 0x000000 -0.875000
58286.471801 20.171596      NaN     7     8 c    0   1.16 243.58617 3.23197  3349.28  1249.54 2.60 2.47  58.0 -0.425    19.68 21.60 02a58286o0490c 0x000000  0.875000
58286.482605 20.594452      NaN   -15     7 c    0   1.20 243.58617 3.23197  3409.74  1327.15 2.62 2.51  70.2 -0.418    19.70 21.56 02a58286o0513c 0x000000 -2.142857
58286.493336 20.594452      NaN   -24     7 c    0   1.67 243.58617 3.23197  3430.16  1209.41 2.62 2.51  55.1 -0.416    19.65 21.49 02a58286o0536c 0x000000 -3.428571
58310.413874 20.449472      NaN   -21     8 c    0   1.22 243.58617 3.23197  3081.03  1589.83 2.57 2.47  74.2 -0.414    19.65 21.54 02a58310o0362c 0x000000 -2.625000
58310.426203 20.449472      NaN    -9     8 c    0   1.40 243.58617 3.23197  3060.82  1550.81 2.67 2.54  46.9 -0.417    19.63 21.49 02a58310o0387c 0x000000 -1.125000
58310.437660 20.207197      NaN   -12    10 c    0   1.16 243.58617 3.23197  3120.29  1629.03 2.59 2.50  74.3 -0.406    19.59 21.42 02a58310o0411c 0x000000 -1.200000
58310.448363 20.321591      NaN   -15     9 c    0   1.35 243.58617 3.23197  3141.72  1511.34 2.66 2.58  69.1 -0.408    19.54 21.33 02a58310o0434c 0x000000 -1.666667
58331.406481 18.243872      NaN  -176    61 c    0   1.14 243.58617 3.23197  3281.51   842.12 2.74 2.59 -80.5 -0.405    17.43 18.50 02a58331o0352c 0x100002 -2.885246
58331.417574 18.163834      NaN     2    65 c    0   0.95 243.58617 3.23197  3264.07   802.27 2.78 2.66 -87.7 -0.404    17.39 18.48 02a58331o0375c 0x100002  0.030769
58331.428821 17.126825      NaN    62   150 c    0   1.16 243.58617 3.23197  3324.04   881.50 2.90 2.71 -81.2 -0.408    16.59 17.69 02a58331o0398c 0x100002  0.413333
58331.440038 17.373350      NaN  -124   136 c    0   0.96 243.58617 3.23197  3345.52   764.70 2.95 2.86  81.5 -0.395    17.13 18.31 02a58331o0421c 0x100002 -0.911765
58338.342957 18.550302 0.070809   138     9 c    0   0.91 243.58617 3.23197  1810.12  3218.88 2.64 2.46 -65.1 -0.384    19.65 21.58 02a58338o0234c 0x000000 15.333333
58338.353843 18.582238 0.081025   134    10 c    0   0.94 243.58617 3.23197  1790.23  3179.61 2.63 2.48 -68.5 -0.380    19.64 21.60 02a58338o0257c 0x000000 13.400000
58338.364619 18.729535 0.083518   117     9 c    0   1.45 243.58617 3.23197  1849.94  3256.74 2.64 2.48 -71.7 -0.385    19.62 21.54 02a58338o0280c 0x000000 13.000000
58338.375313 18.816441 0.100531   108    10 c    0   1.05 243.58617 3.23197  1871.76  3139.52 2.60 2.50 -72.1 -0.389    19.58 21.47 02a58338o0303c 0x000000 10.800000
58342.335270 17.365395 0.029059   411    11 c    0   1.39 243.58617 3.23197  1512.60 10199.97 2.73 2.55 -50.5 -0.401    19.62 21.58 02a58342o0223c 0x000000 37.363636
58342.337143 17.349660 0.028641   417    11 c    0   1.26 243.58617 3.23197  1736.80   404.40 2.74 2.47  47.0 -0.417    19.70 21.65 02a58342o0227c 0x000000 37.909091
58342.346169 17.311291 0.027646   432    11 c    0   1.24 243.58617 3.23197  1493.08 10160.40 2.71 2.54 -51.1 -0.403    19.62 21.54 02a58342o0246c 0x000000 39.272727
58342.348034 17.326476 0.028035   426    11 c    0   1.22 243.58617 3.23197  1716.92   365.20 2.84 2.50  50.8 -0.413    19.62 21.60 02a58342o0250c 0x000000 38.727273
58342.356991 17.341877 0.031021   420    12 c    0   1.53 243.58617 3.23197  1552.54 10237.76 2.76 2.56 -42.4 -0.401    19.61 21.49 02a58342o0269c 0x000000 35.000000
58342.358843 17.326476 0.025487   426    10 c    0   1.84 243.58617 3.23197  1777.69   444.28 2.73 2.45  47.6 -0.416    19.64 21.55 02a58342o0273c 0x000000 42.600000
58342.367715 17.360125 0.031547   413    12 c    0   1.46 243.58617 3.23197  1576.42 10118.38 2.72 2.56 -14.4 -0.418    19.56 21.40 02a58342o0292c 0x000000 34.416667
58342.369561 17.306276 0.030020   434    12 c    0   1.03 243.58617 3.23197  1799.59   325.10 2.78 2.44  44.8 -0.414    19.62 21.46 02a58342o0296c 0x000000 36.166667
58398.216994 19.271854 0.259965    71    17 c    0   1.30 243.58617 3.23197  3299.92  1823.18 3.00 2.64 -66.1 -0.372    18.93 20.46 02a58398o0009c 0x000000  4.176471
58398.225983 18.729535 0.129917   117    14 c    0   1.18 243.58617 3.23197  3279.71  1784.92 2.96 2.62 -73.2 -0.366    19.00 20.64 02a58398o0028c 0x000000  8.357143
58398.236035 19.038793 0.172731    88    14 c    0   1.46 243.58617 3.23197  3340.28  1862.27 2.74 2.46 -75.1 -0.378    19.08 20.54 02a58398o0049c 0x000000  6.285714
58398.246419 18.675237 0.167715   123    19 c    0   1.14 243.58617 3.23197  3361.34  1743.63 2.73 2.58 -75.3 -0.387    18.93 20.37 02a58398o0071c 0x000000  6.473684
58522.660942 20.244005      NaN     2     9 c    0   1.24 243.58617 3.23197  8382.59  4800.57 2.60 2.47  61.9 -0.420    19.70 21.53 02a58522o0052c 0x000000  0.222222
58522.669900 19.436675      NaN    10    17 c    0   0.78 243.58617 3.23197  8403.15  4840.13 2.64 2.51  59.4 -0.417    19.13 20.27 02a58522o0070c 0x000000  0.588235
58522.678189 18.043943      NaN     4    72 c    0   1.06 243.58617 3.23197  8343.31  4763.57 2.57 2.48  65.8 -0.438    17.30 18.07 02a58522o0087c 0x100002  0.055556
58578.558643 20.321591      NaN    -8     9 c    0   0.77 243.58617 3.23197   258.13  5757.09 2.52 2.30 -41.4 -0.381    19.74 21.73 02a58578o0712c 0x000000 -0.888889
58578.568039 20.449472      NaN    -6     8 c    0   1.37 243.58617 3.23197   236.61  5717.43 2.48 2.28 -39.7 -0.387    19.73 21.72 02a58578o0731c 0x000000 -0.750000
58578.568496 20.321591      NaN    -6     9 c    0   1.07 243.58617 3.23197  9956.56  5752.85 2.69 2.62 -81.9 -0.410    19.68 21.74 02a58578o0732c 0x000000 -0.666667
58578.577756 20.207197      NaN   -22    10 c    0   0.85 243.58617 3.23197   292.02  5797.10 2.54 2.32 -40.8 -0.378    19.71 21.71 02a58578o0750c 0x000000 -2.200000
58578.578213 20.321591      NaN   -12     9 c    0   0.66 243.58617 3.23197  9936.18  5718.19 2.62 2.52 -82.1 -0.413    19.70 21.73 02a58578o0751c 0x000000 -1.333333
58578.587821 20.495680      NaN     2     7 c    0   1.58 243.58617 3.23197   308.17  5680.84 2.48 2.31 -47.0 -0.384    19.70 21.70 02a58578o0769c 0x000000  0.285714
58578.588279 20.449472      NaN   -11     8 c    0   1.39 243.58617 3.23197  9991.08  5796.96 2.62 2.54 -86.4 -0.412    19.71 21.73 02a58578o0770c 0x000000 -1.375000
58578.598621 20.449472      NaN    -4     8 c    0   1.11 243.58617 3.23197 10006.36  5681.99 2.64 2.52 -71.2 -0.415    19.72 21.73 02a58578o0789c 0x000000 -0.500000
58582.558344 20.449472      NaN   -32     8 c    0   1.12 243.58617 3.23197  6112.65  1873.36 2.59 2.36 -52.2 -0.396    19.64 21.50 02a58582o0704c 0x000000 -4.000000
58582.567422 20.137125      NaN     2    10 c    0   0.60 243.58617 3.23197  6092.57  1837.05 2.62 2.40 -55.0 -0.398    19.61 21.52 02a58582o0723c 0x000000  0.200000
58582.577600 20.449472      NaN    -2     8 c    0   0.84 243.58617 3.23197  6146.48  1914.59 2.65 2.40 -53.0 -0.399    19.58 21.50 02a58582o0742c 0x000000 -0.250000
58582.587799 20.171596      NaN     4     9 c    0   1.43 243.58617 3.23197  6162.83  1798.31 2.55 2.34 -56.3 -0.398    19.52 21.37 02a58582o0761c 0x000000  0.444444
58610.511445 20.449472      NaN    -3     8 c    0   1.32 243.58617 3.23197  2210.11  1879.11 2.48 2.37 -63.5 -0.418    19.77 21.64 02a58610o0563c 0x000000 -0.375000
58610.520917 20.449472      NaN   -19     8 c    0   1.03 243.58617 3.23197  2188.82  1840.11 2.43 2.33 -69.4 -0.423    19.74 21.62 02a58610o0582c 0x000000 -2.375000
58610.530406 20.321591      NaN    -2     9 c    0   0.86 243.58617 3.23197  2246.31  1919.21 2.44 2.34 -75.0 -0.419    19.76 21.64 02a58610o0601c 0x000000 -0.222222
58610.539939 20.594452      NaN   -18     7 c    0   1.53 243.58617 3.23197  2266.28  1802.50 2.44 2.31 -74.1 -0.427    19.74 21.63 02a58610o0620c 0x000000 -2.571429
58634.413404 20.137125      NaN     5     9 c    0   0.79 243.58617 3.23197  1913.57  5760.23 2.43 2.35  31.2 -0.420    19.78 21.74 02a58634o0393c 0x000000  0.555556
58634.416801 20.449472      NaN   -18     8 c    0   1.13 243.58617 3.23197  1893.26  5721.90 2.39 2.35  53.5 -0.420    19.76 21.72 02a58634o0400c 0x000000 -2.250000
58634.427331 20.321591      NaN    -5     9 c    0   0.86 243.58617 3.23197  1952.92  5802.33 2.38 2.34  38.8 -0.424    19.76 21.72 02a58634o0422c 0x000000 -0.555556
58634.432379 20.449472      NaN   -14     8 c    0   1.28 243.58617 3.23197  1972.02  5685.87 2.41 2.34  45.9 -0.419    19.77 21.72 02a58634o0433c 0x000000 -1.750000
58642.408594 20.594452      NaN   -18     7 c    0   1.17 243.58617 3.23197  3856.84  5662.34 2.47 2.29  44.3 -0.402    19.74 21.73 02a58642o0378c 0x000000 -2.571429
58642.411360 20.449472      NaN   -19     8 c    0   0.93 243.58617 3.23197  3837.30  5623.94 2.52 2.32  45.8 -0.401    19.70 21.74 02a58642o0384c 0x000000 -2.375000
58642.416958 20.594452      NaN   -18     7 c    0   1.61 243.58617 3.23197  3892.70  5699.84 2.46 2.33  47.2 -0.404    19.73 21.74 02a58642o0396c 0x000000 -2.571429
58642.434155 20.449472      NaN   -12     8 c    0   1.23 243.58617 3.23197  3906.59  5582.45 2.58 2.33  43.7 -0.397    19.71 21.71 02a58642o0432c 0x000000 -1.500000
58666.368914 20.449472      NaN   -20     8 c    0   1.29 243.58617 3.23197  5871.06  7500.87 2.71 2.49  53.9 -0.404    19.77 21.82 02a58666o0284c 0x000000 -2.500000
58666.372212 20.594452      NaN    -8     7 c    0   1.39 243.58617 3.23197  5849.95  7456.92 2.66 2.47  54.9 -0.402    19.75 21.82 02a58666o0291c 0x000000 -1.142857
58666.377374 20.207197      NaN    -4    10 c    0   0.76 243.58617 3.23197  5908.47  7537.79 2.69 2.54  60.6 -0.405    19.75 21.82 02a58666o0302c 0x000000 -0.400000
58666.387133 20.449472      NaN   -29     8 c    0   1.04 243.58617 3.23197  5928.26  7421.34 2.64 2.56  80.9 -0.401    19.73 21.81 02a58666o0323c 0x000000 -3.625000
58694.346526 20.449472      NaN    -8     8 c    0   1.11 243.58617 3.23197  8221.10  7890.37 2.68 2.58  82.1 -0.390    19.76 21.87 02a58694o0236c 0x000000 -1.000000
58694.351834 20.449472      NaN   -10     8 c    0   1.48 243.58617 3.23197  8202.30  7853.55 2.73 2.64 -89.2 -0.391    19.75 21.85 02a58694o0247c 0x000000 -1.250000
58694.355064 20.321591      NaN   -10     9 c    0   1.03 243.58617 3.23197  8260.94  7931.52 2.78 2.66 -60.2 -0.396    19.76 21.85 02a58694o0254c 0x000000 -1.111111
58694.365788 20.321591      NaN   -10     9 c    0   1.16 243.58617 3.23197  8278.73  7815.60 2.79 2.68  48.6 -0.382    19.71 21.84 02a58694o0277c 0x000000 -1.111111
58702.271291 15.885636      NaN   334   424 c    0   1.20 243.58617 3.23197  8340.47  9854.98 3.01 2.80  56.0 -0.400    16.68 17.80 02a58702o0071c 0x100002  0.787736
58702.274503 14.329962      NaN   454  2092 c    0   0.71 243.58617 3.23197  8320.61  9817.46 3.14 2.87  55.7 -0.420    15.26 16.39 02a58702o0078c 0x100002  0.217017
58702.280948 17.751519      NaN   -91    96 c    0   1.02 243.58617 3.23197  8377.90  9895.11 2.94 2.82  67.0 -0.381    17.85 19.21 02a58702o0092c 0x100002 -0.947917
58702.291173 19.696897      NaN    -5    16 c    0   0.84 243.58617 3.23197  8390.05  9776.94 2.99 2.81 -87.1 -0.370    19.24 20.55 02a58702o0114c 0x000000 -0.312500
58706.323599 17.574501      NaN   -39   113 c    0   0.81 243.58617 3.23197  8117.25  5965.51 2.79 2.47  44.5 -0.381    17.08 17.78 02a58706o0212c 0x100002 -0.345133
58706.327257 17.464922      NaN   -32   125 c    0   1.18 243.58617 3.23197  8097.02  5927.59 2.81 2.47  43.3 -0.403    16.85 17.55 02a58706o0220c 0x100002 -0.256000
58706.333745 17.430723      NaN   -26   129 c    0   0.89 243.58617 3.23197  8156.38  6003.90 2.87 2.50  39.7 -0.389    16.83 17.55 02a58706o0234c 0x100002 -0.201550
58706.343591 14.686990      NaN  1466  1126 c    0   1.39 243.58617 3.23197  8179.34  5887.12 2.66 2.53  52.8 -0.394    14.66 15.25 02a58706o0255c 0x100002  1.301954
58726.239777 20.449472      NaN   -20     8 c    0   1.51 243.58617 3.23197  3938.31  7604.92 2.58 2.45  63.4 -0.393    19.62 21.27 02a58726o0033c 0x000000 -2.500000
58726.243054 20.321591      NaN   -12     9 c    0   1.42 243.58617 3.23197  3919.15  7566.52 2.53 2.43  76.0 -0.397    19.66 21.35 02a58726o0040c 0x000000 -1.333333
58726.248679 20.103715      NaN   -26    11 c    0   0.74 243.58617 3.23197  3977.29  7643.68 2.53 2.43  69.3 -0.401    19.66 21.36 02a58726o0052c 0x000000 -2.363636
58726.258870 20.103715      NaN   -19    11 c    0   1.59 243.58617 3.23197  3997.05  7527.48 2.58 2.40 -63.1 -0.410    19.48 21.19 02a58726o0074c 0x000000 -1.727273
58730.313634 19.841877      NaN    -8    14 c    0   1.20 243.58617 3.23197   719.94  1290.94 2.50 2.31 -79.5 -0.432    19.13 20.41 02a58730o0207c 0x000000 -0.571429
58730.318184 19.674510      NaN     4    15 c    0   1.34 243.58617 3.23197   706.73  1249.09 2.57 2.35 -71.0 -0.427    19.11 20.41 02a58730o0216c 0x000000  0.266667
58730.323951 19.922338      NaN   -20    13 c    0   1.26 243.58617 3.23197   765.93  1326.35 2.51 2.31 -77.9 -0.431    19.09 20.40 02a58730o0228c 0x000000 -1.538462
58730.335725 19.766969      NaN     3    14 c    0   0.93 243.58617 3.23197   786.83  1209.71 2.46 2.29 -74.2 -0.434    19.12 20.44 02a58730o0252c 0x000000  0.214286
58872.580257 20.103715      NaN    -6    11 c    0   1.29 243.58617 3.23197  1562.35  1361.98 2.69 2.65 -49.5 -0.406    19.30 21.15 02a58872o0815c 0x000000 -0.545455
58872.586074 20.321591      NaN   -36     9 c    0   1.45 243.58617 3.23197  1581.48  1399.89 2.69 2.61 -50.8 -0.408    19.34 21.19 02a58872o0826c 0x000000 -4.000000
58872.592337 20.103715      NaN   -16    11 c    0   0.96 243.58617 3.23197  1524.72  1320.24 2.93 2.59 -50.6 -0.410    19.34 21.24 02a58872o0837c 0x000000 -1.454545
58872.598449 19.979496      NaN     7    10 c    0   0.94 243.58617 3.23197  1502.37  1436.77 2.58 2.51  55.4 -0.408    19.41 21.27 02a58872o0849c 0x000000  0.700000
58872.605831 20.321591      NaN   -14     9 c    0   1.43 243.58617 3.23197  1546.34  1375.39 2.62 2.39 -59.1 -0.415    19.51 21.29 02a58872o0863c 0x000000 -1.555556
58872.612668 20.207197      NaN   -18    10 c    0   0.97 243.58617 3.23197  1415.26  1436.78 2.40 2.32  63.8 -0.415    19.51 21.31 02a58872o0877c 0x000000 -1.800000
58878.611774 20.321591      NaN    -6     9 c    0   1.70 243.58617 3.23197  4869.81  6933.23 2.55 2.27  33.9 -0.395    19.53 21.34 02a58878o0871c 0x000000 -0.666667
58878.614991 20.207197      NaN   -19    10 c    0   1.07 243.58617 3.23197  4888.95  6971.68 2.54 2.28  32.7 -0.397    19.63 21.42 02a58878o0878c 0x000000 -1.900000
58878.621889 20.207197      NaN   -12    10 c    0   1.33 243.58617 3.23197  4830.17  6893.78 2.67 2.31  33.9 -0.384    19.41 21.18 02a58878o0893c 0x000000 -1.200000
58878.632984 16.337760      NaN   -36   353 c    0   0.90 243.58617 3.23197  4812.53  7010.80 2.44 2.30  36.7 -0.403    15.62 17.32 02a58878o0917c 0x100002 -0.101983
58882.652771 20.207197      NaN   -20    10 c    0   1.35 243.58617 3.23197  7898.16  9366.59 2.80 2.62 -66.6 -0.398    19.62 21.47 02a58882o0893c 0x000000 -2.000000
58882.656455 20.321591      NaN   -10     9 c    0   1.42 243.58617 3.23197  7921.68  9406.05 2.89 2.70 -62.3 -0.388    19.61 21.50 02a58882o0901c 0x000000 -1.111111
58882.661767 20.103715      NaN   -15    11 c    0   1.01 243.58617 3.23197  7862.91  9327.24 2.82 2.59 -61.2 -0.397    19.62 21.40 02a58882o0912c 0x000000 -1.363636
58882.664595 20.103715      NaN   -25    11 c    0   0.99 243.58617 3.23197  7843.16  9446.25 2.85 2.67 -66.3 -0.396    19.52 21.25 02a58882o0918c 0x000000 -2.272727
58902.605082 20.171596      NaN     7     8 c    0   1.21 243.58617 3.23197  2232.14   720.51 2.72 2.38 -60.3 -0.405    19.68 21.49 02a58902o0828c 0x000000  0.875000
58902.608102 20.321591      NaN    -5     9 c    0   1.02 243.58617 3.23197  2252.22   761.18 2.51 2.37 -82.3 -0.406    19.65 21.50 02a58902o0834c 0x000000 -0.555556
58902.614458 20.009244      NaN     9     9 c    0   1.17 243.58617 3.23197  2194.25   680.81 2.73 2.38 -57.1 -0.408    19.67 21.49 02a58902o0847c 0x000000  1.000000
58902.625836 20.321591      NaN    -6     9 c    0   0.91 243.58617 3.23197  2173.80   800.45 2.65 2.44 -65.3 -0.413    19.64 21.49 02a58902o0871c 0x000000 -0.666667
58930.607176 19.089302      NaN    15    23 c    0   0.68 243.58617 3.23197   698.76  1284.23 2.82 2.31 -56.0 -0.426    18.90 20.63 02a58930o0766c 0x100002  0.652174
58930.612605 20.103715      NaN    -6    11 c    0   1.39 243.58617 3.23197   679.15  1243.17 2.79 2.23 -57.2 -0.431    19.35 21.15 02a58930o0777c 0x000000 -0.545455
58930.616126 19.816329      NaN    10    11 c    0   0.81 243.58617 3.23197   739.04  1322.51 2.84 2.23 -56.3 -0.427    19.66 21.56 02a58930o0784c 0x000000  0.909091
58930.634830 20.171596      NaN     1    10 c    0   1.40 243.58617 3.23197   756.82  1206.03 2.85 2.27 -57.5 -0.427    19.56 21.37 02a58930o0823c 0x000000  0.100000
58958.511742 20.039830      NaN     5    10 c    0   0.78 243.58617 3.23197  2560.51  6543.35 2.36 2.29  -6.0 -0.396    19.74 21.49 02a58958o0605c 0x000000  0.500000
58958.514700 20.282105      NaN     1     9 c    0   1.42 243.58617 3.23197  2578.92  6583.45 2.78 2.32  29.7 -0.369    19.67 21.53 02a58958o0611c 0x000000  0.111111
58958.521383 19.766969      NaN    21     8 c    0   1.84 243.58617 3.23197  2521.90  6503.05 2.42 2.28  13.0 -0.394    19.70 21.52 02a58958o0625c 0x000000  2.625000
58958.531790 20.321591      NaN   -10     9 c    0   1.24 243.58617 3.23197  2505.57  6623.01 2.30 2.25  -5.0 -0.401    19.76 21.55 02a58958o0647c 0x000000 -1.111111
58962.524543 19.351140      NaN   -27    22 c    0   0.98 243.58617 3.23197  2065.07  9651.13 2.59 2.45 -48.7 -0.426    18.80 20.54 02a58962o0624c 0x000000 -1.227273
58962.527943 19.334813      NaN    13    18 c    0   0.90 243.58617 3.23197  8527.75   954.40 2.49 2.26 -48.7 -0.404    19.00 20.79 02a58962o0631c 0x000000  0.722222
58962.538054 19.302877      NaN    -9    23 c    0   0.95 243.58617 3.23197  2104.66  9689.64 2.46 2.38 -55.2 -0.424    18.67 20.37 02a58962o0652c 0x100002 -0.391304
58962.544418 19.510313      NaN   -26    19 c    0   0.74 243.58617 3.23197  2124.32  9570.16 2.50 2.38 -54.7 -0.423    18.95 20.72 02a58962o0665c 0x000000 -1.368421
58966.440453 20.321591      NaN    -2     9 c    0   1.02 243.58617 3.23197  8493.19   910.73 2.47 2.20 -57.4 -0.411    19.67 21.49 02a58966o0460c 0x000000 -0.222222
58966.448735 20.321591      NaN    -7     9 c    0   1.14 243.58617 3.23197  8520.43   949.51 2.45 2.21 -57.0 -0.412    19.71 21.49 02a58966o0478c 0x000000 -0.777778
58966.478120 20.039830      NaN     8     9 c    0   1.05 243.58617 3.23197  8464.19   872.48 2.54 2.21 -58.5 -0.407    19.68 21.54 02a58966o0540c 0x000000  0.888889
58966.479949 20.321591      NaN     3     8 c    0   0.76 243.58617 3.23197  8442.42   990.29 2.47 2.22 -57.6 -0.411    19.70 21.55 02a58966o0544c 0x000000  0.375000
58970.533461 20.137125      NaN     2    10 c    0   0.78 243.58617 3.23197  5762.46  5561.72 2.84 2.55  45.0 -0.388    19.65 21.60 02a58970o0638c 0x000000  0.200000
58970.536679 20.321591      NaN    -2     9 c    0   1.10 243.58617 3.23197  5743.26  5523.79 2.78 2.49  44.1 -0.388    19.69 21.60 02a58970o0645c 0x000000 -0.222222
58970.572057 20.594452      NaN    -9     7 c    0   2.31 243.58617 3.23197  5796.04  5603.96 2.76 2.42  42.3 -0.386    19.69 21.62 02a58970o0721c 0x000000 -1.285714
58970.600497 20.761819      NaN    -8     6 c    0   2.38 243.58617 3.23197  5816.24  5488.23 2.86 2.48  41.3 -0.380    19.63 21.61 02a58970o0782c 0x000000 -1.333333
58985.346542 20.137125      NaN     5     9 c    0   1.07 243.58617 3.23197  4601.12  1123.72 2.51 2.29  62.2 -0.412    19.64 21.39 02a58985o0248c 0x000000  0.555556
58985.352561 20.321591      NaN   -14     9 c    0   0.99 243.58617 3.23197  4627.36  1159.03 2.48 2.33  77.9 -0.415    19.67 21.45 02a58985o0261c 0x000000 -1.555556
58985.387938 20.103715      NaN     9     8 c    0   0.97 243.58617 3.23197  4565.58  1084.27 2.46 2.34 -71.0 -0.416    19.76 21.70 02a58985o0337c 0x000000  1.125000
58985.394741 20.449472      NaN   -14     8 c    0   0.87 243.58617 3.23197  4550.46  1200.20 2.40 2.26 -62.9 -0.416    19.79 21.72 02a58985o0351c 0x000000 -1.750000
58986.466376 20.244005      NaN     5     8 c    0   1.40 243.58617 3.23197 10059.18  5854.45 2.76 2.65 -76.4 -0.402    19.71 21.77 02a58986o0506c 0x000000  0.625000
58986.470503 20.449472      NaN    -5     8 c    0   0.98 243.58617 3.23197 10039.00  5815.12 2.77 2.64 -68.0 -0.404    19.71 21.77 02a58986o0514c 0x000000 -0.625000
58986.501426 20.449472      NaN     0     8 c    0   1.16 243.58617 3.23197 10092.02  5899.17 2.68 2.48 -67.5 -0.414    19.81 21.77 02a58986o0580c 0x000000  0.000000
58986.513463 20.449472      NaN   -12     8 c    0   0.90 243.58617 3.23197 10115.20  5784.00 2.72 2.52 -65.7 -0.412    19.76 21.72 02a58986o0606c 0x000000 -1.500000
58990.475945 20.405150      NaN     1     8 c    0   1.06 243.58617 3.23197 10060.49  5855.96 2.67 2.58  76.1 -0.407    19.72 21.64 02a58990o0520c 0x000000  0.125000
58990.479286 20.207197      NaN     6     8 c    0   1.18 243.58617 3.23197 10040.41  5816.32 2.65 2.57 -88.6 -0.410    19.74 21.65 02a58990o0527c 0x000000  0.750000
58990.514640 20.449472      NaN    -3     8 c    0   1.28 243.58617 3.23197 10094.85  5897.90 2.62 2.59  78.7 -0.408    19.73 21.57 02a58990o0602c 0x000000 -0.375000
58990.543167 20.282105 0.348987    28     9 c    0   1.26 243.58617 3.23197 10112.19  5784.18 2.69 2.68   2.9 -0.400    19.67 21.51 02a58990o0663c 0x000000  3.111111
58994.449266 20.449472      NaN    -3     8 c    0   1.53 243.58617 3.23197  7083.28  1479.83 2.54 2.34 -65.9 -0.396    19.71 21.59 02a58994o0460c 0x000000 -0.375000
58994.455404 20.207197      NaN     0    10 c    0   0.73 243.58617 3.23197  7063.93  1441.66 2.52 2.34 -63.0 -0.401    19.71 21.58 02a58994o0473c 0x000000  0.000000
58994.459525 19.979496      NaN    10     9 c    0   0.93 243.58617 3.23197  7122.17  1520.39 2.55 2.39 -67.7 -0.396    19.69 21.59 02a58994o0482c 0x000000  1.111111
58994.493264 20.449472      NaN    -4     8 c    0   1.29 243.58617 3.23197  7140.89  1405.31 2.62 2.41 -62.8 -0.396    19.64 21.64 02a58994o0554c 0x000000 -0.500000
59016.444663 20.103715      NaN    -9    11 c    0   0.90 243.58617 3.23197  4009.31  9535.14 2.54 2.46  58.2 -0.387    19.72 21.59 02a59016o0437c 0x000000 -0.818182
59016.449800 20.009244      NaN   -20    12 c    0   1.18 243.58617 3.23197  3988.93  9496.83 2.76 2.50  53.4 -0.373    19.51 21.40 02a59016o0448c 0x000000 -1.666667
59016.458728 20.009244      NaN   -22    12 c    0   1.12 243.58617 3.23197  4047.56  9576.24 2.54 2.48 -89.9 -0.390    19.44 21.26 02a59016o0467c 0x000000 -1.833333
59016.483472 20.009244      NaN     3    11 c    0   1.03 243.58617 3.23197  4067.36  9457.93 2.68 2.54  45.4 -0.384    19.61 21.48 02a59016o0520c 0x000000  0.272727
59022.377778 20.282105      NaN    10     6 c    0   1.71 243.58617 3.23197  3743.77  3713.51 2.39 2.31  53.9 -0.404    19.78 21.85 02a59022o0291c 0x000000  1.666667
59022.381029 20.449472      NaN   -11     8 c    0   0.75 243.58617 3.23197  3724.14  3674.98 2.39 2.28  52.1 -0.405    19.80 21.84 02a59022o0298c 0x000000 -1.375000
59022.386575 20.405150      NaN     7     6 c    0   1.78 243.58617 3.23197  3783.05  3753.61 2.43 2.33  54.9 -0.405    19.80 21.85 02a59022o0310c 0x000000  1.166667
59022.422060 20.405150      NaN     4     7 c    0   1.34 243.58617 3.23197  3799.38  3640.19 2.34 2.25  61.4 -0.411    19.79 21.78 02a59022o0386c 0x000000  0.571429
59026.398713 20.761819      NaN   -13     6 c    0   1.95 243.58617 3.23197  1978.56  7688.86 2.36 2.23 -62.2 -0.416    19.80 21.84 02a59026o0264c 0x000000 -2.166667
59026.401477 20.449472      NaN    -1     8 c    0   1.26 243.58617 3.23197  1959.78  7651.46 2.36 2.23 -60.4 -0.419    19.78 21.84 02a59026o0270c 0x000000 -0.125000
59026.407937 20.362567      NaN     2     8 c    0   0.98 243.58617 3.23197  2018.21  7731.33 2.33 2.23 -59.6 -0.414    19.83 21.83 02a59026o0284c 0x000000  0.250000
59026.418187 20.594452      NaN   -11     7 c    0   1.41 243.58617 3.23197  2039.52  7614.72 2.39 2.23 -53.8 -0.422    19.81 21.81 02a59026o0306c 0x000000 -1.571429
59042.340996 20.405150      NaN     1     8 c    0   1.10 243.58617 3.23197  3830.81  5658.73 2.53 2.27  47.7 -0.389    19.73 21.78 02a59042o0212c 0x000000  0.125000
59042.344210 20.543943      NaN     1     7 c    0   1.36 243.58617 3.23197  3811.46  5620.52 2.48 2.25  49.6 -0.394    19.71 21.77 02a59042o0219c 0x000000  0.142857
59042.354810 20.543943      NaN     1     7 c    0   1.78 243.58617 3.23197  3866.93  5694.96 2.63 2.27  45.9 -0.383    19.73 21.80 02a59042o0242c 0x000000  0.142857
59042.362197 20.449472      NaN    -2     8 c    0   0.97 243.58617 3.23197  3891.00  5583.80 2.39 2.28  58.3 -0.400    19.75 21.78 02a59042o0258c 0x000000 -0.250000
59050.332327 20.009244      NaN    -4    12 c    0   1.00 243.58617 3.23197   103.92  9765.77 2.76 2.41 -53.6 -0.436    19.56 21.65 02a59050o0197c 0x000000 -0.333333
59050.335085 20.449472      NaN    -2     8 c    0   1.32 243.58617 3.23197 10279.09  9767.40 2.95 2.88  66.7 -0.364    19.68 21.71 02a59050o0203c 0x000000 -0.250000
59050.335544 20.321591      NaN    -9     9 c    0   1.44 243.58617 3.23197    85.99  9727.41 2.50 2.18 -52.3 -0.468    19.70 21.67 02a59050o0204c 0x000000 -1.000000
59050.338748 20.207197      NaN   -10    10 c    0   0.89 243.58617 3.23197 10258.53  9727.68 3.03 2.93  63.4 -0.368    19.64 21.72 02a59050o0211c 0x000000 -1.000000
59050.341961 20.207197      NaN    -4    10 c    0   1.11 243.58617 3.23197   144.62  9803.78 2.48 2.18 -53.5 -0.461    19.68 21.70 02a59050o0218c 0x000000 -0.400000
59050.349877 20.137125      NaN     2    10 c    0   0.82 243.58617 3.23197 10317.50  9806.59 2.87 2.82  61.0 -0.377    19.67 21.76 02a59050o0235c 0x000000  0.200000
59050.353096 19.609992      NaN    22    10 c    0   1.00 243.58617 3.23197   166.80  9684.14 2.83 2.42 -51.3 -0.441    19.62 21.72 02a59050o0242c 0x000000  2.200000
59050.355397 20.171596      NaN     4     9 c    0   1.09 243.58617 3.23197 10335.21  9686.67 2.95 2.87 -54.3 -0.371    19.66 21.81 02a59050o0247c 0x000000  0.444444
59054.339398 20.103715      NaN     0    11 c    0   1.10 243.58617 3.23197   103.26  9766.81 2.60 2.18 -52.5 -0.432    19.70 21.73 02a59054o0154c 0x000000  0.000000
59054.343556 20.009244      NaN   -11    12 c    0   0.93 243.58617 3.23197    84.01  9729.07 2.48 2.14 -53.0 -0.447    19.71 21.72 02a59054o0163c 0x000000 -0.916667
59054.349538 20.449472      NaN    -7     8 c    0   1.36 243.58617 3.23197   142.46  9806.96 2.60 2.16 -52.0 -0.448    19.72 21.71 02a59054o0176c 0x000000 -0.875000
59054.350920 20.207197      NaN    -2    10 c    0   1.06 243.58617 3.23197 10275.62  9771.03 3.12 2.84 -56.8 -0.351    19.70 21.76 02a59054o0179c 0x000000 -0.200000
59054.354172 20.207197      NaN    -8    10 c    0   0.92 243.58617 3.23197 10256.16  9733.19 3.03 2.70 -57.1 -0.366    19.69 21.75 02a59054o0186c 0x000000 -0.800000
59054.360161 20.207197      NaN   -20    10 c    0   1.04 243.58617 3.23197 10316.55  9811.87 3.05 2.76 -53.0 -0.366    19.66 21.72 02a59054o0199c 0x000000 -2.000000
59054.363829 20.103715      NaN    -3    11 c    0   0.86 243.58617 3.23197   165.96  9688.65 2.60 2.15 -49.6 -0.427    19.67 21.65 02a59054o0207c 0x000000 -0.272727
59054.369959 20.321591      NaN   -10     9 c    0   1.33 243.58617 3.23197 10335.72  9695.97 3.04 2.71 -52.1 -0.370    19.71 21.68 02a59054o0220c 0x000000 -1.111111
59070.291981 20.207197      NaN   -21    10 c    0   1.05 243.58617 3.23197  5863.37  7502.81 2.83 2.59  50.7 -0.389    19.65 21.83 02a59070o0126c 0x000000 -2.100000
59070.296125 20.137125      NaN     8     8 c    0   1.39 243.58617 3.23197  5841.91  7465.02 2.86 2.51  45.8 -0.384    19.69 21.83 02a59070o0135c 0x000000  1.000000
59070.306288 20.321591      NaN    -8     9 c    0   1.28 243.58617 3.23197  5899.33  7542.57 3.02 2.70  45.3 -0.373    19.58 21.82 02a59070o0157c 0x000000 -0.888889
59070.320652 20.321591      NaN   -22     9 c    0   0.95 243.58617 3.23197  5919.45  7424.39 2.93 2.72  46.8 -0.382    19.59 21.80 02a59070o0188c 0x000000 -2.444444
59074.322730 20.449472      NaN    -2     8 c    0   1.61 243.58617 3.23197  5676.95  3637.62 2.39 2.31  75.0 -0.403    19.71 21.68 02a59074o0198c 0x000000 -0.250000
59074.326412 20.449472      NaN   -13     8 c    0   1.43 243.58617 3.23197  5657.51  3598.91 2.43 2.31  63.8 -0.402    19.69 21.68 02a59074o0206c 0x000000 -1.625000
59074.332429 20.449472      NaN    -8     8 c    0   1.00 243.58617 3.23197  5724.11  3674.97 2.41 2.34  69.0 -0.400    19.67 21.67 02a59074o0219c 0x000000 -1.000000
59074.346264 20.039830      NaN    14     7 c    0   1.78 243.58617 3.23197  5746.10  3557.12 2.37 2.30 -70.7 -0.403    19.67 21.63 02a59074o0249c 0x000000  2.000000
59078.275601 20.449472      NaN   -12     8 c    0   1.08 243.58617 3.23197  5685.92  3636.12 2.34 2.25 -84.0 -0.405    19.68 21.44 02a59078o0100c 0x000000 -1.500000
59078.278428 20.449472      NaN    -2     8 c    0   1.08 243.58617 3.23197  5668.48  3596.84 2.32 2.25 -89.1 -0.403    19.67 21.43 02a59078o0106c 0x000000 -0.250000
59078.285794 20.039830      NaN    11     8 c    0   1.46 243.58617 3.23197  5726.74  3673.12 2.34 2.28 -85.3 -0.399    19.67 21.45 02a59078o0122c 0x000000  1.375000
59078.301436 20.449472      NaN    -4     8 c    0   1.25 243.58617 3.23197  5746.28  3559.27 2.34 2.28  69.0 -0.402    19.69 21.51 02a59078o0156c 0x000000 -0.500000
59082.251974 18.550302      NaN    -6    46 c    0   1.40 243.58617 3.23197  2668.94  1203.26 2.39 2.27 -84.5 -0.428    17.83 19.38 02a59082o0057c 0x100002 -0.130435
59082.255662 17.561765      NaN   100    81 c    0   0.99 243.58617 3.23197  2649.70  1164.03 2.39 2.25 -74.6 -0.438    17.07 18.60 02a59082o0065c 0x100002  1.234568
59082.261181 20.039830      NaN     8     9 c    0   0.93 243.58617 3.23197  2709.54  1241.95 2.40 2.26 -81.1 -0.429    19.41 21.17 02a59082o0077c 0x000000  0.888889
59082.272809 20.039830      NaN    11     8 c    0   1.48 243.58617 3.23197  2731.21  1125.02 2.51 2.34 -66.7 -0.421    19.50 21.38 02a59082o0102c 0x000000  1.375000
59102.229861 19.569016      NaN     6    16 c    0   0.83 243.58617 3.23197  8334.93  9851.34 2.79 2.61  55.3 -0.380    19.33 20.75 02a59102o0035c 0x000000  0.375000
59102.233096 20.009244      NaN   -23    12 c    0   1.05 243.58617 3.23197  8314.42  9811.96 2.85 2.62  55.9 -0.379    19.49 21.09 02a59102o0042c 0x000000 -1.916667
59102.238625 20.207197      NaN    -9    10 c    0   1.41 243.58617 3.23197  8375.90  9891.16 2.76 2.68  72.5 -0.378    19.62 21.29 02a59102o0054c 0x000000 -0.900000
59102.248721 20.103715      NaN   -14    11 c    0   1.09 243.58617 3.23197  8393.54  9774.08 2.94 2.90  83.1 -0.374    19.54 21.32 02a59102o0076c 0x000000 -1.272727
59106.249659 20.103715      NaN   -17    11 c    0   0.88 243.58617 3.23197  8120.76  5959.07 2.73 2.40  40.7 -0.380    19.57 21.30 02a59106o0083c 0x000000 -1.545455
59106.252870 20.321591      NaN   -17     9 c    0   1.61 243.58617 3.23197  8101.67  5919.44 2.68 2.42  44.4 -0.380    19.57 21.27 02a59106o0090c 0x000000 -1.888889
59106.258377 20.171596      NaN     4     9 c    0   1.54 243.58617 3.23197  8159.87  5997.49 2.70 2.37  38.8 -0.378    19.55 21.25 02a59106o0102c 0x000000  0.444444
59106.268475 20.009244      NaN    -1    12 c    0   1.04 243.58617 3.23197  8180.45  5880.19 2.69 2.40  39.4 -0.376    19.55 21.22 02a59106o0124c 0x000000 -0.083333
59110.217994 18.261819      NaN   -12    60 c    0   0.78 243.58617 3.23197  8126.17  5957.85 2.73 2.63  59.1 -0.400    17.69 18.82 02a59110o0020c 0x100002 -0.200000
59110.220770 19.302877      NaN    -8    23 c    0   1.20 243.58617 3.23197  8107.59  5918.65 2.69 2.57  60.6 -0.386    18.74 19.94 02a59110o0026c 0x100002 -0.347826
59110.227212 20.009244      NaN    -2    12 c    0   1.39 243.58617 3.23197  8166.97  5994.02 2.65 2.61  76.8 -0.387    19.36 20.99 02a59110o0040c 0x000000 -0.166667
59110.237335 20.103715      NaN    -5    11 c    0   1.48 243.58617 3.23197  8185.95  5878.21 2.74 2.64  45.4 -0.380    19.40 21.21 02a59110o0062c 0x000000 -0.454545
59130.207042 18.675237      NaN    15    36 c    0   1.17 243.58617 3.23197   713.35  1289.31 2.81 2.39 -59.7 -0.428    18.03 19.00 02a59130o0025c 0x100002  0.416667
59130.210253 19.169763      NaN    12    22 c    0   0.82 243.58617 3.23197   694.34  1249.02 2.64 2.23 -60.2 -0.439    18.73 19.77 02a59130o0032c 0x000000  0.545455
59130.218112 19.922338      NaN   -14    13 c    0   1.28 243.58617 3.23197   756.19  1325.95 2.66 2.34 -64.8 -0.429    19.26 20.70 02a59130o0049c 0x000000 -1.076923
59130.230063 20.009244      NaN    -6    12 c    0   1.08 243.58617 3.23197   775.31  1206.58 2.57 2.29 -65.6 -0.441    19.34 20.79 02a59130o0075c 0x000000 -0.500000
59138.202247 17.821591      NaN   -33    90 c    0   1.13 243.58617 3.23197    45.39  7806.52 2.37 2.29 -63.1 -0.323    17.87 18.86 02a59138o0024c 0x100002 -0.366667
59138.202704 18.147425      NaN    38    54 c    0   1.14 243.58617 3.23197 10177.02  7817.43 2.77 2.60  29.4 -0.391    18.24 19.23 02a59138o0025c 0x100002  0.703704
59138.205926 19.014394      NaN   -30    30 c    0   1.13 243.58617 3.23197 10155.93  7778.49 2.73 2.57  25.8 -0.397    18.78 19.84 02a59138o0032c 0x100002 -1.000000
59138.213288 19.569016      NaN     6    16 c    0   0.99 243.58617 3.23197    82.20  7844.31 2.34 2.16 -61.3 -0.383    19.13 20.37 02a59138o0048c 0x000000  0.375000
59138.213745 19.841877      NaN   -24    14 c    0   1.46 243.58617 3.23197 10213.03  7856.84 2.68 2.58   9.7 -0.388    19.26 20.61 02a59138o0049c 0x000000 -1.714286
59138.224736 20.071303      NaN     1    11 c    0   1.23 243.58617 3.23197   101.69  7724.61 2.26 2.16 -70.4 -0.377    19.17 20.48 02a59138o0073c 0x000000  0.090909
59138.225194 19.922338      NaN    -3    13 c    0   1.58 243.58617 3.23197 10229.08  7738.12 2.68 2.60   5.4 -0.388    19.29 20.69 02a59138o0074c 0x000000 -0.230769
59230.633409 20.207197      NaN    -2    10 c    0   1.30 243.58617 3.23197  8572.08  2868.77 2.60 2.59 -31.9 -0.381    19.51 21.36 02a59230o0942c 0x000000 -0.200000
59230.638901 20.207197      NaN    -9    10 c    0   1.11 243.58617 3.23197  8588.07  2905.87 2.56 2.54 -10.0 -0.386    19.54 21.39 02a59230o0954c 0x000000 -0.900000
59230.657692 20.321591      NaN    -2     9 c    0   1.10 243.58617 3.23197  8527.55  2829.24 2.56 2.55 -21.5 -0.377    19.55 21.36 02a59230o0995c 0x000000 -0.222222
59230.662722 20.244005      NaN     2     9 c    0   1.61 243.58617 3.23197  8506.93  2945.63 2.56 2.49  32.3 -0.375    19.48 21.18 02a59230o1006c 0x000000  0.222222
59232.645729 20.103715      NaN   -10    11 c    0   1.95 243.58617 3.23197    51.29  7804.10 2.92 2.37 -89.4 -0.418    19.61 21.36 01a59232o0794c 0x000000 -0.909091
59232.649874 19.183773      NaN    29    16 c    0   0.91 243.58617 3.23197    32.96  7766.34 2.80 2.31 -84.5 -0.431    19.63 21.35 01a59232o0803c 0x000000  1.812500
59232.660472 19.696897      NaN   -28    16 c    0   0.94 243.58617 3.23197    92.98  7846.70 2.86 2.31 -86.2 -0.420    19.56 21.11 01a59232o0826c 0x000000 -1.750000
59232.670621 18.606822      NaN    17    38 c    0   1.16 243.58617 3.23197   116.28  7731.99 3.10 2.91 -69.1 -0.355    18.41 19.38 01a59232o0848c 0x100002  0.447368
59256.616592 20.449472      NaN   -14     8 c    0   1.59 243.58617 3.23197  2088.45  9645.43 2.58 2.37 -62.9 -0.379    19.66 21.79 01a59256o0883c 0x000000 -1.750000
59256.620738 19.894850      NaN    16     8 c    0   1.50 243.58617 3.23197  2069.46  9606.80 2.64 2.47 -56.1 -0.375    19.66 21.80 01a59256o0892c 0x000000  2.000000
59256.626097 20.362567      NaN     2     8 c    0   1.15 243.58617 3.23197  2131.74  9683.14 2.58 2.34 -58.6 -0.380    19.68 21.81 01a59256o0903c 0x000000  0.250000
59256.648319 20.244005      NaN     8     7 c    0   1.50 243.58617 3.23197  2154.66  9569.52 2.47 2.28 -46.4 -0.376    19.71 21.80 01a59256o0951c 0x000000  1.142857
59258.589279 20.207197      NaN    -5    10 c    0   1.34 243.58617 3.23197   592.18  6650.11 2.69 2.59 -31.2 -0.470    19.50 21.44 02a59258o0806c 0x000000 -0.500000
59258.592486 19.979496      NaN    10     9 c    0   1.39 243.58617 3.23197   611.42  6688.51 3.00 2.88 -20.3 -0.375    19.40 21.45 02a59258o0813c 0x000000  1.111111
59258.599361 19.979496      NaN    13     8 c    0   1.85 243.58617 3.23197   553.05  6610.77 2.57 2.49  -0.4 -0.374    19.57 21.47 02a59258o0828c 0x000000  1.625000
59258.609898 20.009244      NaN     9     9 c    0   1.41 243.58617 3.23197   532.90  6727.71 2.70 2.58 -31.4 -0.373    19.54 21.49 02a59258o0851c 0x000000  1.000000
59260.568824 20.171596      NaN     4     9 c    0   1.21 243.58617 3.23197  2082.59  9640.26 2.63 2.40 -58.0 -0.378    19.60 21.67 01a59260o0674c 0x000000  0.444444
59260.574383 20.449472      NaN    -2     8 c    0   1.37 243.58617 3.23197  2063.58  9600.31 2.57 2.31 -63.7 -0.388    19.65 21.68 01a59260o0685c 0x000000 -0.250000
59260.577634 20.321591      NaN     0     9 c    0   0.84 243.58617 3.23197  2122.71  9679.29 2.46 2.23 -59.3 -0.394    19.73 21.70 01a59260o0692c 0x000000  0.000000
59260.597037 20.449472      NaN   -13     8 c    0   1.19 243.58617 3.23197  2146.81  9564.67 2.47 2.25 -58.1 -0.383    19.72 21.72 01a59260o0734c 0x000000 -1.625000
59262.612715 20.449472      NaN   -16     8 c    0   1.16 243.58617 3.23197   593.24  6651.45 2.33 2.20 -36.8 -0.394    19.74 21.54 02a59262o0864c 0x000000 -2.000000
59262.619162 20.449472      NaN     0     8 c    0   1.49 243.58617 3.23197   618.77  6688.54 2.36 2.25 -33.8 -0.396    19.72 21.54 02a59262o0878c 0x000000  0.000000
59262.630213 20.321591      NaN    -2     9 c    0   0.97 243.58617 3.23197   557.40  6611.44 2.35 2.25 -17.5 -0.395    19.74 21.54 02a59262o0902c 0x000000 -0.222222
59262.635736 19.894850      NaN    16     8 c    0   0.90 243.58617 3.23197   538.34  6727.16 2.41 2.33 -31.7 -0.387    19.69 21.54 02a59262o0914c 0x000000  2.000000
59266.636434 18.878500      NaN   -24    34 c    0   1.05 243.58617 3.23197  4702.97  3068.68 2.81 2.24  30.5 -0.405    18.31 20.09 02a59266o0573c 0x100002 -0.705882
59312.466225 20.647425      NaN     2     6 c    0   1.51 243.58617 3.23197  3743.00  3720.96 2.32 2.23 -83.9 -0.392    19.90 21.76 01a59312o0535c 0x000000  0.333333
59312.501311 20.594452      NaN    -6     7 c    0   1.22 243.58617 3.23197  3724.97  3680.54 2.22 2.18 -77.8 -0.390    19.94 21.71 01a59312o0610c 0x000000 -0.857143
59312.504596 20.761819      NaN    -2     6 c    0   1.55 243.58617 3.23197  3783.08  3759.75 2.25 2.20 -41.1 -0.389    19.92 21.71 01a59312o0617c 0x000000 -0.333333
59312.509203 20.594452      NaN   -10     7 c    0   1.29 243.58617 3.23197  3802.52  3644.39 2.32 2.24 -54.7 -0.388    19.94 21.72 01a59312o0627c 0x000000 -1.428571
59324.487620 20.959772      NaN   -17     5 c    0   2.08 243.58617 3.23197  1998.97  7699.46 2.43 2.29 -58.5 -0.378    19.90 21.77 01a59324o0474c 0x000000 -3.400000
59324.495053 20.207197      NaN    12     6 c    0   1.02 243.58617 3.23197  1982.05  7661.17 2.32 2.15 -66.2 -0.386    19.95 21.77 01a59324o0490c 0x000000  2.000000
59324.496897 20.594452      NaN    -6     7 c    0   0.81 243.58617 3.23197  2039.77  7738.11 2.29 2.11 -61.1 -0.389    19.94 21.77 01a59324o0494c 0x000000 -0.857143
59324.521387 20.362567      NaN     5     7 c    0   0.99 243.58617 3.23197  2060.43  7621.13 2.25 2.12 -66.0 -0.392    19.99 21.76 01a59324o0546c 0x000000  0.714286
59324.630650 19.384550      NaN    19    15 c    0   1.33 243.58617 3.23197  8533.69  2880.54 2.54 2.43 -50.6 -0.358    19.09 19.92 01a59324o0723c 0x000000  1.266667
59342.447310 18.136622      NaN     1    67 c    0   0.06 243.58617 3.23197 10519.80  2715.74 2.57 2.32 -43.7 -0.411    19.72 21.62 02a59342o0456c 0x100002  0.014925
59342.449139 20.207197      NaN     9     7 c    0   1.29 243.58617 3.23197   418.98  2760.12 2.42 2.35 -43.8 -0.401    19.76 21.64 02a59342o0460c 0x000000  1.285714
59342.452369 20.543943      NaN     1     7 c    0   1.24 243.58617 3.23197   439.75  2798.05 2.40 2.31 -34.5 -0.401    19.73 21.64 02a59342o0467c 0x000000  0.142857
59342.453748 19.922338      NaN   -11    13 c    0   1.07 243.58617 3.23197 10499.83  2832.97 2.54 2.34 -44.1 -0.409    19.69 21.63 02a59342o0470c 0x000000 -0.846154
59342.456033 20.594452      NaN   -10     7 c    0   1.28 243.58617 3.23197   380.95  2720.15 2.44 2.36 -27.5 -0.400    19.69 21.64 02a59342o0475c 0x000000 -1.428571
59346.484055 20.543943      NaN     1     7 c    0   1.75 243.58617 3.23197  1801.98  3821.61 2.40 2.28  50.2 -0.413    19.75 21.66 02a59346o0546c 0x000000  0.142857
59346.487287 20.171596      NaN     7     8 c    0   1.34 243.58617 3.23197  1783.79  3784.51 2.39 2.29  49.7 -0.414    19.73 21.66 02a59346o0553c 0x000000  0.875000
59346.513018 20.449472      NaN    -8     8 c    0   1.13 243.58617 3.23197  1840.66  3861.84 2.38 2.26  57.0 -0.414    19.70 21.51 02a59346o0608c 0x000000 -1.000000
59346.541318 20.449472      NaN    -9     8 c    0   1.32 243.58617 3.23197  1855.36  3747.18 2.36 2.23  53.2 -0.411    19.69 21.49 02a59346o0669c 0x000000 -1.125000
59350.489549 20.405150      NaN     4     7 c    0   1.67 243.58617 3.23197  1800.36  3820.70 2.59 2.52  46.1 -0.396    19.63 21.56 02a59350o0405c 0x000000  0.571429
59350.492757 20.321591      NaN   -10     9 c    0   0.74 243.58617 3.23197  1782.96  3784.11 2.63 2.57  64.7 -0.398    19.58 21.55 02a59350o0412c 0x000000 -1.111111
59350.502566 20.009244      NaN    12     8 c    0   1.17 243.58617 3.23197  1838.08  3859.67 2.72 2.66  53.0 -0.388    19.57 21.55 02a59350o0433c 0x000000  1.500000
59350.515408 20.137125      NaN     5     9 c    0   1.34 243.58617 3.23197  1861.67  3745.09 2.62 2.51  57.5 -0.393    19.57 21.54 02a59350o0461c 0x000000  0.555556
59368.382258 20.594452      NaN     3     6 c    0   1.77 243.58617 3.23197  5677.51  3617.32 2.21 2.16 -82.7 -0.386    20.05 21.89 01a59368o0319c 0x000000  0.500000
59368.384565 20.959772      NaN    -4     5 c    0   1.39 243.58617 3.23197  5656.87  3578.91 2.21 2.14 -68.5 -0.384    20.03 21.89 01a59368o0324c 0x000000 -0.800000
59368.387332 20.647425      NaN     2     6 c    0   1.13 243.58617 3.23197  5714.98  3656.26 2.19 2.11 -82.1 -0.389    20.04 21.90 01a59368o0330c 0x000000  0.333333
59368.392425 21.202047      NaN    -4     4 c    0   2.38 243.58617 3.23197  5734.05  3539.95 2.22 2.15  86.4 -0.387    20.03 21.89 01a59368o0341c 0x000000 -1.000000
59369.419206 20.594452      NaN     0     7 c    0   1.10 243.58617 3.23197  4880.49  6967.94 2.30 2.18 -58.8 -0.380    19.90 21.73 01a59369o0389c 0x000000  0.000000
59369.434159 20.761819      NaN   -11     6 c    0   1.48 243.58617 3.23197  4903.75  7002.84 2.25 2.17 -60.2 -0.377    19.90 21.68 01a59369o0418c 0x000000 -1.833333
59369.453374 20.594452      NaN    -4     7 c    0   1.51 243.58617 3.23197  4850.32  6922.57 2.28 2.16 -69.5 -0.376    19.80 21.55 01a59369o0454c 0x000000 -0.571429
59369.465792 20.449472      NaN    -5     8 c    0   0.78 243.58617 3.23197  4831.31  7036.63 2.21 2.05 -75.5 -0.384    19.84 21.54 01a59369o0478c 0x000000 -0.625000
59372.409539 20.594452      NaN     3     6 c    0   1.60 243.58617 3.23197  4881.72  6965.20 2.23 2.12 -46.6 -0.382    20.01 21.86 01a59372o0374c 0x000000  0.500000
59372.414660 20.594452      NaN   -11     7 c    0   1.06 243.58617 3.23197  4902.44  7002.89 2.24 2.15 -43.7 -0.378    19.96 21.87 01a59372o0385c 0x000000 -1.571429
59372.418369 20.761819      NaN    -7     6 c    0   1.00 243.58617 3.23197  4843.99  6925.03 2.27 2.17 -29.4 -0.376    19.97 21.87 01a59372o0393c 0x000000 -1.166667
59372.428604 20.959772      NaN   -13     5 c    0   1.42 243.58617 3.23197  4827.71  7038.07 2.25 2.16 -29.2 -0.379    19.95 21.85 01a59372o0414c 0x000000 -2.600000
59376.445048 20.244005      NaN     5     8 c    0   0.82 243.58617 3.23197  7930.15  9362.73 2.40 2.20  76.7 -0.350    19.95 21.81 01a59376o0448c 0x000000  0.625000
59376.448763 20.405150      NaN     4     7 c    0   0.96 243.58617 3.23197  7950.09  9401.04 2.41 2.19  83.0 -0.350    19.98 21.79 01a59376o0456c 0x000000  0.571429
59376.466000 20.761819      NaN    -2     6 c    0   1.29 243.58617 3.23197  7891.43  9321.04 2.38 2.19  85.2 -0.357    19.95 21.78 01a59376o0493c 0x000000 -0.333333
59376.477329 20.761819      NaN    -7     6 c    0   1.69 243.58617 3.23197  7873.61  9438.04 2.46 2.21  89.2 -0.355    19.89 21.78 01a59376o0517c 0x000000 -1.166667
59380.338063 19.816329      NaN     4    13 c    0   1.37 243.58617 3.23197  2651.20  1194.54 2.31 2.18  17.7 -0.398    19.32 20.95 01a59380o0215c 0x000000  0.307692
59380.341287 20.207197      NaN   -10    10 c    0   1.11 243.58617 3.23197  2631.24  1155.08 2.31 2.22  35.0 -0.411    19.65 21.45 01a59380o0222c 0x000000 -1.000000
59380.348660 19.950541      NaN    14     8 c    0   1.55 243.58617 3.23197  2688.63  1232.84 2.28 2.19  44.5 -0.416    19.77 21.59 01a59380o0238c 0x000000  1.750000
59380.371693 19.950541      NaN    11     9 c    0   1.03 243.58617 3.23197  2705.06  1114.27 2.27 2.20  40.8 -0.412    19.76 21.64 01a59380o0287c 0x000000  1.222222
59402.360153 20.449472      NaN    -5     8 c    0   1.03 243.58617 3.23197  9042.79  1382.17 2.56 2.12 -58.3 -0.427    19.78 21.66 02a59402o0256c 0x000000 -0.625000
59402.363398 20.594452      NaN    -2     7 c    0   1.60 243.58617 3.23197  9023.59  1342.91 2.56 2.09 -57.2 -0.427    19.81 21.66 02a59402o0263c 0x000000 -0.285714
59402.373490 20.594452      NaN   -10     7 c    0   1.28 243.58617 3.23197  9081.27  1420.73 2.62 2.13 -57.9 -0.425    19.76 21.66 02a59402o0285c 0x000000 -1.428571
59402.380381 20.449472      NaN   -20     8 c    0   1.15 243.58617 3.23197  9105.24  1306.88 2.59 2.16 -55.8 -0.421    19.75 21.68 02a59402o0300c 0x000000 -2.500000
59406.319332 20.282105      NaN     1     9 c    0   1.33 243.58617 3.23197  9045.95  1379.35 2.59 2.17 -57.0 -0.417    19.75 21.71 02a59406o0165c 0x000000  0.111111
59406.324443 20.594452      NaN    -6     7 c    0   1.27 243.58617 3.23197  9025.64  1340.59 2.56 2.13 -58.0 -0.422    19.78 21.73 02a59406o0176c 0x000000 -0.857143
59406.328114 20.171596      NaN     4     9 c    0   1.09 243.58617 3.23197  9083.85  1419.06 2.64 2.22 -56.7 -0.413    19.69 21.68 02a59406o0184c 0x000000  0.444444
59406.358457 20.594452      NaN   -11     7 c    0   1.36 243.58617 3.23197  9104.25  1304.08 2.55 2.10 -55.4 -0.420    19.74 21.71 02a59406o0249c 0x000000 -1.571429
59425.318909 20.405150      NaN     1     8 c    0   0.95 243.58617 3.23197  9885.14  9241.90 2.53 2.17  77.5 -0.368    19.96 21.78 01a59425o0181c 0x000000  0.125000
59425.322596 20.171596      NaN     7     8 c    0   1.03 243.58617 3.23197  9905.70  9280.39 2.52 2.14  80.6 -0.373    19.95 21.78 01a59425o0189c 0x000000  0.875000
59425.338294 20.039830      NaN    11     8 c    0   1.05 243.58617 3.23197  9846.56  9203.11 2.50 2.15  76.6 -0.368    19.87 21.70 01a59425o0223c 0x000000  1.375000
59425.344291 20.362567      NaN     2     8 c    0   0.85 243.58617 3.23197  9828.61  9320.22 2.56 2.18  78.4 -0.368    19.91 21.76 01a59425o0236c 0x000000  0.250000
59425.382345 20.449472      NaN    -8     8 c    0   1.40 243.58617 3.23197  9868.32  9264.61 2.56 2.29  64.7 -0.351    19.77 21.52 01a59425o0317c 0x000000 -1.000000
59428.317268 20.449472      NaN    -4     8 c    0   1.41 243.58617 3.23197  9886.07  9243.33 2.76 2.35  87.4 -0.368    19.85 21.74 01a59428o0182c 0x000000 -0.500000
59428.320506 20.761819      NaN   -14     6 c    0   2.00 243.58617 3.23197  9906.43  9282.13 2.65 2.27  85.2 -0.368    19.86 21.73 01a59428o0189c 0x000000 -2.333333
59428.327012 20.171596      NaN    10     7 c    0   1.44 243.58617 3.23197  9847.35  9203.90 2.74 2.36  84.6 -0.364    19.82 21.73 01a59428o0203c 0x000000  1.428571
59428.361406 20.321591      NaN    -2     9 c    0   0.94 243.58617 3.23197  9831.31  9322.84 2.79 2.46  82.2 -0.355    19.73 21.67 01a59428o0277c 0x000000 -0.222222
59432.309599 20.009244      NaN    -9    12 c    0   1.31 243.58617 3.23197 10505.79  2720.90 2.68 2.22 -84.5 -0.388    19.87 21.79 01a59432o0168c 0x000000 -0.750000
59432.312824 19.841877      NaN    -1    14 c    0   1.26 243.58617 3.23197 10526.32  2759.09 3.03 2.49 -82.3 -0.363    19.76 21.78 01a59432o0175c 0x000000 -0.071429
59432.315131 20.761819      NaN    -6     6 c    0   1.19 243.58617 3.23197   375.21  2808.18 2.52 2.22  72.5 -0.379    19.80 21.84 01a59432o0180c 0x000000 -1.000000
59432.318841 20.761819      NaN    -8     6 c    0   1.14 243.58617 3.23197   396.05  2846.50 2.30 2.04  72.5 -0.395    19.93 21.84 01a59432o0188c 0x000000 -1.333333
59432.319301 20.321591      NaN   -26     9 c    0   1.05 243.58617 3.23197 10467.19  2682.37 2.75 2.26 -82.3 -0.390    19.86 21.77 01a59432o0189c 0x000000 -2.888889
59432.325281 20.594452      NaN    -3     7 c    0   1.12 243.58617 3.23197   336.75  2769.17 2.33 2.06  75.1 -0.403    19.91 21.82 01a59432o0202c 0x000000 -0.428571
59432.331725 20.405150      NaN     1     8 c    0   1.37 243.58617 3.23197 10447.42  2801.11 2.78 2.30 -84.6 -0.393    19.80 21.71 01a59432o0216c 0x000000  0.125000
59432.337309 20.594452      NaN    -4     7 c    0   1.09 243.58617 3.23197   319.17  2883.96 2.29 2.03  74.0 -0.403    19.91 21.77 01a59432o0228c 0x000000 -0.571429
59436.278552 19.491430      NaN    22    12 c    0   0.92 243.58617 3.23197 10502.19  2717.82 2.63 2.19 -87.6 -0.398    19.99 21.75 01a59436o0086c 0x000000  1.833333
59436.281782 20.009244      NaN     3    11 c    0   1.50 243.58617 3.23197 10522.11  2757.77 2.63 2.17 -86.5 -0.395    19.97 21.78 01a59436o0093c 0x000000  0.272727
59436.287783 20.321591      NaN    -3     9 c    0   1.00 243.58617 3.23197 10462.08  2681.11 2.56 2.17 -86.2 -0.403    19.95 21.78 01a59436o0106c 0x000000 -0.333333
59436.291009 20.703116      NaN     1     6 c    0   0.99 243.58617 3.23197   372.49  2807.24 2.25 1.94  73.7 -0.403    19.96 21.86 01a59436o0113c 0x000000  0.166667
59436.294233 20.594452      NaN   -18     7 c    0   1.12 243.58617 3.23197   393.94  2847.65 2.28 1.97  74.8 -0.408    19.97 21.86 01a59436o0120c 0x000000 -2.571429
59436.297917 20.321591      NaN    -3     9 c    0   1.11 243.58617 3.23197 10444.92  2798.77 2.59 2.10 -85.9 -0.408    19.92 21.78 01a59436o0128c 0x000000 -0.333333
59436.300681 20.761819      NaN    -2     6 c    0   1.48 243.58617 3.23197   332.24  2767.74 2.19 1.91  73.9 -0.413    19.97 21.87 01a59436o0134c 0x000000 -0.333333
59436.316808 20.761819      NaN    -7     6 c    0   1.28 243.58617 3.23197   315.70  2884.54 2.29 2.03  77.2 -0.405    19.93 21.83 01a59436o0169c 0x000000 -1.166667
59454.246835 20.321591      NaN   -10     9 c    0   1.22 243.58617 3.23197   122.78  9762.57 2.58 2.02 -53.0 -0.467    19.67 21.31 02a59454o0051c 0x000000 -1.111111
59454.250048 19.922338      NaN     6    11 c    0   1.60 243.58617 3.23197   102.39  9723.60 2.55 2.00 -51.7 -0.461    19.61 21.28 02a59454o0058c 0x000000  0.545455
59454.256111 19.894850      NaN     1    13 c    0   1.01 243.58617 3.23197   160.17  9800.46 2.60 1.98 -51.8 -0.453    19.61 21.28 02a59454o0071c 0x000000  0.076923
59454.260228 20.321591      NaN    -8     9 c    0   1.41 243.58617 3.23197 10293.51  9765.99 3.06 2.62 -53.5 -0.365    19.69 21.41 02a59454o0080c 0x000000 -0.888889
59454.263021 20.103715      NaN   -30    11 c    0   0.85 243.58617 3.23197 10273.74  9725.42 2.99 2.62 -54.7 -0.373    19.68 21.40 02a59454o0086c 0x000000 -2.727273
59454.266223 19.652575      NaN    11    13 c    0   0.80 243.58617 3.23197   181.49  9681.85 2.47 1.99 -53.5 -0.473    19.58 21.25 02a59454o0093c 0x000000  0.846154
59454.268997 19.696897      NaN    12    12 c    0   0.86 243.58617 3.23197 10334.37  9805.53 3.09 2.74 -52.5 -0.363    19.63 21.41 02a59454o0099c 0x000000  1.000000
59454.282380 20.207197      NaN    -9    10 c    0   0.87 243.58617 3.23197 10353.87  9687.83 3.09 2.62 -47.6 -0.359    19.65 21.41 02a59454o0128c 0x000000 -0.900000
59458.275091 16.976557      NaN   -61   196 c    0   1.01 243.58617 3.23197  9979.83  3920.86 2.53 2.22 -57.3 -0.430    17.94 19.48 02a59458o0120c 0x100002 -0.311224
59458.278779 20.071303      NaN     1    11 c    0   1.33 243.58617 3.23197  9961.63  3883.84 2.53 2.23 -54.7 -0.419    19.27 20.87 02a59458o0128c 0x000000  0.090909
59458.286137 19.401649      NaN    -5    21 c    0   1.02 243.58617 3.23197 10021.16  3961.71 2.54 2.26 -53.8 -0.422    18.99 20.54 02a59458o0144c 0x000000 -0.238095
59462.260619 20.207197      NaN   -11    10 c    0   1.27 243.58617 3.23197  9981.82  3917.15 2.76 2.62 -50.4 -0.389    19.52 21.43 02a59462o0004c 0x000000 -1.100000
59462.263827 20.103715      NaN    -8    11 c    0   1.11 243.58617 3.23197  9961.77  3878.95 3.01 2.80 -51.9 -0.377    19.47 21.43 02a59462o0011c 0x000000 -0.727273
59462.269324 20.103715      NaN   -22    11 c    0   1.16 243.58617 3.23197 10020.45  3957.48 2.87 2.63 -54.9 -0.392    19.52 21.44 02a59462o0023c 0x000000 -2.000000
59462.281298 20.009244      NaN   -11    12 c    0   1.18 243.58617 3.23197 10041.23  3841.22 3.10 2.84 -54.1 -0.390    19.46 21.44 02a59462o0049c 0x000000 -0.916667
59466.230673 19.816329      NaN     7    12 c    0   1.21 243.58617 3.23197  5870.14  7498.12 2.46 2.33 -70.4 -0.416    19.35 20.74 02a59466o0033c 0x000000  0.583333
59466.234358 20.103715      NaN    -4    11 c    0   1.04 243.58617 3.23197  5852.66  7459.31 2.40 2.28 -69.1 -0.415    19.55 21.11 02a59466o0041c 0x000000 -0.363636
59466.239905 20.321591      NaN   -12     9 c    0   1.35 243.58617 3.23197  5910.89  7537.15 2.43 2.33 -71.0 -0.413    19.62 21.31 02a59466o0053c 0x000000 -1.333333
59466.251863 20.137125      NaN     5     9 c    0   1.37 243.58617 3.23197  5930.40  7419.06 2.47 2.37 -79.7 -0.406    19.64 21.37 02a59466o0079c 0x000000  0.555556