         MJD         m       dm  uJy  duJy F  err  chi/N        RA       Dec        x        y  maj  min   phi  apfit  mag5sig   Sky            Obs     Mask  __tmp_SN
58161.501444 19.063754 0.126248   86    10 c    0   1.36 160.08875 -46.41962  2568.11  3219.89 3.01 2.66  55.6 -0.411    19.53 21.56 02a58161o0636c 0x000000  8.600000
58161.507862 19.212347 0.188194   75    13 c    0   1.14 160.08875 -46.41962  2543.18  3179.72 3.31 2.98  60.2 -0.383    19.43 21.54 02a58161o0650c 0x000000  5.769231
58161.516102 19.256669 0.180956   72    12 c    0   1.12 160.08875 -46.41962  2611.83  3257.89 3.25 2.88  64.6 -0.388    19.42 21.52 02a58161o0668c 0x000000  6.000000
58161.530246 19.115465 0.172129   82    13 c    0   1.09 160.08875 -46.41962  2629.39  3138.54 3.04 2.74  62.1 -0.401    19.45 21.45 02a58161o0699c 0x000000  6.307692
58193.405121 20.009244      NaN    0    12 c    0   0.68 160.08875 -46.41962  5674.34  3943.80 2.54 2.35  57.3 -0.458    19.50 21.21 02a58193o0378c 0x000000  0.000000
58193.406490 20.009244      NaN    6    10 c    0   1.45 160.08875 -46.41962  5687.85  3981.48 2.52 2.34  59.5 -0.453    19.52 21.21 02a58193o0381c 0x000000  0.600000
58193.413336 20.207197      NaN   -3    10 c    0   0.89 160.08875 -46.41962  5728.87  4020.01 2.52 2.32  61.5 -0.450    19.51 21.17 02a58193o0396c 0x000000 -0.300000
58193.421005 20.009244      NaN   -3    12 c    0   1.02 160.08875 -46.41962  5756.29  3898.91 2.65 2.47  53.0 -0.448    19.43 21.12 02a58193o0412c 0x000000 -0.250000
58225.341315 17.896499      NaN -192    84 c    0   0.86 160.08875 -46.41962  3250.83  3913.31 3.43 2.69  78.1 -0.400    17.35 20.13 02a58225o0254c 0x100002 -2.285714
58225.349116 17.990970      NaN   -9    77 c    0   1.24 160.08875 -46.41962  3225.33  3872.86 3.34 2.64  82.7 -0.402    17.35 20.08 02a58225o0271c 0x100002 -0.116883
58225.356905 18.376212      NaN  -40    54 c    0   1.30 160.08875 -46.41962  3294.00  3950.88 3.52 2.90  82.0 -0.390    17.54 20.31 02a58225o0288c 0x100002 -0.740741
58225.364730 16.066153      NaN  412   316 c    0   0.95 160.08875 -46.41962  3309.66  3834.15 3.79 3.17  83.0 -0.394    16.24 19.09 02a58225o0305c 0x100002  1.303797
58250.298409 19.841877      NaN  -57    14 c    0   1.17 160.08875 -46.41962  2331.50  2698.90 2.88 2.72  71.5 -0.377    19.13 20.76 02a58250o0122c 0x000000 -4.071429
58250.305790 19.051202      NaN  -17    29 c    0   1.33 160.08875 -46.41962  2306.25  2658.37 2.83 2.64  74.6 -0.374    18.01 19.55 02a58250o0138c 0x000000 -0.586207
58250.313716 18.574166      NaN  -97    45 c    0   1.21 160.08875 -46.41962  2375.58  2736.59 3.26 3.14  74.7 -0.357    17.78 19.51 02a58250o0155c 0x100002 -2.155556
58252.297369 20.103715      NaN  -62    11 c    0   0.99 160.08875 -46.41962  3836.61  2464.47 2.62 2.38  74.1 -0.399    19.40 21.00 02a58252o0138c 0x000000 -5.636364
58257.277236 18.978793      NaN  -37    31 c    0   1.01 160.08875 -46.41962  2936.44  3084.19 3.49 2.97  75.5 -0.384    18.36 20.95 02a58257o0095c 0x000000 -1.193548
58257.284756 18.944322      NaN  -87    32 c    0   0.95 160.08875 -46.41962  2923.46  3045.27 3.42 2.91  77.9 -0.391    18.40 20.88 02a58257o0111c 0x000000 -2.718750
58257.292683 19.014394      NaN  -19    30 c    0   1.04 160.08875 -46.41962  2978.58  3122.68 3.45 2.97  75.2 -0.386    18.28 20.77 02a58257o0128c 0x000000 -0.633333
58485.623828 18.910912      NaN  -88    33 c    0   1.11 160.08875 -46.41962  7677.00  2514.49 3.78 3.00  83.4 -0.400    18.27 21.06 02a58485o0929c 0x000000 -2.666667
58485.625200 18.574166      NaN  -64    45 c    0   1.00 160.08875 -46.41962  5805.86  7331.27 3.90 2.92  82.5 -0.393    17.77 20.85 02a58485o0932c 0x100002 -1.422222
58485.633456 19.089302      NaN  -48    28 c    0   1.34 160.08875 -46.41962  7665.25  2474.75 3.92 3.16  83.3 -0.391    18.32 21.07 02a58485o0950c 0x000000 -1.714286
58485.637592 18.526952      NaN  -51    47 c    0   0.80 160.08875 -46.41962  5861.29  7408.11 3.78 2.92  79.9 -0.401    17.93 20.90 02a58485o0959c 0x100002 -1.085106
58485.645843 19.089302      NaN  -59    28 c    0   1.08 160.08875 -46.41962  7719.84  2553.43 3.67 2.90  85.8 -0.397    18.46 21.05 02a58485o0977c 0x000000 -2.107143
58485.646757 18.675237      NaN  -64    41 c    0   1.21 160.08875 -46.41962  5889.14  7293.19 3.98 3.16  87.0 -0.388    17.90 20.89 02a58485o0979c 0x100002 -1.560976
58485.652246 19.351140      NaN -125    22 c    0   1.78 160.08875 -46.41962  7734.06  2437.30 3.50 2.77 -89.2 -0.396    18.53 21.04 02a58485o0991c 0x000000 -5.681818
58489.604999 18.623526      NaN  -80    43 c    0   1.19 160.08875 -46.41962  1810.51  7302.92 3.48 2.76  80.7 -0.424    17.82 20.85 02a58489o0500c 0x100002 -1.860465
58489.610499 19.051202      NaN  -83    29 c    0   1.41 160.08875 -46.41962  4135.27  4457.50 3.37 2.45  85.0 -0.412    18.30 21.07 02a58489o0512c 0x000000 -2.862069
58489.614654 18.816441      NaN  -64    36 c    0   1.30 160.08875 -46.41962  1785.99  7263.42 3.44 2.63  84.6 -0.431    18.07 21.01 02a58489o0521c 0x100002 -1.777778
58489.619747 19.051202      NaN  -71    29 c    0   1.26 160.08875 -46.41962  4110.68  4420.36 3.45 2.71  85.2 -0.412    18.33 21.09 02a58489o0532c 0x000000 -2.448276
58489.623880 18.816441      NaN  -42    36 c    0   1.15 160.08875 -46.41962  1840.90  7342.80 3.59 2.89  87.5 -0.415    18.08 21.02 02a58489o0541c 0x100002 -1.166667
58489.629423 18.944322      NaN  -75    32 c    0   0.89 160.08875 -46.41962  4178.63  4499.13 3.51 2.79  85.9 -0.403    18.35 21.10 02a58489o0553c 0x000000 -2.343750
58489.633603 18.816441      NaN -166    36 c    0   1.09 160.08875 -46.41962  1870.83  7227.46 3.57 2.98  85.9 -0.419    18.08 21.03 02a58489o0562c 0x100002 -4.611111
58489.639121 19.128787      NaN  -32    27 c    0   1.07 160.08875 -46.41962  4194.13  4383.71 3.47 2.86  89.7 -0.401    18.35 21.08 02a58489o0574c 0x000000 -1.185185
58493.542754 19.169763      NaN  -60    26 c    0   0.81 160.08875 -46.41962  5396.81  9964.36 2.86 2.66  88.5 -0.410    18.82 21.10 02a58493o0749c 0x000000 -2.307692
58493.543211 18.978793      NaN  -64    31 c    0   1.07 160.08875 -46.41962  7547.24  3210.05 2.68 2.28 -84.8 -0.429    18.08 20.71 02a58493o0750c 0x000000 -2.064516
58493.553150 19.089302      NaN  -77    28 c    0   1.11 160.08875 -46.41962  5420.19 10001.69 2.64 2.40 -89.7 -0.416    18.82 21.09 02a58493o0771c 0x000000 -2.750000
58493.565434 18.702047      NaN -120    40 c    0   1.08 160.08875 -46.41962  5363.42  9921.56 3.26 3.00  81.9 -0.400    18.45 21.04 02a58493o0797c 0x100002 -3.000000
58493.575498 18.125925      NaN  -90    68 c    0   1.11 160.08875 -46.41962  5333.08 10038.73 3.04 2.62 -89.5 -0.423    18.36 20.98 02a58493o0819c 0x100002 -1.323529
58577.377980 19.841877      NaN  -57    14 c    0   1.03 160.08875 -46.41962  1355.99  7292.67 2.63 2.54 -59.7 -0.411    19.16 20.94 02a58577o0339c 0x000000 -4.071429
58577.386303 19.841877      NaN  -78    14 c    0   1.11 160.08875 -46.41962  1343.93  7252.73 2.53 2.49 -83.1 -0.414    19.19 20.95 02a58577o0357c 0x000000 -5.571429
58577.394642 19.841877      NaN  -81    14 c    0   0.91 160.08875 -46.41962  1399.23  7331.50 2.58 2.50 -87.0 -0.409    19.16 20.94 02a58577o0375c 0x000000 -5.785714
58581.379678 19.841877      NaN  -94    14 c    0   1.00 160.08875 -46.41962   811.61  6299.07 2.48 2.43  76.2 -0.409    19.26 20.94 02a58581o0334c 0x000000 -6.714286
58581.387945 19.766969      NaN  -66    15 c    0   0.91 160.08875 -46.41962   787.26  6258.55 2.46 2.37  76.7 -0.409    19.22 20.88 02a58581o0352c 0x000000 -4.400000
58581.390258 19.841877      NaN  -94    14 c    0   1.03 160.08875 -46.41962  8442.42  7336.21 3.11 2.52  45.6 -0.371    19.25 20.92 02a58581o0357c 0x000000 -6.714286
58581.392140 19.922338      NaN  -82    13 c    0   1.13 160.08875 -46.41962 10246.55  6307.05 2.89 2.59 -68.9 -0.407    19.29 20.94 02a58581o0361c 0x000000 -6.307692
58581.402264 19.766969      NaN  -78    15 c    0   0.91 160.08875 -46.41962 10234.19  6269.68 2.88 2.61 -67.4 -0.407    19.22 20.91 02a58581o0382c 0x000000 -5.200000
58605.335890 19.569016      NaN  -83    18 c    0   1.05 160.08875 -46.41962    88.39  2380.64 2.94 2.53 -60.2 -0.405    19.09 21.02 02a58605o0208c 0x000000 -4.611111
58605.349467 19.696897      NaN  -79    16 c    0   1.10 160.08875 -46.41962  9185.57  2473.23 3.01 2.73 -69.5 -0.382    19.08 21.03 02a58605o0237c 0x000000 -4.937500
58633.241462 17.349660      NaN -277   139 c    0   1.06 160.08875 -46.41962  6604.85  2983.69 2.73 2.52  71.2 -0.402    16.70 17.54 02a58633o0027c 0x100002 -1.992806
58633.246534 18.675237      NaN  -76    41 c    0   0.98 160.08875 -46.41962  6661.48  3060.01 2.62 2.34  61.0 -0.390    17.98 18.80 02a58633o0038c 0x100002 -1.853659
58633.256630 19.841877      NaN  -71    14 c    0   1.00 160.08875 -46.41962  6681.31  2943.59 2.61 2.44  88.1 -0.384    19.10 20.48 02a58633o0060c 0x000000 -5.071429
58841.627087 20.009244      NaN  -54    12 c    0   1.08 160.08875 -46.41962 10054.77  7283.74 2.85 2.64 -65.5 -0.405    19.44 21.29 02a58841o0898c 0x000000 -4.500000
58841.630030 20.207197      NaN  -69    10 c    0   1.04 160.08875 -46.41962   459.39  3304.58 2.50 2.36  19.4 -0.395    19.43 21.29 02a58841o0904c 0x000000 -6.900000
58841.635947 20.207197      NaN  -76    10 c    0   0.96 160.08875 -46.41962   397.43  3228.52 2.45 2.35  14.7 -0.397    19.45 21.25 02a58841o0916c 0x000000 -7.600000
58841.649925 20.009244      NaN  -74    12 c    0   1.01 160.08875 -46.41962  2285.23  1025.89 2.65 2.41  73.1 -0.414    19.41 21.29 02a58841o0946c 0x000000 -6.166667
58841.652714 19.841877      NaN  -81    14 c    0   0.77 160.08875 -46.41962 10123.78  7211.90 2.79 2.62  43.7 -0.395    19.39 21.17 02a58841o0952c 0x000000 -5.785714
58841.654097 20.009244      NaN  -58    12 c    0   1.02 160.08875 -46.41962  2270.42   989.40 2.52 2.30  75.3 -0.430    19.41 21.23 02a58841o0955c 0x000000 -4.833333
58841.659175 19.841877      NaN  -90    14 c    0   1.07 160.08875 -46.41962  2326.58  1068.35 2.57 2.41  73.3 -0.420    19.28 20.92 02a58841o0965c 0x000000 -6.428571
58841.672084 18.063866      NaN -254    72 c    0   1.37 160.08875 -46.41962  2353.01   952.56 2.61 2.32  71.6 -0.438    17.18 18.09 02a58841o0990c 0x100002 -3.527778
58845.599047 20.009244      NaN  -97    12 c    0   0.99 160.08875 -46.41962  1856.42  7310.98 2.93 2.71  43.8 -0.369    19.42 21.50 02a58845o0781c 0x000000 -8.083333
58845.602268 19.922338      NaN  -85    13 c    0   0.85 160.08875 -46.41962  1838.43  7271.93 2.95 2.73  40.9 -0.363    19.35 21.43 02a58845o0788c 0x000000 -6.538462
58845.603640 20.207197      NaN  -77    10 c    0   1.04 160.08875 -46.41962  4143.16   974.54 2.76 2.55 -84.0 -0.402    19.46 21.57 02a58845o0791c 0x000000 -7.700000
58845.606431 20.103715      NaN  -86    11 c    0   1.09 160.08875 -46.41962  4125.97   936.69 3.06 2.80 -79.9 -0.397    19.44 21.59 02a58845o0797c 0x000000 -7.818182
58845.607802 20.009244      NaN  -80    12 c    0   1.12 160.08875 -46.41962  1899.61  7354.21 3.04 2.88  41.1 -0.360    19.33 21.47 02a58845o0800c 0x000000 -6.666667
58845.611943 20.207197      NaN  -85    10 c    0   1.16 160.08875 -46.41962  4183.43  1017.51 3.01 2.71 -70.6 -0.395    19.42 21.60 02a58845o0809c 0x000000 -8.500000
58845.618871 20.009244      NaN  -73    12 c    0   1.01 160.08875 -46.41962  1925.37  7240.78 2.85 2.64  38.5 -0.375    19.30 21.35 02a58845o0824c 0x000000 -6.083333
58845.622563 20.207197      NaN  -86    10 c    0   1.01 160.08875 -46.41962  4207.20   903.34 2.80 2.50 -79.7 -0.407    19.50 21.57 02a58845o0832c 0x000000 -8.600000
58961.290411 20.009244      NaN  -10    12 c    0   1.48 160.08875 -46.41962  1371.81  7296.23 2.65 2.27  33.4 -0.390    19.27 20.87 02a58961o0141c 0x000000 -0.833333
58961.293229 19.816329      NaN    1    14 c    0   1.01 160.08875 -46.41962  1352.88  7257.03 2.66 2.27  31.8 -0.391    19.29 20.88 02a58961o0147c 0x000000  0.071429
58961.300302 19.766969      NaN    3    14 c    0   0.77 160.08875 -46.41962  1412.96  7337.49 2.75 2.31  34.7 -0.381    19.26 20.89 02a58961o0162c 0x000000  0.214286
58961.312386 19.719755      NaN    5    14 c    0   0.87 160.08875 -46.41962  1434.70  7224.32 2.47 2.30  37.6 -0.406    19.33 20.92 02a58961o0188c 0x000000  0.357143
58981.254721 19.791368      NaN    2    14 c    0   0.93 160.08875 -46.41962  2915.10  7338.55 2.67 2.50  40.9 -0.374    19.20 20.73 02a58981o0051c 0x000000  0.142857
58981.257947 19.631075      NaN   12    13 c    0   1.12 160.08875 -46.41962  2895.58  7299.52 2.73 2.51  38.4 -0.366    19.20 20.79 02a58981o0058c 0x000000  0.923077
58981.258404 19.922338      NaN  -16    13 c    0   0.98 160.08875 -46.41962  1004.86  4661.58 2.56 2.47  58.8 -0.414    19.22 20.83 02a58981o0059c 0x000000 -1.230769
58981.266692 19.922338      NaN   -3    13 c    0   1.21 160.08875 -46.41962   985.94  4622.24 2.74 2.61  48.9 -0.398    19.18 20.88 02a58981o0077c 0x000000 -0.230769
58981.267148 19.454622      NaN   12    16 c    0   0.57 160.08875 -46.41962  2955.32  7380.06 2.79 2.55  39.2 -0.370    19.17 20.86 02a58981o0078c 0x000000  0.750000
58981.272211 19.791368      NaN    5    13 c    0   1.03 160.08875 -46.41962  1044.66  4703.17 2.77 2.67  89.6 -0.399    19.20 20.97 02a58981o0089c 0x000000  0.384615
58981.277289 19.791368      NaN    8    12 c    0   1.11 160.08875 -46.41962  2977.33  7266.43 2.79 2.55  44.2 -0.371    19.23 21.00 02a58981o0100c 0x000000  0.666667
58981.284185 19.589310      NaN   14    13 c    0   0.96 160.08875 -46.41962  1066.11  4591.55 2.86 2.78  74.1 -0.384    19.19 21.07 02a58981o0115c 0x000000  1.076923
59197.603119 20.009244      NaN   -6    12 c    0   0.97 160.08875 -46.41962  1259.94  3616.43 2.56 2.31 -66.0 -0.418    19.47 21.31 02a59197o0885c 0x000000 -0.500000
59197.605406 19.841877      NaN   -2    14 c    0   0.90 160.08875 -46.41962  1279.85  3654.13 2.56 2.26 -66.3 -0.421    19.44 21.31 02a59197o0890c 0x000000 -0.142857
59197.608150 19.696897      NaN    9    13 c    0   0.81 160.08875 -46.41962  1219.86  3577.85 2.58 2.28 -64.9 -0.417    19.45 21.31 02a59197o0896c 0x000000  0.692308
59197.618211 20.009244      NaN   -3    12 c    0   0.98 160.08875 -46.41962  1199.19  3692.94 2.74 2.49 -68.1 -0.400    19.38 21.29 02a59197o0918c 0x000000 -0.250000
59205.567002 19.766969      NaN   -6    15 c    0   1.02 160.08875 -46.41962  9115.38  3726.82 3.51 3.16 -79.6 -0.385    19.07 21.05 02a59205o0806c 0x000000 -0.400000
59205.568831 19.816329      NaN    1    14 c    0   1.22 160.08875 -46.41962  9134.71  3764.93 3.15 2.98  82.0 -0.396    19.19 21.08 02a59205o0810c 0x000000  0.071429
59205.572032 19.766969      NaN  -12    15 c    0   1.06 160.08875 -46.41962  9075.82  3685.72 3.30 2.99 -81.7 -0.389    19.19 21.09 02a59205o0817c 0x000000 -0.800000
59205.594852 20.009244      NaN  -16    12 c    0   1.81 160.08875 -46.41962  9053.71  3799.56 3.06 2.78 -76.1 -0.388    19.28 21.15 02a59205o0866c 0x000000 -1.333333
59207.556833 19.922338      NaN  -12    13 c    0   1.10 160.08875 -46.41962  8035.36  1253.36 3.61 3.09 -80.7 -0.334    19.26 21.25 01a59207o0773c 0x000000 -0.923077
59207.564584 19.529530      NaN   14    14 c    0   1.02 160.08875 -46.41962  8020.65  1212.84 3.57 3.23 -46.9 -0.316    19.27 21.27 01a59207o0789c 0x000000  1.000000
59207.567805 19.841877      NaN   -3    14 c    0   0.91 160.08875 -46.41962  8074.46  1289.58 3.17 2.86 -72.3 -0.356    19.40 21.30 01a59207o0796c 0x000000 -0.214286
59207.577962 19.569016      NaN   15    13 c    0   1.03 160.08875 -46.41962  8094.01  1172.54 3.15 2.78 -65.6 -0.350    19.46 21.34 01a59207o0818c 0x000000  1.153846
59223.508086 19.922338      NaN   -6    13 c    0   1.02 160.08875 -46.41962  8523.22  2885.41 3.12 2.88 -80.6 -0.317    19.32 21.44 01a59223o0678c 0x000000 -0.461538
59223.511315 19.841877      NaN   -4    14 c    0   0.93 160.08875 -46.41962  8504.90  2846.77 3.47 2.93 -87.8 -0.353    19.29 21.44 01a59223o0685c 0x000000 -0.285714
59223.522713 19.696897      NaN   -9    16 c    0   1.06 160.08875 -46.41962  8563.98  2920.20 3.80 3.22 -88.6 -0.357    19.19 21.46 01a59223o0709c 0x000000 -0.562500
59223.528706 19.791368      NaN    8    12 c    0   1.67 160.08875 -46.41962  8582.79  2804.30 3.80 3.45  87.8 -0.305    19.20 21.49 01a59223o0722c 0x000000  0.666667
59229.522201 20.009244      NaN  -19    12 c    0   0.78 160.08875 -46.41962  6073.74  3173.52 2.48 2.39  42.5 -0.402    19.48 21.36 02a59229o0707c 0x000000 -1.583333
59229.524487 20.103715      NaN  -11    11 c    0   1.42 160.08875 -46.41962  6093.07  3211.87 2.41 2.34  36.1 -0.407    19.49 21.36 02a59229o0712c 0x000000 -1.000000
59229.526772 20.009244      NaN   -2    12 c    0   1.07 160.08875 -46.41962  3939.58  7522.24 2.49 2.44  45.9 -0.394    19.53 21.44 02a59229o0717c 0x000000 -0.166667
59229.527230 20.103715      NaN  -12    11 c    0   1.02 160.08875 -46.41962  6034.30  3133.11 2.51 2.34  32.5 -0.404    19.49 21.38 02a59229o0718c 0x000000 -1.090909
59229.528603 20.009244      NaN  -16    12 c    0   1.01 160.08875 -46.41962  3958.17  7560.77 2.50 2.36 -63.5 -0.413    19.55 21.45 02a59229o0721c 0x000000 -1.333333
59229.531808 19.841877      NaN   -3    14 c    0   0.54 160.08875 -46.41962  3901.35  7483.54 2.48 2.36 -67.4 -0.407    19.57 21.46 02a59229o0728c 0x000000 -0.214286
59229.532723 19.922338      NaN  -17    13 c    0   0.69 160.08875 -46.41962  6013.82  3248.70 2.40 2.35  89.4 -0.406    19.54 21.40 02a59229o0730c 0x000000 -1.307692
59229.540901 19.652575      NaN   14    12 c    0   1.24 160.08875 -46.41962  3879.86  7599.60 2.47 2.38  35.8 -0.393    19.60 21.50 02a59229o0747c 0x000000  1.166667
59253.501958 19.922338      NaN   -9    13 c    0   0.83 160.08875 -46.41962  7156.42  7373.74 2.77 2.68  43.8 -0.386    19.39 21.41 02a59253o0354c 0x000000 -0.692308
59253.502415 20.103715      NaN   -3    11 c    0   0.81 160.08875 -46.41962  4825.75  5063.91 2.63 2.60 -45.5 -0.383    19.45 21.45 02a59253o0355c 0x000000 -0.272727
59253.505158 19.922338      NaN   -7    13 c    0   0.79 160.08875 -46.41962  7136.68  7336.25 2.89 2.79  16.3 -0.381    19.41 21.42 02a59253o0361c 0x000000 -0.538462
59253.505616 19.894850      NaN    7    11 c    0   1.06 160.08875 -46.41962  4806.58  5026.32 2.88 2.68  10.0 -0.378    19.39 21.46 02a59253o0362c 0x000000  0.636364
59253.512019 19.696897      NaN   12    12 c    0   1.06 160.08875 -46.41962  7196.66  7413.08 2.87 2.73  38.7 -0.382    19.39 21.44 02a59253o0376c 0x000000  1.000000
59253.512477 20.207197      NaN   -1    10 c    0   1.34 160.08875 -46.41962  4865.32  5104.07 2.82 2.66  44.0 -0.374    19.40 21.47 02a59253o0377c 0x000000 -0.100000
59253.522083 20.009244      NaN  -18    12 c    0   0.86 160.08875 -46.41962  7217.87  7298.59 2.83 2.67  42.4 -0.382    19.38 21.40 02a59253o0398c 0x000000 -1.500000
59253.522540 20.071303      NaN    1    11 c    0   1.00 160.08875 -46.41962  4885.90  4989.61 2.67 2.52  42.4 -0.382    19.43 21.42 02a59253o0399c 0x000000  0.090909
59257.449473 20.207197      NaN   -4    10 c    0   1.22 160.08875 -46.41962  5714.24  5489.16 2.83 2.42  38.5 -0.380    19.52 21.47 02a59257o0528c 0x000000 -0.400000
59257.449930 18.990530      NaN   38    18 c    0   0.76 160.08875 -46.41962  3383.28  3179.88 2.71 2.45  39.0 -0.394    19.45 21.43 02a59257o0529c 0x000000  2.111111
59257.452692 20.103715      NaN  -18    11 c    0   1.10 160.08875 -46.41962  5733.35  5527.70 2.59 2.41  45.8 -0.397    19.54 21.47 02a59257o0535c 0x000000 -1.636364
59257.453150 19.674510      NaN   16    11 c    0   1.26 160.08875 -46.41962  3403.23  3218.15 2.58 2.37  37.5 -0.398    19.48 21.44 02a59257o0536c 0x000000  1.454545
59257.456820 19.589310      NaN   14    13 c    0   0.98 160.08875 -46.41962  5676.65  5448.99 2.50 2.41  50.7 -0.401    19.51 21.47 02a59257o0544c 0x000000  1.076923
59257.457277 20.039830      NaN    8     9 c    0   1.70 160.08875 -46.41962  3344.68  3140.09 2.64 2.38  35.3 -0.395    19.46 21.43 02a59257o0545c 0x000000  0.888889
59257.462021 19.529530      NaN   20    12 c    0   1.10 160.08875 -46.41962  5656.02  5563.45 2.87 2.53  36.2 -0.381    19.41 21.49 02a59257o0555c 0x000000  1.666667
59257.462477 20.009244      NaN   -2    12 c    0   0.96 160.08875 -46.41962  3323.94  3255.29 2.65 2.43  37.6 -0.399    19.47 21.45 02a59257o0556c 0x000000 -0.166667
59289.422083 19.816329      NaN    7    12 c    0   0.91 160.08875 -46.41962  5363.77  6706.39 2.67 2.31  47.5 -0.397    19.46 21.33 02a59289o0313c 0x000000  0.583333
59289.423995 20.009244      NaN   -9    12 c    0   1.14 160.08875 -46.41962  7827.68  7360.35 2.81 2.39  43.8 -0.393    19.46 21.32 02a59289o0317c 0x000000 -0.750000
59289.425589 19.841877      NaN  -25    14 c    0   0.84 160.08875 -46.41962  5346.68  6666.64 2.47 2.35  67.4 -0.407    19.43 21.31 02a59289o0320c 0x000000 -1.785714
59289.429262 20.009244      NaN  -11    12 c    0   1.22 160.08875 -46.41962  7810.01  7320.02 2.89 2.44  41.8 -0.391    19.41 21.31 02a59289o0328c 0x000000 -0.916667
59289.431557 20.103715      NaN  -11    11 c    0   1.30 160.08875 -46.41962  5405.63  6745.35 2.82 2.30  43.1 -0.386    19.47 21.30 02a59289o0333c 0x000000 -1.000000
59289.432471 20.009244      NaN  -20    12 c    0   1.01 160.08875 -46.41962  7870.23  7399.83 2.77 2.41  46.1 -0.395    19.44 21.29 02a59289o0335c 0x000000 -1.666667
59289.443018 19.894850      NaN    7    11 c    0   1.13 160.08875 -46.41962  5426.88  6630.25 2.56 2.32  57.2 -0.400    19.46 21.28 02a59289o0358c 0x000000  0.636364
59289.447234 19.922338      NaN   -9    13 c    0   0.93 160.08875 -46.41962  7891.46  7285.39 2.90 2.43  43.7 -0.383    19.37 21.26 02a59289o0367c 0x000000 -0.692308
59337.274725 19.719755      NaN    2    15 c    0   0.87 160.08875 -46.41962  3401.21  6778.36 2.48 2.35  43.8 -0.382    19.11 20.81 02a59337o0104c 0x000000  0.133333
59337.275183 19.696897      NaN   -3    16 c    0   1.08 160.08875 -46.41962  5636.27  7380.02 2.76 2.36  41.1 -0.386    19.07 20.82 02a59337o0105c 0x000000 -0.187500
59337.280690 19.051202      NaN  -12    29 c    0   1.11 160.08875 -46.41962  5616.76  7342.09 2.60 2.43  48.3 -0.391    18.11 19.84 02a59337o0117c 0x000000 -0.413793
59337.281605 18.336727      NaN   -4    56 c    0   0.99 160.08875 -46.41962  3381.98  6741.02 2.62 2.35  39.2 -0.373    17.88 19.57 02a59337o0119c 0x100002 -0.071429
59337.284841 18.376212      NaN  -38    54 c    0   0.66 160.08875 -46.41962  5676.18  7419.78 2.80 2.39  42.9 -0.381    17.89 19.60 02a59337o0126c 0x100002 -0.703704
59337.285756 18.675237      NaN  -11    41 c    0   0.91 160.08875 -46.41962  3441.25  6819.59 2.59 2.31  41.5 -0.377    17.75 19.40 02a59337o0128c 0x100002 -0.268293
59337.295900 15.975080      NaN  183   432 c    0   0.82 160.08875 -46.41962  5698.10  7305.52 2.65 2.46  49.5 -0.398    15.95 17.72 02a59337o0150c 0x100002  0.423611
59337.297270 14.828006      NaN -442  1418 c    0   1.27 160.08875 -46.41962  3463.67  6704.36 2.57 2.37  46.9 -0.384    15.56 17.28 02a59337o0153c 0x100002 -0.311707
59349.244547 18.675237      NaN   18    35 c    0   0.89 160.08875 -46.41962  5422.09  7377.36 2.92 2.51  41.6 -0.368    18.48 19.60 02a59349o0007c 0x100002  0.514286
59349.247770 19.454622      NaN  -28    20 c    0   1.11 160.08875 -46.41962  5402.93  7339.82 2.80 2.43  42.6 -0.378    18.87 20.12 02a59349o0014c 0x000000 -1.400000
59349.256028 19.609992      NaN    1    17 c    0   0.80 160.08875 -46.41962  5460.03  7418.75 2.82 2.58  43.6 -0.377    19.07 20.67 02a59349o0032c 0x000000  0.058824
59349.268148 19.841877      NaN  -12    14 c    0   1.53 160.08875 -46.41962  5480.12  7304.45 2.86 2.58  46.3 -0.379    19.12 20.79 02a59349o0058c 0x000000 -0.857143
59585.583380 19.652575      NaN    2    16 c    0   1.05 160.08875 -46.41962  2918.31  7358.06 3.02 2.93  50.9 -0.365    19.06 21.08 02a59585o0702c 0x000000  0.125000
59585.583837 19.719755      NaN    2    15 c    0   1.08 160.08875 -46.41962  1007.65  4681.80 2.86 2.78  87.7 -0.409    19.11 21.12 02a59585o0703c 0x000000  0.133333
59585.608083 19.631075      NaN   -1    17 c    0   0.93 160.08875 -46.41962  2903.14  7320.59 3.30 3.20  64.8 -0.357    18.99 21.15 02a59585o0716c 0x000000 -0.058824
59585.608540 19.351140      NaN   18    16 c    0   1.19 160.08875 -46.41962   992.47  4642.80 3.28 3.21  84.0 -0.380    18.97 21.18 02a59585o0717c 0x000000  1.125000
59585.611285 19.696897      NaN   -2    16 c    0   1.19 160.08875 -46.41962  2962.36  7401.46 3.12 3.00  58.2 -0.374    19.06 21.16 02a59585o0723c 0x000000 -0.125000
59585.611741 19.696897      NaN    0    16 c    0   1.03 160.08875 -46.41962  1051.17  4724.69 2.95 2.86  71.6 -0.410    19.12 21.19 02a59585o0724c 0x000000  0.000000
59585.616772 19.569016      NaN   -5    18 c    0   0.75 160.08875 -46.41962  2983.77  7287.06 3.09 2.97 -73.7 -0.368    19.06 21.18 02a59585o0735c 0x000000 -0.277778
59585.617228 19.631075      NaN    6    15 c    0   1.02 160.08875 -46.41962  1071.69  4610.90 3.03 2.93  87.8 -0.386    19.10 21.22 02a59585o0736c 0x000000  0.400000