         MJD         m       dm   uJy  duJy F  err  chi/N     RA      Dec       x       y  maj  min   phi  apfit  mag5sig   Sky            Obs     Mask   __tmp_SN
57699.469342 19.401649      NaN    -7    21 c    0   1.15 62.259 -1.16002 3823.35 9459.84 3.53 3.20  -5.4 -0.419    19.50 21.25 02a57699o0552c 0x000000  -0.333333
57699.485246 19.302877      NaN   -84    23 c    0   1.12 62.259 -1.16002 3804.21 9421.93 3.51 3.18  -7.8 -0.432    19.38 21.13 02a57699o0583c 0x000000  -3.652174
57699.501130 19.454622      NaN   -34    20 c    0   1.22 62.259 -1.16002 3860.87 9500.48 3.48 3.08  -7.8 -0.448    19.45 21.22 02a57699o0614c 0x000000  -1.700000
57699.516533 18.816441      NaN  -101    36 c    0   1.51 62.259 -1.16002 3880.54 9383.57 3.59 3.29  -1.0 -0.406    18.64 20.35 02a57699o0644c 0x100002  -2.805556
57699.532477 18.376212      NaN  -106    54 c    0   1.33 62.259 -1.16002 3842.22 9441.34 3.58 3.23   1.0 -0.429    18.19 19.84 02a57699o0675c 0x100002  -1.962963
57716.470098 18.944322      NaN  -108    32 c    0   1.15 62.259 -1.16002 1616.24 7895.98 4.46 4.29  50.0 -0.376    18.81 20.85 02a57716o0555c 0x100002  -3.375000
57716.489603 18.417189      NaN  -132    52 c    0   1.02 62.259 -1.16002 1597.93 7857.75 4.44 3.84   8.2 -0.408    18.28 20.22 02a57716o0593c 0x100002  -2.538462
57716.501941 18.336727      NaN  -220    56 c    0   1.53 62.259 -1.16002 1655.01 7934.38 4.19 4.00  43.7 -0.390    18.01 19.91 02a57716o0617c 0x100002  -3.928571
57716.518346 18.910912      NaN  -112    33 c    0   1.13 62.259 -1.16002 1679.86 7816.19 4.33 4.20  54.3 -0.383    18.77 20.74 02a57716o0649c 0x100002  -3.393939
57716.530721 18.208845      NaN   -93    63 c    0   1.20 62.259 -1.16002 1643.81 7873.01 4.54 4.13  11.8 -0.383    17.92 19.80 02a57716o0673c 0x100002  -1.476190
57752.381165 16.427488      NaN  -179   325 c    0   1.23 62.259 -1.16002 2117.06 7631.28 3.94 3.60  60.1 -0.400    16.32 17.97 02a57752o0334c 0x100002  -0.550769
57752.396864 15.736776      NaN   -53   614 c    0   1.29 62.259 -1.16002 2100.34 7592.82 4.09 3.57  55.5 -0.412    15.37 17.02 02a57752o0364c 0x100002  -0.086319
57752.441507 16.508379      NaN    53   284 c    0   1.43 62.259 -1.16002 2145.76 7607.02 3.76 3.69  61.6 -0.411    16.25 17.88 02a57752o0452c 0x100002   0.186620
57756.361107 19.766969      NaN   -60    15 c    0   1.66 62.259 -1.16002 4401.16 6282.36 3.60 3.52  68.2 -0.420    19.81 21.83 02a57756o0317c 0x000000  -4.000000
57756.377126 19.841877      NaN   -55    14 c    0   1.30 62.259 -1.16002 4382.32 6241.72 3.58 3.51  78.7 -0.416    19.80 21.82 02a57756o0346c 0x000000  -3.928571
57756.383378 19.841877      NaN   -40    14 c    0   1.09 62.259 -1.16002 4441.67 6320.92 3.56 3.50  83.1 -0.425    19.80 21.81 02a57756o0358c 0x000000  -2.857143
57756.403223 19.766969      NaN   -49    15 c    0   1.13 62.259 -1.16002 4463.99 6201.47 3.55 3.50  86.9 -0.429    19.78 21.78 02a57756o0394c 0x000000  -3.266667
57756.418393 19.922338      NaN   -81    13 c    0   1.72 62.259 -1.16002 4427.71 6260.14 3.56 3.52  75.9 -0.432    19.75 21.73 02a57756o0420c 0x000000  -6.230769
57776.341922 19.631075      NaN   -45    17 c    0   1.07 62.259 -1.16002 2967.30 7046.26 3.73 3.60  60.2 -0.409    19.75 21.79 02a57776o0256c 0x000000  -2.647059
57776.358029 19.569016      NaN   -60    18 c    0   1.57 62.259 -1.16002 2948.72 7005.97 3.64 3.51  47.1 -0.424    19.45 21.40 02a57776o0287c 0x000000  -3.333333
57776.374730 19.766969      NaN   -84    15 c    0   1.41 62.259 -1.16002 3009.03 7082.83 3.90 3.76  50.1 -0.395    19.68 21.74 02a57776o0319c 0x000000  -5.600000
57776.391332 19.766969      NaN   -75    15 c    0   1.65 62.259 -1.16002 3030.40 6964.80 3.82 3.72  58.6 -0.395    19.67 21.70 02a57776o0351c 0x000000  -5.000000
57776.408522 18.550302      NaN  -182    46 c    0   1.65 62.259 -1.16002 2993.89 7020.81 3.81 3.66  52.7 -0.402    18.92 20.90 02a57776o0384c 0x100002  -3.956522
57780.331692 19.696897      NaN  -105    16 c    0   1.36 62.259 -1.16002 2803.15 8580.99 3.62 3.37  13.9 -0.424    19.76 21.77 02a57780o0233c 0x000000  -6.562500
57780.347384 19.766969      NaN   -92    15 c    0   1.56 62.259 -1.16002 2787.68 8541.03 3.59 3.39  13.6 -0.437    19.74 21.73 02a57780o0263c 0x000000  -6.133333
57780.364356 19.696897      NaN   -86    16 c    0   1.27 62.259 -1.16002 2847.03 8617.96 3.66 3.43  14.4 -0.423    19.70 21.67 02a57780o0295c 0x000000  -5.375000
57780.381198 19.569016      NaN   -61    18 c    0   1.23 62.259 -1.16002 2869.75 8499.05 3.67 3.44  14.5 -0.432    19.64 21.60 02a57780o0327c 0x000000  -3.388889
57780.398671 19.569016      NaN   -74    18 c    0   1.20 62.259 -1.16002 2832.46 8555.01 3.62 3.42  16.5 -0.425    19.60 21.50 02a57780o0360c 0x000000  -4.111111
57784.323710 19.696897      NaN   -52    16 c    0   1.27 62.259 -1.16002 4523.73 6757.76 3.68 3.61  50.3 -0.416    19.67 21.68 02a57784o0038c 0x000000  -3.250000
57784.338904 19.766969      NaN   -38    15 c    0   1.46 62.259 -1.16002 4505.94 6717.70 3.73 3.63  62.0 -0.409    19.63 21.62 02a57784o0067c 0x000000  -2.533333
57784.354771 19.696897      NaN   -80    16 c    0   1.37 62.259 -1.16002 4566.64 6794.45 3.82 3.73  56.9 -0.390    19.59 21.60 02a57784o0097c 0x000000  -5.000000
57784.369985 19.766969      NaN   -57    15 c    0   1.51 62.259 -1.16002 4587.92 6676.39 3.86 3.78  57.8 -0.381    19.53 21.52 02a57784o0126c 0x000000  -3.800000
57784.385774 19.631075      NaN   -53    17 c    0   1.25 62.259 -1.16002 4549.46 6733.79 3.92 3.84  74.9 -0.384    19.45 21.42 02a57784o0156c 0x000000  -3.117647
57804.317326 18.598565      NaN   -63    44 c    0   0.93 62.259 -1.16002 1632.41 9122.40 4.02 3.71  22.6 -0.418    18.25 20.08 02a57804o0214c 0x100002  -1.431818
57804.331683 15.061132      NaN -2460  1144 c    0   1.21 62.259 -1.16002 1654.01 9003.64 4.08 3.81  30.5 -0.479    16.11 17.73 02a57804o0242c 0x100002  -2.150350
57808.277328 18.034118      NaN   -59    74 c    0   1.51 62.259 -1.16002 1696.84 7822.42 3.84 3.63  46.8 -0.425    17.87 19.55 02a57808o0109c 0x100002  -0.797297
57808.291497 17.949472      NaN  -162    80 c    0   1.28 62.259 -1.16002 1679.91 7781.25 3.83 3.60  46.0 -0.425    18.14 19.77 02a57808o0137c 0x100002  -2.025000
57808.323692 18.298627      NaN  -166    58 c    0   1.18 62.259 -1.16002 1760.39 7739.02 3.80 3.65  54.5 -0.421    17.75 19.40 02a57808o0200c 0x100002  -2.862069
57808.339595 18.438271      NaN  -135    51 c    0   1.19 62.259 -1.16002 1725.33 7792.30 3.87 3.69  55.9 -0.408    18.06 19.65 02a57808o0231c 0x100002  -2.647059
57836.229498 18.094452      NaN   -21    70 c    0   1.24 62.259 -1.16002 2089.86 8151.14 4.20 3.79  36.0 -0.448    17.84 18.79 02a57836o0003c 0x100002  -0.300000
57836.233732 18.816441      NaN   -87    36 c    0   1.12 62.259 -1.16002 2072.76 8110.04 4.01 3.56  31.7 -0.394    18.27 19.55 02a57836o0011c 0x100002  -2.416667
57836.241003 19.014394      NaN  -114    30 c    0   1.38 62.259 -1.16002 2130.96 8186.82 3.95 3.58  33.2 -0.402    18.54 20.09 02a57836o0025c 0x100002  -3.800000
57836.251503 19.128787      NaN   -59    27 c    0   1.03 62.259 -1.16002 2150.26 8068.46 3.91 3.60  34.9 -0.411    18.59 20.16 02a57836o0045c 0x100002  -2.185185
57836.265706 19.169763      NaN   -67    26 c    0   1.62 62.259 -1.16002 2108.93 8125.61 3.91 3.70  43.8 -0.412    18.54 20.12 02a57836o0072c 0x100002  -2.576923
57840.238221 19.051202      NaN   -66    29 c    0   1.49 62.259 -1.16002 2313.38 7724.34 3.69 3.39  25.9 -0.410    18.44 19.79 02a57840o0019c 0x100002  -2.275862
57840.247225 19.051202      NaN   -11    29 c    0   1.45 62.259 -1.16002 2294.46 7683.46 3.75 3.45  30.3 -0.439    18.53 20.01 02a57840o0036c 0x100002  -0.379310
57840.259834 19.051202      NaN   -65    29 c    0   1.25 62.259 -1.16002 2352.64 7759.28 3.81 3.52  37.8 -0.439    18.46 19.94 02a57840o0060c 0x100002  -2.241379
58018.521314 20.321591      NaN   -26     9 c    0   1.70 62.259 -1.16002 6586.65 9072.49 2.66 2.60 -13.2 -0.399    19.67 21.40 02a58018o0341c 0x000000  -2.888889
58018.528114 20.207197      NaN   -36    10 c    0   1.58 62.259 -1.16002 6605.57 9113.29 2.58 2.53   3.2 -0.406    19.71 21.44 02a58018o0355c 0x000000  -3.600000
58018.535418 20.321591      NaN   -38     9 c    0   1.60 62.259 -1.16002 6546.10 9037.10 2.56 2.53 -28.5 -0.401    19.74 21.45 02a58018o0370c 0x000000  -4.222222
58018.542181 20.207197      NaN   -37    10 c    0   1.37 62.259 -1.16002 6525.40 9155.68 2.57 2.55 -38.0 -0.402    19.72 21.48 02a58018o0384c 0x000000  -3.700000
58074.438478 18.534680 0.077553   140    10 c    0   1.73 62.259 -1.16002 4854.01 2168.05 2.86 2.57  49.2 -0.412    19.72 21.56 02a58074o0416c 0x000000  14.000000
58074.448334 18.720295 0.101213   118    11 c    0   1.59 62.259 -1.16002 5638.49 8304.14 2.53 2.29  26.7 -0.462    19.73 21.52 02a58074o0433c 0x000000  10.727273
58074.457850 18.410251 0.069155   157    10 c    0   2.43 62.259 -1.16002 5580.15 8228.06 2.53 2.28  19.2 -0.461    19.74 21.51 02a58074o0450c 0x000000  15.700000
58074.467109 18.606822 0.082881   131    10 c    0   1.69 62.259 -1.16002 4908.64 2092.26 2.71 2.46  51.6 -0.413    19.73 21.52 02a58074o0467c 0x000000  13.100000
58078.448251 18.900000 0.086859   100     8 c    0   2.35 62.259 -1.16002 4843.53 7992.05 2.48 2.31  26.5 -0.460    19.83 21.71 02a58078o0548c 0x000000  12.500000
58078.457514 18.796518 0.078963   110     8 c    0   2.36 62.259 -1.16002 5643.35 2327.15 2.66 2.50  48.3 -0.403    19.79 21.71 02a58078o0565c 0x000000  13.750000
58082.408642 17.817577      NaN    61    70 c    0   0.91 62.259 -1.16002 5997.27 5743.31 2.48 2.34  48.6 -0.437    17.48 19.02 02a58082o0479c 0x100002   0.871429
58082.417708 17.057018      NaN   219   109 c    0   1.33 62.259 -1.16002 6015.82 5785.07 2.56 2.44  45.1 -0.452    16.95 18.50 02a58082o0496c 0x100002   2.009174
58110.371388 20.594452      NaN   -18     7 c    0   1.73 62.259 -1.16002 5718.72 3450.43 2.47 2.37 -84.3 -0.408    19.85 21.75 02a58110o0376c 0x000000  -2.571429
58110.379536 20.207197      NaN     9     7 c    0   1.83 62.259 -1.16002 5776.70 3528.15 2.55 2.46 -82.1 -0.406    19.82 21.77 02a58110o0393c 0x000000   1.285714
58134.386023 20.449472      NaN   -30     8 c    0   1.99 62.259 -1.16002 5609.49 4121.85 2.70 2.65  74.5 -0.413    19.69 21.76 02a58134o0406c 0x000000  -3.750000
58134.395978 20.449472      NaN   -36     8 c    0   2.10 62.259 -1.16002 5591.91 4082.92 2.82 2.76  78.2 -0.413    19.63 21.73 02a58134o0427c 0x000000  -4.500000
58134.406060 20.321591      NaN   -32     9 c    0   1.10 62.259 -1.16002 5651.14 4160.34 2.78 2.73 -76.2 -0.403    19.61 21.70 02a58134o0448c 0x000000  -3.555556
58134.416071 20.449472      NaN   -30     8 c    0   2.18 62.259 -1.16002 5671.78 4043.66 2.83 2.74 -82.7 -0.403    19.60 21.66 02a58134o0469c 0x000000  -3.750000
58398.601492 20.449472      NaN   -55     8 c    0   1.59 62.259 -1.16002 5734.47 3064.79 2.74 2.51 -68.6 -0.408    19.74 21.67 02a58398o0339c 0x000000  -6.875000
58398.612336 20.449472      NaN   -56     8 c    0   1.73 62.259 -1.16002 5717.11 3024.09 2.53 2.35 -74.7 -0.412    19.74 21.65 02a58398o0361c 0x000000  -7.000000
58402.589775 20.449472      NaN   -45     8 c    0   1.33 62.259 -1.16002 4205.19 2535.67 2.52 2.39  53.2 -0.401    19.81 21.60 02a58402o0572c 0x000000  -5.625000
58402.600528 20.103715      NaN   -42    11 c    0   1.12 62.259 -1.16002 4186.42 2496.87 2.59 2.48  56.8 -0.399    19.76 21.60 02a58402o0594c 0x000000  -3.818182
58402.610751 20.449472      NaN   -53     8 c    0   1.81 62.259 -1.16002 4245.15 2574.65 2.50 2.38  58.7 -0.402    19.81 21.61 02a58402o0615c 0x000000  -6.625000
58402.621500 20.449472      NaN   -39     8 c    0   1.68 62.259 -1.16002 4264.19 2460.00 2.53 2.42  58.9 -0.405    19.73 21.58 02a58402o0637c 0x000000  -4.875000
58430.539155 20.207197      NaN   -31    10 c    0   1.24 62.259 -1.16002 6594.58 4401.55 2.48 2.41  88.4 -0.423    19.67 21.41 02a58430o0721c 0x000000  -3.100000
58430.549104 20.449472      NaN   -57     8 c    0   2.02 62.259 -1.16002 6575.66 4364.53 2.45 2.36 -85.7 -0.426    19.71 21.41 02a58430o0742c 0x000000  -7.125000
58430.559224 19.351140      NaN   -53    22 c    0   1.12 62.259 -1.16002 6634.70 4442.06 2.55 2.46 -88.7 -0.421    18.75 20.38 02a58430o0763c 0x000000  -2.409091
58430.569264 19.766969      NaN   -32    15 c    0   0.84 62.259 -1.16002 6655.37 4325.68 2.51 2.41 -78.2 -0.422    19.35 21.01 02a58430o0784c 0x000000  -2.133333
58434.521297 20.594452      NaN   -64     7 c    0   2.02 62.259 -1.16002 6731.07 4205.29 2.62 2.51 -79.2 -0.414    19.69 21.63 02a58434o0718c 0x000000  -9.142857
58434.531265 20.449472      NaN   -34     8 c    0   2.15 62.259 -1.16002 6711.67 4168.65 2.60 2.50 -88.5 -0.412    19.68 21.59 02a58434o0739c 0x000000  -4.250000
58434.541304 20.207197      NaN   -42    10 c    0   1.44 62.259 -1.16002 6769.84 4246.52 2.59 2.48 -82.9 -0.421    19.66 21.55 02a58434o0760c 0x000000  -4.200000
58434.551303 20.207197      NaN   -51    10 c    0   1.42 62.259 -1.16002 6791.11 4129.87 2.63 2.48 -83.1 -0.411    19.70 21.52 02a58434o0781c 0x000000  -5.100000
58454.465141 20.449472      NaN   -63     8 c    0   1.63 62.259 -1.16002 4589.09 1497.14 2.79 2.50  41.4 -0.412    19.78 21.75 02a58454o0594c 0x000000  -7.875000
58454.474262 20.207197      NaN   -67    10 c    0   1.20 62.259 -1.16002 4568.85 1458.12 2.80 2.50  40.7 -0.410    19.75 21.76 02a58454o0613c 0x000000  -6.700000
58454.483332 20.321591      NaN   -53     9 c    0   1.49 62.259 -1.16002 4626.46 1537.87 2.63 2.40  45.3 -0.411    19.80 21.75 02a58454o0632c 0x000000  -5.888889
58454.492457 20.321591      NaN   -48     9 c    0   1.19 62.259 -1.16002 4647.25 1419.29 2.80 2.50  36.3 -0.410    19.71 21.73 02a58454o0651c 0x000000  -5.333333
58458.421386 20.594452      NaN   -75     7 c    0   2.97 62.259 -1.16002 6713.02 6924.95 2.57 2.51  56.2 -0.414    19.78 21.75 02a58458o0177c 0x000000 -10.714286
58458.430412 20.449472      NaN   -67     8 c    0   2.31 62.259 -1.16002 6693.05 6887.04 2.54 2.48  87.1 -0.424    19.79 21.74 02a58458o0195c 0x000000  -8.375000
58458.438880 20.449472      NaN   -55     8 c    0   1.84 62.259 -1.16002 6751.08 6965.93 2.62 2.52 -78.8 -0.408    19.73 21.73 02a58458o0212c 0x000000  -6.875000
58458.447955 20.449472      NaN   -40     8 c    0   1.51 62.259 -1.16002 6771.03 6850.96 2.56 2.49 -81.5 -0.426    19.75 21.70 02a58458o0230c 0x000000  -5.000000
58462.418534 20.321591      NaN   -54     9 c    0   1.42 62.259 -1.16002 4765.93 8859.92 2.76 2.69  -4.2 -0.430    19.67 21.75 02a58462o0497c 0x000000  -6.000000
58462.428359 20.449472      NaN   -60     8 c    0   2.61 62.259 -1.16002 4746.88 8820.78 2.90 2.86  11.7 -0.410    19.62 21.74 02a58462o0516c 0x000000  -7.500000
58462.436622 20.103715      NaN   -76    11 c    0   1.40 62.259 -1.16002 4804.46 8899.73 3.18 3.13 -33.4 -0.401    19.54 21.74 02a58462o0533c 0x000000  -6.909091
58462.445587 20.207197      NaN   -54    10 c    0   1.31 62.259 -1.16002 4824.57 8783.51 2.98 2.91  -8.0 -0.417    19.63 21.74 02a58462o0551c 0x000000  -5.400000
58486.375099 20.321591      NaN   -36     9 c    0   2.03 62.259 -1.16002  897.54 4963.03 2.45 2.42 -87.4 -0.433    19.67 21.64 02a58486o0392c 0x000000  -4.000000
58486.383749 20.449472      NaN   -51     8 c    0   1.81 62.259 -1.16002  879.19 4924.20 2.44 2.42  86.9 -0.431    19.63 21.63 02a58486o0410c 0x000000  -6.375000
58486.391878 20.207197      NaN   -39    10 c    0   1.33 62.259 -1.16002  939.49 5002.45 2.45 2.43 -73.2 -0.432    19.62 21.60 02a58486o0427c 0x000000  -3.900000
58486.400611 20.449472      NaN   -59     8 c    0   1.88 62.259 -1.16002  960.94 4885.58 2.45 2.40 -75.7 -0.428    19.64 21.58 02a58486o0445c 0x000000  -7.375000
58490.365969 20.321591      NaN   -59     9 c    0   2.21 62.259 -1.16002  895.83 1066.58 2.75 2.36  40.3 -0.485    19.66 21.61 02a58490o0369c 0x000000  -6.555556
58490.374677 20.321591      NaN   -74     9 c    0   1.93 62.259 -1.16002  875.86 1027.24 2.76 2.38  41.2 -0.483    19.62 21.62 02a58490o0387c 0x000000  -8.222222
58490.382722 20.207197      NaN   -55    10 c    0   1.25 62.259 -1.16002  935.55 1107.94 2.74 2.40  39.1 -0.474    19.65 21.61 02a58490o0404c 0x000000  -5.500000
58490.391374 20.207197      NaN   -34    10 c    0   1.79 62.259 -1.16002  956.56  989.89 2.73 2.37  40.4 -0.469    19.62 21.62 02a58490o0422c 0x000000  -3.400000
58494.334006 20.103715      NaN   -80    11 c    0   1.96 62.259 -1.16002  878.58 8850.81 2.70 2.62  -3.5 -0.435    19.57 21.61 02a58494o0297c 0x000000  -7.272727
58494.342129 19.841877      NaN   -65    14 c    0   1.45 62.259 -1.16002  859.42 8812.93 2.65 2.52  -0.7 -0.433    19.62 21.68 02a58494o0314c 0x000000  -4.642857
58494.350219 19.922338      NaN   -46    13 c    0   1.88 62.259 -1.16002  917.85 8891.23 2.62 2.50  -9.7 -0.443    19.63 21.71 02a58494o0331c 0x000000  -3.538462
58494.358315 19.922338      NaN   -65    13 c    0   1.61 62.259 -1.16002  938.14 8773.86 2.76 2.63 -14.3 -0.435    19.61 21.71 02a58494o0348c 0x000000  -5.000000
58518.329025 20.321591      NaN   -56     9 c    0   1.87 62.259 -1.16002 8639.93 6938.39 2.71 2.57 -85.1 -0.426    19.68 21.66 02a58518o0243c 0x000000  -6.222222
58518.337547 20.321591      NaN   -56     9 c    0   1.87 62.259 -1.16002 8621.26 6899.41 2.88 2.71 -79.7 -0.419    19.61 21.63 02a58518o0261c 0x000000  -6.222222
58518.345632 20.207197      NaN   -22    10 c    0   1.56 62.259 -1.16002 8681.24 6977.16 2.69 2.58 -73.2 -0.449    19.64 21.60 02a58518o0278c 0x000000  -2.200000
58518.354183 20.207197      NaN   -28    10 c    0   1.51 62.259 -1.16002 8702.27 6860.39 2.62 2.53 -52.5 -0.456    19.66 21.57 02a58518o0296c 0x000000  -2.800000
58578.227584 17.729132      NaN     6    96 c    0   1.26 62.259 -1.16002 2850.31 6921.18 3.01 2.28  46.4 -0.368    17.23 17.84 02a58578o0020c 0x100002   0.062500
58578.230388 18.623526      NaN  -118    43 c    0   1.75 62.259 -1.16002 2831.14 6881.52 3.01 2.32  46.8 -0.324    17.83 18.56 02a58578o0026c 0x100002  -2.744186
58578.235484 19.401649      NaN   -69    21 c    0   1.44 62.259 -1.16002 2889.14 6958.29 2.91 2.32  44.8 -0.343    18.67 19.67 02a58578o0037c 0x000000  -3.285714
58578.243123 19.766969      NaN   -48    15 c    0   1.33 62.259 -1.16002 2909.80 6841.36 2.70 2.27  48.0 -0.363    19.14 20.43 02a58578o0053c 0x000000  -3.200000
58582.228597 17.488335      NaN    40   109 c    0   1.18 62.259 -1.16002 8675.58 3068.27 3.07 2.72  38.5 -0.384    17.08 17.83 02a58582o0020c 0x100002   0.366972
58582.231393 18.317510      NaN    -4    57 c    0   1.54 62.259 -1.16002 8655.77 3029.37 3.04 2.75  35.2 -0.366    17.67 18.51 02a58582o0026c 0x100002  -0.070175
58582.236529 19.089302      NaN   -80    28 c    0   1.52 62.259 -1.16002 8712.70 3107.40 2.92 2.82  28.1 -0.380    18.43 19.49 02a58582o0037c 0x100002  -2.857143
58582.244128 19.401649      NaN    -7    21 c    0   1.06 62.259 -1.16002 8732.38 2990.81 2.71 2.67   2.4 -0.376    18.82 19.98 02a58582o0053c 0x000000  -0.333333
58702.600586 19.922338      NaN   -35    13 c    0   1.28 62.259 -1.16002 4701.07 9250.61 2.62 2.43   5.1 -0.420    19.60 21.42 02a58702o0752c 0x000000  -2.692308
58702.603845 16.334689      NaN   462   200 c    0   5.55 62.259 -1.16002 4708.63 9289.46 3.12 2.65  -9.6 -0.502    16.73 18.67 02a58702o0759c 0x100002   2.310000
58702.610261 20.103715      NaN   -61    11 c    0   1.51 62.259 -1.16002 4661.69 9210.60 2.48 2.39  39.3 -0.393    19.66 21.43 02a58702o0773c 0x000000  -5.545455
58702.618482 20.321591      NaN   -44     9 c    0   2.18 62.259 -1.16002 4637.46 9327.53 2.51 2.35  43.4 -0.391    19.63 21.30 02a58702o0789c 0x000000  -4.888889
58706.596347 20.103715      NaN   -49    11 c    0   1.36 62.259 -1.16002 4915.23 2951.28 2.56 2.30  43.6 -0.395    19.46 21.31 02a58706o0721c 0x000000  -4.454545
58706.599454 20.321591      NaN   -57     9 c    0   1.73 62.259 -1.16002 4935.81 2989.64 2.54 2.30  44.1 -0.396    19.64 21.47 02a58706o0727c 0x000000  -6.333333
58706.604797 20.449472      NaN   -52     8 c    0   2.23 62.259 -1.16002 4879.15 2911.54 2.56 2.33  43.6 -0.396    19.51 21.43 02a58706o0738c 0x000000  -6.500000
58706.616363 20.321591      NaN   -42     9 c    0   2.46 62.259 -1.16002 4861.23 3026.90 2.43 2.26  45.3 -0.398    19.70 21.52 02a58706o0762c 0x000000  -4.666667
58706.633523 18.336727      NaN  -184    56 c    0   0.71 62.259 -1.16002 4902.38 2968.31 2.61 2.29  36.0 -0.400    18.04 19.02 02a58706o0797c 0x100002  -3.285714
58726.553547 20.594452      NaN   -79     7 c    0   2.41 62.259 -1.16002 9128.73 1299.61 2.46 2.43  57.5 -0.399    19.63 21.60 02a58726o0698c 0x000000 -11.285714
58726.556975 20.207197      NaN   -32    10 c    0   1.59 62.259 -1.16002 9148.83 1338.04 2.43 2.37  69.1 -0.402    19.66 21.59 02a58726o0705c 0x000000  -3.200000
58726.563222 20.321591      NaN   -35     9 c    0   1.56 62.259 -1.16002 9091.91 1259.74 2.42 2.22 -60.6 -0.416    19.74 21.61 02a58726o0718c 0x000000  -3.888889
58726.574151 20.321591      NaN   -41     9 c    0   1.20 62.259 -1.16002 9069.32 1377.65 2.47 2.25 -61.2 -0.412    19.71 21.67 02a58726o0741c 0x000000  -4.555556
58730.572542 20.207197      NaN   -32    10 c    0   1.02 62.259 -1.16002 7281.91 7603.21 2.54 2.50  30.6 -0.397    19.68 21.44 02a58730o0737c 0x000000  -3.200000
58730.575832 20.207197      NaN    -8    10 c    0   1.68 62.259 -1.16002 7300.40 7642.63 2.52 2.47  37.9 -0.400    19.73 21.48 02a58730o0744c 0x000000  -0.800000
58730.581869 20.207197      NaN   -52    10 c    0   1.37 62.259 -1.16002 7241.58 7564.54 2.51 2.46  38.7 -0.403    19.74 21.54 02a58730o0757c 0x000000  -5.200000
58730.592103 20.449472      NaN   -46     8 c    0   1.95 62.259 -1.16002 7220.37 7681.72 2.49 2.47 -84.5 -0.406    19.76 21.57 02a58730o0779c 0x000000  -5.750000
58750.433219 20.103715      NaN   -29    11 c    0   1.72 62.259 -1.16002 1123.22 5071.75 2.68 2.36  31.2 -0.397    19.39 21.25 02a58750o0454c 0x000000  -2.636364
58750.436552 20.207197      NaN   -68    10 c    0   1.39 62.259 -1.16002 1142.22 5110.25 2.70 2.38  31.7 -0.395    19.46 21.29 02a58750o0461c 0x000000  -6.800000
58750.443208 20.321591      NaN   -38     9 c    0   1.50 62.259 -1.16002 1085.55 5032.64 2.62 2.33  28.0 -0.397    19.48 21.36 02a58750o0474c 0x000000  -4.222222
58750.456370 20.103715      NaN   -44    11 c    0   1.42 62.259 -1.16002 1065.52 5148.69 2.57 2.27  30.5 -0.418    19.56 21.44 02a58750o0501c 0x000000  -4.000000
58762.546775 20.103715      NaN   -49    11 c    0   1.91 62.259 -1.16002  812.10 9452.83 2.67 2.03 -51.0 -0.431    19.72 21.47 02a58762o0723c 0x000000  -4.454545
58762.550265 20.207197      NaN   -56    10 c    0   1.54 62.259 -1.16002  827.15 9493.81 2.48 2.00 -49.3 -0.457    19.72 21.49 02a58762o0730c 0x000000  -5.600000
58762.556582 20.321591      NaN   -49     9 c    0   2.46 62.259 -1.16002  769.55 9415.37 2.75 2.12 -50.5 -0.440    19.66 21.54 02a58762o0743c 0x000000  -5.444444
58762.568147 20.207197      NaN   -33    10 c    0   1.30 62.259 -1.16002  746.28 9535.39 2.72 2.05 -50.9 -0.436    19.73 21.54 02a58762o0766c 0x000000  -3.300000
58782.519222 20.103715      NaN   -50    11 c    0   1.41 62.259 -1.16002 3517.73  913.81 2.42 2.27 -75.0 -0.421    19.50 21.19 02a58782o0587c 0x000000  -4.545455
58782.522959 20.207197      NaN   -15    10 c    0   1.71 62.259 -1.16002 3498.87  874.40 2.44 2.27 -67.9 -0.421    19.42 21.12 02a58782o0595c 0x000000  -1.500000
58782.529592 20.009244      NaN   -43    12 c    0   1.72 62.259 -1.16002 3556.27  951.69 2.53 2.34 -66.7 -0.418    19.28 20.98 02a58782o0609c 0x000000  -3.583333
58782.541924 19.766969      NaN   -79    15 c    0   1.42 62.259 -1.16002 3570.21  834.98 2.50 2.35 -76.0 -0.420    19.07 20.71 02a58782o0635c 0x000000  -5.266667
58790.411955 20.449472      NaN   -46     8 c    0   2.39 62.259 -1.16002 2994.03 3042.39 2.27 2.18  36.3 -0.411    19.70 21.41 02a58790o0480c 0x000000  -5.750000
58790.415161 20.449472      NaN   -28     8 c    0   2.35 62.259 -1.16002 3012.25 3082.59 2.28 2.21  51.4 -0.408    19.72 21.42 02a58790o0487c 0x000000  -3.500000
58790.420690 20.594452      NaN   -40     7 c    0   1.97 62.259 -1.16002 2953.59 3003.50 2.26 2.25 -50.2 -0.408    19.75 21.42 02a58790o0499c 0x000000  -5.714286
58790.431822 20.449472      NaN   -43     8 c    0   1.80 62.259 -1.16002 2932.80 3121.73 2.29 2.25 -61.9 -0.405    19.72 21.47 02a58790o0523c 0x000000  -5.375000
58814.421886 19.302877      NaN   -21    23 c    0   1.24 62.259 -1.16002 9036.19 9587.42 2.87 2.69 -59.6 -0.388    18.90 20.78 02a58814o0423c 0x000000  -0.913043
58814.425116 19.696897      NaN   -47    16 c    0   1.52 62.259 -1.16002 9057.85 9625.27 2.87 2.66 -68.2 -0.371    19.17 21.07 02a58814o0430c 0x000000  -2.937500
58814.442854 18.944322      NaN   -86    32 c    0   2.12 62.259 -1.16002 1634.82  914.81 2.70 2.32 -60.6 -0.421    17.86 19.55 02a58814o0467c 0x100002  -2.687500
58846.330588 20.321591      NaN   -75     9 c    0   1.70 62.259 -1.16002 1344.00 7303.16 2.51 2.38 -42.7 -0.430    19.72 21.78 02a58846o0311c 0x000000  -8.333333
58846.333839 20.449472      NaN   -62     8 c    0   1.65 62.259 -1.16002 1325.95 7264.87 2.49 2.37 -40.3 -0.428    19.72 21.80 02a58846o0318c 0x000000  -7.750000
58846.340352 20.449472      NaN   -26     8 c    0   2.36 62.259 -1.16002 1385.55 7342.99 2.48 2.38 -37.5 -0.420    19.75 21.80 02a58846o0332c 0x000000  -3.250000
58846.352490 20.449472      NaN   -67     8 c    0   1.86 62.259 -1.16002 1406.07 7228.99 2.61 2.58 -49.6 -0.408    19.66 21.84 02a58846o0358c 0x000000  -8.375000
58866.377026 20.207197      NaN   -54    10 c    0   1.79 62.259 -1.16002 3382.41 9166.61 2.87 2.64 -49.7 -0.398    19.62 21.75 02a58866o0177c 0x000000  -5.400000
58866.380276 20.207197      NaN   -65    10 c    0   2.14 62.259 -1.16002 3364.10 9128.73 2.80 2.60 -53.4 -0.396    19.63 21.75 02a58866o0184c 0x000000  -6.500000
58866.385853 20.009244      NaN   -47    12 c    0   0.96 62.259 -1.16002 3422.28 9205.41 2.69 2.43 -48.4 -0.485    19.68 21.74 02a58866o0196c 0x000000  -3.916667
58866.396544 20.103715      NaN   -52    11 c    0   1.54 62.259 -1.16002 3445.77 9088.88 2.71 2.52 -49.2 -0.395    19.67 21.70 02a58866o0219c 0x000000  -4.727273
58870.302134 20.321591      NaN   -64     9 c    0   1.92 62.259 -1.16002 3389.50 9165.84 2.35 2.32 -71.1 -0.414    19.83 21.81 02a58870o0231c 0x000000  -7.111111
58870.305355 20.207197      NaN   -51    10 c    0   2.01 62.259 -1.16002 3371.15 9126.38 2.39 2.36  69.2 -0.405    19.81 21.82 02a58870o0238c 0x000000  -5.100000
58870.311352 20.321591      NaN   -49     9 c    0   2.08 62.259 -1.16002 3428.54 9203.28 2.39 2.35 -79.8 -0.405    19.82 21.82 02a58870o0251c 0x000000  -5.444444
58870.321295 20.207197      NaN   -75    10 c    0   2.25 62.259 -1.16002 3449.72 9087.94 2.41 2.35  79.1 -0.401    19.82 21.81 02a58870o0272c 0x000000  -7.500000
58874.340156 20.321591      NaN   -53     9 c    0   1.44 62.259 -1.16002 3198.93 5283.71 2.29 2.23  63.3 -0.410    19.79 21.75 02a58874o0308c 0x000000  -5.888889
58874.342933 20.321591      NaN   -75     9 c    0   1.35 62.259 -1.16002 3180.43 5243.74 2.29 2.23  65.3 -0.407    19.82 21.74 02a58874o0314c 0x000000  -8.333333
58874.349809 20.207197      NaN   -33    10 c    0   1.12 62.259 -1.16002 3239.02 5320.44 2.35 2.28  68.5 -0.403    19.77 21.75 02a58874o0329c 0x000000  -3.300000
58874.359955 20.449472      NaN   -62     8 c    0   1.86 62.259 -1.16002 3258.94 5204.73 2.40 2.36 -75.3 -0.405    19.71 21.75 02a58874o0351c 0x000000  -7.750000
58902.249709 20.321591      NaN   -15     9 c    0   2.01 62.259 -1.16002 5863.11 1321.15 2.50 2.28 -60.3 -0.412    19.65 21.38 02a58902o0093c 0x000000  -1.666667
58902.252593 20.103715      NaN   -13    11 c    0   1.00 62.259 -1.16002 5843.83 1281.72 2.51 2.32 -61.4 -0.414    19.63 21.38 02a58902o0099c 0x000000  -1.181818
58902.257717 20.207197      NaN    -3    10 c    0   1.70 62.259 -1.16002 5902.38 1360.57 2.56 2.30 -53.4 -0.409    19.62 21.38 02a58902o0110c 0x000000  -0.300000
58902.268375 20.009244      NaN    -7    12 c    0   0.97 62.259 -1.16002 5925.91 1239.82 2.56 2.27 -55.2 -0.409    19.62 21.40 02a58902o0133c 0x000000  -0.583333
58930.240946 20.009244      NaN    -1    12 c    0   1.60 62.259 -1.16002 3295.97 2963.84 2.75 2.30  47.2 -0.389    19.42 21.11 02a58930o0033c 0x000000  -0.083333
58930.243751 20.103715      NaN    -2    11 c    0   1.57 62.259 -1.16002 3277.48 2924.47 2.58 2.26  51.8 -0.401    19.49 21.13 02a58930o0039c 0x000000  -0.181818
58930.249303 20.207197      NaN   -17    10 c    0   1.62 62.259 -1.16002 3335.40 2999.65 2.51 2.31  58.4 -0.402    19.50 21.14 02a58930o0051c 0x000000  -1.700000
58930.259926 19.631075      NaN    21    10 c    0   1.17 62.259 -1.16002 3355.59 2883.24 2.52 2.35  60.5 -0.393    19.42 21.09 02a58930o0074c 0x000000   2.100000
59058.586556 19.491430      NaN    13    15 c    0   1.33 62.259 -1.16002 3068.32 4979.94 3.35 2.83  38.2 -0.370    19.22 21.15 02a59058o0739c 0x000000   0.866667
59058.589798 19.549093      NaN    19    12 c    0   1.79 62.259 -1.16002 3086.90 5018.69 3.15 2.62  35.7 -0.371    19.27 21.18 02a59058o0746c 0x000000   1.583333
59058.607589 20.009244      NaN   -31    12 c    0   1.25 62.259 -1.16002 3027.86 4939.07 2.92 2.40  34.3 -0.376    19.42 21.24 02a59058o0784c 0x000000  -2.583333
59058.619445 20.103715      NaN   -37    11 c    0   2.71 62.259 -1.16002 3006.29 5055.32 2.82 2.40  34.1 -0.381    19.21 20.70 02a59058o0808c 0x000000  -3.363636
59078.603173 19.979496 0.322786    37    11 c    0   1.39 62.259 -1.16002 7347.80 5275.51 2.84 2.45  37.1 -0.376    19.59 21.57 02a59078o0802c 0x000000   3.363636
59078.621338 20.207197      NaN   -14    10 c    0   1.73 62.259 -1.16002 7365.81 5314.82 2.58 2.34  38.5 -0.395    19.65 21.47 02a59078o0837c 0x000000  -1.400000
59078.629189 19.841877      NaN   -22    14 c    0   1.18 62.259 -1.16002 7309.06 5237.18 2.57 2.33  34.6 -0.393    19.31 20.71 02a59078o0854c 0x000000  -1.571429
59078.633332 19.142275      NaN     8    24 c    0   1.58 62.259 -1.16002 7289.19 5353.59 2.62 2.31  39.2 -0.392    18.61 19.85 02a59078o0863c 0x000000   0.333333
59082.569880 20.207197      NaN    -9    10 c    0   1.45 62.259 -1.16002 5333.25 7686.93 2.58 2.40  38.5 -0.402    19.56 21.33 02a59082o0737c 0x000000  -0.900000
59082.573576 19.979496      NaN     1    12 c    0   1.42 62.259 -1.16002 5351.80 7725.76 2.60 2.41  39.5 -0.404    19.56 21.35 02a59082o0745c 0x000000   0.083333
59082.580019 20.039830      NaN     2    11 c    0   1.27 62.259 -1.16002 5293.08 7647.64 2.58 2.37  42.2 -0.405    19.60 21.37 02a59082o0759c 0x000000   0.181818
59082.598219 20.103715      NaN   -31    11 c    0   1.50 62.259 -1.16002 5271.23 7762.93 2.53 2.38  42.5 -0.410    19.59 21.39 02a59082o0798c 0x000000  -2.818182
59086.591747 20.321591      NaN   -10     9 c    0   1.90 62.259 -1.16002 5329.97 7686.65 2.43 2.30 -43.7 -0.418    19.66 21.56 02a59086o0246c 0x000000  -1.111111
59086.595775 20.321591      NaN   -28     9 c    0   1.93 62.259 -1.16002 5345.80 7727.10 2.47 2.36 -39.4 -0.417    19.64 21.57 02a59086o0254c 0x000000  -3.111111
59086.613424 20.103715      NaN   -28    11 c    0   1.34 62.259 -1.16002 5290.83 7650.41 2.39 2.24 -48.1 -0.424    19.66 21.59 02a59086o0292c 0x000000  -2.545455
59086.624930 20.207197      NaN   -24    10 c    0   1.48 62.259 -1.16002 5270.25 7767.26 2.51 2.39 -46.2 -0.414    19.60 21.44 02a59086o0317c 0x000000  -2.400000
59106.560137 19.652575      NaN    17    11 c    0   1.26 62.259 -1.16002 4922.33 2948.28 2.42 2.29  31.2 -0.406    19.72 21.74 02a59106o0753c 0x000000   1.545455
59106.561971 19.766969      NaN    21     8 c    0   2.85 62.259 -1.16002 4941.22 2986.42 2.46 2.31  35.9 -0.402    19.68 21.73 02a59106o0757c 0x000000   2.625000
59106.567480 20.244005      NaN     5     8 c    0   2.23 62.259 -1.16002 4883.26 2908.95 2.45 2.33  29.8 -0.406    19.73 21.71 02a59106o0769c 0x000000   0.625000
59106.579029 20.207197      NaN    -9    10 c    0   1.44 62.259 -1.16002 4860.17 3026.50 2.42 2.26  38.2 -0.407    19.75 21.70 02a59106o0793c 0x000000  -0.900000
59110.524470 20.321591      NaN   -22     9 c    0   2.04 62.259 -1.16002 4913.23 2948.32 2.54 2.25  46.6 -0.403    19.66 21.52 02a59110o0678c 0x000000  -2.444444
59110.528202 20.207197      NaN     0    10 c    0   1.46 62.259 -1.16002 4936.30 2986.42 2.83 2.32  41.7 -0.392    19.60 21.54 02a59110o0686c 0x000000   0.000000
59110.533750 19.922338      NaN    12     9 c    0   1.98 62.259 -1.16002 4879.33 2908.74 2.63 2.27  45.2 -0.397    19.65 21.54 02a59110o0698c 0x000000   1.333333
59110.541172 20.321591      NaN    -4     9 c    0   1.59 62.259 -1.16002 4861.13 3025.97 2.58 2.25  40.8 -0.403    19.66 21.57 02a59110o0714c 0x000000  -0.444444
59114.526671 20.207197      NaN    -3    10 c    0   1.57 62.259 -1.16002 2830.90 7297.91 2.44 2.34  14.3 -0.391    19.60 21.44 02a59114o0687c 0x000000  -0.300000
59114.530850 20.207197      NaN   -35    10 c    0   1.77 62.259 -1.16002 2850.45 7337.09 2.49 2.45  -2.2 -0.393    19.60 21.47 02a59114o0696c 0x000000  -3.500000
59114.540990 19.868040      NaN    11    10 c    0   1.73 62.259 -1.16002 2789.50 7261.05 2.47 2.38  20.1 -0.393    19.63 21.48 02a59114o0717c 0x000000   1.100000
59114.548458 20.207197      NaN    -3    10 c    0   1.75 62.259 -1.16002 2770.38 7378.72 2.40 2.38   2.0 -0.397    19.60 21.47 02a59114o0733c 0x000000  -0.300000
59138.515180 19.791368      NaN    11    11 c    0   1.08 62.259 -1.16002 2901.18 1087.97 2.30 2.22 -73.4 -0.427    19.55 21.41 02a59138o0703c 0x000000   1.000000
59138.517009 20.103715      NaN    -8    11 c    0   1.15 62.259 -1.16002 2921.13 1127.43 2.31 2.23 -79.1 -0.429    19.62 21.52 02a59138o0707c 0x000000  -0.727273
59138.519752 19.609992      NaN    16    12 c    0   1.38 62.259 -1.16002 2862.63 1048.68 2.34 2.26 -76.3 -0.434    19.44 21.31 02a59138o0713c 0x000000   1.333333
59138.525277 19.652575      NaN     8    14 c    0   1.42 62.259 -1.16002 2843.09 1167.40 2.32 2.23 -78.8 -0.431    19.04 20.83 02a59138o0725c 0x000000   0.571429
59142.469677 20.009244      NaN    12     8 c    0   1.82 62.259 -1.16002 2892.43 1088.95 2.37 2.28 -81.9 -0.426    19.73 21.58 02a59142o0605c 0x000000   1.500000
59142.472919 20.449472      NaN   -28     8 c    0   2.15 62.259 -1.16002 2911.69 1128.19 2.42 2.32 -77.7 -0.424    19.74 21.61 02a59142o0612c 0x000000  -3.500000
59142.478932 20.282105      NaN     4     8 c    0   2.58 62.259 -1.16002 2852.25 1049.35 2.36 2.28 -86.4 -0.422    19.73 21.65 02a59142o0625c 0x000000   0.500000
59142.486357 20.039830      NaN    11     8 c    0   2.04 62.259 -1.16002 2833.20 1165.96 2.38 2.31 -85.5 -0.423    19.76 21.64 02a59142o0641c 0x000000   1.375000
59146.537915 20.137125      NaN     2    10 c    0   1.73 62.259 -1.16002 9440.67 5498.58 2.69 2.42  42.4 -0.393    19.72 21.55 02a59146o0705c 0x000000   0.200000
59146.542128 20.321591      NaN   -11     9 c    0   1.70 62.259 -1.16002 9421.69 5458.38 2.71 2.44  42.2 -0.393    19.69 21.55 02a59146o0714c 0x000000  -1.222222
59146.548099 20.321591      NaN   -24     9 c    0   1.63 62.259 -1.16002 9480.23 5537.15 2.72 2.48  48.1 -0.388    19.72 21.55 02a59146o0727c 0x000000  -2.666667
59146.558749 20.321591      NaN    -7     9 c    0   1.92 62.259 -1.16002 9503.77 5425.46 2.73 2.47  44.6 -0.393    19.69 21.57 02a59146o0750c 0x000000  -0.777778
59170.363717 20.207197      NaN    -2    10 c    0   1.17 62.259 -1.16002 7277.32 3343.37 2.34 2.26  43.9 -0.395    19.71 21.42 02a59170o0321c 0x000000  -0.200000
59170.370736 20.449472      NaN   -12     8 c    0   2.26 62.259 -1.16002 7304.65 3382.75 2.35 2.25  34.7 -0.395    19.73 21.44 02a59170o0336c 0x000000  -1.500000
59170.373963 20.449472      NaN    -4     8 c    0   1.89 62.259 -1.16002 7241.57 3304.76 2.38 2.22  37.6 -0.393    19.72 21.46 02a59170o0343c 0x000000  -0.500000
59170.411589 20.207197      NaN     6     8 c    0   2.28 62.259 -1.16002 7222.16 3422.53 2.34 2.20  32.4 -0.396    19.74 21.48 02a59170o0399c 0x000000   0.750000
59190.341612 20.071303      NaN     7     9 c    0   1.05 62.259 -1.16002 2998.49 3034.75 2.31 2.27 -81.7 -0.405    19.78 21.58 02a59190o0284c 0x000000   0.777778
59190.352700 20.321591      NaN     0     9 c    0   1.37 62.259 -1.16002 3025.45 3073.31 2.37 2.36 -82.7 -0.406    19.75 21.57 02a59190o0308c 0x000000   0.000000
59190.358185 20.207197      NaN     3     9 c    0   1.70 62.259 -1.16002 2967.84 2994.24 2.34 2.28  55.9 -0.418    19.76 21.58 02a59190o0320c 0x000000   0.333333
59190.383120 20.449472      NaN   -11     8 c    0   2.25 62.259 -1.16002 2943.44 3112.66 2.43 2.29  24.7 -0.403    19.75 21.57 02a59190o0371c 0x000000  -1.375000
59193.400833 20.039830      NaN     5    10 c    0   1.68 62.259 -1.16002 7579.77 7523.43 2.69 2.58  61.8 -0.405    19.76 21.77 02a59193o0478c 0x000000   0.500000
59193.404034 20.449472      NaN   -17     8 c    0   1.95 62.259 -1.16002 7560.71 7485.88 2.63 2.52  56.1 -0.407    19.77 21.77 02a59193o0485c 0x000000  -2.125000
59193.409537 20.171596      NaN     1    10 c    0   1.42 62.259 -1.16002 7619.60 7561.32 2.87 2.67  51.5 -0.391    19.71 21.78 02a59193o0497c 0x000000   0.100000
59193.444729 20.207197      NaN    -1    10 c    0   1.28 62.259 -1.16002 7638.01 7448.96 2.64 2.56  42.9 -0.404    19.75 21.81 02a59193o0573c 0x000000  -0.100000
59194.413607 20.449472      NaN    -8     8 c    0   2.43 62.259 -1.16002 9683.67 3167.87 2.64 2.43 -63.6 -0.401    19.75 21.86 02a59194o0499c 0x000000  -1.000000
59194.417293 20.321591      NaN    -9     9 c    0   1.90 62.259 -1.16002 9664.29 3125.48 2.63 2.40 -65.4 -0.401    19.79 21.85 02a59194o0507c 0x000000  -1.000000
59194.423693 20.282105      NaN     1     9 c    0   1.79 62.259 -1.16002 9723.47 3205.64 2.60 2.42 -66.5 -0.401    19.81 21.85 02a59194o0521c 0x000000   0.111111
59194.435660 20.103715      NaN     3    10 c    0   1.65 62.259 -1.16002 9744.29 3094.57 2.66 2.47 -60.0 -0.402    19.77 21.86 02a59194o0547c 0x000000   0.300000
59196.440362 20.071303      NaN     4    10 c    0   2.01 62.259 -1.16002 4731.76 9241.39 3.64 3.43 -77.5 -0.327    19.40 21.75 01a59196o0101c 0x000000   0.400000
59196.444048 19.529530      NaN    14    14 c    0   1.72 62.259 -1.16002 4751.07 9280.44 4.20 3.95 -66.2 -0.357    19.26 21.73 01a59196o0109c 0x000000   1.000000
59196.449619 20.207197      NaN   -16    10 c    0   1.56 62.259 -1.16002 4691.96 9202.67 3.18 3.03 -72.0 -0.345    19.49 21.75 01a59196o0121c 0x000000  -1.600000
59196.461633 19.816329      NaN     1    14 c    0   1.32 62.259 -1.16002 4673.21 9318.61 3.92 3.67 -75.1 -0.437    19.28 21.72 01a59196o0147c 0x000000   0.071429
59198.338600 19.609992      NaN     4    16 c    0   1.68 62.259 -1.16002  897.55 7395.55 2.46 2.12 -49.4 -0.435    19.19 20.95 02a59198o0334c 0x000000   0.250000
59198.341800 19.950541      NaN     2    12 c    0   1.25 62.259 -1.16002  918.83 7431.65 2.45 2.14 -49.2 -0.436    19.54 21.39 02a59198o0341c 0x000000   0.166667
59198.351949 19.696897      NaN   -11    16 c    0   1.13 62.259 -1.16002  860.61 7356.70 2.56 2.15 -53.6 -0.424    19.07 20.82 02a59198o0363c 0x000000  -0.687500
59198.375326 20.009244      NaN    -8    12 c    0   1.53 62.259 -1.16002  841.87 7476.94 2.44 2.09 -50.9 -0.434    19.30 21.09 02a59198o0412c 0x000000  -0.666667
59200.396467 20.321591      NaN   -40     9 c    0   2.14 62.259 -1.16002 4885.44 2951.00 2.33 2.22  -7.8 -0.381    19.72 21.72 01a59200o0347c 0x000000  -4.444444
59200.400244 20.207197      NaN   -24    10 c    0   1.34 62.259 -1.16002 4905.18 2989.83 2.45 2.25  -4.0 -0.372    19.32 21.31 01a59200o0355c 0x000000  -2.400000
59200.425246 20.449472      NaN    -6     8 c    0   1.33 62.259 -1.16002 4848.26 2911.75 2.46 2.30 -44.6 -0.372    19.78 21.86 01a59200o0406c 0x000000  -0.750000
59200.432667 20.449472      NaN    -9     8 c    0   1.90 62.259 -1.16002 4829.28 3026.26 2.79 2.29  -0.6 -0.374    19.74 21.85 01a59200o0422c 0x000000  -1.125000
59220.320458 20.449472      NaN   -10     8 c    0   1.81 62.259 -1.16002 9077.63 1269.61 2.64 2.46 -38.0 -0.371    19.83 21.85 01a59220o0279c 0x000000  -1.250000
59220.323687 20.071303      NaN    10     8 c    0   2.34 62.259 -1.16002 9098.05 1308.48 2.65 2.38 -26.8 -0.362    19.86 21.85 01a59220o0286c 0x000000   1.250000
59220.329681 20.137125      NaN     2    10 c    0   1.94 62.259 -1.16002 9040.59 1232.03 2.73 2.47 -13.7 -0.359    19.77 21.88 01a59220o0299c 0x000000   0.200000
59220.340762 20.071303      NaN    10     8 c    0   2.27 62.259 -1.16002 9021.67 1346.79 2.73 2.44 -17.5 -0.358    19.82 21.88 01a59220o0323c 0x000000   1.250000
59221.345791 20.321591      NaN     0     9 c    0   1.68 62.259 -1.16002 1257.68 5369.44 2.35 2.28  70.0 -0.440    19.77 21.77 02a59221o0333c 0x000000   0.000000
59221.348994 20.282105      NaN     4     8 c    0   2.02 62.259 -1.16002 1238.44 5331.95 2.42 2.30  52.9 -0.431    19.77 21.76 02a59221o0340c 0x000000   0.500000
59221.359131 20.207197      NaN    -6    10 c    0   0.96 62.259 -1.16002 1296.07 5410.13 2.36 2.28  69.4 -0.438    19.80 21.74 02a59221o0362c 0x000000  -0.600000
59221.364320 19.766969      NaN    18     9 c    0   1.53 62.259 -1.16002 1315.25 5294.49 2.34 2.27  58.7 -0.437    19.76 21.73 02a59221o0373c 0x000000   2.000000
59222.360818 20.321591      NaN    -8     9 c    0   1.54 62.259 -1.16002 1254.14 5367.69 2.42 2.35 -86.9 -0.431    19.74 21.72 02a59222o0365c 0x000000  -0.888889
59222.366781 20.103715      NaN     9     8 c    0   2.02 62.259 -1.16002 1234.32 5328.76 2.46 2.39  79.4 -0.442    19.71 21.72 02a59222o0378c 0x000000   1.125000
59222.369990 20.449472      NaN   -13     8 c    0   2.48 62.259 -1.16002 1293.04 5405.64 2.43 2.36 -78.3 -0.428    19.71 21.72 02a59222o0385c 0x000000  -1.625000
59222.380103 20.321591      NaN   -10     9 c    0   1.72 62.259 -1.16002 1314.44 5289.86 2.53 2.44 -68.3 -0.426    19.66 21.72 02a59222o0407c 0x000000  -1.111111
59224.341807 20.449472      NaN    -9     8 c    0   1.91 62.259 -1.16002 7283.77 7585.91 2.53 2.38 -87.9 -0.388    19.77 21.82 01a59224o0258c 0x000000  -1.125000
59224.346416 20.244005      NaN     2     9 c    0   1.69 62.259 -1.16002 7303.79 7624.46 2.57 2.23 -89.1 -0.387    19.76 21.80 01a59224o0268c 0x000000   0.222222
59224.353427 20.207197      NaN     6     8 c    0   2.00 62.259 -1.16002 7245.83 7546.87 2.52 2.31 -89.1 -0.391    19.76 21.66 01a59224o0283c 0x000000   0.750000
59224.368664 20.071303      NaN    10     8 c    0   2.71 62.259 -1.16002 7227.71 7662.52 2.50 2.36 -61.5 -0.385    19.76 21.71 01a59224o0316c 0x000000   1.250000
59226.354881 19.894850      NaN    10    10 c    0   1.91 62.259 -1.16002 9639.12 9393.21 2.85 2.78 -76.7 -0.372    19.79 21.87 02a59226o0348c 0x000000   1.000000
59226.358088 20.207197      NaN   -15    10 c    0   2.02 62.259 -1.16002 9619.34 9353.49 2.86 2.74 -69.6 -0.373    19.78 21.85 02a59226o0355c 0x000000  -1.500000
59226.364071 19.868040      NaN     8    11 c    0   1.37 62.259 -1.16002 9677.99 9433.61 2.98 2.91 -71.6 -0.395    19.69 21.87 02a59226o0368c 0x000000   0.727273
59226.377835 20.103715      NaN   -14    11 c    0   1.33 62.259 -1.16002 9698.38 9317.77 2.86 2.76 -62.8 -0.374    19.77 21.88 02a59226o0398c 0x000000  -1.272727
59228.355494 20.137125      NaN     8     8 c    0   2.49 62.259 -1.16002 7282.61 7576.68 2.95 2.66 -87.0 -0.362    19.64 21.84 01a59228o0068c 0x000000   1.000000
59228.360112 20.321591      NaN   -21     9 c    0   1.55 62.259 -1.16002 7300.13 7616.33 2.86 2.71 -74.4 -0.364    19.63 21.81 01a59228o0078c 0x000000  -2.333333
59228.366574 20.071303      NaN     4    10 c    0   1.61 62.259 -1.16002 7241.93 7539.27 2.84 2.70 -63.4 -0.370    19.63 21.80 01a59228o0092c 0x000000   0.400000
59228.376724 20.594452      NaN   -34     7 c    0   2.26 62.259 -1.16002 7223.82 7657.18 2.90 2.74 -79.8 -0.364    19.61 21.79 01a59228o0114c 0x000000  -4.857143
59230.311616 20.103715      NaN   -12    11 c    0   1.59 62.259 -1.16002 9641.68 9388.77 2.84 2.74 -88.0 -0.381    19.78 21.66 02a59230o0250c 0x000000  -1.090909
59230.314832 20.103715      NaN   -16    11 c    0   1.82 62.259 -1.16002 9623.64 9351.29 2.92 2.74 -69.6 -0.378    19.77 21.66 02a59230o0257c 0x000000  -1.454545
59230.320327 20.207197      NaN   -27    10 c    0   1.71 62.259 -1.16002 9683.76 9431.66 2.90 2.74 -69.1 -0.377    19.77 21.69 02a59230o0269c 0x000000  -2.700000
59230.331872 19.549093      NaN    19    12 c    0   1.42 62.259 -1.16002 9700.59 9314.47 2.92 2.73 -65.0 -0.374    19.77 21.71 02a59230o0294c 0x000000   1.583333
59248.347757 20.282105      NaN     4     8 c    0   1.74 62.259 -1.16002 4998.87 4878.46 2.39 2.11 -81.5 -0.384    19.80 21.74 01a59248o0256c 0x000000   0.500000
59248.351904 20.594452      NaN    -6     7 c    0   2.47 62.259 -1.16002 5018.83 4918.91 2.47 2.18 -84.9 -0.380    19.74 21.74 01a59248o0265c 0x000000  -0.857143
59248.358358 20.449472      NaN     3     7 c    0   1.72 62.259 -1.16002 4958.55 4842.49 2.59 2.42 -79.5 -0.367    19.63 21.71 01a59248o0279c 0x000000   0.428571
59248.378241 20.449472      NaN   -11     8 c    0   1.79 62.259 -1.16002 4942.33 4961.64 2.70 2.48 -69.6 -0.361    19.55 21.59 01a59248o0322c 0x000000  -1.375000
59252.313690 19.979496      NaN    10     9 c    0   1.46 62.259 -1.16002 4999.46 4878.45 2.63 2.33 -86.3 -0.376    19.68 21.81 01a59252o0238c 0x000000   1.111111
59252.316913 20.449472      NaN   -14     8 c    0   1.42 62.259 -1.16002 5019.01 4917.56 2.59 2.40 -87.8 -0.373    19.71 21.80 01a59252o0245c 0x000000  -1.750000
59252.324329 20.244005      NaN     2     9 c    0   1.42 62.259 -1.16002 4959.56 4842.43 2.41 2.18 -85.9 -0.385    19.76 21.76 01a59252o0261c 0x000000   0.222222
59252.335877 20.449472      NaN   -11     8 c    0   1.62 62.259 -1.16002 4938.95 4957.40 2.55 2.30 -86.9 -0.375    19.68 21.69 01a59252o0286c 0x000000  -1.375000
59256.309333 20.321591      NaN   -31     9 c    0   1.98 62.259 -1.16002  833.13 9483.08 2.56 2.27 -67.1 -0.391    19.72 21.71 01a59256o0226c 0x000000  -3.444444
59256.312557 20.207197      NaN    -1    10 c    0   1.70 62.259 -1.16002  852.60 9522.47 2.72 2.41 -66.4 -0.396    19.67 21.71 01a59256o0233c 0x000000  -0.100000
59256.319009 20.321591      NaN     0     9 c    0   1.63 62.259 -1.16002  794.13 9444.47 2.69 2.37 -64.1 -0.390    19.67 21.69 01a59256o0247c 0x000000   0.000000
59256.331461 19.766969      NaN    15    10 c    0   1.92 62.259 -1.16002  772.41 9562.37 2.86 2.55 -57.8 -0.385    19.59 21.68 01a59256o0274c 0x000000   1.500000
59258.267344 20.207197      NaN   -23    10 c    0   1.57 62.259 -1.16002 7500.51 5588.85 2.52 2.44  71.8 -0.400    19.72 21.62 02a59258o0113c 0x000000  -2.300000
59258.270560 20.321591      NaN    -4     9 c    0   1.67 62.259 -1.16002 7481.53 5549.99 2.55 2.45  69.5 -0.395    19.69 21.62 02a59258o0120c 0x000000  -0.444444
59258.277031 19.743105      NaN    10    12 c    0   1.38 62.259 -1.16002 7538.73 5627.96 2.57 2.47  61.8 -0.488    19.72 21.63 02a59258o0134c 0x000000   0.833333
59258.289850 20.321591      NaN    -6     9 c    0   1.44 62.259 -1.16002 7558.60 5512.48 2.58 2.50  79.9 -0.392    19.69 21.62 02a59258o0162c 0x000000  -0.666667
59260.272222 20.449472      NaN   -14     8 c    0   1.97 62.259 -1.16002  825.44 9484.34 2.19 1.94 -69.7 -0.470    19.91 21.75 01a59260o0073c 0x000000  -1.750000
59260.275448 20.449472      NaN   -19     8 c    0   2.99 62.259 -1.16002  844.85 9524.14 2.22 1.96 -69.0 -0.429    19.87 21.74 01a59260o0080c 0x000000  -2.375000
59260.281517 20.321591      NaN     6     7 c    0   1.80 62.259 -1.16002  787.41 9446.52 2.30 2.03 -73.4 -0.427    19.82 21.75 01a59260o0093c 0x000000   0.857143
59260.294076 20.071303      NaN     4    10 c    0   1.29 62.259 -1.16002  769.37 9567.05 2.32 2.01 -71.2 -0.429    19.84 21.76 01a59260o0120c 0x000000   0.400000
59278.227274 19.436675      NaN     7    18 c    0   0.96 62.259 -1.16002 3215.96 5286.01 2.66 2.34  44.8 -0.384    19.06 20.40 02a59278o0009c 0x000000   0.388889
59278.230476 19.491430      NaN    19    13 c    0   1.29 62.259 -1.16002 3196.51 5247.50 2.52 2.27  48.5 -0.394    19.43 20.96 02a59278o0016c 0x000000   1.461538
59278.236891 20.103715      NaN   -16    11 c    0   2.31 62.259 -1.16002 3255.43 5323.70 2.50 2.27  49.9 -0.397    19.47 21.07 02a59278o0030c 0x000000  -1.454545
59278.247442 19.766969      NaN     9    12 c    0   1.54 62.259 -1.16002 3276.42 5207.51 2.47 2.28  53.4 -0.401    19.30 20.87 02a59278o0053c 0x000000   0.750000
59436.586056 20.449472      NaN   -10     8 c    0   2.16 62.259 -1.16002 7687.12 9476.36 2.40 2.38 -75.8 -0.340    19.76 21.53 01a59436o0749c 0x000000  -1.250000
59436.590204 20.244005      NaN     2     9 c    0   1.73 62.259 -1.16002 7667.94 9436.20 2.25 2.16 -69.6 -0.348    19.83 21.54 01a59436o0758c 0x000000   0.222222
59436.596654 20.449472      NaN   -20     8 c    0   2.26 62.259 -1.16002 7727.54 9513.64 2.29 2.21 -77.2 -0.348    19.82 21.56 01a59436o0772c 0x000000  -2.500000
59436.614684 20.449472      NaN    -7     8 c    0   1.59 62.259 -1.16002 7754.59 9397.08 2.23 2.15 -66.9 -0.348    19.88 21.57 01a59436o0811c 0x000000  -0.875000
59440.607489 20.207197      NaN   -13    10 c    0   1.63 62.259 -1.16002 9439.50 5492.00 2.47 2.46 -19.3 -0.405    19.76 21.59 01a59440o0809c 0x000000  -1.300000
59440.613021 20.207197      NaN    -3    10 c    0   1.98 62.259 -1.16002 9421.59 5453.63 3.54 3.26  -3.2 -0.339    19.40 21.60 01a59440o0821c 0x000000  -0.300000
59440.626966 19.529530      NaN    11    15 c    0   1.09 62.259 -1.16002 9482.98 5529.70 3.37 2.93  -7.9 -0.363    19.19 20.67 01a59440o0851c 0x000000   0.733333
59440.632093 18.702047      NaN    39    27 c    0   0.83 62.259 -1.16002 9502.58 5412.35 2.97 2.64  -0.3 -0.387    18.60 19.38 01a59440o0862c 0x100002   1.444444
59444.565506 20.103715      NaN   -38    11 c    0   1.29 62.259 -1.16002 9436.76 5498.70 2.46 2.40  75.7 -0.396    19.69 21.44 01a59444o0671c 0x000000  -3.454545
59444.568276 20.321591      NaN   -32     9 c    0   1.82 62.259 -1.16002 9418.92 5460.93 2.40 2.36 -80.3 -0.397    19.71 21.45 01a59444o0677c 0x000000  -3.555556
59444.576108 19.868040      NaN    14     9 c    0   2.06 62.259 -1.16002 9478.72 5538.03 2.50 2.41 -78.8 -0.408    19.78 21.52 01a59444o0694c 0x000000   1.555556
59444.586708 19.841877      NaN    15     9 c    0   2.21 62.259 -1.16002 9503.28 5421.36 2.41 2.33  27.2 -0.395    19.83 21.58 01a59444o0717c 0x000000   1.666667
59462.558592 20.321591      NaN   -24     9 c    0   1.82 62.259 -1.16002 3072.38 4982.19 2.30 2.23  41.0 -0.405    19.68 21.47 02a59462o0645c 0x000000  -2.666667
59462.565965 20.449472      NaN    -7     8 c    0   2.13 62.259 -1.16002 3094.55 5021.34 2.35 2.27  49.9 -0.402    19.68 21.50 02a59462o0661c 0x000000  -0.875000
59462.569168 20.321591      NaN    -6     9 c    0   1.51 62.259 -1.16002 3036.59 4943.75 2.34 2.22  40.6 -0.404    19.71 21.52 02a59462o0668c 0x000000  -0.666667
59462.580213 20.321591      NaN   -22     9 c    0   1.64 62.259 -1.16002 3015.24 5060.09 2.37 2.26  39.9 -0.404    19.68 21.59 02a59462o0692c 0x000000  -2.444444
59466.541700 20.321591      NaN   -20     9 c    0   1.77 62.259 -1.16002 7180.63 1400.96 2.33 2.23 -68.2 -0.406    19.71 21.57 02a59466o0702c 0x000000  -2.222222
59466.545841 20.171596      NaN     1    10 c    0   1.16 62.259 -1.16002 7199.97 1440.27 2.31 2.23 -68.6 -0.407    19.70 21.56 02a59466o0711c 0x000000   0.100000
59466.551360 20.449472      NaN   -30     8 c    0   2.07 62.259 -1.16002 7142.18 1361.76 2.31 2.24 -70.0 -0.410    19.76 21.56 02a59466o0723c 0x000000  -3.750000
59466.563320 20.137125      NaN     5     9 c    0   1.42 62.259 -1.16002 7121.01 1479.15 2.31 2.25 -72.8 -0.405    19.70 21.58 02a59466o0749c 0x000000   0.555556
59470.561479 20.207197      NaN   -17    10 c    0   1.21 62.259 -1.16002 7183.91 1399.25 2.33 2.17 -64.9 -0.409    19.65 21.39 02a59470o0705c 0x000000  -1.700000
59470.563311 20.103715      NaN   -22    11 c    0   1.35 62.259 -1.16002 7202.70 1438.10 2.36 2.23 -68.2 -0.407    19.67 21.40 02a59470o0709c 0x000000  -2.000000
59470.566530 20.321591      NaN    -8     9 c    0   1.86 62.259 -1.16002 7144.89 1360.29 2.36 2.21 -66.6 -0.406    19.67 21.43 02a59470o0716c 0x000000  -0.888889
59470.571587 20.207197      NaN   -23    10 c    0   1.27 62.259 -1.16002 7124.63 1477.91 2.35 2.23 -67.7 -0.407    19.64 21.45 02a59470o0727c 0x000000  -2.300000
59518.438348 19.868040      NaN    11    10 c    0   1.29 62.259 -1.16002 2842.51 7294.99 2.27 2.25  41.5 -0.398    19.77 21.61 02a59518o0550c 0x000000   1.100000
59518.443868 20.321591      NaN    -3     9 c    0   1.78 62.259 -1.16002 2866.60 7332.79 2.31 2.24   2.6 -0.406    19.77 21.63 02a59518o0562c 0x000000  -0.333333
59518.454603 19.609992      NaN    19    11 c    0   1.41 62.259 -1.16002 2810.71 7256.11 2.31 2.23   6.0 -0.405    19.75 21.62 02a59518o0585c 0x000000   1.727273
59518.457803 20.449472      NaN   -12     8 c    0   2.26 62.259 -1.16002 2792.91 7370.14 2.27 2.21   6.1 -0.406    19.75 21.62 02a59518o0592c 0x000000  -1.500000
59522.504287 19.766969      NaN     9    12 c    0   1.50 62.259 -1.16002 1428.82 9260.36 2.53 2.41 -50.4 -0.426    19.61 21.46 02a59522o0705c 0x000000   0.750000
59522.533069 20.207197      NaN   -22    10 c    0   1.36 62.259 -1.16002 1407.43 9221.53 2.43 2.30 -57.8 -0.435    19.68 21.52 02a59522o0767c 0x000000  -2.200000
59522.536444 20.207197      NaN    -8    10 c    0   1.55 62.259 -1.16002 1465.70 9301.90 2.43 2.34 -62.0 -0.431    19.68 21.53 02a59522o0774c 0x000000  -0.800000
59522.564718 20.207197      NaN   -20    10 c    0   2.21 62.259 -1.16002 1481.45 9183.21 2.50 2.34 -50.7 -0.431    19.62 21.48 02a59522o0835c 0x000000  -2.000000
59526.428069 20.321591      NaN     0     9 c    0   1.88 62.259 -1.16002 9155.14 1299.28 2.49 2.20 -59.1 -0.411    19.68 21.53 02a59526o0535c 0x000000   0.000000
59526.431272 20.321591      NaN   -22     9 c    0   1.27 62.259 -1.16002 9175.61 1337.95 2.51 2.21 -57.7 -0.472    19.70 21.53 02a59526o0542c 0x000000  -2.444444
59526.435408 20.207197      NaN    -8    10 c    0   1.69 62.259 -1.16002 9119.09 1261.31 2.51 2.19 -58.1 -0.414    19.72 21.54 02a59526o0551c 0x000000  -0.800000
59526.441356 20.207197      NaN    -2    10 c    0   1.02 62.259 -1.16002 9097.27 1378.83 2.47 2.19 -58.6 -0.408    19.71 21.53 02a59526o0564c 0x000000  -0.200000