         MJD         m       dm   uJy  duJy F  err    chi/N        RA      Dec        x        y  maj  min   phi  apfit  mag5sig   Sky            Obs     Mask   __tmp_SN
57756.582236 19.631075      NaN  -347    17 c    0     4.86 149.52552 10.35937  6283.68  9235.66 3.39 3.09 -30.7 -0.417    19.74 21.69 02a57756o0709c 0x000000 -20.411765
57756.597745 19.631075      NaN  -426    17 c    0     5.01 149.52552 10.35937  6264.82  9198.19 3.35 3.03 -31.2 -0.420    19.74 21.66 02a57756o0738c 0x000000 -25.058824
57756.627606 19.569016      NaN  -380    18 c    0     2.99 149.52552 10.35937  6341.16  9157.97 3.37 3.04 -26.2 -0.417    19.73 21.64 02a57756o0792c 0x000000 -21.111111
57756.630790 19.631075      NaN  -317    17 c    0     4.09 149.52552 10.35937  6300.27  9215.12 3.32 3.02 -34.7 -0.418    19.72 21.63 02a57756o0797c 0x000000 -18.647059
57776.565945 19.212347      NaN  -465    25 c    0     2.85 149.52552 10.35937  8918.00   387.54 3.96 3.91  66.0 -0.417    19.72 21.74 02a57776o0670c 0x000000 -18.600000
57776.578162 19.631075      NaN  -446    17 c    0     4.83 149.52552 10.35937  4826.91  9970.80 3.85 3.71  15.8 -0.417    19.37 21.34 02a57776o0691c 0x000000 -26.235294
57776.581030 19.302877      NaN  -444    23 c    0     2.93 149.52552 10.35937  8901.66   348.84 3.93 3.85  44.7 -0.420    19.66 21.61 02a57776o0697c 0x000000 -19.304348
57776.599332 19.569016      NaN  -372    18 c    0     4.44 149.52552 10.35937  4887.72 10046.20 3.84 3.69  14.0 -0.418    19.64 21.60 02a57776o0734c 0x000000 -20.666667
57776.601238 19.256669      NaN  -370    24 c    0     3.27 149.52552 10.35937  8962.35   426.96 3.98 3.86  37.9 -0.415    19.64 21.58 02a57776o0738c 0x000000 -15.416667
57776.609538 19.510313      NaN  -341    19 c    0     4.86 149.52552 10.35937  4907.27  9929.68 3.85 3.72  15.4 -0.421    19.61 21.54 02a57776o0753c 0x000000 -17.947368
57776.621328 19.256669      NaN  -327    24 c    0     3.30 149.52552 10.35937  8985.15   308.25 3.98 3.92  24.1 -0.411    19.58 21.50 02a57776o0775c 0x000000 -13.625000
57776.622284 19.302877      NaN  -365    23 c    0     2.66 149.52552 10.35937  8945.68   367.15 3.91 3.83  32.7 -0.423    19.60 21.49 02a57776o0777c 0x000000 -15.869565
57776.623235 19.696897      NaN  -397    16 c    0     5.31 149.52552 10.35937  4869.85  9985.59 3.87 3.75  15.9 -0.413    19.56 21.47 02a57776o0779c 0x000000 -24.812500
57780.556420 19.841877      NaN  -437    14 c    0     2.82 149.52552 10.35937  8752.62  1932.76 3.81 3.56  87.9 -0.415    19.78 21.75 02a57780o0650c 0x000000 -31.214286
57780.574128 19.841877      NaN  -349    14 c    0     2.31 149.52552 10.35937  8715.05  1895.24 3.84 3.58  89.5 -0.411    19.78 21.76 02a57780o0681c 0x000000 -24.928571
57780.589905 19.696897      NaN  -324    16 c    0     2.52 149.52552 10.35937  8793.19  1973.59 3.86 3.61  88.1 -0.413    19.76 21.73 02a57780o0709c 0x000000 -20.250000
57780.609191 19.766969      NaN  -343    15 c    0     1.87 149.52552 10.35937  8818.13  1853.93 3.86 3.62  87.2 -0.413    19.74 21.71 02a57780o0745c 0x000000 -22.866667
57780.628483 19.569016      NaN  -417    18 c    0     2.44 149.52552 10.35937  8779.02  1912.97 4.05 3.90  89.5 -0.393    19.63 21.63 02a57780o0781c 0x000000 -23.166667
57784.529402 19.401649      NaN  -212    21 c    0    16.62 149.52552 10.35937   610.61    58.32 4.18 4.12 -31.8 -0.381    19.74 21.83 02a57784o0417c 0x100001 -10.095238
57784.537661 19.696897      NaN  -365    16 c    0     6.20 149.52552 10.35937  6393.92  9719.51 3.89 3.82  58.1 -0.420    19.75 21.89 02a57784o0431c 0x000000 -22.812500
57784.556957 19.696897      NaN  -370    16 c    0     5.22 149.52552 10.35937  6375.17  9681.88 3.87 3.82  81.4 -0.421    19.74 21.85 02a57784o0463c 0x000000 -23.125000
57784.568026 19.696897      NaN  -320    16 c    0     6.50 149.52552 10.35937   672.59    97.28 4.11 4.06 -49.3 -0.397    19.70 21.76 02a57784o0485c 0x000000 -20.000000
57784.572469 19.696897      NaN  -426    16 c    0     4.30 149.52552 10.35937  6433.71  9759.08 3.82 3.79  65.1 -0.429    19.72 21.82 02a57784o0494c 0x000000 -26.625000
57784.586562 19.766969      NaN  -404    15 c    0     4.55 149.52552 10.35937  6455.74  9642.60 3.75 3.72  44.3 -0.439    19.71 21.78 02a57784o0520c 0x000000 -26.933333
57784.590615 17.170087      NaN  -155   164 c    0     0.45 149.52552 10.35937   638.80    35.80 4.23 4.14 -36.9 -0.392    19.64 21.70 02a57784o0526c 0x100002  -0.945122
57804.530608 18.878500      NaN  -368    34 c    0     1.67 149.52552 10.35937  7559.14  2476.99 4.06 3.88 -88.4 -0.370    18.61 20.36 02a57804o0617c 0x100002 -10.823529
57804.546117 19.256669      NaN  -447    24 c    0     2.59 149.52552 10.35937  7580.71  2359.19 3.99 3.82  87.9 -0.382    18.82 20.48 02a57804o0645c 0x000000 -18.625000
57804.562035 19.169763      NaN  -434    26 c    0     2.30 149.52552 10.35937  7544.95  2416.02 3.92 3.78  87.8 -0.382    18.91 20.50 02a57804o0673c 0x000000 -16.692308
57808.485941 18.878500      NaN  -348    34 c    0     2.13 149.52552 10.35937  7621.46  1172.73 3.75 3.73  31.6 -0.418    18.90 20.66 02a57808o0511c 0x100002 -10.235294
57808.502373 19.841877      NaN  -418    14 c    0     4.55 149.52552 10.35937  7604.48  1132.70 3.75 3.71  37.7 -0.426    19.61 21.46 02a57808o0542c 0x000000 -29.857143
57808.519091 19.766969      NaN  -417    15 c    0     3.75 149.52552 10.35937  7663.64  1210.42 3.73 3.69  45.9 -0.431    19.60 21.44 02a57808o0573c 0x000000 -27.800000
57808.535703 19.841877      NaN  -404    14 c    0     2.69 149.52552 10.35937  7684.94  1092.28 3.71 3.65  46.9 -0.432    19.56 21.37 02a57808o0604c 0x000000 -28.857143
57808.551746 19.510313      NaN  -430    19 c    0     3.59 149.52552 10.35937  7647.79  1148.92 3.78 3.75  28.1 -0.421    19.46 21.24 02a57808o0633c 0x000000 -22.631579
57816.398481 19.569016      NaN  -354    18 c    0     4.12 149.52552 10.35937  6569.32  9272.77 3.61 3.57  16.5 -0.452    19.57 21.51 02a57816o0295c 0x000000 -19.666667
57816.407933 19.631075      NaN  -401    17 c    0     3.89 149.52552 10.35937  6547.70  9238.65 3.61 3.58  14.7 -0.454    19.64 21.64 02a57816o0312c 0x000000 -23.588235
57816.422308 18.317510      NaN  -656    57 c    0     5.15 149.52552 10.35937  6603.75  9315.61 3.57 3.56 -69.6 -0.460    19.71 21.78 02a57816o0340c 0x100002 -11.508772
57816.439066 19.766969      NaN  -315    15 c    0     7.70 149.52552 10.35937  6627.13  9201.52 3.52 3.45 -52.9 -0.455    19.74 21.81 02a57816o0369c 0x000000 -21.000000
57816.459534 17.782105 0.054287   280    14 c    0    59.83 149.52552 10.35937  6588.33  9258.33 3.58 3.55 -37.4 -0.467    19.70 21.79 02a57816o0410c 0x100001  20.000000
57836.423318 19.569016      NaN  -360    18 c    0     3.94 149.52552 10.35937  8018.70  1509.05 3.85 3.78  46.3 -0.415    18.93 20.72 02a57836o0370c 0x000000 -20.000000
57836.439369 19.569016      NaN  -341    18 c    0     4.89 149.52552 10.35937  8002.43  1468.56 3.81 3.73  74.6 -0.414    18.93 20.69 02a57836o0400c 0x000000 -18.944444
57836.455520 19.696897      NaN  -313    16 c    0     4.58 149.52552 10.35937  8059.18  1547.20 4.14 4.12 -86.1 -0.388    18.81 20.65 02a57836o0430c 0x000000 -19.562500
57836.487584 19.454622      NaN  -366    20 c    0     9.03 149.52552 10.35937  8044.50  1486.78 3.79 3.71  77.2 -0.416    18.84 20.54 02a57836o0489c 0x000000 -18.300000
57840.411932 19.510313      NaN  -413    19 c    0     4.13 149.52552 10.35937  8236.57  1079.73 3.74 3.66  59.7 -0.423    18.99 20.80 02a57840o0351c 0x000000 -21.736842
57840.428962 19.569016      NaN  -350    18 c    0     2.82 149.52552 10.35937  8220.27  1040.67 3.83 3.76  51.2 -0.420    18.95 20.74 02a57840o0383c 0x000000 -19.444444
57840.446979 19.510313      NaN  -312    19 c    0     2.46 149.52552 10.35937  8278.02  1118.13 3.94 3.87  63.2 -0.408    18.90 20.72 02a57840o0415c 0x000000 -16.421053
57840.462887 19.510313      NaN  -369    19 c    0     3.56 149.52552 10.35937  8298.63  1000.00 3.87 3.78  42.7 -0.428    18.90 20.68 02a57840o0445c 0x000000 -19.421053
57840.480094 19.569016      NaN  -412    18 c    0     2.89 149.52552 10.35937  8259.55  1057.85 3.94 3.85  28.6 -0.419    18.84 20.60 02a57840o0477c 0x000000 -22.888889
57844.384217 19.351140      NaN  -185    22 c    0     5.16 149.52552 10.35937 10361.69  1201.83 3.89 3.70  76.7 -0.434    19.62 21.64 02a57844o0292c 0x000000  -8.409091
57844.388438 19.454622      NaN  -130    20 c    0     5.14 149.52552 10.35937   484.97  1128.64 4.12 3.76  83.7 -0.399    19.62 21.61 02a57844o0300c 0x000000  -6.500000
57844.405427 18.073966 0.091324   214    18 c    0   445.40 149.52552 10.35937   544.41  1206.39 4.12 3.77  83.3 -0.397    19.58 21.55 02a57844o0330c 0x100001  11.888889
57844.418357 19.351140      NaN  -115    22 c    0     6.00 149.52552 10.35937 10402.74  1240.86 4.00 3.82  81.5 -0.426    19.55 21.55 02a57844o0354c 0x000000  -5.227273
57844.429915 19.766969      NaN  -179    15 c    0     4.93 149.52552 10.35937   564.39  1086.85 4.14 3.81  83.9 -0.398    19.53 21.47 02a57844o0376c 0x000000 -11.933333
57844.430433 19.569016      NaN  -152    18 c    0     8.36 149.52552 10.35937   526.17  1145.43 4.13 3.78  84.9 -0.401    19.53 21.46 02a57844o0377c 0x000000  -8.444444
57844.430946 19.454622      NaN  -138    20 c    0     7.37 149.52552 10.35937 10442.75  1123.02 3.91 3.68  78.1 -0.437    19.55 21.49 02a57844o0378c 0x000000  -6.900000
57865.414121 18.174913      NaN  -292    65 c    0     1.62 149.52552 10.35937 10121.42   100.44 4.51 2.87  38.9 -0.415    17.96 19.00 02a57865o0292c 0x100002  -4.492308
57868.389002 19.696897      NaN  -334    16 c    0     2.76 149.52552 10.35937  4928.63  8896.82 2.82 2.54   6.3 -0.495    19.20 20.32 02a57868o0092c 0x000000 -20.875000
57868.402047 19.922338      NaN  -401    13 c    0     4.96 149.52552 10.35937  4983.57  8975.49 2.87 2.54   8.9 -0.484    19.13 20.21 02a57868o0117c 0x000000 -30.846154
57868.428656 19.631075      NaN  -388    17 c    0     3.33 149.52552 10.35937  4966.69  8916.78 3.08 2.76  10.0 -0.475    18.93 20.04 02a57868o0168c 0x000000 -22.823529
57869.405833 19.766969      NaN  -390    15 c    0     3.13 149.52552 10.35937  8343.40  2192.97 3.80 3.07  30.7 -0.421    19.27 20.54 02a57869o0135c 0x000000 -26.000000
57869.420601 19.569016      NaN  -358    18 c    0     2.00 149.52552 10.35937  8324.14  2153.28 3.63 2.87  28.9 -0.434    19.28 20.50 02a57869o0163c 0x000000 -19.888889
57869.434748 19.510313      NaN  -391    19 c    0     2.44 149.52552 10.35937  8381.58  2232.23 3.70 2.91  30.8 -0.426    19.19 20.33 02a57869o0190c 0x000000 -20.578947
57869.449639 19.510313      NaN  -411    19 c    0     3.46 149.52552 10.35937  8400.69  2116.73 3.77 2.98  29.0 -0.428    19.05 20.12 02a57869o0218c 0x000000 -21.631579
57896.288217 19.631075      NaN  -282    17 c    0     2.08 149.52552 10.35937   742.79   796.08 4.21 3.18  15.8 -0.460    19.16 20.88 02a57896o0104c 0x000000 -16.588235
57896.336305 19.696897      NaN  -319    16 c    0     3.88 149.52552 10.35937  6572.47 10389.13 3.41 3.12  -0.0 -0.406    19.19 20.90 02a57896o0134c 0x000000 -19.937500
57896.338932 19.631075      NaN  -261    17 c    0     3.45 149.52552 10.35937   803.70   713.64 4.74 3.98  17.2 -0.398    19.08 20.91 02a57896o0139c 0x000000 -15.352941
57896.353234 19.302877      NaN  -279    23 c    0     3.33 149.52552 10.35937  6533.44 10448.33 3.50 3.19  -3.1 -0.407    19.20 20.90 02a57896o0166c 0x000000 -12.130435
57896.355346 19.454622      NaN  -365    20 c    0     1.95 149.52552 10.35937   768.53   771.07 5.14 4.43  16.8 -0.364    18.88 20.82 02a57896o0170c 0x000000 -18.250000
57900.289495 19.696897      NaN  -312    16 c    0    10.70 149.52552 10.35937  9313.11   117.23 6.68 2.67  46.2 -0.325    19.44 20.86 02a57900o0083c 0x100001 -19.500000
57900.293692 19.841877      NaN  -353    14 c    0     4.58 149.52552 10.35937  5204.32  9714.86 2.60 2.46  -7.1 -0.505    19.45 20.84 02a57900o0091c 0x000000 -25.214286
57900.305787 19.351140      NaN  -293    22 c    0    27.10 149.52552 10.35937  9297.87    74.68 7.59 2.60  44.6 -0.291    19.38 20.84 02a57900o0114c 0x100001 -13.318182
57900.309465 19.696897      NaN  -305    16 c    0     2.92 149.52552 10.35937  5263.27  9792.83 2.63 2.39  -8.7 -0.516    19.41 20.81 02a57900o0121c 0x000000 -19.062500
57900.323220 19.351140      NaN  -349    22 c    0     4.97 149.52552 10.35937  9353.91   154.58 7.22 2.79  46.2 -0.293    19.32 20.82 02a57900o0147c 0x000000 -15.863636
57900.326488 19.922338      NaN  -347    13 c    0     2.32 149.52552 10.35937  5284.83  9672.77 2.65 2.36  -5.8 -0.522    19.35 20.77 02a57900o0153c 0x000000 -26.692308
57900.339843 21.514394      NaN    -5     3 c    0 22949.94 149.52552 10.35937  9375.63    35.25 8.20 2.61  44.0 -0.247    19.33 20.76 02a57900o0178c 0x100001  -1.666667
57900.342986 19.841877      NaN  -355    14 c    0     2.69 149.52552 10.35937  5246.94  9731.04 2.54 2.30  -7.5 -0.530    19.29 20.68 02a57900o0184c 0x000000 -25.357143
57900.356886 19.128787      NaN  -188    27 c    0     8.39 149.52552 10.35937  9334.45    95.91 7.86 2.58  43.6 -0.266    19.27 20.65 02a57900o0210c 0x000000  -6.962963
58074.601342 16.624774 0.012019   813     9 c    0   702.12 149.52552 10.35937  6031.63  5303.27 2.52 2.31  49.5 -0.437    19.63 21.24 02a58074o0736c 0x100001  90.333333
58074.609367 20.207197      NaN  -276    10 c    0     6.65 149.52552 10.35937  6048.59  5343.63 2.57 2.36  40.2 -0.443    19.63 21.26 02a58074o0753c 0x000000 -27.600000
58074.617291 20.321591      NaN  -371     9 c    0     3.65 149.52552 10.35937  5990.28  5267.98 2.55 2.36  43.1 -0.441    19.62 21.27 02a58074o0770c 0x000000 -41.222222
58074.625393 20.207197      NaN  -313    10 c    0     3.56 149.52552 10.35937  5970.08  5385.66 2.46 2.29  49.3 -0.450    19.68 21.28 02a58074o0787c 0x000000 -31.300000
58082.585196 20.207197      NaN  -275    10 c    0    16.33 149.52552 10.35937  6397.64  2791.36 2.50 2.40  67.1 -0.417    19.73 21.33 02a58082o0839c 0x100001 -27.500000
58082.593297 20.207197      NaN  -151    10 c    0    27.01 149.52552 10.35937  6415.66  2832.98 2.54 2.39  50.8 -0.404    19.57 21.18 02a58082o0855c 0x100001 -15.100000
58082.604189 19.510313      NaN  -332    19 c    0     3.60 149.52552 10.35937  6358.73  2757.45 2.60 2.44  54.7 -0.409    18.75 20.29 02a58082o0871c 0x000000 -17.473684
58082.611333 18.847027      NaN  -372    35 c    0     1.58 149.52552 10.35937  6338.19  2875.50 2.71 2.54  51.6 -0.409    18.20 19.80 02a58082o0886c 0x100002 -10.628571
58134.584789 16.673947 0.019563   777    14 c    0     3.23 149.52552 10.35937  5184.46  7061.90 2.49 2.43 -21.1 -0.432    19.83 21.77 02a58134o0822c 0x000000  55.500000
58134.604886 16.672551 0.019538   778    14 c    0     1.79 149.52552 10.35937  5225.62  7099.06 2.53 2.46 -35.3 -0.432    19.78 21.77 02a58134o0864c 0x000000  55.571429
58134.614807 16.752154 0.021024   723    14 c    0     3.75 149.52552 10.35937  5265.09  6981.85 2.69 2.61 -26.4 -0.428    19.74 21.76 02a58134o0885c 0x000000  51.642857
58135.574903 16.519230 0.020600   896    17 c    0     6.37 149.52552 10.35937  5338.20  6439.43 2.64 2.59  34.9 -0.434    19.73 21.66 02a58135o0784c 0x000000  52.705882
58135.591784 16.552451 0.017492   869    14 c    0     3.13 149.52552 10.35937  5320.30  6398.93 2.83 2.77  45.2 -0.414    19.64 21.66 02a58135o0819c 0x000000  62.071429
58135.596508 16.586720 0.018053   842    14 c    0     6.79 149.52552 10.35937  5379.42  6477.64 2.62 2.57  38.6 -0.431    19.70 21.67 02a58135o0827c 0x000000  60.142857
58135.611365 16.575176 0.017862   851    14 c    0     8.94 149.52552 10.35937  5399.92  6359.40 2.77 2.71  41.5 -0.426    19.66 21.66 02a58135o0856c 0x000000  60.785714
58167.508022 19.841877      NaN  -134    14 c    0     2.56 149.52552 10.35937  6065.12  4683.01 2.69 2.52  54.2 -0.437    19.21 21.30 02a58167o0620c 0x000000  -9.571429
58167.524589 19.841877      NaN  -155    14 c    0     2.43 149.52552 10.35937  6046.46  4643.90 2.97 2.68  59.6 -0.428    19.07 21.43 02a58167o0656c 0x000000 -11.071429
58167.528471 19.351140      NaN   -94    22 c    0     1.58 149.52552 10.35937  6104.09  4722.53 2.98 2.64  70.6 -0.428    18.77 21.17 02a58167o0663c 0x000000  -4.272727
58167.542276 19.569016      NaN   -91    18 c    0     2.63 149.52552 10.35937  6123.14  4605.83 2.83 2.52  76.3 -0.454    18.98 21.46 02a58167o0693c 0x000000  -5.055556
58171.472355 20.103715      NaN  -107    11 c    0     3.01 149.52552 10.35937  4770.25  4872.65 2.40 2.31  63.0 -0.430    19.59 21.36 02a58171o0333c 0x000000  -9.727273
58171.488925 20.009244      NaN  -161    12 c    0     1.93 149.52552 10.35937  4753.53  4833.16 2.48 2.43  47.4 -0.429    19.72 21.54 02a58171o0367c 0x000000 -13.416667
58171.493533 20.103715      NaN  -152    11 c    0     4.53 149.52552 10.35937  4812.27  4911.36 2.48 2.40  48.0 -0.427    19.70 21.50 02a58171o0375c 0x000000 -13.818182
58171.507689 20.009244      NaN  -149    12 c    0     2.28 149.52552 10.35937  4831.68  4794.20 2.49 2.39  47.6 -0.427    19.73 21.52 02a58171o0404c 0x000000 -12.416667
58226.378965 17.740268      NaN  -524    97 c    0     2.98 149.52552 10.35937  5689.21  4673.88 2.79 2.55 -53.7 -0.395    17.28 18.73 02a58226o0126c 0x100002  -5.402062
58226.389476 19.014394      NaN  -268    30 c    0     2.30 149.52552 10.35937  5670.37  4634.22 2.75 2.65 -51.5 -0.411    18.17 19.73 02a58226o0148c 0x000000  -8.933333
58226.400462 18.110074      NaN  -423    69 c    0     9.18 149.52552 10.35937  5728.61  4710.76 2.77 2.58 -54.8 -0.388    17.39 18.83 02a58226o0171c 0x100002  -6.130435
58226.410886 17.821591      NaN  -290    90 c    0     3.55 149.52552 10.35937  5749.01  4593.72 2.67 2.49 -58.1 -0.414    17.31 18.71 02a58226o0193c 0x100002  -3.222222
58227.377158 16.004094      NaN  -770   480 c    0     1.53 149.52552 10.35937  6260.01  4575.43 2.68 2.62 -61.5 -0.397    15.31 16.93 02a58227o0151c 0x100002  -1.604167
58227.387847 17.870951      NaN  -217    86 c    0     1.20 149.52552 10.35937  6317.94  4651.50 2.65 2.58 -60.6 -0.403    17.56 19.13 02a58227o0172c 0x100002  -2.523256
58227.399168 18.298627      NaN  -278    58 c    0     1.60 149.52552 10.35937  6338.72  4534.72 2.68 2.59 -65.5 -0.399    17.19 18.78 02a58227o0194c 0x100002  -4.793103
58251.322743 20.009244      NaN  -327    12 c    0     3.38 149.52552 10.35937  3452.77  6682.71 2.74 2.46 -57.7 -0.392    19.63 21.40 02a58251o0214c 0x000000 -27.250000
58251.334035 20.207197      NaN  -302    10 c    0     3.21 149.52552 10.35937  3433.03  6642.65 2.81 2.50 -53.1 -0.382    19.58 21.38 02a58251o0237c 0x000000 -30.200000
58251.345051 20.207197      NaN  -305    10 c    0     2.73 149.52552 10.35937  3490.05  6719.49 2.77 2.50 -54.7 -0.396    19.57 21.35 02a58251o0260c 0x000000 -30.500000
58251.356295 20.009244      NaN  -324    12 c    0     2.37 149.52552 10.35937  3512.23  6602.11 2.60 2.45 -49.8 -0.412    19.56 21.28 02a58251o0283c 0x000000 -27.000000
58254.346317 20.207197      NaN  -328    10 c    0     4.17 149.52552 10.35937  6445.65  6515.85 2.87 2.57 -60.0 -0.399    19.42 21.15 02a58254o0014c 0x000000 -32.800000
58278.286612 19.510313      NaN  -359    19 c    0     1.71 149.52552 10.35937  5255.01  5523.41 2.89 2.62 -59.5 -0.416    18.87 20.36 02a58278o0104c 0x000000 -18.894737
58278.297554 19.510313      NaN  -329    19 c    0     1.82 149.52552 10.35937  5233.68  5485.59 2.83 2.55 -60.8 -0.406    18.96 20.42 02a58278o0127c 0x000000 -17.315789
58278.309222 19.631075      NaN  -342    17 c    0     4.36 149.52552 10.35937  5307.43  5563.72 2.85 2.50 -57.9 -0.393    18.88 20.32 02a58278o0150c 0x000000 -20.117647
58278.321356 16.871062      NaN -1043   216 c    0     4.08 149.52552 10.35937  5326.92  5446.37 3.22 3.06 -53.7 -0.376    16.27 17.97 02a58278o0173c 0x100002  -4.828704
58279.259133 19.631075      NaN  -297    17 c    0     2.13 149.52552 10.35937  6871.42  5413.84 2.75 2.50 -70.7 -0.424    19.18 20.53 02a58279o0045c 0x000000 -17.470588
58279.268835 19.696897      NaN  -350    16 c    0     1.37 149.52552 10.35937  6852.04  5373.37 2.81 2.52 -61.2 -0.404    19.30 20.82 02a58279o0065c 0x000000 -21.875000
58279.279861 19.922338      NaN  -312    13 c    0     2.37 149.52552 10.35937  6908.98  5450.29 2.84 2.53 -63.0 -0.402    19.29 20.80 02a58279o0088c 0x000000 -24.000000
58279.290971 19.922338      NaN  -371    13 c    0     4.52 149.52552 10.35937  6928.77  5333.70 2.73 2.60 -57.0 -0.413    19.25 20.80 02a58279o0111c 0x000000 -28.538462
58283.253980 19.212347      NaN  -451    25 c    0     3.37 149.52552 10.35937  6752.70  7080.81 2.93 2.66 -66.9 -0.413    18.64 19.74 02a58283o0031c 0x000000 -18.040000
58283.261252 19.696897      NaN  -376    16 c    0     2.76 149.52552 10.35937  6733.62  7040.00 2.79 2.53 -64.4 -0.418    19.22 20.50 02a58283o0046c 0x000000 -23.500000
58283.271276 19.696897      NaN  -320    16 c    0     1.86 149.52552 10.35937  6790.69  7116.15 2.74 2.49 -66.5 -0.422    19.28 20.62 02a58283o0067c 0x000000 -20.000000
58286.269307 19.569016      NaN  -354    18 c    0     3.39 149.52552 10.35937  5401.82  5482.84 2.93 2.62 -65.3 -0.414    18.99 20.27 02a58286o0063c 0x000000 -19.666667
58286.280169 19.569016      NaN  -350    18 c    0     1.79 149.52552 10.35937  5381.99  5444.01 2.95 2.56 -63.3 -0.396    18.95 20.19 02a58286o0086c 0x000000 -19.444444
58286.291053 19.351140      NaN  -320    22 c    0     2.35 149.52552 10.35937  5437.37  5522.78 2.80 2.52 -61.0 -0.412    18.89 20.12 02a58286o0109c 0x000000 -14.545455
58286.301974 19.631075      NaN  -348    17 c    0     3.23 149.52552 10.35937  5454.95  5407.66 2.75 2.46 -57.7 -0.411    18.90 20.10 02a58286o0132c 0x000000 -20.470588
58454.667149 18.786693      NaN  -363    37 c    0     1.42 149.52552 10.35937  4184.33  4444.89 2.43 2.36  39.8 -0.453    17.91 18.55 02a58454o1014c 0x100002  -9.810811
58455.618621 20.009244      NaN  -311    12 c    0     6.51 149.52552 10.35937  9035.83  5825.43 2.45 2.39  77.2 -0.447    19.71 21.36 02a58455o0785c 0x000000 -25.916667
58455.630816 20.009244      NaN  -349    12 c    0     1.85 149.52552 10.35937  1564.65  4692.18 2.50 2.39  28.3 -0.443    19.67 21.35 02a58455o0803c 0x000000 -29.083333
58455.642223 20.207197      NaN  -335    10 c    0     1.93 149.52552 10.35937  1620.40  4774.08 2.42 2.31  22.5 -0.449    19.71 21.36 02a58455o0820c 0x000000 -33.500000
58455.655383 20.207197      NaN  -315    10 c    0     6.21 149.52552 10.35937  8979.98  5904.88 2.54 2.47  81.8 -0.439    19.55 21.00 02a58455o0838c 0x000000 -31.500000
58458.609772 20.207197      NaN  -351    10 c    0     6.08 149.52552 10.35937  8186.79   672.30 2.79 2.57  52.8 -0.400    19.74 21.64 02a58458o0540c 0x000000 -35.100000
58458.620574 20.009244      NaN  -346    12 c    0     6.15 149.52552 10.35937  8203.70   713.03 2.77 2.53  53.9 -0.406    19.76 21.63 02a58458o0560c 0x000000 -28.833333
58458.629651 20.103715      NaN  -353    11 c    0     2.99 149.52552 10.35937  8147.21   636.48 2.96 2.67  46.4 -0.399    19.68 21.63 02a58458o0578c 0x000000 -32.090909
58458.638496 20.321591      NaN  -316     9 c    0     8.65 149.52552 10.35937  8126.62   755.60 2.83 2.59  42.3 -0.412    19.73 21.63 02a58458o0596c 0x000000 -35.111111
58459.601756 20.103715      NaN  -384    11 c    0     8.51 149.52552 10.35937  4161.08 10393.25 2.76 2.45   8.4 -0.425    19.73 21.65 02a58459o0847c 0x000000 -34.909091
58459.611157 19.922338      NaN  -301    13 c    0     3.95 149.52552 10.35937  4179.33 10434.23 2.71 2.42   8.5 -0.441    19.78 21.66 02a58459o0864c 0x000000 -23.153846
58459.620612 19.922338      NaN  -336    13 c    0     5.53 149.52552 10.35937  4121.98 10356.00 2.87 2.56   9.6 -0.444    19.68 21.69 02a58459o0881c 0x000000 -25.846154
58459.629669 19.454622      NaN  -168    20 c    0     6.65 149.52552 10.35937  4102.32 10473.44 2.71 2.41   5.0 -0.424    19.77 21.67 02a58459o0898c 0x000000  -8.400000
58486.556137 20.207197      NaN  -320    10 c    0     4.85 149.52552 10.35937  6197.39  7928.11 2.60 2.57 -36.2 -0.415    19.72 21.71 02a58486o0760c 0x000000 -32.000000
58486.565722 20.321591      NaN  -279     9 c    0     4.79 149.52552 10.35937  6177.17  7886.63 2.58 2.55 -18.7 -0.424    19.71 21.71 02a58486o0780c 0x000000 -31.000000
58486.566637 20.321591      NaN  -345     9 c    0     3.02 149.52552 10.35937  6234.86  7964.81 2.64 2.58 -56.9 -0.424    19.68 21.71 02a58486o0782c 0x000000 -38.333333
58486.583898 20.321591      NaN  -324     9 c    0     5.06 149.52552 10.35937  6250.68  7851.76 2.69 2.61 -68.5 -0.409    19.66 21.72 02a58486o0819c 0x000000 -36.000000
58491.535274 17.039268      NaN  -992   185 c    0     0.79 149.52552 10.35937   562.72  4049.01 2.54 2.41  39.9 -0.429    19.71 21.78 02a58491o0699c 0x100002  -5.362162
58491.540090 19.569016      NaN  -311    18 c    0     1.56 149.52552 10.35937   369.77  6482.80 2.41 2.26  15.9 -0.438    19.75 21.77 02a58491o0708c 0x000000 -17.277778
58491.540548 20.321591      NaN  -183     9 c    0    24.43 149.52552 10.35937 10079.98  6553.31 2.53 2.47  73.4 -0.452    19.77 21.78 02a58491o0709c 0x100001 -20.333333
58491.556672 20.449472      NaN  -365     8 c    0     6.93 149.52552 10.35937   592.99  4092.72 2.49 2.33  31.4 -0.446    19.72 21.80 02a58491o0739c 0x000000 -45.625000
58491.557131 20.321591      NaN  -297     9 c    0     2.28 149.52552 10.35937 10231.15  4042.46 2.55 2.44  88.9 -0.454    19.76 21.78 02a58491o0740c 0x000000 -33.000000
58491.563708 19.569016      NaN  -337    18 c    0     3.12 149.52552 10.35937   334.88  6443.06 2.43 2.26  21.5 -0.426    19.72 21.78 02a58491o0752c 0x000000 -18.722222
58491.564960 20.103715      NaN  -312    11 c    0     3.60 149.52552 10.35937   607.27  3971.44 2.47 2.33  33.1 -0.441    19.71 21.80 02a58491o0754c 0x000000 -28.363636
58491.575903 20.207197      NaN  -332    10 c    0     4.95 149.52552 10.35937 10303.55  4005.49 2.60 2.51 -81.7 -0.460    19.71 21.78 02a58491o0777c 0x000000 -33.200000
58518.496192 20.207197      NaN  -325    10 c    0     2.58 149.52552 10.35937  4346.76  9879.15 2.70 2.40   4.8 -0.446    19.77 21.77 02a58518o0587c 0x000000 -32.500000
58518.505137 20.207197      NaN  -317    10 c    0     2.98 149.52552 10.35937  4326.81  9840.21 2.75 2.43  -3.2 -0.442    19.76 21.78 02a58518o0605c 0x000000 -31.700000
58518.513561 20.207197      NaN  -335    10 c    0     2.80 149.52552 10.35937  4382.77  9918.48 2.73 2.39  -2.4 -0.441    19.75 21.77 02a58518o0622c 0x000000 -33.500000
58518.522521 20.207197      NaN  -301    10 c    0     6.05 149.52552 10.35937  4400.19  9802.91 2.76 2.44   1.2 -0.450    19.74 21.77 02a58518o0640c 0x000000 -30.100000
58519.489831 19.922338      NaN  -324    13 c    0     2.60 149.52552 10.35937  8413.61   172.77 2.77 2.58  44.9 -0.386    19.81 21.75 02a58519o0582c 0x000000 -24.923077
58519.505193 20.321591      NaN  -352     9 c    0     6.47 149.52552 10.35937  8390.72   132.03 2.80 2.57  39.5 -0.394    19.77 21.76 02a58519o0612c 0x000000 -39.111111
58519.511362 19.841877      NaN  -378    14 c    0     2.07 149.52552 10.35937  8449.93   216.17 2.76 2.57  38.1 -0.395    19.80 21.77 02a58519o0624c 0x000000 -27.000000
58519.524649 20.321591      NaN  -300     9 c    0     5.23 149.52552 10.35937  8466.61    95.58 2.84 2.53  38.6 -0.386    19.82 21.77 02a58519o0650c 0x000000 -33.333333
58523.486416 19.922338      NaN  -324    13 c    0     2.99 149.52552 10.35937  4456.10   165.72 3.00 2.54  32.1 -0.407    19.73 21.63 02a58523o0574c 0x000000 -24.923077
58523.491730 19.841877      NaN  -343    14 c    0     3.14 149.52552 10.35937  4439.27   131.04 2.98 2.49  31.3 -0.399    19.80 21.65 02a58523o0584c 0x000000 -24.500000
58523.505752 20.009244      NaN  -364    12 c    0     6.83 149.52552 10.35937  4509.20   206.71 3.15 2.68  32.9 -0.402    19.71 21.66 02a58523o0612c 0x000000 -30.333333
58575.388086 20.321591      NaN  -316     9 c    0     4.67 149.52552 10.35937  8344.16  2137.67 2.63 2.27 -53.9 -0.408    19.63 21.43 02a58575o0132c 0x000000 -35.111111
58575.392340 20.207197      NaN  -350    10 c    0     2.17 149.52552 10.35937  8327.55  2099.14 2.75 2.31 -53.4 -0.407    19.60 21.41 02a58575o0140c 0x000000 -35.000000
58575.405805 20.103715      NaN  -311    11 c    0     2.95 149.52552 10.35937  8382.28  2176.43 2.62 2.27 -53.0 -0.406    19.57 21.39 02a58575o0169c 0x000000 -28.272727
58575.413233 20.207197      NaN  -324    10 c    0     2.24 149.52552 10.35937  8403.74  2062.17 2.60 2.23 -52.2 -0.408    19.61 21.42 02a58575o0183c 0x000000 -32.400000
58578.386150 20.207197      NaN  -315    10 c    0     4.49 149.52552 10.35937  8100.63  9915.77 2.72 2.57  58.0 -0.391    19.71 21.69 02a58578o0356c 0x000000 -31.500000
58578.395207 20.009244      NaN  -360    12 c    0     2.90 149.52552 10.35937  8080.46  9876.99 2.78 2.59  51.5 -0.390    19.68 21.68 02a58578o0375c 0x000000 -30.000000
58578.404275 20.207197      NaN  -307    10 c    0     2.26 149.52552 10.35937  8138.15  9956.21 2.77 2.63  55.8 -0.385    19.71 21.65 02a58578o0394c 0x000000 -30.700000
58578.413399 20.207197      NaN  -353    10 c    0     2.32 149.52552 10.35937  8156.72  9838.16 2.76 2.68  33.5 -0.390    19.69 21.63 02a58578o0413c 0x000000 -35.300000
58579.380537 19.766969      NaN  -290    15 c    0     1.96 149.52552 10.35937  2502.21   166.49 2.64 2.35 -58.3 -0.382    19.70 21.56 02a58579o0342c 0x000000 -19.333333
58579.395742 19.922338      NaN  -328    13 c    0     1.55 149.52552 10.35937  2481.77   125.52 2.64 2.35 -58.6 -0.393    19.66 21.52 02a58579o0375c 0x000000 -25.230769
58579.400899 19.302877      NaN  -340    23 c    0     0.84 149.52552 10.35937  2540.71   206.19 2.57 2.32 -61.4 -0.387    19.66 21.50 02a58579o0385c 0x000000 -14.782609
58579.412890 20.207197      NaN  -297    10 c    0     3.77 149.52552 10.35937  2559.34    86.11 2.48 2.25 -60.9 -0.402    19.68 21.48 02a58579o0411c 0x000000 -29.700000
58582.376323 20.009244      NaN  -335    12 c    0     2.27 149.52552 10.35937  8265.34  6021.31 2.65 2.59 -72.9 -0.396    19.58 21.48 02a58582o0332c 0x000000 -27.916667
58582.385321 20.207197      NaN  -316    10 c    0     3.58 149.52552 10.35937  8246.37  5983.14 2.56 2.49 -74.6 -0.396    19.59 21.44 02a58582o0351c 0x000000 -31.600000
58582.394386 20.594452      NaN  -369     7 c    0     3.71 149.52552 10.35937  8302.90  6061.25 2.56 2.48 -76.7 -0.400    19.58 21.42 02a58582o0370c 0x000000 -52.714286
58582.403418 20.321591      NaN  -330     9 c    0     2.22 149.52552 10.35937  8323.04  5944.57 2.54 2.46 -72.9 -0.401    19.60 21.41 02a58582o0389c 0x000000 -36.666667
58607.335635 20.594452      NaN  -363     7 c    0     3.60 149.52552 10.35937  6395.62  2139.09 2.95 2.56 -37.1 -0.377    19.51 21.38 02a58607o0231c 0x000000 -51.857143
58607.344613 20.207197      NaN  -337    10 c    0     2.12 149.52552 10.35937  6377.27  2100.11 3.06 2.68 -33.5 -0.379    19.47 21.32 02a58607o0250c 0x000000 -33.700000
58607.353612 20.103715      NaN  -338    11 c    0     2.18 149.52552 10.35937  6436.58  2177.53 2.92 2.52 -31.7 -0.377    19.50 21.33 02a58607o0269c 0x000000 -30.727273
58607.362669 20.103715      NaN  -363    11 c    0     2.77 149.52552 10.35937  6459.05  2059.63 3.12 2.68 -41.3 -0.372    19.44 21.30 02a58607o0288c 0x000000 -33.000000
58610.331995 20.207197      NaN  -325    10 c    0     3.82 149.52552 10.35937  4399.21  6011.11 2.59 2.23  47.1 -0.387    19.67 21.36 02a58610o0187c 0x000000 -32.500000
58610.340908 20.207197      NaN  -314    10 c    0     2.74 149.52552 10.35937  4381.67  5971.52 2.61 2.22  46.2 -0.390    19.67 21.33 02a58610o0206c 0x000000 -31.400000
58610.349808 20.449472      NaN  -337     8 c    0     2.60 149.52552 10.35937  4440.58  6048.04 2.64 2.23  47.4 -0.386    19.69 21.33 02a58610o0225c 0x000000 -42.125000
58611.315763 20.103715      NaN  -337    11 c    0     2.62 149.52552 10.35937  2820.47  5234.81 2.37 2.26  55.9 -0.411    19.67 21.25 02a58611o0180c 0x000000 -30.636364
58611.317821 20.321591      NaN  -355     9 c    0     4.30 149.52552 10.35937  2801.76  5195.85 2.40 2.24  52.3 -0.402    19.70 21.27 02a58611o0184c 0x000000 -39.444444
58611.323713 20.321591      NaN  -314     9 c    0     4.28 149.52552 10.35937  2859.06  5272.58 2.49 2.25  45.7 -0.398    19.67 21.27 02a58611o0196c 0x000000 -34.888889
58611.338259 20.009244      NaN  -295    12 c    0     3.27 149.52552 10.35937  2881.37  5154.50 2.37 2.24  52.2 -0.397    19.68 21.25 02a58611o0226c 0x000000 -24.583333
58634.258484 19.922338      NaN  -356    13 c    0     1.50 149.52552 10.35937  6372.99  9418.98 2.70 2.44  57.3 -0.397    19.58 21.08 02a58634o0061c 0x000000 -27.384615
58634.261747 19.841877      NaN  -347    14 c    0     2.88 149.52552 10.35937  6353.64  9379.53 2.74 2.42  50.4 -0.394    19.60 21.17 02a58634o0068c 0x000000 -24.785714
58634.267310 20.009244      NaN  -351    12 c    0     3.34 149.52552 10.35937  6411.19  9457.96 2.72 2.55  50.9 -0.399    19.59 21.22 02a58634o0080c 0x000000 -29.250000
58634.279534 20.009244      NaN  -343    12 c    0     1.38 149.52552 10.35937  6430.79  9340.19 2.60 2.48  48.6 -0.405    19.59 21.19 02a58634o0106c 0x000000 -28.583333
58783.560589 19.766969      NaN  -387    15 c    0     7.72 149.52552 10.35937 10166.24  7654.47 2.92 2.80 -49.9 -0.385    19.30 20.74 02a58783o0713c 0x000000 -25.800000
58783.564271 19.696897      NaN  -355    16 c    0     3.29 149.52552 10.35937 10187.17  7693.42 2.86 2.64 -50.0 -0.389    19.29 20.75 02a58783o0721c 0x000000 -22.187500
58783.575794 19.841877      NaN  -350    14 c    0     3.84 149.52552 10.35937 10130.38  7615.24 2.78 2.62 -53.0 -0.395    19.36 20.79 02a58783o0744c 0x000000 -25.000000
58783.577195 18.738855      NaN    14    34 c    0     0.34 149.52552 10.35937    39.99  7638.09 2.56 2.20 -46.2 -0.359    19.23 20.64 02a58783o0747c 0x100002   0.411765
58783.579982 19.454622      NaN  -299    20 c    0     5.15 149.52552 10.35937    59.45  7676.90 2.41 2.18 -37.1 -0.366    19.29 20.66 02a58783o0753c 0x000000 -14.950000
58783.585379 19.631075      NaN  -345    17 c    0     3.65 149.52552 10.35937 10111.40  7732.05 2.70 2.59 -50.4 -0.391    19.42 20.85 02a58783o0763c 0x000000 -20.294118
58783.651732 18.110074      NaN  -418    69 c    0     1.36 149.52552 10.35937 10150.63  7679.49 2.72 2.57  23.9 -0.407    18.04 18.93 02a58783o0895c 0x100002  -6.057971
58790.632435 17.509244 0.021112   360     7 c    0   384.30 149.52552 10.35937  6130.66  1070.23 2.48 2.28 -55.2 -0.406    19.48 20.95 02a58790o0941c 0x100001  51.428571
58790.636144 20.321591      NaN  -316     9 c    0     9.52 149.52552 10.35937  6139.84  1110.90 2.52 2.33  51.1 -0.390    19.43 20.90 02a58790o0949c 0x000000 -35.111111
58790.637996 20.103715      NaN  -373    11 c    0    10.39 149.52552 10.35937  6140.01  1111.19 2.41 2.29  59.2 -0.396    19.46 20.87 02a58790o0953c 0x100001 -33.909091
58790.641688 19.922338      NaN  -317    13 c    0     2.61 149.52552 10.35937  6082.40  1032.65 2.40 2.28 -65.4 -0.405    19.39 20.73 02a58790o0961c 0x000000 -24.384615
58790.645843 19.766969      NaN  -296    15 c    0     1.95 149.52552 10.35937  6062.20  1150.58 2.42 2.31  60.9 -0.393    19.15 20.37 02a58790o0970c 0x000000 -19.733333
58815.487296 19.922338      NaN  -347    13 c    0     3.07 149.52552 10.35937  2023.32  7556.49 2.59 2.45  20.0 -0.385    19.46 21.26 02a58815o0609c 0x000000 -26.692308
58815.495728 17.497247 0.023862   364     8 c    0   259.56 149.52552 10.35937  2044.66  7594.09 2.64 2.54 -17.8 -0.388    19.38 21.22 02a58815o0623c 0x100001  45.500000
58815.498967 20.009244      NaN  -334    12 c    0     2.07 149.52552 10.35937  1987.17  7515.46 2.57 2.30 -43.5 -0.414    19.39 21.21 02a58815o0630c 0x000000 -27.833333
58815.514222 20.103715      NaN  -280    11 c    0     4.57 149.52552 10.35937  1965.52  7633.71 2.43 2.19 -45.8 -0.418    19.55 21.35 02a58815o0660c 0x000000 -25.454545
58846.565288 20.449472      NaN  -323     8 c    0     7.62 149.52552 10.35937  2288.60  1240.21 2.91 2.56 -54.2 -0.405    19.76 21.86 02a58846o0799c 0x000000 -40.375000
58846.569356 20.321591      NaN  -332     9 c    0     5.95 149.52552 10.35937  2309.36  1280.18 3.11 2.78 -57.3 -0.407    19.64 21.85 02a58846o0807c 0x000000 -36.888889
58846.575975 20.321591      NaN  -337     9 c    0     2.37 149.52552 10.35937  8336.76  9357.57 2.83 2.73 -58.2 -0.392    19.78 21.84 02a58846o0820c 0x000000 -37.444444
58846.586900 20.449472      NaN  -394     8 c    0     3.90 149.52552 10.35937  8354.78  9242.58 2.98 2.92 -56.5 -0.381    19.72 21.85 02a58846o0841c 0x000000 -49.250000
58871.423981 20.103715      NaN  -372    11 c    0     4.47 149.52552 10.35937 10276.99  9610.04 3.32 2.63 -55.2 -0.384    19.78 21.67 02a58871o0452c 0x000000 -33.818182
58871.429821 20.449472      NaN  -376     8 c    0     7.08 149.52552 10.35937 10284.12  9650.51 3.48 2.67 -54.8 -0.360    19.77 21.68 02a58871o0463c 0x000000 -47.000000
58871.430279 20.103715      NaN  -283    11 c    0    15.20 149.52552 10.35937    99.84  9587.16 2.75 1.98 -49.7 -0.421    19.77 21.66 02a58871o0464c 0x100001 -25.727273
58871.433214 20.449472      NaN  -380     8 c    0     7.11 149.52552 10.35937 10225.00  9572.08 3.23 2.57 -54.4 -0.374    19.79 21.68 02a58871o0470c 0x000000 -47.500000
58871.433678 20.009244      NaN  -336    12 c    0     3.77 149.52552 10.35937   120.21  9626.59 2.80 1.98 -49.1 -0.401    19.82 21.65 02a58871o0471c 0x000000 -28.000000
58871.441785 19.922338      NaN  -138    13 c    0    33.45 149.52552 10.35937    70.91  9545.35 2.81 2.00 -50.3 -0.400    19.76 21.65 02a58871o0487c 0x100001 -10.615385
58871.443156 20.594452      NaN  -332     7 c    0    10.29 149.52552 10.35937 10215.33  9689.35 3.18 2.56 -54.8 -0.379    19.80 21.67 02a58871o0490c 0x100001 -47.428571
58871.451945 19.922338      NaN    -9    13 c    0     0.91 149.52552 10.35937    48.86  9659.95 2.51 2.07 -46.7 -0.445    19.80 21.66 02a58871o0507c 0x000000  -0.692308
58874.533265 19.841877      NaN  -236    14 c    0     6.42 149.52552 10.35937    59.23  7317.94 2.34 2.09 -53.0 -0.394    19.88 21.95 02a58874o0714c 0x000000 -16.857143
58874.536159 20.449472      NaN  -293     8 c    0     6.87 149.52552 10.35937 10155.38  7305.20 2.76 2.56 -65.9 -0.403    19.88 21.94 02a58874o0720c 0x000000 -36.625000
58874.539938 20.009244      NaN  -329    12 c    0     3.66 149.52552 10.35937 10135.32  7266.99 2.73 2.57 -66.8 -0.404    19.85 21.93 02a58874o0728c 0x000000 -27.416667
58874.547450 20.321591      NaN  -260     9 c    0     7.51 149.52552 10.35937 10194.05  7346.71 2.87 2.63 -63.2 -0.398    19.79 21.91 02a58874o0744c 0x000000 -28.888889
58874.548072 19.631075      NaN  -344    17 c    0     5.55 149.52552 10.35937    80.99  7203.63 2.51 2.22 -53.8 -0.405    19.80 21.90 02a58874o0745c 0x000000 -20.235294
58874.558736 18.158337 0.038385   198     7 c    0   189.18 149.52552 10.35937 10208.19  7228.78 2.96 2.58 -63.6 -0.401    19.79 21.91 02a58874o0766c 0x100001  28.285714
58875.558415 20.207197      NaN  -359    10 c    0     3.14 149.52552 10.35937 10156.04  7306.56 2.89 2.55 -59.1 -0.402    19.82 21.87 02a58875o0748c 0x000000 -35.900000
58875.567880 17.703584 0.032464   301     9 c    0   196.13 149.52552 10.35937 10126.33  7266.91 2.86 2.57 -65.6 -0.399    19.79 21.85 02a58875o0765c 0x100001  33.444444
58875.577916 19.569016      NaN  -350    18 c    0     9.02 149.52552 10.35937    62.66  7318.73 2.48 2.19 -51.5 -0.417    19.77 21.81 02a58875o0784c 0x000000 -19.444444
58875.581002 20.321591      NaN  -344     9 c    0     4.80 149.52552 10.35937 10187.02  7347.05 2.93 2.62 -58.5 -0.392    19.79 21.83 02a58875o0790c 0x000000 -38.222222
58875.581460 19.569016      NaN  -311    18 c    0     4.10 149.52552 10.35937    78.75  7200.87 2.46 2.15 -51.8 -0.414    19.76 21.81 02a58875o0791c 0x000000 -17.277778
58875.587270 20.009244      NaN  -351    12 c    0     5.93 149.52552 10.35937 10204.78  7230.83 2.93 2.56 -60.2 -0.402    19.79 21.82 02a58875o0802c 0x000000 -29.250000
58878.402311 18.757738      NaN  -316    38 c    0     1.55 149.52552 10.35937   414.98  3258.78 2.52 2.26 -59.4 -0.379    18.12 19.86 02a58878o0428c 0x100002  -8.315789
58878.403229 17.405762      NaN  -484   132 c    0     1.75 149.52552 10.35937 10505.17  3237.74 2.60 2.34 -57.6 -0.424    17.69 19.40 02a58878o0430c 0x100002  -3.666667
58878.406433 18.019544      NaN  -413    75 c    0     1.21 149.52552 10.35937   435.35  3298.27 2.46 2.21 -56.7 -0.409    17.33 19.01 02a58878o0437c 0x100002  -5.506667
58878.411572 19.169763      NaN  -371    26 c    0     3.06 149.52552 10.35937   374.22  3218.35 2.42 2.24 -61.1 -0.391    18.17 19.88 02a58878o0448c 0x000000 -14.269231
58878.413403 18.786693      NaN  -260    37 c    0     4.71 149.52552 10.35937 10483.97  3354.38 2.47 2.36 -31.7 -0.412    18.87 20.70 02a58878o0452c 0x100002  -7.027027
58878.423120 19.841877      NaN  -284    14 c    0     3.99 149.52552 10.35937   354.87  3334.84 2.31 2.28  79.8 -0.390    19.54 21.39 02a58878o0473c 0x000000 -20.285714
58879.421613 18.910912      NaN  -269    33 c    0     3.12 149.52552 10.35937   414.81  3261.70 2.50 2.25 -57.0 -0.394    17.93 19.60 02a58879o0444c 0x100002  -8.151515
58879.427030 18.481707      NaN  -372    49 c    0     2.25 149.52552 10.35937   435.75  3300.39 2.50 2.25 -56.1 -0.408    17.73 19.43 02a58879o0455c 0x100002  -7.591837
58879.440678 19.766969      NaN  -334    15 c    0     2.34 149.52552 10.35937   376.06  3223.10 2.47 2.24 -56.4 -0.402    18.98 20.77 02a58879o0483c 0x000000 -22.266667
58879.447745 18.459772      NaN  -322    50 c    0     1.48 149.52552 10.35937   357.50  3339.20 2.47 2.30 -59.9 -0.394    17.83 19.52 02a58879o0497c 0x100002  -6.440000
58879.452568 18.110074      NaN  -329    69 c    0     3.31 149.52552 10.35937 10512.62  3247.59 2.63 2.33 -54.7 -0.430    18.22 19.92 02a58879o0506c 0x100002  -4.768116
58879.466096 19.631075      NaN  -328    17 c    0     8.09 149.52552 10.35937 10499.00  3361.80 2.69 2.32 -54.7 -0.408    19.40 21.23 02a58879o0533c 0x000000 -19.294118
58903.428039 19.766969      NaN     9    12 c    0     1.85 149.52552 10.35937  2705.79  3289.23 2.70 2.41 -56.2 -0.392    19.71 21.68 02a58903o0439c 0x000000   0.750000
58903.431527 19.719755      NaN    11    12 c    0     2.90 149.52552 10.35937  2687.04  3251.77 2.56 2.38 -57.8 -0.397    19.71 21.72 02a58903o0446c 0x000000   0.916667
58903.438334 19.841877      NaN    15     9 c    0     4.39 149.52552 10.35937  2744.83  3329.59 2.56 2.33 -56.1 -0.400    19.74 21.69 02a58903o0460c 0x000000   1.666667
58903.454835 20.103715      NaN   -19    11 c    0     4.33 149.52552 10.35937  2766.73  3214.10 2.77 2.50 -56.7 -0.391    19.64 21.67 02a58903o0494c 0x000000  -1.727273
58930.436828 19.743105 0.283236    46    12 c    0     3.20 149.52552 10.35937  8613.10  4967.15 2.49 2.35 -65.4 -0.393    19.59 21.40 02a58930o0409c 0x000000   3.833333
58930.440122 19.894850      NaN     1    13 c    0     2.03 149.52552 10.35937  8593.87  4927.23 2.45 2.39 -72.9 -0.393    19.60 21.37 02a58930o0416c 0x000000   0.076923
58930.445260 19.197966      NaN    10    22 c    0     1.69 149.52552 10.35937  8652.08  5005.78 2.58 2.41 -61.1 -0.392    18.98 20.69 02a58930o0427c 0x000000   0.454545
58930.455632 18.481707      NaN     9    46 c    0     1.55 149.52552 10.35937  8671.52  4890.11 2.52 2.38 -59.0 -0.395    18.26 19.93 02a58930o0449c 0x100002   0.195652
58931.410634 19.674510 0.265895    49    12 c    0     3.60 149.52552 10.35937  8610.16  4964.59 3.17 2.98 -66.4 -0.377    19.54 21.70 02a58931o0367c 0x000000   4.083333
58931.414009 19.241693 0.163604    73    11 c    0     5.39 149.52552 10.35937  8593.22  4925.69 3.12 2.92 -66.3 -0.383    19.51 21.71 02a58931o0374c 0x000000   6.636364
58931.420512 19.302877      NaN    33    12 c    0     3.65 149.52552 10.35937  8651.24  5003.62 3.09 3.00 -60.3 -0.384    19.52 21.69 02a58931o0388c 0x000000   2.750000
58931.431259 19.950541      NaN     2    12 c    0     1.97 149.52552 10.35937  8673.06  4887.60 2.83 2.66 -62.3 -0.386    19.62 21.67 02a58931o0411c 0x000000   0.166667
58934.412820 18.944322 0.350602    96    31 c    0     2.70 149.52552 10.35937  8614.34  4966.08 3.27 3.08 -61.4 -0.365    18.19 20.12 02a58934o0414c 0x000000   3.096774
58934.419648 18.180496      NaN    62    44 c    0     2.45 149.52552 10.35937  8595.24  4929.08 3.60 3.52 -58.9 -0.336    18.12 20.22 02a58934o0428c 0x100002   1.409091
58934.424124 17.192382      NaN    14   156 c    0     3.47 149.52552 10.35937  8655.59  5005.85 3.29 3.19 -67.7 -0.349    16.86 18.74 02a58934o0437c 0x100002   0.089744
58934.434620 17.707197      NaN  -586   100 c    0     6.85 149.52552 10.35937  8678.16  4892.18 2.99 2.91 -65.2 -0.368    17.51 19.28 02a58934o0458c 0x100002  -5.860000
58951.309111 19.719755      NaN    14    11 c    0     2.88 149.52552 10.35937  6271.11  7465.09 2.40 2.33 -62.5 -0.425    19.70 21.54 02a58951o0138c 0x000000   1.272727
58951.313728 19.791368 0.271434    44    11 c    0     6.93 149.52552 10.35937  6251.37  7426.25 2.42 2.25 -59.1 -0.429    19.74 21.52 02a58951o0147c 0x000000   4.000000
58951.320869 19.401649      NaN    27    12 c    0     2.49 149.52552 10.35937  6312.22  7509.57 2.40 2.24 -56.9 -0.429    19.71 21.54 02a58951o0162c 0x000000   2.250000
58958.312132 20.039830 0.310210    35    10 c    0     2.60 149.52552 10.35937  2408.21  7663.11 2.40 2.27  54.0 -0.396    19.71 21.46 02a58958o0190c 0x000000   3.500000
58958.315575 19.696897      NaN    12    12 c    0     2.40 149.52552 10.35937  2389.01  7624.27 2.41 2.29  52.2 -0.393    19.71 21.45 02a58958o0197c 0x000000   1.000000
58958.321681 19.922338      NaN   -17    13 c    0     1.87 149.52552 10.35937  2446.82  7700.91 2.38 2.30  52.9 -0.397    19.72 21.44 02a58958o0210c 0x000000  -1.307692
58958.333934 20.009244 0.361912    36    12 c    0     1.81 149.52552 10.35937  2468.23  7584.08 2.40 2.31  52.4 -0.394    19.71 21.43 02a58958o0236c 0x000000   3.000000
58959.321655 19.894850      NaN     4    12 c    0     1.59 149.52552 10.35937  2413.65  7662.65 2.30 2.28 -64.8 -0.400    19.70 21.38 02a58959o0199c 0x000000   0.333333
58959.327684 19.922338      NaN   -12    13 c    0     2.39 149.52552 10.35937  2394.88  7623.09 2.32 2.30 -62.5 -0.397    19.67 21.34 02a58959o0210c 0x000000  -0.923077
58959.331251 19.529530      NaN    20    12 c    0     2.28 149.52552 10.35937  2444.04  7700.14 2.51 2.40  44.0 -0.386    19.63 21.33 02a58959o0217c 0x000000   1.666667
58959.344094 20.009244      NaN   -26    12 c    0     3.20 149.52552 10.35937  2469.84  7584.80 2.41 2.39  59.9 -0.393    19.66 21.31 02a58959o0242c 0x000000  -2.166667
58963.338014 17.187887      NaN    40   148 c    0     1.67 149.52552 10.35937  6598.34  3113.52 2.73 2.60  54.3 -0.388    16.50 17.97 02a58963o0246c 0x100002   0.270270
58983.246947 19.318728      NaN    29    13 c    0     3.31 149.52552 10.35937   392.19  2910.16 2.42 2.27  39.7 -0.392    19.36 20.62 02a58983o0013c 0x000000   2.230769
58983.250152 19.510313      NaN    12    15 c    0     2.80 149.52552 10.35937   372.93  2870.88 2.31 2.28  52.6 -0.396    19.52 20.87 02a58983o0020c 0x000000   0.800000
58983.251067 16.595784      NaN   226   203 c    0     0.07 149.52552 10.35937 10524.07  2940.85 2.43 2.26 -41.5 -0.408    19.58 20.96 02a58983o0022c 0x100002   1.113300
58983.256863 19.256669      NaN   -19    24 c    0     2.06 149.52552 10.35937 10504.41  2901.83 2.47 2.22 -49.6 -0.419    19.60 21.12 02a58983o0034c 0x000000  -0.791667
58983.257777 16.485820 0.011750   924    10 c    0   445.43 149.52552 10.35937   431.43  2949.82 2.40 2.27 -62.1 -0.397    19.59 21.06 02a58983o0036c 0x100001  92.400000
58983.282126 19.766969      NaN   -14    15 c    0     1.76 149.52552 10.35937   451.77  2833.43 2.67 2.21 -57.1 -0.405    19.68 21.27 02a58983o0088c 0x000000  -0.933333
58986.306004 20.103715      NaN   -23    11 c    0     3.92 149.52552 10.35937  4423.77  9508.71 2.64 2.56 -81.3 -0.386    19.59 21.29 02a58986o0160c 0x000000  -2.090909
58986.310630 19.841877      NaN    -8    14 c    0     3.84 149.52552 10.35937  4405.56  9469.42 2.67 2.49 -60.8 -0.391    19.58 21.29 02a58986o0170c 0x000000  -0.571429
58986.316163 19.589310      NaN    11    14 c    0     4.33 149.52552 10.35937  4463.24  9547.12 2.69 2.59 -71.2 -0.393    19.56 21.27 02a58986o0182c 0x000000   0.785714
58986.329525 19.287255      NaN    25    15 c    0     4.40 149.52552 10.35937  4483.36  9428.32 2.75 2.61 -52.3 -0.390    19.49 21.25 02a58986o0211c 0x000000   1.666667
58990.257544 19.743105      NaN    10    12 c    0     2.62 149.52552 10.35937  4434.97  9507.04 2.53 2.41 -62.8 -0.396    19.57 21.09 02a58990o0051c 0x000000   0.833333
58990.260325 19.922338      NaN    -7    13 c    0     3.83 149.52552 10.35937  4417.29  9467.50 2.56 2.39 -55.0 -0.397    19.59 21.14 02a58990o0057c 0x000000  -0.538462
58990.265848 19.510313      NaN    15    14 c    0     1.57 149.52552 10.35937  4474.04  9545.42 2.49 2.43  84.3 -0.391    19.61 21.17 02a58990o0069c 0x000000   1.071429
58990.278767 19.384550      NaN    22    14 c    0     4.32 149.52552 10.35937  4492.48  9427.36 2.65 2.49 -49.7 -0.395    19.57 21.18 02a58990o0097c 0x000000   1.571429
59143.628676 15.921372      NaN  -166   518 c    0     1.24 149.52552 10.35937  6006.07  9345.94 2.85 2.55  39.5 -0.375    15.60 17.14 02a59143o0911c 0x100002  -0.320463
59143.646729 15.278234      NaN   236   858 c    0     1.60 149.52552 10.35937  5926.91  9384.79 2.79 2.47  40.2 -0.380    14.86 15.94 02a59143o0949c 0x100002   0.275058
59170.593597 19.766969 0.337785    45    14 c    0    11.81 149.52552 10.35937 10479.34  1326.60 2.43 2.29 -33.1 -0.404    19.57 21.27 02a59170o0792c 0x100001   3.214286
59170.597276 19.076453      NaN    25    20 c    0    10.98 149.52552 10.35937 10499.24  1365.66 2.42 2.19 -47.3 -0.412    19.61 21.28 02a59170o0800c 0x100001   1.250000
59170.599114 20.009244      NaN    -3    12 c    0     2.36 149.52552 10.35937   321.96  1307.53 2.40 2.29 -84.2 -0.412    19.59 21.20 02a59170o0804c 0x000000  -0.250000
59170.602786 18.349730 0.078487   166    12 c    0    19.00 149.52552 10.35937   342.67  1347.22 2.39 2.29  77.7 -0.416    19.56 21.21 02a59170o0812c 0x100001  13.833333
59170.604158 19.841877      NaN   -24    14 c    0     6.50 149.52552 10.35937 10442.33  1288.28 2.43 2.16 -48.4 -0.417    19.66 21.29 02a59170o0815c 0x000000  -1.714286
59170.608305 19.549093      NaN    13    14 c    0     2.09 149.52552 10.35937   284.03  1267.84 2.37 2.28 -76.7 -0.412    19.57 21.22 02a59170o0824c 0x000000   0.928571
59170.615181 19.674510      NaN    13    12 c    0    10.56 149.52552 10.35937 10422.48  1407.36 2.43 2.21 -45.5 -0.407    19.62 21.31 02a59170o0839c 0x100001   1.083333
59170.629465 19.115465      NaN    40    14 c    0     4.34 149.52552 10.35937   262.80  1384.94 2.54 2.23  38.8 -0.409    19.52 21.24 02a59170o0870c 0x000000   2.857143
59178.623442 19.549093 0.236888    55    12 c    0     7.98 149.52552 10.35937 10186.73  7661.95 2.63 2.57 -63.2 -0.391    19.65 21.31 02a59178o0412c 0x000000   4.583333
59178.642881 19.436675      NaN    25    12 c    0     4.72 149.52552 10.35937 10208.90  7703.57 2.76 2.55 -58.3 -0.385    19.65 21.28 02a59178o0452c 0x000000   2.083333
59178.649320 18.424171 0.084057   155    12 c    0    18.33 149.52552 10.35937 10150.76  7625.17 2.65 2.53 -61.4 -0.394    19.65 21.15 02a59178o0466c 0x100001  12.916667
59178.657687 19.401649      NaN     6    19 c    0     5.36 149.52552 10.35937 10133.64  7743.18 2.63 2.54 -66.4 -0.395    19.20 20.31 02a59178o0484c 0x000000   0.315789
59194.600346 19.841877      NaN     9    11 c    0     3.55 149.52552 10.35937  5837.05  5430.33 2.60 2.37  32.1 -0.397    19.74 21.56 02a59194o0900c 0x000000   0.818182
59194.608462 19.367717 0.183740    65    11 c    0    10.72 149.52552 10.35937  5856.75  5470.27 2.61 2.34  32.5 -0.390    19.70 21.53 02a59194o0917c 0x100001   5.909091
59194.612620 20.103715      NaN    -4    11 c    0     4.06 149.52552 10.35937  5800.24  5392.46 2.56 2.31  31.7 -0.396    19.71 21.52 02a59194o0926c 0x000000  -0.363636
59194.648139 19.922338      NaN   -18    13 c    0     1.28 149.52552 10.35937  4811.63  5056.08 2.67 2.39  43.5 -0.391    19.63 21.45 02a59194o1003c 0x000000  -1.384615
59195.567019 20.009244      NaN    -5    12 c    0     3.94 149.52552 10.35937  5838.48  5428.79 2.69 2.45  33.1 -0.389    19.68 21.60 02a59195o0814c 0x000000  -0.416667
59195.588974 19.922338      NaN    12     9 c    0     3.58 149.52552 10.35937  5856.29  5473.46 2.51 2.31  41.2 -0.396    19.78 21.66 02a59195o0852c 0x000000   1.333333
59195.592197 18.068904 0.045449   215     9 c    0    30.87 149.52552 10.35937  5800.51  5396.02 2.54 2.31  40.3 -0.399    19.78 21.69 02a59195o0859c 0x100001  23.888889
59195.608146 19.719755      NaN    11    12 c    0     5.26 149.52552 10.35937  5783.96  5511.16 2.58 2.36  35.9 -0.394    19.77 21.68 02a59195o0892c 0x000000   0.916667
59197.530984 19.318728      NaN    32    12 c    0     4.67 149.52552 10.35937  2722.07  3292.02 2.40 2.37  85.0 -0.390    19.81 21.81 01a59197o0557c 0x000000   2.666667
59197.539582 20.103715      NaN    -8    11 c    0     2.74 149.52552 10.35937  2703.57  3255.94 2.64 2.28   7.4 -0.386    19.80 21.82 01a59197o0575c 0x000000  -0.727273
59197.542851 19.549093 0.217147    55    11 c    0     9.90 149.52552 10.35937  2761.97  3334.82 2.63 2.27  17.7 -0.384    19.76 21.81 01a59197o0582c 0x000000   5.000000
59197.555845 19.922338      NaN     9    10 c    0     1.84 149.52552 10.35937  2778.74  3216.91 2.25 2.22  45.2 -0.395    19.88 21.87 01a59197o0606c 0x000000   0.900000
59198.545414 18.738855      NaN    35    27 c    0     1.44 149.52552 10.35937  5830.24  5428.50 2.63 2.42  31.8 -0.390    18.74 20.45 02a59198o0779c 0x000000   1.296296
59198.547699 18.990530      NaN     5    29 c    0     1.88 149.52552 10.35937  5850.00  5467.63 2.54 2.37  37.1 -0.393    18.42 20.12 02a59198o0784c 0x000000   0.172414
59198.550899 18.720295      NaN    13    35 c    0     2.42 149.52552 10.35937  5791.68  5389.79 2.55 2.33  34.6 -0.395    18.49 20.20 02a59198o0791c 0x100002   0.371429
59198.556399 18.693037      NaN    58    21 c    0     6.75 149.52552 10.35937  5772.77  5506.03 2.52 2.30  34.3 -0.392    18.80 20.48 02a59198o0803c 0x000000   2.761905
59200.475946 20.207197      NaN   -10    10 c    0     2.11 149.52552 10.35937  2513.84  9601.72 2.85 2.26  -2.9 -0.370    19.61 21.66 01a59200o0513c 0x000000  -1.000000
59204.467652 20.103715      NaN    -8    11 c    0     3.80 149.52552 10.35937  2516.23  9602.58 3.15 2.42  -1.4 -0.380    19.53 21.62 01a59204o0537c 0x000000  -0.727273
59204.490887 19.979496      NaN     7    10 c    0     1.29 149.52552 10.35937  2494.97  9564.96 2.24 1.99 -65.5 -0.398    19.84 21.68 01a59204o0587c 0x000000   0.700000
59204.511200 20.009244      NaN     6    10 c    0     2.78 149.52552 10.35937  2554.57  9639.42 2.29 2.05 -65.9 -0.393    19.84 21.71 01a59204o0630c 0x000000   0.600000
59204.516298 19.979496      NaN     7    10 c    0     2.69 149.52552 10.35937  2576.43  9526.29 2.33 2.22 -35.5 -0.386    19.82 21.72 01a59204o0640c 0x000000   0.700000
59206.531949 20.103715      NaN    -6    11 c    0     5.02 149.52552 10.35937  3899.06  5518.75 2.43 2.29  31.0 -0.402    19.70 21.62 02a59206o0726c 0x000000  -0.545455
59206.535155 20.103715      NaN   -23    11 c    0     2.57 149.52552 10.35937  3918.35  5557.58 2.50 2.32  34.5 -0.399    19.72 21.62 02a59206o0733c 0x000000  -2.090909
59206.537899 19.491430 0.168476    58     9 c    0    10.75 149.52552 10.35937  3860.63  5479.81 2.49 2.30  33.4 -0.397    19.76 21.61 02a59206o0739c 0x100001   6.444444
59206.543397 19.922338      NaN     6    11 c    0     4.78 149.52552 10.35937  3841.40  5595.80 2.47 2.31  35.5 -0.399    19.76 21.62 02a59206o0751c 0x000000   0.545455
59207.550081 20.103715      NaN   -11    11 c    0     2.58 149.52552 10.35937  3902.25  5523.56 2.41 2.26  39.2 -0.399    19.76 21.57 02a59207o0721c 0x000000  -1.000000
59207.560480 19.631075 0.212889    51    10 c    0    10.85 149.52552 10.35937  3923.85  5560.93 2.39 2.27  44.7 -0.399    19.77 21.59 02a59207o0741c 0x100001   5.100000
59207.562308 19.652575      NaN    14    12 c    0     3.99 149.52552 10.35937  3865.45  5485.17 2.44 2.28  38.4 -0.396    19.75 21.60 02a59207o0745c 0x000000   1.166667
59207.586761 19.696897      NaN    12    12 c    0     1.33 149.52552 10.35937  6747.77  4965.33 2.52 2.35  45.1 -0.398    19.79 21.68 02a59207o0795c 0x000000   1.000000
59223.554730 15.364657      NaN  -292   865 c    0     1.24 149.52552 10.35937  8254.93  7409.24 2.73 2.52  44.1 -0.425    14.90 16.47 02a59223o0728c 0x100002  -0.337572
59224.554303 20.009244      NaN    -6    12 c    0     3.17 149.52552 10.35937  1923.10  5636.94 2.29 2.22 -53.4 -0.388    19.83 21.83 01a59224o0715c 0x000000  -0.500000
59224.557608 20.321591      NaN   -21     9 c    0     5.71 149.52552 10.35937  1944.34  5675.75 2.28 2.19 -49.3 -0.391    19.81 21.82 01a59224o0722c 0x000000  -2.333333
59224.563532 19.868040      NaN    11    10 c    0     5.38 149.52552 10.35937  1886.32  5597.61 2.42 2.31 -25.7 -0.382    19.76 21.79 01a59224o0734c 0x000000   1.100000
59224.598675 19.950541      NaN     2    12 c    0     2.33 149.52552 10.35937  1876.20  5710.32 2.56 2.36 -31.6 -0.378    19.74 21.75 01a59224o0809c 0x000000   0.166667
59227.636125 19.510313      NaN    21    12 c    0     2.18 149.52552 10.35937  6530.96  1159.21 2.62 2.34 -50.7 -0.396    19.75 21.77 02a59227o0611c 0x000000   1.750000
59227.639375 17.163487 0.019741   495     9 c    0   185.00 149.52552 10.35937  6511.99  1119.76 2.54 2.25 -50.8 -0.404    19.70 21.77 02a59227o0618c 0x100001  55.000000
59227.643055 19.894850      NaN    10    10 c    0     2.18 149.52552 10.35937  6570.53  1197.34 2.57 2.30 -50.1 -0.395    19.68 21.74 02a59227o0626c 0x000000   1.000000
59229.545972 19.868040      NaN    11    10 c    0     5.69 149.52552 10.35937  1926.46  5636.65 2.35 2.21 -78.7 -0.405    19.92 21.94 01a59229o0439c 0x000000   1.100000
59229.549658 20.207197      NaN   -17    10 c    0     4.24 149.52552 10.35937  1947.16  5674.16 2.32 2.20 -60.6 -0.401    19.92 21.92 01a59229o0447c 0x000000  -1.700000
59229.554811 19.631075      NaN    18    11 c    0     3.41 149.52552 10.35937  1888.91  5595.54 2.50 2.36 -27.9 -0.391    19.86 21.92 01a59229o0458c 0x000000   1.636364
59229.566775 20.137125 0.339293    32    10 c    0     8.79 149.52552 10.35937  1872.67  5710.53 2.54 2.30  -7.4 -0.387    19.86 21.92 01a59229o0482c 0x000000   3.200000
59231.483586 20.009244      NaN    -1    12 c    0     4.86 149.52552 10.35937  4058.11  9407.89 2.49 2.32 -46.3 -0.414    19.82 21.73 02a59231o0592c 0x000000  -0.083333
59231.485536 19.719755      NaN     8    13 c    0     3.27 149.52552 10.35937  4077.06  9446.66 2.49 2.35 -54.3 -0.401    19.79 21.74 02a59231o0596c 0x000000   0.615385
59231.497507 19.922338      NaN    -1    13 c    0     3.29 149.52552 10.35937  4021.19  9366.30 2.53 2.46 -60.2 -0.401    19.74 21.75 02a59231o0620c 0x000000  -0.076923
59231.514901 19.384550      NaN    22    14 c    0     6.14 149.52552 10.35937  3999.33  9487.74 2.50 2.48 -27.0 -0.402    19.76 21.76 02a59231o0656c 0x000000   1.571429
59233.477555 18.255804      NaN    52    43 c    0     1.69 149.52552 10.35937  4568.10  1252.49 2.73 2.45  81.7 -0.394    17.96 20.09 01a59233o0120c 0x100002   1.209302
59233.501680 15.966306      NaN -1021   497 c    0     1.29 149.52552 10.35937  4546.83  1214.61 2.77 2.38  13.1 -0.395    15.36 17.60 01a59233o0170c 0x100002  -2.054326
59233.514009 16.337760      NaN  -457   353 c    0     2.91 149.52552 10.35937  4603.84  1294.79 3.10 2.77   8.8 -0.364    15.44 17.79 01a59233o0194c 0x100002  -1.294618
59233.532739 16.045592      NaN   498   296 c    0     7.18 149.52552 10.35937  5944.87  9380.42 2.86 2.29 -75.0 -0.401    16.26 18.37 01a59233o0232c 0x100002   1.682432
59234.545738 17.500233      NaN  -457   121 c    0     4.29 149.52552 10.35937  6359.29  9405.32 2.57 2.50  46.7 -0.415    17.16 18.84 02a59234o0510c 0x100002  -3.776860
59234.548941 18.649074      NaN   -57    42 c    0     1.44 149.52552 10.35937  6341.91  9366.84 2.59 2.47  43.3 -0.407    18.11 19.83 02a59234o0517c 0x100002  -1.357143
59234.554471 19.454622      NaN    -9    20 c    0     1.45 149.52552 10.35937  6400.76  9445.67 2.60 2.48  49.2 -0.405    19.24 21.09 02a59234o0529c 0x000000  -0.450000
59234.589409 17.858399      NaN   -20    87 c    0     1.19 149.52552 10.35937  6413.19  9330.45 2.55 2.50  50.4 -0.415    17.11 18.64 02a59234o0604c 0x100002  -0.229885
59251.479528 19.384550 0.186611    64    11 c    0     2.25 149.52552 10.35937  4665.18  3193.44 2.29 2.26  79.3 -0.404    19.79 21.66 02a59251o0510c 0x000000   5.818182
59251.482358 19.491430      NaN    25    11 c    0     2.41 149.52552 10.35937  4645.90  3155.08 2.29 2.26  66.9 -0.404    19.78 21.65 02a59251o0516c 0x000000   2.272727
59251.501203 19.922338      NaN     3    12 c    0     2.63 149.52552 10.35937  4704.37  3234.22 2.29 2.23  78.9 -0.407    19.79 21.75 02a59251o0554c 0x000000   0.250000
59251.506308 19.226921      NaN    32    14 c    0     1.41 149.52552 10.35937  4725.27  3119.13 2.34 2.31  66.6 -0.399    19.79 21.72 02a59251o0564c 0x000000   2.285714
59252.502260 19.922338      NaN   -16    13 c    0     2.62 149.52552 10.35937  8114.17  2885.52 2.70 2.50 -86.4 -0.406    19.76 21.89 01a59252o0645c 0x000000  -1.230769
59252.505505 19.696897      NaN    12    12 c    0     4.84 149.52552 10.35937  8133.84  2924.30 2.79 2.53 -85.1 -0.410    19.71 21.90 01a59252o0652c 0x000000   1.000000
59252.512562 20.103715      NaN   -18    11 c    0     5.61 149.52552 10.35937  8077.49  2848.15 2.84 2.64 -83.3 -0.408    19.68 21.92 01a59252o0666c 0x000000  -1.636364
59252.529904 19.510313      NaN    18    13 c    0     3.13 149.52552 10.35937  8061.76  2964.35 2.99 2.69 -82.6 -0.388    19.61 21.91 01a59252o0703c 0x000000   1.384615
59253.412286 19.549093      NaN    16    13 c    0     3.03 149.52552 10.35937  2424.27  7661.06 3.27 3.11 -13.4 -0.368    19.48 21.81 01a59253o0399c 0x000000   1.230769
59253.414126 20.103715      NaN    -7    11 c    0     4.39 149.52552 10.35937  2404.09  7622.17 3.40 3.25 -44.3 -0.348    19.42 21.83 01a59253o0403c 0x000000  -0.636364
59253.423587 19.894850 0.298577    40    11 c    0     2.04 149.52552 10.35937  2460.76  7698.33 2.71 2.49 -72.0 -0.373    19.70 21.85 01a59253o0422c 0x000000   3.636364
59253.454441 20.103715      NaN   -20    11 c    0     3.19 149.52552 10.35937  2482.89  7586.24 3.09 2.61 -88.1 -0.388    19.62 21.89 01a59253o0481c 0x000000  -1.818182
59255.431040 20.103715      NaN    -1    11 c    0     5.22 149.52552 10.35937  5926.04  7366.04 2.73 2.40  43.8 -0.395    19.70 21.67 02a59255o0467c 0x000000  -0.090909
59255.432869 19.491430      NaN    22    12 c    0     4.30 149.52552 10.35937  5945.90  7405.59 2.65 2.37  41.6 -0.395    19.74 21.68 02a59255o0471c 0x000000   1.833333
59255.435624 19.287255      NaN    34    12 c    0     4.54 149.52552 10.35937  5888.24  7329.05 2.68 2.38  40.3 -0.396    19.71 21.68 02a59255o0477c 0x000000   2.833333
59255.440655 19.271854      NaN    32    13 c    0     8.60 149.52552 10.35937  5868.73  7447.07 2.66 2.37  36.8 -0.396    19.77 21.69 02a59255o0488c 0x000000   2.461538
59257.458643 20.321591      NaN    -4     9 c    0     6.61 149.52552 10.35937  3959.36  7493.09 2.40 2.24 -72.3 -0.385    19.82 21.88 01a59257o0540c 0x000000  -0.444444
59257.478345 20.071303      NaN     4    10 c    0     3.54 149.52552 10.35937  3983.63  7527.17 2.56 2.49 -64.9 -0.385    19.75 21.87 01a59257o0582c 0x000000   0.400000
59257.493896 19.491430      NaN    19    13 c    0     3.54 149.52552 10.35937  3926.95  7446.99 2.60 2.48 -79.2 -0.377    19.72 21.87 01a59257o0613c 0x000000   1.461538
59257.501465 19.816329      NaN    10    11 c    0     7.03 149.52552 10.35937  3908.04  7561.44 2.46 2.31 -71.3 -0.382    19.75 21.86 01a59257o0629c 0x000000   0.909091
59258.357367 16.971031 0.018371   591    10 c    0   197.55 149.52552 10.35937  6223.56  3009.07 2.53 2.41  41.8 -0.391    19.66 21.51 02a59258o0308c 0x100001  59.100000
59258.361484 19.384550      NaN    31    11 c    0     7.07 149.52552 10.35937  6250.65  3046.48 2.54 2.42  50.4 -0.390    19.66 21.52 02a59258o0317c 0x000000   2.818182
59258.364249 20.207197      NaN   -17    10 c    0     6.74 149.52552 10.35937  6187.40  2968.38 2.69 2.56  45.2 -0.389    19.58 21.52 02a59258o0323c 0x000000  -1.700000
59258.378076 20.103715      NaN    -1    11 c    0     3.52 149.52552 10.35937  6176.89  3085.65 2.79 2.66  39.5 -0.394    19.57 21.55 02a59258o0353c 0x000000  -0.090909
59261.377172 17.037313 0.013669   556     7 c    0   328.45 149.52552 10.35937  6596.41  3098.84 2.34 2.21 -53.7 -0.383    19.81 21.68 01a59261o0356c 0x100001  79.428571
59261.400867 19.816329      NaN    10    11 c    0     1.82 149.52552 10.35937  6577.42  3057.54 2.31 2.24 -38.1 -0.387    19.84 21.71 01a59261o0403c 0x000000   0.909091
59261.426298 20.039830      NaN     2    11 c    0     2.09 149.52552 10.35937  6635.01  3134.96 2.43 2.36 -48.6 -0.374    19.79 21.71 01a59261o0453c 0x000000   0.181818
59261.433804 20.321591      NaN   -18     9 c    0     2.28 149.52552 10.35937  6652.53  3018.20 2.49 2.41 -29.4 -0.368    19.79 21.70 01a59261o0469c 0x000000  -2.000000
59262.444177 20.071303 0.351268    34    11 c    0     2.40 149.52552 10.35937  4348.10  7552.02 2.65 2.34  40.3 -0.393    19.70 21.52 02a59262o0503c 0x000000   3.090909
59262.450199 18.615142 0.083518   130    10 c    0    11.07 149.52552 10.35937  4328.25  7512.73 2.61 2.35  40.9 -0.391    19.70 21.53 02a59262o0516c 0x100001  13.000000
59262.454324 19.302877      NaN    33    12 c    0     2.74 149.52552 10.35937  4386.08  7591.55 2.62 2.34  41.6 -0.390    19.71 21.53 02a59262o0525c 0x000000   2.750000
59262.464551 19.631075      NaN    18    11 c    0     2.63 149.52552 10.35937  4406.98  7476.42 2.67 2.38  46.2 -0.388    19.69 21.54 02a59262o0547c 0x000000   1.636364
59263.441726 16.077387      NaN   254   364 c    0     0.83 149.52552 10.35937  4348.46  7550.20 2.52 2.31  37.7 -0.398    15.68 17.35 02a59263o0217c 0x100002   0.697802
59263.452159 12.380103      NaN 14432  8705 c    0     0.91 149.52552 10.35937  4330.72  7515.02 2.59 2.32  40.2 -0.389    13.83 15.53 02a59263o0239c 0x100002   1.657898
59263.466511 17.403024      NaN    34   121 c    0     3.33 149.52552 10.35937  4409.79  7479.04 2.53 2.32  40.4 -0.397    16.94 18.52 02a59263o0268c 0x100002   0.280992
59264.456517 15.994336      NaN   259   398 c    0     0.92 149.52552 10.35937 10426.95  1308.21 2.83 2.58 -46.6 -0.337    14.91 17.05 01a59264o0527c 0x100002   0.650754
59264.466649 17.118376      NaN   219    99 c    0     7.47 149.52552 10.35937 10447.25  1344.80 2.90 2.60 -53.5 -0.317    17.09 19.12 01a59264o0549c 0x100002   2.212121
59264.472195 16.693689      NaN   256   169 c    0     3.06 149.52552 10.35937 10390.49  1266.22 2.84 2.57 -51.6 -0.335    16.54 18.57 01a59264o0561c 0x100002   1.514793
59264.475447 17.858399 0.311993   261    75 c    0    12.15 149.52552 10.35937 10370.27  1383.78 2.73 2.54 -46.9 -0.344    17.31 19.30 01a59264o0568c 0x100003   3.480000
59264.477752 17.841885      NaN    70    65 c    0     1.13 149.52552 10.35937   277.83  1366.94 2.37 2.25  39.1 -0.408    17.76 19.69 01a59264o0573c 0x100002   1.076923
59264.480989 16.004094      NaN    72   456 c    0     1.07 149.52552 10.35937   297.41  1405.45 2.38 2.23  23.0 -0.389    16.26 18.26 01a59264o0580c 0x100002   0.157895
59264.487900 17.643932      NaN    84    78 c    0     1.14 149.52552 10.35937   237.53  1325.62 2.43 2.30   7.5 -0.420    17.50 19.55 01a59264o0595c 0x100002   1.076923
59291.405360 17.174510 0.019942   490     9 c    0   167.43 149.52552 10.35937  2615.46  1348.66 2.41 2.28 -74.3 -0.434    19.71 21.64 02a59291o0169c 0x100001  54.444444
59291.409072 20.207197      NaN    -6    10 c    0     2.95 149.52552 10.35937  2595.86  1308.99 2.42 2.27 -73.9 -0.438    19.73 21.64 02a59291o0177c 0x000000  -0.600000
59291.442802 19.569016      NaN    18    12 c    0     4.04 149.52552 10.35937  2649.90  1389.32 2.39 2.21 -67.5 -0.429    19.73 21.58 02a59291o0248c 0x000000   1.500000
59291.457695 19.868040      NaN     2    13 c    0     1.16 149.52552 10.35937  2678.67  1268.09 2.39 2.24 -70.1 -0.440    19.72 21.57 02a59291o0279c 0x000000   0.153846
59309.340668 19.169763 0.139197    78    10 c    0     8.01 149.52552 10.35937  2015.80  7587.93 2.20 2.02 -81.2 -0.409    19.98 21.64 01a59309o0119c 0x000000   7.800000
59309.346076 19.472870      NaN    23    12 c    0     2.80 149.52552 10.35937  2035.19  7625.62 2.27 2.01 -86.2 -0.406    20.00 21.66 01a59309o0130c 0x000000   1.916667
59309.350230 19.609992 0.187916    52     9 c    0     5.33 149.52552 10.35937  1976.96  7547.14 2.27 2.02 -86.5 -0.405    19.96 21.65 01a59309o0138c 0x000000   5.777778
59309.367851 19.169763      NaN    36    14 c    0     2.44 149.52552 10.35937  1959.78  7662.29 2.34 2.01 -84.0 -0.404    19.94 21.65 01a59309o0175c 0x000000   2.571429
59312.359154 20.207197      NaN   -24    10 c    0     5.30 149.52552 10.35937  2326.36  3224.07 2.15 2.06  83.5 -0.434    20.07 21.85 01a59312o0306c 0x000000  -2.400000
59312.361951 19.287255      NaN    34    12 c    0     3.96 149.52552 10.35937  2346.58  3262.33 2.19 2.12  82.3 -0.405    20.00 21.84 01a59312o0312c 0x000000   2.833333
59312.374895 19.454622 0.217147    60    12 c    0     7.95 149.52552 10.35937  2289.67  3184.04 2.22 2.14 -85.6 -0.402    19.98 21.81 01a59312o0340c 0x000000   5.000000
59312.403834 19.743105 0.259633    46    11 c    0     3.91 149.52552 10.35937  2277.73  3296.02 2.23 2.16 -65.5 -0.404    19.97 21.72 01a59312o0402c 0x000000   4.181818
59313.334151 19.766969 0.241275    45    10 c    0     8.31 149.52552 10.35937  2322.78  3232.02 2.21 2.04  79.4 -0.414    19.98 21.65 01a59313o0249c 0x000000   4.500000
59313.337044 19.367717      NaN    29    12 c    0     1.11 149.52552 10.35937  2344.20  3271.52 2.18 2.00  73.5 -0.413    19.96 21.64 01a59313o0255c 0x000000   2.416667
59313.344046 19.569016 0.221168    54    11 c    0     4.08 149.52552 10.35937  2286.19  3193.32 2.21 2.05  77.0 -0.413    19.96 21.64 01a59313o0270c 0x000000   4.909091
59313.370163 19.491430      NaN    22    12 c    0     2.27 149.52552 10.35937  2271.48  3304.20 2.23 2.07  88.5 -0.409    19.94 21.58 01a59313o0324c 0x000000   1.833333
59343.260342 19.549093 0.236888    55    12 c    0     2.12 149.52552 10.35937  4589.07  1272.13 2.35 2.17 -69.8 -0.420    19.64 21.21 02a59343o0048c 0x000000   4.583333
59343.265858 19.271854      NaN    32    13 c    0     2.90 149.52552 10.35937  4568.94  1231.92 2.39 2.19 -68.2 -0.417    19.63 21.22 02a59343o0060c 0x000000   2.461538
59343.269992 19.631075      NaN     9    14 c    0     3.23 149.52552 10.35937  4627.32  1309.42 2.35 2.16 -66.5 -0.418    19.65 21.26 02a59343o0069c 0x000000   0.642857
59343.280549 19.589310      NaN    23    10 c    0     2.82 149.52552 10.35937  4647.93  1193.53 2.38 2.17 -65.0 -0.420    19.64 21.29 02a59343o0092c 0x000000   2.300000
59346.291386 19.719755      NaN    17    10 c    0     4.46 149.52552 10.35937  6275.17  7474.10 2.59 2.37  46.4 -0.403    19.66 21.43 02a59346o0134c 0x000000   1.700000
59346.295090 19.979496      NaN     1    12 c    0     3.09 149.52552 10.35937  6256.99  7436.50 2.60 2.43  49.0 -0.401    19.64 21.36 02a59346o0142c 0x000000   0.083333
59346.302012 19.318728      NaN    32    12 c    0     2.31 149.52552 10.35937  6316.03  7514.40 2.55 2.41  49.2 -0.404    19.66 21.34 02a59346o0157c 0x000000   2.666667
59346.317194 19.302877      NaN    27    14 c    0     4.29 149.52552 10.35937  6338.34  7397.12 2.54 2.41  49.9 -0.403    19.62 21.28 02a59346o0190c 0x000000   1.928571
59350.263308 19.038793      NaN    43    15 c    0     2.12 149.52552 10.35937  6280.16  7472.77 2.71 2.57  47.4 -0.395    19.43 21.01 02a59350o0066c 0x000000   2.866667
59350.266517 19.436675      NaN    16    15 c    0     4.46 149.52552 10.35937  6260.49  7435.06 2.68 2.64  69.7 -0.398    19.41 20.98 02a59350o0073c 0x000000   1.066667
59350.272922 19.419021      NaN    23    13 c    0     2.51 149.52552 10.35937  6318.27  7513.33 2.73 2.62  47.3 -0.393    19.43 20.99 02a59350o0087c 0x000000   1.769231
59350.286741 19.169763      NaN    36    14 c    0     3.63 149.52552 10.35937  6340.99  7396.26 2.66 2.52  48.4 -0.397    19.46 20.99 02a59350o0117c 0x000000   2.571429
59368.264976 19.401649      NaN    18    15 c    0    29.57 149.52552 10.35937 10512.32  3246.70 2.49 2.29 -76.6 -0.367    19.76 21.13 01a59368o0065c 0x100001   1.200000
59368.274189 19.631075      NaN    15    12 c    0     6.52 149.52552 10.35937 10474.00  3210.00 2.47 2.21 -80.3 -0.370    19.77 21.12 01a59368o0085c 0x000000   1.250000
59368.283883 20.009244      NaN     6    10 c    0     3.75 149.52552 10.35937   393.18  3299.23 2.13 2.07  59.5 -0.381    19.78 21.17 01a59368o0106c 0x000000   0.600000
59368.287571 19.979496 0.293442    37    10 c    0     3.78 149.52552 10.35937   412.87  3338.67 2.09 2.03  84.0 -0.386    19.78 21.17 01a59368o0114c 0x000000   3.700000
59368.288032 19.841877      NaN   -25    14 c    0     2.78 149.52552 10.35937 10453.09  3329.94 2.47 2.14 -83.0 -0.384    19.75 21.09 01a59368o0115c 0x000000  -1.785714
59368.294480 19.816329      NaN     7    12 c    0     3.12 149.52552 10.35937   354.29  3259.69 2.16 2.08  62.3 -0.391    19.76 21.15 01a59368o0129c 0x000000   0.583333
59368.307411 19.367717      NaN    26    13 c    0     1.92 149.52552 10.35937   332.30  3374.64 2.29 2.12  67.1 -0.393    19.69 21.07 01a59368o0157c 0x000000   2.000000
59372.251348 19.743105 0.330441    46    14 c    0     2.08 149.52552 10.35937   386.94  3300.42 2.11 1.95  72.0 -0.393    19.49 20.43 01a59372o0033c 0x000000   3.285714
59372.255037 19.197966      NaN    37    13 c    0     2.11 149.52552 10.35937   406.92  3338.51 2.12 1.95  75.5 -0.391    19.70 20.80 01a59372o0041c 0x000000   2.846154
59372.262884 19.922338      NaN   -12    13 c    0     7.68 149.52552 10.35937   344.56  3258.83 2.20 2.00  75.4 -0.400    19.75 21.08 01a59372o0058c 0x000000  -0.923077
59372.273573 20.009244      NaN   -12    12 c    0     4.85 149.52552 10.35937   326.54  3374.40 2.19 1.97  74.2 -0.408    19.78 21.13 01a59372o0081c 0x000000  -1.000000
59527.571578 18.068904      NaN    98    39 c    0     1.65 149.52552 10.35937  2078.73  9500.39 2.41 2.24 -36.3 -0.448    18.02 20.12 02a59527o0811c 0x100002   2.512821
59527.577713 15.238404      NaN   590   775 c    0     0.66 149.52552 10.35937  2096.61  9540.12 2.32 2.24 -22.0 -0.445    18.66 20.64 02a59527o0823c 0x100002   0.761290
59527.581408 18.978793      NaN     9    28 c    0     2.38 149.52552 10.35937  2038.12  9461.43 2.32 2.26 -14.8 -0.441    18.79 20.74 02a59527o0831c 0x000000   0.321429
59527.591534 18.675237 0.344258   123    39 c    0     1.22 149.52552 10.35937  2014.05  9578.72 2.33 2.23 -46.1 -0.460    17.95 19.77 02a59527o0853c 0x100002   3.153846
59586.456044 19.868040      NaN     8    11 c    0     5.54 149.52552 10.35937  6146.24  1057.99 2.37 2.23 -76.7 -0.422    19.68 21.68 02a59586o0529c 0x000000   0.727273
59586.480015 20.009244      NaN    -6    12 c    0     5.03 149.52552 10.35937  6161.43  1102.24 2.38 2.21 -74.6 -0.425    19.67 21.69 02a59586o0580c 0x000000  -0.500000
59586.486463 20.103715      NaN   -33    11 c    0     6.66 149.52552 10.35937  6109.20  1021.60 2.33 2.17 -68.7 -0.431    19.68 21.70 02a59586o0594c 0x000000  -3.000000
59586.490611 20.207197      NaN   -25    10 c    0     2.81 149.52552 10.35937  6089.98  1138.77 2.33 2.19 -70.7 -0.426    19.65 21.71 02a59586o0603c 0x000000  -2.500000