         MJD         m       dm   uJy  duJy F  err   chi/N       RA      Dec       x        y  maj  min   phi  apfit  mag5sig   Sky            Obs     Mask   __tmp_SN
57716.368801 19.696897      NaN   -10    16 c    0    0.94 17.84719 13.16014 3685.84  6682.49 3.85 3.76  66.8 -0.394    19.53 21.43 02a57716o0365c 0x000000  -0.625000
57716.383548 19.631075      NaN    -2    17 c    0    0.91 17.84719 13.16014 3667.76  6644.03 4.37 4.20  10.1 -0.356    19.48 21.56 02a57716o0393c 0x000000  -0.117647
57716.398368 19.631075      NaN   -16    17 c    0    1.00 17.84719 13.16014 3726.26  6720.86 4.23 4.07  14.2 -0.367    19.49 21.52 02a57716o0421c 0x000000  -0.941176
57716.414202 19.569016      NaN   -12    18 c    0    1.18 17.84719 13.16014 3747.02  6602.97 4.14 3.96  11.8 -0.371    19.36 21.35 02a57716o0450c 0x000000  -0.666667
57716.429597 19.351140      NaN   -12    22 c    0    1.06 17.84719 13.16014 3709.37  6660.46 4.02 3.94  19.5 -0.377    19.23 21.16 02a57716o0479c 0x000000  -0.545455
57744.302836 19.766969      NaN   -10    15 c    0    0.98 17.84719 13.16014 5485.05  5419.59 3.76 3.59 -89.2 -0.391    19.60 21.43 02a57744o0229c 0x000000  -0.666667
57744.315269 19.631075      NaN   -17    17 c    0    0.82 17.84719 13.16014 5467.53  5379.42 3.95 3.79  86.2 -0.383    19.53 21.40 02a57744o0253c 0x000000  -1.000000
57744.341041 19.549093      NaN     7    16 c    0    1.16 17.84719 13.16014 5544.52  5340.09 3.78 3.62 -89.7 -0.389    19.54 21.34 02a57744o0302c 0x000000   0.437500
57744.354218 19.384550      NaN    10    18 c    0    0.95 17.84719 13.16014 5509.01  5396.34 3.79 3.68  86.1 -0.391    19.52 21.33 02a57744o0327c 0x000000   0.555556
57752.278886 16.922529      NaN    90   176 c    0    0.90 17.84719 13.16014 4194.46  6402.81 3.89 3.76  80.4 -0.409    16.87 18.49 02a57752o0137c 0x100002   0.511364
57752.293653 16.424153      NaN  -735   326 c    0    0.89 17.84719 13.16014 4177.80  6362.50 3.91 3.81  79.7 -0.399    16.30 17.94 02a57752o0166c 0x100002  -2.254601
57752.308458 16.554952      NaN  -171   289 c    0    1.08 17.84719 13.16014 4234.39  6438.89 3.95 3.80  79.5 -0.392    16.21 17.73 02a57752o0195c 0x100002  -0.591696
57752.322825 15.994336      NaN   238   405 c    0    1.45 17.84719 13.16014 4254.12  6321.23 3.92 3.77  90.0 -0.380    15.79 17.26 02a57752o0223c 0x100002   0.587654
57756.251980 19.766969      NaN   -24    15 c    0    1.12 17.84719 13.16014 6464.10  5056.20 3.80 3.57  88.4 -0.389    19.51 21.25 02a57756o0118c 0x000000  -1.600000
57756.265219 19.631075      NaN   -37    17 c    0    0.67 17.84719 13.16014 6445.83  5017.04 3.74 3.53 -89.8 -0.398    19.51 21.23 02a57756o0142c 0x000000  -2.176471
57756.279049 19.696897      NaN   -10    16 c    0    0.99 17.84719 13.16014 6503.39  5093.77 3.74 3.51 -88.8 -0.395    19.50 21.20 02a57756o0168c 0x000000  -0.625000
57756.293534 19.696897      NaN   -16    16 c    0    0.91 17.84719 13.16014 6524.22  4976.28 3.77 3.58  89.4 -0.385    19.47 21.18 02a57756o0194c 0x000000  -1.000000
57756.307698 19.569016      NaN   -16    18 c    0    0.84 17.84719 13.16014 6487.45  5032.75 3.73 3.51 -89.0 -0.399    19.46 21.15 02a57756o0219c 0x000000  -0.888889
57776.244156 18.438271      NaN   -70    51 c    0    1.07 17.84719 13.16014 5033.88  5818.48 3.82 3.72  71.8 -0.390    18.14 19.78 02a57776o0065c 0x100002  -1.372549
57776.256550 18.757738      NaN   -78    38 c    0    0.90 17.84719 13.16014 5017.42  5778.88 3.79 3.67  72.3 -0.389    18.60 20.24 02a57776o0090c 0x100002  -2.052632
57776.269683 19.510313      NaN   -21    19 c    0    0.88 17.84719 13.16014 5074.67  5855.05 3.70 3.58  83.6 -0.397    19.24 20.96 02a57776o0116c 0x000000  -1.105263
57776.283850 18.921935      NaN     8    30 c    0    0.83 17.84719 13.16014 5097.46  5737.35 3.74 3.62  80.3 -0.386    18.64 20.24 02a57776o0144c 0x100002   0.266667
57776.299745 19.128787      NaN   -78    27 c    0    1.07 17.84719 13.16014 5060.03  5794.91 3.71 3.60  76.8 -0.387    18.69 20.31 02a57776o0175c 0x100002  -2.888889
57780.239270 19.569016      NaN   -34    18 c    0    0.90 17.84719 13.16014 4881.97  7345.96 3.67 3.57  15.1 -0.440    19.44 21.17 02a57780o0053c 0x000000  -1.888889
57780.250281 19.631075      NaN   -28    17 c    0    1.22 17.84719 13.16014 4864.43  7306.45 3.75 3.67  39.7 -0.421    19.43 21.17 02a57780o0075c 0x000000  -1.647059
57780.264593 19.569016      NaN   -66    18 c    0    1.00 17.84719 13.16014 4921.95  7383.15 3.76 3.69  38.0 -0.414    19.42 21.17 02a57780o0103c 0x000000  -3.666667
57780.278764 19.510313      NaN   -44    19 c    0    0.91 17.84719 13.16014 4943.03  7265.26 3.74 3.67  47.4 -0.411    19.40 21.12 02a57780o0131c 0x000000  -2.315789
57780.293143 19.401649      NaN    -8    21 c    0    1.02 17.84719 13.16014 4906.75  7322.05 3.75 3.68  65.3 -0.411    19.34 21.04 02a57780o0159c 0x000000  -0.380952
57804.235978 17.099602      NaN  -104   175 c    0    1.03 17.84719 13.16014 3672.73  7867.17 3.91 3.79  47.5 -0.430    17.22 18.55 02a57804o0056c 0x100002  -0.594286
57804.248118 15.273223      NaN  -368   941 c    0    1.04 17.84719 13.16014 3654.17  7828.79 3.87 3.80  46.1 -0.397    15.21 16.52 02a57804o0080c 0x100002  -0.391073
57983.569348 20.594452      NaN     0     7 c    0    1.57 17.84719 13.16014 5125.62  6522.33 2.45 2.41 -28.0 -0.424    19.84 21.73 02a57983o0613c 0x000000   0.000000
57983.574815 20.362567      NaN     2     8 c    0    1.27 17.84719 13.16014 5375.47  3953.93 2.42 2.38  52.2 -0.413    19.86 21.72 02a57983o0623c 0x000000   0.250000
57983.586414 20.449472      NaN     3     7 c    0    1.74 17.84719 13.16014 5160.76  6561.94 2.46 2.41 -37.2 -0.424    19.82 21.71 02a57983o0645c 0x000000   0.428571
57983.597301 20.321591      NaN   -24     9 c    0    1.29 17.84719 13.16014 5180.06  6447.09 2.45 2.40 -22.2 -0.420    19.86 21.72 02a57983o0665c 0x000000  -2.666667
57987.559248 19.894850 0.325721    40    12 c    0    1.64 17.84719 13.16014 4707.53  6640.72 2.47 2.41 -26.9 -0.423    19.49 21.40 02a57987o0458c 0x000000   3.333333
57987.559728 19.609992 0.208795    52    10 c    0    1.05 17.84719 13.16014 4726.41  6679.81 2.46 2.42 -34.0 -0.422    19.67 21.57 02a57987o0459c 0x000000   5.200000
57987.565835 20.543943      NaN     1     7 c    0    1.53 17.84719 13.16014 5715.44  3719.08 2.47 2.40 -78.2 -0.419    19.88 21.77 02a57987o0470c 0x000000   0.142857
57987.577723 20.282105      NaN     1     9 c    0    1.12 17.84719 13.16014 4779.44  6598.80 2.51 2.42 -22.7 -0.422    19.70 21.60 02a57987o0492c 0x000000   0.111111
57991.571345 20.761819      NaN   -25     6 c    0    1.93 17.84719 13.16014 5544.11  2438.69 2.58 2.39 -70.4 -0.404    19.81 21.70 02a57991o0507c 0x000000  -4.166667
57991.588181 20.171596      NaN    10     7 c    0    1.90 17.84719 13.16014 5518.17  2395.64 2.55 2.48 -60.2 -0.402    19.79 21.70 02a57991o0536c 0x000000   1.428571
57991.596180 20.449472      NaN   -11     8 c    0    1.29 17.84719 13.16014 5580.68  2478.47 2.54 2.42 -73.3 -0.406    19.80 21.65 02a57991o0551c 0x000000  -1.375000
57991.606345 20.761819      NaN   -28     6 c    0    3.04 17.84719 13.16014 5593.76  2357.34 2.56 2.39 -89.6 -0.410    19.78 21.82 02a57991o0568c 0x000000  -4.666667
58019.484026 20.761819 0.361912    18     6 c    0    1.91 17.84719 13.16014 5651.36  3134.65 2.51 2.42 -66.2 -0.408    19.79 21.51 02a58019o0535c 0x000000   3.000000
58019.489558 20.594452      NaN    -4     7 c    0    1.88 17.84719 13.16014 5638.16  3102.91 2.54 2.40 -69.7 -0.406    19.79 21.49 02a58019o0546c 0x000000  -0.571429
58019.501028 20.594452      NaN     0     7 c    0    1.38 17.84719 13.16014 5689.32  3175.56 2.51 2.40 -75.1 -0.403    19.78 21.49 02a58019o0570c 0x000000   0.000000
58019.511375 20.594452      NaN   -27     7 c    0    1.32 17.84719 13.16014 5713.05  3062.33 2.55 2.42 -74.1 -0.405    19.74 21.47 02a58019o0590c 0x000000  -3.857143
58071.389646 19.589310      NaN    26     9 c    0    1.61 17.84719 13.16014 4247.35  3465.77 2.53 2.29  44.0 -0.435    19.74 21.51 02a58071o0334c 0x000000   2.888889
58071.395380 19.922338      NaN    15     8 c    0    1.35 17.84719 13.16014 4231.68  3428.11 2.61 2.32  43.4 -0.426    19.69 21.52 02a58071o0345c 0x000000   1.875000
58071.407751 20.207197 0.289530    30     8 c    0    1.10 17.84719 13.16014 4288.56  3503.07 2.53 2.27  41.5 -0.442    19.73 21.48 02a58071o0370c 0x000000   3.750000
58071.417658 20.171596      NaN     4     9 c    0    1.46 17.84719 13.16014 4310.54  3388.17 2.54 2.31  40.0 -0.437    19.71 21.48 02a58071o0389c 0x000000   0.444444
58075.376039 19.950541      NaN     8    10 c    0    0.96 17.84719 13.16014 4268.79  2417.07 2.57 2.29  45.5 -0.415    19.78 21.59 02a58075o0316c 0x000000   0.800000
58075.390063 19.743105      NaN    22     8 c    0    1.78 17.84719 13.16014 4249.44  2376.96 2.63 2.33  43.5 -0.417    19.78 21.56 02a58075o0345c 0x000000   2.750000
58075.397028 20.449472      NaN   -13     8 c    0    1.10 17.84719 13.16014 4309.03  2455.26 2.59 2.34  46.3 -0.420    19.80 21.57 02a58075o0360c 0x000000  -1.625000
58075.407959 19.979496      NaN    10     9 c    0    1.38 17.84719 13.16014 4328.81  2337.57 2.61 2.33  44.6 -0.419    19.72 21.56 02a58075o0381c 0x000000   1.111111
58079.382413 20.449472      NaN     0     8 c    0    1.45 17.84719 13.16014 3948.87   935.15 2.74 2.39  47.1 -0.436    19.78 21.56 02a58079o0405c 0x000000   0.000000
58079.396285 19.549093      NaN    19    12 c    0    0.78 17.84719 13.16014 3930.42   895.03 2.79 2.37  44.4 -0.433    19.76 21.50 02a58079o0435c 0x000000   1.583333
58079.404554 19.979496      NaN    13     8 c    0    1.80 17.84719 13.16014 3990.78   974.03 2.80 2.41  44.0 -0.429    19.72 21.45 02a58079o0452c 0x000000   1.625000
58079.413929 20.039830 0.310210    35    10 c    0    1.43 17.84719 13.16014 4011.35   854.80 2.94 2.53  42.5 -0.413    19.68 21.42 02a58079o0472c 0x000000   3.500000
58135.291205 19.569016      NaN    21    11 c    0    0.92 17.84719 13.16014 5497.64  2184.23 2.92 2.65  37.7 -0.412    19.57 21.34 02a58135o0205c 0x000000   1.909091
58135.301165 19.589310      NaN    17    12 c    0    0.97 17.84719 13.16014 5480.82  2143.54 3.17 2.98  41.2 -0.387    19.47 21.28 02a58135o0226c 0x000000   1.416667
58135.311165 19.549093      NaN    25    10 c    0    1.25 17.84719 13.16014 5537.24  2222.02 2.88 2.66  43.7 -0.406    19.50 21.22 02a58135o0247c 0x000000   2.500000
58135.321142 19.922338      NaN     3    12 c    0    0.92 17.84719 13.16014 5556.01  2106.08 2.94 2.71  40.6 -0.399    19.46 21.19 02a58135o0268c 0x000000   0.250000
58163.248075 12.194953      NaN 11036 12350 c    0    1.12 17.84719 13.16014 5631.10  3002.26 2.92 2.81  61.4 -0.400    12.47 13.92 02a58163o0090c 0x100002   0.893603
58167.228739 18.847027      NaN    -5    35 c    0    1.08 17.84719 13.16014 5804.32 10128.52 3.54 3.23  18.8 -0.426    18.39 20.56 02a58167o0046c 0x100002  -0.142857
58167.230109 19.302877      NaN    -9    23 c    0    1.19 17.84719 13.16014 6249.36   418.04 3.22 2.85  30.0 -0.401    19.06 20.60 02a58167o0049c 0x000000  -0.391304
58167.238098 18.816441      NaN   -61    36 c    0    1.12 17.84719 13.16014 5784.70 10087.27 4.14 3.98  23.4 -0.368    18.18 20.49 02a58167o0066c 0x100002  -1.694444
58167.239938 18.867907      NaN    28    25 c    0    0.94 17.84719 13.16014 6229.78   376.76 3.16 2.83  26.8 -0.407    19.10 20.67 02a58167o0070c 0x100002   1.120000
58167.247861 18.816441      NaN  -152    36 c    0    1.01 17.84719 13.16014 5840.44 10167.15 3.90 3.62  20.1 -0.382    18.27 20.38 02a58167o0087c 0x100002  -4.222222
58167.249687 19.351140      NaN    -3    22 c    0    1.23 17.84719 13.16014 6285.49   456.54 3.33 3.03  27.9 -0.397    19.03 20.64 02a58167o0091c 0x000000  -0.136364
58167.257647 18.757738      NaN   -53    38 c    0    0.84 17.84719 13.16014 5860.26 10049.64 3.82 3.52   4.6 -0.410    18.30 20.35 02a58167o0108c 0x100002  -1.394737
58167.259639 19.302877      NaN   -42    23 c    0    0.95 17.84719 13.16014 6304.94   339.10 3.29 2.95  23.5 -0.398    19.09 20.59 02a58167o0112c 0x000000  -1.826087
58342.639094 17.574501      NaN   -34   113 c    0    1.10 17.84719 13.16014 3517.57 10037.77 2.73 2.56 -23.1 -0.446    17.30 18.29 02a58342o0871c 0x100002  -0.300885
58343.618721 20.321591      NaN   -25     9 c    0    1.56 17.84719 13.16014 6443.09 10218.98 2.74 2.65  11.7 -0.424    19.76 21.84 02a58343o0419c 0x000000  -2.777778
58343.621305 20.071303      NaN     7     9 c    0    1.09 17.84719 13.16014 6904.35   501.43 2.87 2.64  45.2 -0.417    19.75 21.79 02a58343o0423c 0x000000   0.777778
58343.638597 17.546052      NaN  -123   116 c    0    0.92 17.84719 13.16014 6417.20 10178.05 2.76 2.56  -1.9 -0.668    17.63 18.57 02a58343o0453c 0x100002  -1.060345
58343.640629 17.546052      NaN  -260   116 c    0    1.17 17.84719 13.16014 6880.76   462.62 2.78 2.66  56.2 -0.427    17.09 18.05 02a58343o0457c 0x100002  -2.241379
58375.556051 20.321591      NaN   -15     9 c    0    1.15 17.84719 13.16014 3693.02  2103.07 2.66 2.47  44.8 -0.401    19.78 21.62 02a58375o0183c 0x000000  -1.666667
58375.562037 19.950541 0.285720    38    10 c    0    1.07 17.84719 13.16014 3673.59  2064.77 2.71 2.48  49.9 -0.405    19.72 21.58 02a58375o0194c 0x000000   3.800000
58375.573248 20.449472      NaN    -1     8 c    0    1.56 17.84719 13.16014 3747.08  2142.57 2.71 2.51  45.8 -0.400    19.61 21.46 02a58375o0218c 0x000000  -0.125000
58375.582584 19.791368      NaN     8    12 c    0    0.89 17.84719 13.16014 3765.93  2025.66 2.68 2.48  46.2 -0.404    19.51 21.27 02a58375o0236c 0x000000   0.666667
58395.521284 19.491430      NaN    28    10 c    0    1.23 17.84719 13.16014 5692.64  2188.68 2.84 2.77  88.4 -0.395    19.52 21.29 02a58395o0670c 0x000000   2.800000
58395.535066 20.207197      NaN   -12    10 c    0    1.66 17.84719 13.16014 5673.33  2149.90 2.64 2.58 -86.3 -0.402    19.52 21.11 02a58395o0700c 0x000000  -1.200000
58395.542535 20.009244      NaN   -26    12 c    0    1.12 17.84719 13.16014 5731.07  2227.02 2.72 2.68  74.2 -0.397    19.39 21.01 02a58395o0715c 0x000000  -2.166667
58395.551844 19.609992      NaN    13    13 c    0    1.02 17.84719 13.16014 5750.41  2109.75 2.83 2.80 -88.1 -0.393    19.36 20.99 02a58395o0735c 0x000000   1.000000
58399.528797 19.609992      NaN    19    11 c    0    1.08 17.84719 13.16014 3715.37  1128.49 2.70 2.64 -84.5 -0.407    19.48 21.33 02a58399o0019c 0x000000   1.727273
58403.496393 19.014394      NaN     6    28 c    0    0.92 17.84719 13.16014 5288.03 10241.87 2.67 2.54  -0.2 -0.436    18.74 20.39 02a58403o0619c 0x100002   0.214286
58403.497308 18.720295      NaN    40    26 c    0    1.32 17.84719 13.16014 5733.17   528.08 2.76 2.51  47.1 -0.421    18.55 20.21 02a58403o0621c 0x100002   1.538462
58403.510851 19.256669      NaN     0    24 c    0    0.90 17.84719 13.16014 5712.42   487.82 2.72 2.51  48.8 -0.424    18.80 20.43 02a58403o0650c 0x000000   0.000000
58403.512224 18.910912      NaN   -30    33 c    0    1.12 17.84719 13.16014 5266.58 10202.19 2.68 2.55  -8.9 -0.439    18.66 20.26 02a58403o0653c 0x100002  -0.909091
58403.518359 15.296548      NaN  -710   921 c    0    1.45 17.84719 13.16014 5324.22 10281.03 2.64 2.47  -3.3 -0.433    15.48 17.00 02a58403o0664c 0x100002  -0.770901
58403.530832 19.791368      NaN     2    14 c    0    0.94 17.84719 13.16014 5770.06   565.85 2.71 2.49  51.0 -0.421    19.46 21.20 02a58403o0691c 0x000000   0.142857
58403.532205 19.609992      NaN     1    17 c    0    0.72 17.84719 13.16014 5343.20 10162.48 2.66 2.56  -2.9 -0.436    19.35 21.04 02a58403o0694c 0x000000   0.058824
58403.538391 19.089302      NaN    36    16 c    0    0.90 17.84719 13.16014 5790.88   449.37 2.76 2.52  45.8 -0.421    19.17 20.80 02a58403o0706c 0x000000   2.250000
58427.440863 20.039830      NaN     5    10 c    0    1.68 17.84719 13.16014 4630.44  9785.68 2.65 2.54 -23.2 -0.428    19.68 21.37 02a58427o0330c 0x000000   0.500000
58427.442841 20.321591      NaN   -18     9 c    0    1.73 17.84719 13.16014 5056.92    70.27 2.68 2.44  51.6 -0.414    19.67 21.39 02a58427o0334c 0x000000  -2.000000
58427.454165 21.514394      NaN   -39     3 c    0 2267.58 17.84719 13.16014 5037.88    31.59 2.75 2.48  47.0 -0.397    19.66 21.35 02a58427o0358c 0x100001 -13.000000
58427.455993 19.766969      NaN    12    11 c    0    1.35 17.84719 13.16014 4611.28  9746.84 2.65 2.50 -13.4 -0.437    19.64 21.34 02a58427o0362c 0x000000   1.090909
58427.459362 19.922338      NaN     6    11 c    0    1.16 17.84719 13.16014 4669.32  9825.09 2.70 2.56  -2.2 -0.435    19.63 21.33 02a58427o0368c 0x000000   0.545455
58427.460736 19.696897      NaN     9    13 c    0    1.19 17.84719 13.16014 5096.14   111.14 2.81 2.52  42.8 -0.410    19.64 21.36 02a58427o0371c 0x000000   0.692308
58427.473267 20.103715      NaN   -22    11 c    0    1.07 17.84719 13.16014 4687.36  9707.39 2.79 2.66 -15.8 -0.429    19.61 21.30 02a58427o0398c 0x000000  -2.000000
58431.439220 19.696897 0.203576    48     9 c    0    1.50 17.84719 13.16014 4634.53  3597.62 2.42 2.36  82.5 -0.409    19.75 21.52 02a58431o0533c 0x000000   5.333333
58431.449861 19.609992      NaN    22    10 c    0    0.84 17.84719 13.16014 4615.92  3559.45 2.43 2.36  84.8 -0.411    19.73 21.49 02a58431o0554c 0x000000   2.200000
58431.458564 20.321591      NaN   -10     9 c    0    1.52 17.84719 13.16014 4671.14  3636.60 2.41 2.34  87.4 -0.407    19.74 21.44 02a58431o0572c 0x000000  -1.111111
58431.464541 20.207197      NaN     6     8 c    0    2.08 17.84719 13.16014 4692.14  3520.35 2.41 2.34  68.3 -0.409    19.71 21.41 02a58431o0584c 0x000000   0.750000
58435.427427 19.922338      NaN   -21    13 c    0    1.55 17.84719 13.16014 4149.02  1925.65 2.62 2.52 -87.6 -0.391    19.21 20.98 02a58435o0510c 0x000000  -1.615385
58435.437960 19.631075      NaN   -14    17 c    0    1.15 17.84719 13.16014 4130.84  1886.34 2.60 2.51  70.3 -0.396    18.84 20.51 02a58435o0531c 0x000000  -0.823529
58435.446007 18.504094      NaN  -142    48 c    0    0.81 17.84719 13.16014 4188.69  1964.05 2.58 2.46  89.7 -0.393    17.79 19.36 02a58435o0547c 0x100002  -2.958333
58435.458747 18.550302      NaN    66    24 c    0    1.42 17.84719 13.16014 4207.65  1845.88 2.67 2.56  82.3 -0.391    18.46 20.15 02a58435o0573c 0x000000   2.750000
58454.365566 19.922338      NaN    -4    13 c    0    0.87 17.84719 13.16014 3893.91  9883.76 2.68 2.50   0.3 -0.440    19.59 21.49 02a58454o0386c 0x000000  -0.307692
58454.374596 20.103715      NaN   -37    11 c    0    1.83 17.84719 13.16014 3874.64  9844.22 2.70 2.60 -11.9 -0.427    19.49 21.42 02a58454o0405c 0x000000  -3.363636
58454.383689 20.103715      NaN     0    11 c    0    0.87 17.84719 13.16014 3930.52  9921.71 2.65 2.55 -19.9 -0.419    19.73 21.62 02a58454o0424c 0x000000   0.000000
58454.392864 20.171596 0.350237    31    10 c    0    1.63 17.84719 13.16014 3950.76  9803.75 2.70 2.48   1.0 -0.447    19.70 21.60 02a58454o0443c 0x000000   3.100000
58455.343475 19.950541      NaN     8    10 c    0    0.93 17.84719 13.16014 1259.37 10196.79 2.69 2.48  -3.1 -0.427    19.76 21.64 02a58455o0285c 0x000000   0.800000
58455.358341 20.207197      NaN   -31    10 c    0    0.98 17.84719 13.16014 1297.11 10234.53 2.75 2.44   5.9 -0.425    19.73 21.58 02a58455o0297c 0x000000  -3.100000
58455.359736 19.766969      NaN    15    10 c    0    1.23 17.84719 13.16014 1767.61   492.16 2.72 2.33  42.1 -0.457    19.75 21.62 02a58455o0300c 0x000000   1.500000
58455.369074 20.321591      NaN    -6     9 c    0    1.37 17.84719 13.16014 1785.77   372.37 2.89 2.48  40.3 -0.434    19.71 21.58 02a58455o0320c 0x000000  -0.666667
58455.370499 20.321591      NaN    -8     9 c    0    1.27 17.84719 13.16014 1316.60 10114.83 2.81 2.55  -4.7 -0.434    19.67 21.53 02a58455o0323c 0x000000  -0.888889
58459.345665 20.449472      NaN    -5     8 c    0    1.62 17.84719 13.16014 6103.22  5606.09 2.58 2.41 -56.5 -0.406    19.68 21.47 02a58459o0341c 0x000000  -0.625000
58459.362925 20.321591      NaN   -10     9 c    0    1.09 17.84719 13.16014 6083.68  5568.14 2.66 2.50 -57.6 -0.408    19.65 21.42 02a58459o0378c 0x000000  -1.111111
58459.367654 20.244005 0.336953    29     9 c    0    1.27 17.84719 13.16014 6141.54  5647.50 2.60 2.51 -63.1 -0.412    19.64 21.43 02a58459o0387c 0x000000   3.222222
58459.379669 20.207197      NaN   -24    10 c    0    1.17 17.84719 13.16014 6160.55  5530.36 2.73 2.62 -59.6 -0.402    19.62 21.46 02a58459o0413c 0x000000  -2.400000
58487.294373 19.436675      NaN    25    12 c    0    0.92 17.84719 13.16014  287.54  3673.17 2.60 2.58 -71.5 -0.398    19.41 21.25 02a58487o0217c 0x000000   2.083333
58487.302720 19.652575      NaN    17    11 c    0    0.98 17.84719 13.16014  269.23  3633.64 2.64 2.57  47.9 -0.397    19.43 21.24 02a58487o0234c 0x000000   1.545455
58487.304163 19.922338      NaN     0    13 c    0    0.81 17.84719 13.16014 9883.01  3700.24 2.90 2.78 -56.6 -0.412    19.46 21.28 02a58487o0237c 0x000000   0.000000
58487.310978 19.868040      NaN    11    10 c    0    1.68 17.84719 13.16014  327.39  3710.51 2.78 2.71  42.8 -0.389    19.37 21.22 02a58487o0251c 0x000000   1.100000
58487.312597 19.841877      NaN   -10    14 c    0    1.24 17.84719 13.16014 9865.30  3661.14 3.22 3.18  82.6 -0.404    19.30 21.25 02a58487o0254c 0x000000  -0.714286
58487.319311 20.207197      NaN   -10    10 c    0    1.13 17.84719 13.16014  347.19  3593.19 2.57 2.49  57.6 -0.407    19.43 21.20 02a58487o0268c 0x000000  -1.000000
58487.320863 19.922338      NaN    -6    13 c    0    0.88 17.84719 13.16014 9921.54  3739.31 2.73 2.62 -58.8 -0.431    19.49 21.25 02a58487o0271c 0x000000  -0.461538
58487.329235 19.816329      NaN     4    13 c    0    1.13 17.84719 13.16014 9941.95  3622.91 2.99 2.91 -61.1 -0.422    19.40 21.25 02a58487o0288c 0x000000   0.307692
58491.290505 19.472870      NaN    23    12 c    0    1.39 17.84719 13.16014  251.28  9516.35 2.60 2.41 -19.8 -0.419    19.55 21.30 02a58491o0207c 0x000000   1.916667
58491.299221 19.766969 0.289530    45    12 c    0    1.41 17.84719 13.16014  232.37  9476.73 2.57 2.37 -31.2 -0.430    19.56 21.28 02a58491o0225c 0x000000   3.750000
58491.300136 19.631075      NaN    12    13 c    0    0.80 17.84719 13.16014 9881.78  9540.74 2.73 2.53  44.7 -0.418    19.59 21.33 02a58491o0227c 0x000000   0.923077
58491.307493 19.791368 0.271434    44    11 c    0    1.88 17.84719 13.16014  290.53  9553.71 2.51 2.34 -20.1 -0.429    19.58 21.26 02a58491o0242c 0x000000   4.000000
58491.308877 20.103715      NaN   -30    11 c    0    1.08 17.84719 13.16014 9863.17  9501.33 2.67 2.49  43.1 -0.419    19.60 21.32 02a58491o0245c 0x000000  -2.727273
58491.316255 19.271854      NaN    32    13 c    0    1.17 17.84719 13.16014  312.78  9434.62 2.55 2.30  -6.7 -0.417    19.57 21.26 02a58491o0260c 0x000000   2.461538
58491.317169 20.071303      NaN     1    11 c    0    1.30 17.84719 13.16014 9922.28  9580.46 2.62 2.49  36.5 -0.418    19.56 21.32 02a58491o0262c 0x000000   0.090909
58491.326059 20.009244      NaN    -9    12 c    0    0.95 17.84719 13.16014 9940.94  9463.06 2.67 2.55  23.4 -0.421    19.53 21.27 02a58491o0280c 0x000000  -0.750000
58519.250553 19.868040      NaN    11    10 c    0    1.50 17.84719 13.16014 8048.31  5622.92 2.48 2.35 -60.5 -0.429    19.50 20.99 02a58519o0101c 0x000000   1.100000
58519.259026 19.631075      NaN    15    12 c    0    1.07 17.84719 13.16014 8030.34  5583.79 2.55 2.45 -72.6 -0.420    19.47 20.97 02a58519o0119c 0x000000   1.250000
58519.266930 19.436675      NaN    25    12 c    0    1.50 17.84719 13.16014 8089.48  5660.81 2.56 2.47 -62.6 -0.432    19.44 20.96 02a58519o0136c 0x000000   2.083333
58519.275431 20.009244      NaN   -18    12 c    0    1.16 17.84719 13.16014 8110.67  5544.10 2.50 2.42 -49.1 -0.439    19.43 20.91 02a58519o0154c 0x000000  -1.500000
58523.240583 19.674510      NaN    10    13 c    0    1.13 17.84719 13.16014 4162.55  5608.58 2.80 2.71 -78.5 -0.411    19.18 20.57 02a58523o0078c 0x000000   0.769231
58523.249076 19.631075      NaN     6    15 c    0    1.41 17.84719 13.16014 4145.16  5568.97 2.72 2.66 -85.6 -0.409    19.13 20.55 02a58523o0096c 0x000000   0.400000
58523.257070 19.652575      NaN     2    16 c    0    1.18 17.84719 13.16014 4203.59  5645.14 2.71 2.71 -75.6 -0.421    19.15 20.54 02a58523o0113c 0x000000   0.125000
58523.265370 19.142275      NaN    26    18 c    0    0.78 17.84719 13.16014 4224.86  5527.70 2.89 2.80  30.7 -0.415    19.05 20.51 02a58523o0131c 0x000000   1.444444
58663.519709 19.014394      NaN  -247    30 c    0    0.84 17.84719 13.16014 6979.70  7761.04 2.94 2.44  37.0 -0.380    17.88 19.53 02a58663o0564c 0x100002  -8.233333
58663.522520 17.883650      NaN  -190    85 c    0    1.20 17.84719 13.16014 7001.56  7800.18 2.94 2.49  35.9 -0.377    16.90 18.57 02a58663o0570c 0x100002  -2.235294
58663.528653 17.430723      NaN  -386   129 c    0    0.88 17.84719 13.16014 6945.86  7724.04 2.79 2.68  37.7 -0.388    17.49 19.18 02a58663o0581c 0x100002  -2.992248
58663.543291 19.569016      NaN    -8    18 c    0    1.23 17.84719 13.16014 6930.03  7839.89 2.80 2.57  20.1 -0.406    19.09 20.81 02a58663o0608c 0x000000  -0.444444
58691.559024 20.137125      NaN     2    10 c    0    0.79 17.84719 13.16014 9210.64  3786.07 2.51 2.41 -64.7 -0.402    19.69 21.37 02a58691o0576c 0x000000   0.200000
58691.567251 20.207197      NaN    -9    10 c    0    1.46 17.84719 13.16014 9226.37  3825.55 2.63 2.49 -60.1 -0.395    19.59 21.36 02a58691o0592c 0x000000  -0.900000
58691.571336 20.321591      NaN   -17     9 c    0    1.50 17.84719 13.16014 9176.02  3747.25 2.64 2.37 -64.6 -0.399    19.66 21.36 02a58691o0599c 0x000000  -1.888889
58691.582149 20.207197      NaN   -24    10 c    0    1.40 17.84719 13.16014 9150.09  3866.38 2.61 2.47 -64.6 -0.396    19.64 21.37 02a58691o0621c 0x000000  -2.400000
58699.494210 19.401649      NaN   -52    21 c    0    1.05 17.84719 13.16014 9133.08  1833.48 2.55 2.38 -56.9 -0.401    18.67 20.46 02a58699o0451c 0x000000  -2.476190
58699.508470 19.922338      NaN    -5    13 c    0    1.60 17.84719 13.16014 9142.86  1873.43 2.50 2.30 -55.4 -0.405    19.15 21.01 02a58699o0478c 0x000000  -0.384615
58699.511459 19.367717      NaN    29    12 c    0    1.70 17.84719 13.16014 9085.30  1796.38 2.54 2.29 -58.4 -0.408    19.10 20.93 02a58699o0484c 0x000000   2.416667
58699.523391 19.719755      NaN    20     9 c    0    1.22 17.84719 13.16014 9063.85  1915.30 2.55 2.39 -54.7 -0.400    19.60 21.56 02a58699o0508c 0x000000   2.222222
58703.451116 20.321591      NaN   -15     9 c    0    1.24 17.84719 13.16014 9130.55  1832.72 2.71 2.47 -56.3 -0.397    19.63 21.58 02a58703o0437c 0x000000  -1.666667
58703.453915 20.137125      NaN     5     9 c    0    1.19 17.84719 13.16014 9147.65  1869.83 2.69 2.39 -59.8 -0.399    19.69 21.61 02a58703o0443c 0x000000   0.555556
58703.460119 20.405150 0.347436    25     8 c    0    2.36 17.84719 13.16014 9091.39  1792.09 2.58 2.32 -59.2 -0.405    19.67 21.63 02a58703o0455c 0x000000   3.125000
58703.470135 20.207197      NaN   -26    10 c    0    1.37 17.84719 13.16014 9071.82  1908.97 2.79 2.50 -45.3 -0.419    19.61 21.63 02a58703o0476c 0x000000  -2.600000
58707.509635 19.491430      NaN     7    17 c    0    1.32 17.84719 13.16014 8863.71  5723.68 2.58 2.45  45.1 -0.387    19.03 20.03 02a58707o0574c 0x000000   0.411765
58707.519679 19.766969      NaN    -8    15 c    0    1.45 17.84719 13.16014 8884.19  5762.68 2.58 2.45  50.8 -0.388    19.12 20.11 02a58707o0594c 0x000000  -0.533333
58707.522847 19.631075      NaN    -2    17 c    0    1.18 17.84719 13.16014 8827.61  5685.27 2.59 2.46  51.8 -0.386    19.08 20.14 02a58707o0600c 0x000000  -0.117647
58707.535295 19.719755 0.346512    47    15 c    0    1.38 17.84719 13.16014 8814.58  5800.15 2.64 2.47  51.1 -0.389    19.18 20.27 02a58707o0624c 0x000000   3.133333
58723.448388 19.841877      NaN    18     8 c    0    1.36 17.84719 13.16014 3415.50  4074.97 2.32 2.28  51.6 -0.415    19.79 21.73 02a58723o0411c 0x000000   2.250000
58723.451645 19.950541      NaN    17     7 c    0    2.42 17.84719 13.16014 3434.46  4114.54 2.34 2.26  43.5 -0.411    19.80 21.73 02a58723o0418c 0x000000   2.428571
58723.472410 19.894850 0.190004    40     7 c    0    1.71 17.84719 13.16014 3376.31  4036.28 2.32 2.27  57.0 -0.421    19.85 21.78 02a58723o0461c 0x000000   5.714286
58723.478882 20.761819      NaN   -15     6 c    0    1.65 17.84719 13.16014 3356.77  4153.73 2.36 2.23  45.4 -0.416    19.85 21.79 02a58723o0475c 0x000000  -2.500000
58723.642501 18.034118      NaN  -100    74 c    0    0.90 17.84719 13.16014 7177.61  6480.33 2.70 2.42  40.7 -0.425    17.45 18.29 02a58723o0744c 0x100002  -1.351351
58727.440906 19.766969      NaN    18     9 c    0    1.24 17.84719 13.16014 3421.59  4076.24 2.45 2.31  44.3 -0.399    19.73 21.56 02a58727o0399c 0x000000   2.000000
58727.450914 20.039830      NaN    11     8 c    0    1.60 17.84719 13.16014 3437.03  4113.16 2.54 2.23  41.0 -0.397    19.72 21.65 02a58727o0418c 0x000000   1.375000
58727.454398 20.171596      NaN     7     8 c    0    1.52 17.84719 13.16014 3379.49  4035.89 2.54 2.25  41.1 -0.395    19.72 21.66 02a58727o0425c 0x000000   0.875000
58727.462141 20.449472      NaN   -23     8 c    0    1.06 17.84719 13.16014 3362.96  4149.86 2.48 2.31  84.8 -0.397    19.75 21.70 02a58727o0438c 0x000000  -2.875000
58727.641348 18.542463      NaN    25    38 c    0    0.75 17.84719 13.16014 7182.43  6477.41 2.90 2.45  36.8 -0.367    18.27 19.33 02a58727o0607c 0x100002   0.657895
58730.515256 20.405150      NaN     1     8 c    0    1.34 17.84719 13.16014 3266.45   179.87 2.62 2.29 -57.5 -0.392    19.77 21.55 02a58730o0620c 0x000000   0.125000
58730.518230 20.449472      NaN    -4     8 c    0    1.58 17.84719 13.16014 3286.41   216.76 2.58 2.29 -57.1 -0.392    19.73 21.54 02a58730o0626c 0x000000  -0.500000
58730.525590 20.405150 0.304006    25     7 c    0    2.32 17.84719 13.16014 3231.13   141.37 2.67 2.26 -58.4 -0.391    19.76 21.55 02a58730o0640c 0x000000   3.571429
58730.536535 20.543943 0.345462    22     7 c    0    1.74 17.84719 13.16014 3213.71   260.19 2.66 2.39 -61.1 -0.394    19.71 21.53 02a58730o0662c 0x000000   3.142857
58751.364377 20.103715      NaN     3    10 c    0    0.78 17.84719 13.16014 5058.10  7857.57 2.47 2.40  22.1 -0.406    19.70 21.59 02a58751o0233c 0x000000   0.300000
58751.367622 20.449472      NaN   -22     8 c    0    1.63 17.84719 13.16014 5076.58  7895.95 2.47 2.33  22.0 -0.413    19.73 21.61 02a58751o0240c 0x000000  -2.750000
58751.386624 20.321591      NaN    -9     9 c    0    1.04 17.84719 13.16014 5014.81  7818.99 2.43 2.37  22.7 -0.407    19.74 21.68 02a58751o0278c 0x000000  -1.000000
58751.397832 20.321591      NaN   -18     9 c    0    1.60 17.84719 13.16014 4996.07  7935.60 2.45 2.33 -35.5 -0.416    19.78 21.71 02a58751o0300c 0x000000  -2.000000
58751.533752 20.594452      NaN   -18     7 c    0    1.60 17.84719 13.16014 5543.28  2694.20 2.33 2.26 -73.0 -0.397    19.79 21.63 02a58751o0569c 0x000000  -2.571429
58755.457460 20.449472      NaN    -6     8 c    0    1.42 17.84719 13.16014 1633.79  2905.51 2.47 2.37 -77.7 -0.412    19.67 21.51 02a58755o0532c 0x000000  -0.750000
58755.462158 20.207197      NaN    -4    10 c    0    1.22 17.84719 13.16014 1612.00  2867.65 2.47 2.36 -65.7 -0.408    19.71 21.48 02a58755o0541c 0x000000  -0.400000
58755.468222 20.449472      NaN    -1     8 c    0    1.35 17.84719 13.16014 1669.97  2944.96 2.46 2.36 -65.2 -0.400    19.70 21.47 02a58755o0553c 0x000000  -0.125000
58755.479131 19.743105      NaN    22     8 c    0    1.27 17.84719 13.16014 1685.48  2828.66 2.46 2.32 -70.3 -0.408    19.68 21.49 02a58755o0573c 0x000000   2.750000
58762.470021 19.674510      NaN    22     9 c    0    1.43 17.84719 13.16014 5312.75  8522.32 2.39 2.32 -38.1 -0.430    19.70 21.48 02a58762o0566c 0x000000   2.444444
58762.475263 20.321591      NaN    -8     9 c    0    1.49 17.84719 13.16014 5289.40  8482.83 2.54 2.39  44.3 -0.397    19.70 21.47 02a58762o0576c 0x000000  -0.888889
58762.480052 20.207197      NaN   -13    10 c    0    1.08 17.84719 13.16014 5345.17  8561.24 2.48 2.35 -54.6 -0.423    19.69 21.49 02a58762o0585c 0x000000  -1.300000
58762.490937 20.321591      NaN    -7     9 c    0    1.25 17.84719 13.16014 5363.03  8444.06 2.53 2.40  44.2 -0.403    19.69 21.46 02a58762o0606c 0x000000  -0.777778
58779.381150 20.321591      NaN    -3     9 c    0    1.23 17.84719 13.16014 1410.08  2213.88 2.49 2.21 -58.0 -0.416    19.68 21.32 02a58779o0420c 0x000000  -0.333333
58779.385795 20.321591      NaN   -15     9 c    0    1.28 17.84719 13.16014 1430.85  2253.11 2.44 2.29 -65.7 -0.416    19.69 21.34 02a58779o0429c 0x000000  -1.666667
58779.391084 19.674510      NaN    22     9 c    0    1.17 17.84719 13.16014 1374.24  2175.50 2.48 2.23 -60.9 -0.413    19.71 21.36 02a58779o0440c 0x000000   2.444444
58779.404108 20.009244      NaN   -24    12 c    0    1.07 17.84719 13.16014 9240.32  8284.17 2.61 2.53 -81.9 -0.400    19.71 21.37 02a58779o0466c 0x000000  -2.000000
58783.373198 19.922338 0.222715    39     8 c    0    1.86 17.84719 13.16014 1413.27  2214.24 2.57 2.23 -54.2 -0.422    19.70 21.43 02a58783o0344c 0x000000   4.875000
58783.381752 20.449472      NaN   -17     8 c    0    1.36 17.84719 13.16014 1436.42  2252.42 2.69 2.30 -56.9 -0.414    19.71 21.48 02a58783o0361c 0x000000  -2.125000
58783.389553 20.594452      NaN   -19     7 c    0    2.23 17.84719 13.16014 1374.74  2175.28 2.57 2.26 -51.9 -0.421    19.68 21.46 02a58783o0376c 0x000000  -2.714286
58783.393011 20.449472      NaN    -4     8 c    0    1.13 17.84719 13.16014 1356.49  2292.91 2.53 2.28 -52.1 -0.425    19.69 21.44 02a58783o0383c 0x000000  -0.500000
58787.396450 19.950541      NaN    11     9 c    0    1.06 17.84719 13.16014 3668.39  4740.22 2.28 2.17 -58.2 -0.416    19.73 21.51 02a58787o0409c 0x000000   1.222222
58787.406956 20.207197      NaN    -6    10 c    0    1.42 17.84719 13.16014 3645.07  4702.98 2.39 2.18 -70.7 -0.417    19.61 21.59 02a58787o0429c 0x000000  -0.600000
58787.413196 19.950541      NaN    14     8 c    0    1.62 17.84719 13.16014 3703.63  4779.34 2.28 2.18 -71.1 -0.414    19.69 21.60 02a58787o0441c 0x000000   1.750000
58787.417839 20.449472      NaN    -3     8 c    0    1.19 17.84719 13.16014 3724.13  4663.78 2.28 2.18 -52.8 -0.411    19.72 21.47 02a58787o0450c 0x000000  -0.375000
58815.240625 19.631075      NaN    24     9 c    0    1.21 17.84719 13.16014 3354.32  2143.24 2.38 2.25 -64.0 -0.408    19.69 21.59 02a58815o0126c 0x000000   2.666667
58815.244675 20.449472      NaN    -2     8 c    0    1.40 17.84719 13.16014 3372.74  2182.70 2.42 2.31 -45.3 -0.403    19.68 21.56 02a58815o0134c 0x000000  -0.250000
58815.254953 19.979496      NaN    13     8 c    0    1.74 17.84719 13.16014 3314.73  2104.21 2.41 2.24 -51.0 -0.404    19.75 21.63 02a58815o0153c 0x000000   1.625000
58815.263372 20.009244      NaN     9     9 c    0    0.96 17.84719 13.16014 3296.22  2221.75 2.49 2.27 -52.1 -0.401    19.74 21.64 02a58815o0168c 0x000000   1.000000
58867.269587 18.343209 0.071516   167    11 c    0    1.42 17.84719 13.16014 9089.86  6425.23 2.56 2.46 -62.8 -0.405    19.69 21.34 02a58867o0163c 0x000000  15.181818
58867.272830 18.376212 0.060319   162     9 c    0    1.98 17.84719 13.16014 9070.92  6386.27 2.53 2.47 -73.9 -0.405    19.67 21.33 02a58867o0170c 0x000000  18.000000
58867.278355 18.311179 0.075749   172    12 c    0    1.09 17.84719 13.16014 9129.83  6464.00 2.57 2.51 -85.8 -0.405    19.66 21.33 02a58867o0182c 0x000000  14.333333
58867.288761 18.237955 0.059007   184    10 c    0    1.80 17.84719 13.16014 9152.91  6346.11 2.56 2.48 -59.0 -0.408    19.68 21.32 02a58867o0204c 0x000000  18.400000
58871.234975 18.349730 0.071946   166    11 c    0    1.33 17.84719 13.16014 9100.62  6427.61 2.57 2.46 -89.3 -0.414    19.63 21.19 02a58871o0084c 0x000000  15.090909
58871.238432 18.590371 0.081634   133    10 c    0    2.22 17.84719 13.16014 9082.59  6387.28 2.61 2.45 -78.0 -0.413    19.65 21.19 02a58871o0091c 0x000000  13.300000
58871.244555 18.343209 0.065014   167    10 c    0    1.48 17.84719 13.16014 9140.75  6464.15 2.59 2.44 -74.7 -0.412    19.65 21.18 02a58871o0104c 0x000000  16.700000
58871.259014 18.311179 0.069437   172    11 c    0    1.64 17.84719 13.16014 9163.76  6346.13 2.59 2.40 -65.8 -0.415    19.62 21.16 02a58871o0135c 0x000000  15.636364
58875.249635 18.438271 0.078059   153    11 c    0    1.36 17.84719 13.16014 9427.56  2543.47 2.53 2.25 -52.6 -0.406    19.57 21.11 02a58875o0113c 0x000000  13.909091
58875.252500 18.526952 0.069302   141     9 c    0    2.21 17.84719 13.16014 9409.08  2503.59 2.62 2.24 -56.3 -0.406    19.58 21.10 02a58875o0119c 0x000000  15.666667
58875.258019 18.389700 0.088216   160    13 c    0    1.10 17.84719 13.16014 9467.63  2582.47 2.58 2.22 -55.2 -0.412    19.60 21.11 02a58875o0131c 0x000000  12.307692
58875.267867 18.376212 0.087127   162    13 c    0    0.96 17.84719 13.16014 9492.29  2463.73 2.64 2.20 -53.3 -0.414    19.57 21.09 02a58875o0152c 0x000000  12.461538
58899.218237 17.414019      NaN  -264   131 c    0    1.31 17.84719 13.16014 1435.28  8735.87 3.35 3.00 -58.4 -0.564    17.28 18.48 02a58899o0032c 0x100002  -2.015267
58899.222252 17.879400      NaN    97    53 c    0    1.07 17.84719 13.16014 1417.24  8693.70 3.50 3.21 -54.5 -0.396    18.03 19.33 02a58899o0040c 0x100002   1.830189
58899.227577 18.566153      NaN    52    28 c    0    1.41 17.84719 13.16014 1476.01  8769.04 3.80 3.41 -53.5 -0.402    18.39 19.97 02a58899o0051c 0x100002   1.857143
58899.237192 18.615142      NaN    58    24 c    0    1.58 17.84719 13.16014 1497.79  8649.13 3.67 3.30 -52.2 -0.378    18.58 20.21 02a58899o0071c 0x000000   2.416667
59023.584290 19.766969      NaN    -5    15 c    0    1.49 17.84719 13.16014 3093.96  7953.58 2.77 2.57   7.5 -0.386    19.04 20.79 02a59023o0690c 0x000000  -0.333333
59023.602273 19.351140      NaN   -38    22 c    0    1.11 17.84719 13.16014 3109.17  7991.31 2.53 2.45  -3.3 -0.382    18.88 20.54 02a59023o0728c 0x000000  -1.727273
59023.606412 19.922338      NaN    -1    13 c    0    1.22 17.84719 13.16014 3049.60  7913.62 2.51 2.38  -5.1 -0.384    19.22 20.80 02a59023o0737c 0x000000  -0.076923
59023.617887 18.615142      NaN    40    30 c    0    1.58 17.84719 13.16014 3029.35  8029.84 2.39 2.30 -11.6 -0.388    18.60 19.50 02a59023o0761c 0x100002   1.333333
59027.588030 20.449472      NaN    -1     8 c    0    2.00 17.84719 13.16014 5331.07  3990.47 2.41 2.29  35.5 -0.401    19.60 21.26 02a59027o0705c 0x000000  -0.125000
59027.597923 19.791368 0.197407    44     8 c    0    1.63 17.84719 13.16014 5350.45  4029.08 2.37 2.32 -46.2 -0.405    19.60 21.26 02a59027o0726c 0x000000   5.500000
59027.609898 20.009244      NaN   -48    12 c    0    1.16 17.84719 13.16014 5291.03  3950.70 2.56 2.54 -31.4 -0.395    19.40 20.91 02a59027o0749c 0x000000  -4.000000
59027.617366 19.454622      NaN   -45    20 c    0    1.58 17.84719 13.16014 5272.19  4067.89 2.67 2.65 -51.7 -0.383    18.66 19.81 02a59027o0765c 0x000000  -2.250000
59031.574661 19.841877      NaN     9    11 c    0    1.10 17.84719 13.16014 5335.66  3988.62 2.74 2.67  43.3 -0.405    19.47 21.29 02a59031o0681c 0x000000   0.818182
59031.580264 20.207197      NaN    -2    10 c    0    0.97 17.84719 13.16014 5353.41  4026.58 2.61 2.56 -54.4 -0.394    19.47 21.30 02a59031o0691c 0x000000  -0.200000
59031.583487 20.103715      NaN    -3    11 c    0    0.96 17.84719 13.16014 5296.39  3948.48 2.76 2.74 -65.0 -0.398    19.43 21.31 02a59031o0698c 0x000000  -0.272727
59031.605112 20.207197      NaN   -30    10 c    0    1.42 17.84719 13.16014 5275.99  4063.97 2.71 2.64 -68.4 -0.398    19.46 21.28 02a59031o0742c 0x000000  -3.000000
59047.588952 19.674510      NaN    22     9 c    0    1.62 17.84719 13.16014 3035.14  6011.05 2.34 2.27  38.1 -0.403    19.64 21.40 02a59047o0620c 0x000000   2.444444
59047.600150 20.449472      NaN     0     8 c    0    1.63 17.84719 13.16014 3050.01  6048.96 2.36 2.28  38.6 -0.402    19.69 21.41 02a59047o0642c 0x000000   0.000000
59047.604958 19.791368      NaN    20     8 c    0    1.53 17.84719 13.16014 2995.25  5971.26 2.34 2.27  51.8 -0.403    19.66 21.41 02a59047o0652c 0x000000   2.500000
59047.610171 19.816329      NaN    16     9 c    0    1.65 17.84719 13.16014 2975.89  6087.97 2.33 2.27  41.9 -0.414    19.65 21.37 02a59047o0663c 0x000000   1.777778
59051.570165 20.449472      NaN   -13     8 c    0    1.66 17.84719 13.16014 7189.88  1950.64 2.37 2.22 -61.9 -0.404    19.70 21.51 02a59051o0690c 0x000000  -1.625000
59051.573383 19.631075      NaN    24     9 c    0    1.73 17.84719 13.16014 7208.60  1989.48 2.41 2.29 -59.7 -0.398    19.68 21.52 02a59051o0697c 0x000000   2.666667
59051.583308 20.449472      NaN    -7     8 c    0    1.27 17.84719 13.16014 7154.05  1912.33 2.41 2.23 -59.8 -0.402    19.71 21.56 02a59051o0717c 0x000000  -0.875000
59051.599310 20.594452      NaN   -16     7 c    0    1.72 17.84719 13.16014 7131.72  2029.82 2.38 2.24 -56.1 -0.401    19.74 21.60 02a59051o0747c 0x000000  -2.285714
59059.602026 20.321591      NaN   -16     9 c    0    0.99 17.84719 13.16014 7004.71  7765.94 2.68 2.48  39.3 -0.397    19.75 21.81 02a59059o0769c 0x000000  -1.777778
59059.611003 20.207197      NaN    -2    10 c    0    0.99 17.84719 13.16014 7027.99  7806.07 2.67 2.41  42.4 -0.398    19.79 21.81 02a59059o0786c 0x000000  -0.200000
59059.614202 20.071303 0.319334    34    10 c    0    0.82 17.84719 13.16014 6968.36  7727.97 2.71 2.47  39.7 -0.396    19.76 21.77 02a59059o0793c 0x000000   3.400000
59059.624591 19.841877      NaN   -14    14 c    0    0.72 17.84719 13.16014 6951.77  7848.24 2.68 2.49  41.0 -0.401    19.33 20.77 02a59059o0812c 0x000000  -1.000000
59079.511906 20.449472      NaN   -18     8 c    0    1.97 17.84719 13.16014 1140.81  8028.22 2.49 2.13 -49.9 -0.443    19.73 21.75 02a59079o0575c 0x000000  -2.250000
59079.514194 20.449472      NaN   -39     8 c    0    1.83 17.84719 13.16014 1160.55  8067.74 2.53 2.12 -51.4 -0.449    19.75 21.75 02a59079o0580c 0x000000  -4.875000
59079.516938 20.207197      NaN   -18    10 c    0    0.88 17.84719 13.16014 1102.24  7989.96 2.65 2.27 -52.5 -0.432    19.73 21.75 02a59079o0586c 0x000000  -1.800000
59079.546469 20.321591      NaN   -29     9 c    0    1.50 17.84719 13.16014 1087.89  8106.26 2.30 2.15 -48.0 -0.433    19.79 21.79 02a59079o0602c 0x000000  -3.222222
59083.484077 19.922338      NaN    12     9 c    0    1.39 17.84719 13.16014 1326.59   241.72 2.54 2.26 -63.8 -0.402    19.70 21.68 02a59083o0509c 0x000000   1.333333
59083.506610 20.321591      NaN     3     8 c    0    1.48 17.84719 13.16014 1348.57   281.94 2.65 2.38 -61.4 -0.397    19.69 21.72 02a59083o0554c 0x000000   0.375000
59083.509374 19.652575      NaN    23     9 c    0    1.54 17.84719 13.16014 1290.46   203.20 2.60 2.28 -60.1 -0.396    19.68 21.73 02a59083o0560c 0x000000   2.555556
59083.509832 20.009244      NaN   -87    12 c    0    3.01 17.84719 13.16014  681.22 10478.74 2.67 2.21 -51.3 -0.445    19.68 21.78 02a59083o0561c 0x000000  -7.250000
59083.511662 17.564935      NaN   -43   114 c    0    0.14 17.84719 13.16014  700.50 10518.74 2.53 2.14 -49.9 -0.443    19.72 21.79 02a59083o0565c 0x100002  -0.377193
59083.512119 19.719755 0.184806    47     8 c    0    1.51 17.84719 13.16014 1272.25   321.29 2.58 2.31 -65.2 -0.404    19.73 21.74 02a59083o0566c 0x000000   5.875000
59083.516937 20.103715      NaN   -58    11 c    0    1.17 17.84719 13.16014  635.73 10441.07 2.52 2.15 -49.0 -0.480    19.71 21.78 02a59083o0575c 0x000000  -5.272727
59087.576645 20.207197      NaN   -39    10 c    0    1.25 17.84719 13.16014 9249.41 10321.64 2.85 2.82 -57.4 -0.375    19.67 21.61 02a59087o0721c 0x000000  -3.900000
59087.577102 19.922338      NaN    -5    13 c    0    1.43 17.84719 13.16014 9900.57    88.46 2.81 2.17 -54.6 -0.440    19.65 21.65 02a59087o0722c 0x000000  -0.384615
59087.608217 19.384550      NaN    31    11 c    0    1.17 17.84719 13.16014 9229.20 10286.81 2.89 2.70 -50.1 -0.376    19.71 21.62 02a59087o0784c 0x000000   2.818182
59087.608675 20.103715      NaN   -68    11 c    0    2.50 17.84719 13.16014 9881.71    52.95 2.79 2.09 -53.4 -0.437    19.69 21.66 02a59087o0785c 0x000000  -6.181818
59087.635821 18.748255      NaN    25    30 c    0    1.32 17.84719 13.16014 9281.93 10369.80 3.02 2.73 -48.1 -0.367    18.63 19.89 02a59087o0841c 0x100002   0.833333
59087.636289 19.089302      NaN   -28    28 c    0    1.39 17.84719 13.16014 9935.72   135.32 2.76 2.09 -53.5 -0.428    18.61 19.81 02a59087o0842c 0x100002  -1.000000
59087.637964 17.766704      NaN   107    59 c    0    0.85 17.84719 13.16014 9297.41 10252.07 3.03 2.74 -48.3 -0.360    18.12 19.32 02a59087o0844c 0x100002   1.813559
59107.503597 19.743105      NaN    16    10 c    0    1.25 17.84719 13.16014 1716.08  4841.64 2.69 2.39  -2.5 -0.404    19.64 21.71 02a59107o0595c 0x000000   1.600000
59107.529948 20.761819      NaN   -12     6 c    0    1.49 17.84719 13.16014 1691.94  4805.01 2.32 2.25 -74.3 -0.429    19.77 21.72 02a59107o0649c 0x000000  -2.000000
59107.533168 19.696897      NaN    21     9 c    0    1.53 17.84719 13.16014 1752.70  4884.72 2.45 2.37 -65.4 -0.419    19.67 21.78 02a59107o0655c 0x000000   2.333333
59107.538656 20.449472      NaN    -4     8 c    0    1.45 17.84719 13.16014 1773.83  4767.31 2.39 2.34 -65.0 -0.414    19.72 21.81 02a59107o0667c 0x000000  -0.500000
59111.448657 19.014394      NaN  -206    30 c    0    1.47 17.84719 13.16014 8872.90  5721.71 2.76 2.61  48.9 -0.382    18.45 20.24 02a59111o0493c 0x100002  -6.866667
59111.450486 18.474346      NaN    46    34 c    0    1.25 17.84719 13.16014 8892.77  5761.61 2.79 2.58  43.3 -0.377    18.32 20.09 02a59111o0497c 0x100002   1.352941
59111.453243 19.472870      NaN    14    15 c    0    1.19 17.84719 13.16014 8833.58  5684.54 2.87 2.71  48.5 -0.373    19.22 21.12 02a59111o0503c 0x000000   0.933333
59111.458275 19.696897      NaN   -35    16 c    0    1.04 17.84719 13.16014 8814.26  5802.74 2.81 2.55  46.1 -0.378    19.30 21.19 02a59111o0514c 0x000000  -2.187500
59115.509892 20.321591      NaN    -2     9 c    0    1.32 17.84719 13.16014 1994.78   459.48 2.51 2.23 -62.8 -0.413    19.65 21.49 02a59115o0619c 0x000000  -0.222222
59115.513108 20.244005      NaN     2     9 c    0    1.56 17.84719 13.16014 1975.10   420.27 2.55 2.30 -60.6 -0.412    19.62 21.49 02a59115o0626c 0x000000   0.222222
59115.518606 20.321591      NaN   -38     9 c    0    1.14 17.84719 13.16014 2035.08   499.17 2.53 2.27 -65.0 -0.410    19.68 21.52 02a59115o0638c 0x000000  -4.222222
59115.528776 19.743105      NaN    16    10 c    0    1.18 17.84719 13.16014 2054.41   382.89 2.54 2.29 -64.1 -0.402    19.69 21.51 02a59115o0660c 0x000000   1.600000
59135.451458 20.009244      NaN   -16    12 c    0    0.82 17.84719 13.16014 7905.29   182.17 2.70 2.26 -56.3 -0.401    19.15 21.17 02a59135o0164c 0x000000  -1.333333
59135.454242 20.321591      NaN   -30     9 c    0    1.56 17.84719 13.16014 7886.35   144.05 2.55 2.08 -58.6 -0.411    19.72 21.54 02a59135o0170c 0x000000  -3.333333
59135.460688 19.051202      NaN    24    21 c    0    1.00 17.84719 13.16014 7945.88   222.84 2.90 2.44 -62.2 -0.389    18.50 20.37 02a59135o0184c 0x000000   1.142857
59135.462517 20.103715      NaN   -22    11 c    0    1.23 17.84719 13.16014 7303.66 10394.59 2.83 2.66 -66.0 -0.390    19.61 21.33 02a59135o0188c 0x000000  -2.000000
59135.472356 17.740268      NaN  -139    97 c    0    0.95 17.84719 13.16014 7967.83   105.25 2.72 2.23 -60.0 -0.411    18.38 20.14 02a59135o0209c 0x100002  -1.432990
59135.487393 19.014394      NaN   -31    30 c    0    1.22 17.84719 13.16014 7283.87 10358.42 3.07 2.88 -60.8 -0.376    18.60 20.46 02a59135o0239c 0x100002  -1.033333
59135.510584 18.666446      NaN    31    31 c    0    1.35 17.84719 13.16014 7341.28 10436.75 3.00 2.96  78.1 -0.368    18.34 20.10 02a59135o0247c 0x100002   1.000000
59135.524203 20.009244      NaN  -134    12 c    0    1.23 17.84719 13.16014 7363.08 10320.32 2.78 2.73 -89.2 -0.407    16.88 18.75 02a59135o0276c 0x000000 -11.166667
59135.538343 18.459772      NaN  -417    50 c    0    0.86 17.84719 13.16014 7324.18 10378.35 2.87 2.80 -56.4 -0.372    17.38 19.11 02a59135o0304c 0x100002  -8.340000
59139.420007 19.089302      NaN    36    16 c    0    1.01 17.84719 13.16014 3295.00  6678.72 2.39 2.28  35.9 -0.397    19.12 20.87 02a59139o0476c 0x000000   2.250000
59139.435715 20.071303      NaN     4    10 c    0    0.83 17.84719 13.16014 3274.88  6643.02 2.39 2.27  36.2 -0.391    19.76 21.55 02a59139o0510c 0x000000   0.400000
59139.438940 19.674510      NaN    22     9 c    0    1.43 17.84719 13.16014 3332.56  6719.87 2.33 2.25  35.3 -0.397    19.73 21.56 02a59139o0517c 0x000000   2.444444
59139.444032 20.321591      NaN   -38     9 c    0    1.33 17.84719 13.16014 3353.18  6601.98 2.35 2.21  47.2 -0.400    19.74 21.50 02a59139o0527c 0x000000  -4.222222
59143.372629 20.207197      NaN     0    10 c    0    1.13 17.84719 13.16014 7289.16  3886.03 2.51 2.34  35.0 -0.388    19.66 21.41 02a59143o0382c 0x000000   0.000000
59143.375832 20.207197      NaN    -2    10 c    0    1.75 17.84719 13.16014 7309.46  3926.80 2.47 2.32  30.5 -0.390    19.53 21.25 02a59143o0389c 0x000000  -0.200000
59143.380985 19.922338      NaN     0    13 c    0    1.00 17.84719 13.16014 7253.59  3849.07 2.58 2.41  33.5 -0.386    19.36 21.09 02a59143o0400c 0x000000   0.000000
59143.405705 18.693037      NaN    25    32 c    0    0.89 17.84719 13.16014 3354.38  6606.96 2.57 2.34  40.6 -0.385    18.30 19.89 02a59143o0451c 0x100002   0.781250
59163.386230 20.321591      NaN    -4     9 c    0    1.44 17.84719 13.16014 5298.02  8519.95 2.49 2.34 -54.7 -0.433    19.69 21.47 02a59163o0266c 0x000000  -0.444444
59163.389431 20.244005      NaN     2     9 c    0    1.41 17.84719 13.16014 5280.27  8482.89 2.49 2.32 -54.0 -0.434    19.68 21.46 02a59163o0273c 0x000000   0.222222
59163.407440 20.103715      NaN   -24    11 c    0    1.10 17.84719 13.16014 5337.91  8558.62 3.06 2.83 -55.3 -0.397    19.46 21.48 02a59163o0312c 0x000000  -2.181818
59163.413418 20.207197      NaN   -14    10 c    0    1.83 17.84719 13.16014 5359.13  8444.17 2.92 2.71 -50.2 -0.400    19.51 21.52 02a59163o0325c 0x000000  -1.400000
59191.290194 19.979496      NaN    10     9 c    0    1.08 17.84719 13.16014 3660.33  4748.81 2.39 2.34  70.3 -0.400    19.71 21.69 02a59191o0215c 0x000000   1.111111
59191.293853 20.207197      NaN    -4    10 c    0    0.75 17.84719 13.16014 3642.00  4710.67 2.37 2.34  41.6 -0.404    19.73 21.62 02a59191o0223c 0x000000  -0.400000
59191.301069 20.171596      NaN     1    10 c    0    0.72 17.84719 13.16014 3697.71  4784.06 2.40 2.35  82.8 -0.404    19.69 21.58 02a59191o0238c 0x000000   0.100000
59191.312659 20.449472      NaN   -34     8 c    0    1.59 17.84719 13.16014 3718.11  4672.27 2.46 2.40  76.8 -0.396    19.62 21.72 02a59191o0262c 0x000000  -4.250000
59194.342224 19.696897      NaN  -212    16 c    0    1.90 17.84719 13.16014 3508.97 10504.54 2.59 2.39 -45.9 -0.412    19.72 21.62 02a59194o0344c 0x000000 -13.250000
59195.346274 20.207197      NaN   -25    10 c    0    1.30 17.84719 13.16014 3974.04   369.45 2.50 2.24 -61.6 -0.408    19.75 21.60 02a59195o0355c 0x000000  -2.500000
59195.359647 19.894850      NaN     7    11 c    0    1.17 17.84719 13.16014 3956.30   329.87 2.60 2.33 -63.1 -0.400    19.70 21.60 02a59195o0384c 0x000000   0.636364
59195.363306 19.894850      NaN    13     9 c    0    2.17 17.84719 13.16014 4015.05   408.74 2.60 2.35 -61.6 -0.403    19.66 21.60 02a59195o0392c 0x000000   1.444444
59195.369721 19.510313      NaN  -159    19 c    0    1.41 17.84719 13.16014 3509.26 10503.47 2.69 2.48 -49.9 -0.400    19.63 21.54 02a59195o0406c 0x000000  -8.368421
59195.370667 19.719755      NaN    14    11 c    0    0.74 17.84719 13.16014 4034.67   291.53 2.63 2.34 -58.8 -0.400    19.69 21.60 02a59195o0408c 0x000000   1.272727
59197.297895 19.922338      NaN    15     8 c    0    1.34 17.84719 13.16014 9080.16  1787.23 2.53 2.26 -79.5 -0.383    19.87 21.81 01a59197o0079c 0x000000   1.875000
59197.301662 20.207197      NaN    -4    10 c    0    1.04 17.84719 13.16014 9100.15  1826.51 2.60 2.27 -82.2 -0.391    19.86 21.79 01a59197o0087c 0x000000  -0.400000
59197.308055 20.207197      NaN   -20    10 c    0    1.43 17.84719 13.16014 9042.72  1749.30 2.76 2.38 -81.9 -0.392    19.85 21.78 01a59197o0100c 0x000000  -2.000000
59197.323174 20.009244      NaN   -39    12 c    0    1.02 17.84719 13.16014 9023.86  1873.09 3.21 2.93 -59.4 -0.424    19.55 21.70 01a59197o0132c 0x000000  -3.250000
59198.300973 19.696897      NaN  -182    16 c    0    2.65 17.84719 13.16014 3511.54 10507.09 2.66 2.35 -48.1 -0.416    19.73 21.48 02a59198o0253c 0x000000 -11.375000
59199.285624 19.142275      NaN     5    25 c    0    0.60 17.84719 13.16014 3973.31   371.84 2.58 2.31 -62.4 -0.404    18.80 20.48 02a59199o0162c 0x100002   0.200000
59199.289282 19.454622      NaN    21    13 c    0    1.23 17.84719 13.16014 3952.79   332.08 2.53 2.21 -61.0 -0.405    19.53 21.29 02a59199o0170c 0x000000   1.615385
59199.294875 20.103715      NaN    -4    11 c    0    1.38 17.84719 13.16014 4011.62   411.37 2.77 2.39 -53.6 -0.408    19.64 21.57 02a59199o0182c 0x000000  -0.363636
59199.324705 19.652575      NaN    20    10 c    0    1.27 17.84719 13.16014 4032.67   292.68 2.59 2.30 -58.1 -0.399    19.69 21.61 02a59199o0201c 0x000000   2.000000
59199.357375 18.978793      NaN  -177    31 c    0    1.15 17.84719 13.16014 3510.86 10502.80 2.77 2.52 -49.2 -0.395    19.30 21.12 02a59199o0208c 0x100002  -5.709677
59218.316393 20.103715      NaN   -10    11 c    0    1.13 17.84719 13.16014 7469.79  2628.95 2.56 2.50  45.6 -0.378    19.56 21.28 02a59218o0241c 0x000000  -0.909091
59218.319597 20.039830      NaN     8     9 c    0    1.56 17.84719 13.16014 7451.92  2588.51 2.54 2.47 -55.7 -0.382    19.56 21.25 02a59218o0248c 0x000000   0.888889
59218.338423 19.841877      NaN    12    10 c    0    1.35 17.84719 13.16014 7508.80  2666.62 2.51 2.43 -56.6 -0.385    19.53 21.19 02a59218o0289c 0x000000   1.200000
59218.349028 20.009244      NaN    -4    12 c    0    1.21 17.84719 13.16014 7530.75  2549.40 2.65 2.59 -43.8 -0.382    19.45 21.12 02a59218o0312c 0x000000  -0.333333
59219.297549 20.449472      NaN   -22     8 c    0    1.40 17.84719 13.16014 7470.43  2624.88 2.40 2.29 -63.0 -0.393    19.67 21.44 02a59219o0131c 0x000000  -2.750000
59219.305353 20.207197      NaN   -25    10 c    0    0.81 17.84719 13.16014 7458.16  2584.31 2.40 2.27 -62.2 -0.394    19.69 21.44 02a59219o0148c 0x000000  -2.500000
59219.317836 19.589310      NaN    20    11 c    0    0.88 17.84719 13.16014 7514.30  2662.54 2.42 2.34 -58.7 -0.390    19.64 21.41 02a59219o0175c 0x000000   1.818182
59219.322480 20.321591      NaN   -25     9 c    0    1.26 17.84719 13.16014 7535.81  2545.39 2.49 2.35 -56.3 -0.392    19.62 21.39 02a59219o0185c 0x000000  -2.777778
59221.242695 20.449472      NaN     0     8 c    0    1.89 17.84719 13.16014 3384.30  4079.61 2.26 2.15 -40.0 -0.401    19.82 21.60 01a59221o0108c 0x000000   0.000000
59221.248932 20.071303      NaN    16     6 c    0    2.62 17.84719 13.16014 3404.39  4117.35 2.27 2.16 -50.5 -0.398    19.82 21.60 01a59221o0120c 0x000000   2.666667
59221.261433 20.449472      NaN   -22     8 c    0    1.18 17.84719 13.16014 3347.64  4039.69 2.38 2.20 -67.0 -0.395    19.79 21.61 01a59221o0145c 0x000000  -2.750000
59221.267404 20.449472      NaN   -14     8 c    0    1.37 17.84719 13.16014 3329.30  4154.59 2.30 2.14 -48.8 -0.395    19.84 21.59 01a59221o0157c 0x000000  -1.750000
59223.222977 19.816329 0.353496    43    14 c    0    0.92 17.84719 13.16014 7475.68  2624.73 2.42 2.15 -64.3 -0.396    19.21 20.81 02a59223o0066c 0x000000   3.071429
59223.226213 19.719755      NaN    23     8 c    0    1.65 17.84719 13.16014 7455.69  2584.48 2.49 2.24 -62.1 -0.396    19.59 21.30 02a59223o0073c 0x000000   2.875000
59223.232177 20.207197      NaN   -20    10 c    0    1.16 17.84719 13.16014 7512.84  2663.33 2.51 2.22 -60.9 -0.394    19.63 21.38 02a59223o0086c 0x000000  -2.000000
59223.242263 19.318728      NaN    32    12 c    0    1.13 17.84719 13.16014 7533.55  2550.93 2.46 2.21 -58.3 -0.397    19.29 20.97 02a59223o0108c 0x000000   2.666667
59227.308665 20.321591      NaN   -36     9 c    0    1.28 17.84719 13.16014 5223.00  6582.16 2.49 2.30  44.8 -0.399    19.66 21.42 02a59227o0203c 0x000000  -4.000000
59227.312788 20.207197      NaN   -33    10 c    0    1.38 17.84719 13.16014 5204.12  6542.95 2.43 2.29  46.0 -0.402    19.67 21.41 02a59227o0212c 0x000000  -3.300000
59227.318278 19.766969      NaN    12    11 c    0    1.45 17.84719 13.16014 5261.87  6620.14 2.51 2.38  45.8 -0.394    19.64 21.37 02a59227o0224c 0x000000   1.090909
59227.330664 19.816329      NaN    16     9 c    0    1.93 17.84719 13.16014 5282.35  6503.42 2.48 2.32  44.5 -0.396    19.60 21.31 02a59227o0251c 0x000000   1.777778
59231.226782 20.207197      NaN   -26    10 c    0    1.51 17.84719 13.16014 5233.45  6582.35 2.55 2.49  88.2 -0.400    19.45 21.10 02a59231o0065c 0x000000  -2.600000
59231.229997 20.207197      NaN    -8    10 c    0    1.32 17.84719 13.16014 5213.61  6543.35 2.50 2.45  60.7 -0.401    19.51 21.10 02a59231o0072c 0x000000  -0.800000
59231.237344 19.696897      NaN    15    11 c    0    1.43 17.84719 13.16014 5271.50  6620.49 2.60 2.51  70.2 -0.400    19.50 21.11 02a59231o0088c 0x000000   1.363636
59231.252965 20.009244      NaN   -17    12 c    0    1.07 17.84719 13.16014 5292.51  6504.44 2.71 2.66  65.8 -0.387    19.39 21.05 02a59231o0121c 0x000000  -1.416667
59251.258366 19.766969      NaN    -4    15 c    0    1.05 17.84719 13.16014 3382.16  8618.75 2.59 2.45 -55.8 -0.393    19.32 20.78 02a59251o0033c 0x000000  -0.266667
59251.261585 19.169763      NaN    30    16 c    0    1.07 17.84719 13.16014 3363.43  8578.56 2.61 2.40 -61.4 -0.396    19.30 20.76 02a59251o0040c 0x000000   1.875000
59251.267074 19.696897      NaN   -27    16 c    0    0.99 17.84719 13.16014 3420.25  8656.95 2.65 2.48 -65.5 -0.393    19.27 20.73 02a59251o0052c 0x000000  -1.687500
59251.277190 19.302877      NaN    21    16 c    0    1.12 17.84719 13.16014 3441.34  8537.08 2.64 2.35 -51.0 -0.407    19.24 20.67 02a59251o0074c 0x000000   1.312500
59257.235355 20.103715      NaN   -12    11 c    0    1.20 17.84719 13.16014 5229.11  2049.23 2.28 2.20 -43.0 -0.384    19.45 20.79 01a59257o0065c 0x000000  -1.090909
59257.239052 20.321591      NaN   -11     9 c    0    1.48 17.84719 13.16014 5248.06  2088.91 2.24 2.18 -62.4 -0.388    19.44 20.79 01a59257o0073c 0x000000  -1.222222
59257.245082 20.207197      NaN   -23    10 c    0    1.35 17.84719 13.16014 5190.50  2011.79 2.27 2.18 -76.5 -0.392    19.47 20.78 01a59257o0086c 0x000000  -2.300000
59257.257098 20.207197      NaN    -8    10 c    0    1.44 17.84719 13.16014 5171.04  2130.25 2.42 2.37 -19.6 -0.382    19.31 20.70 01a59257o0112c 0x000000  -0.800000
59377.587397 19.894850      NaN     7    11 c    0    1.00 17.84719 13.16014 9232.06 10317.14 2.39 2.30  77.8 -0.381    19.47 20.82 01a59377o0730c 0x000000   0.636364
59377.587858 19.589310      NaN     8    15 c    0    1.14 17.84719 13.16014 9895.53    95.68 2.71 2.49 -48.3 -0.310    19.52 20.91 01a59377o0731c 0x000000   0.533333
59377.595298 19.401649      NaN   -91    21 c    0    1.22 17.84719 13.16014 9877.11    52.98 2.75 2.49 -52.8 -0.320    19.47 20.92 01a59377o0747c 0x000000  -4.333333
59377.600272 20.009244      NaN   -22    12 c    0    0.92 17.84719 13.16014 9217.30 10274.20 2.46 2.25 -80.4 -0.391    19.44 20.76 01a59377o0757c 0x000000  -1.833333
59377.607209 19.589310      NaN    17    12 c    0    1.43 17.84719 13.16014 9278.78 10353.54 2.47 2.33 -88.7 -0.382    19.28 20.44 01a59377o0772c 0x000000   1.416667
59377.611475 18.878500      NaN    48    18 c    0    1.33 17.84719 13.16014 9934.53   128.70 2.71 2.45 -52.7 -0.317    19.03 19.90 01a59377o0781c 0x000000   2.666667
59377.615608 18.978793      NaN     9    28 c    0    1.27 17.84719 13.16014 9299.33 10234.10 2.58 2.39 -85.4 -0.372    18.47 19.03 01a59377o0789c 0x100002   0.321429
59403.595822 19.979496      NaN     4    11 c    0    1.51 17.84719 13.16014 5186.17    97.87 2.57 2.32 -60.8 -0.392    19.61 21.41 02a59403o0729c 0x000000   0.363636
59403.610863 19.922338      NaN   -12    13 c    0    1.04 17.84719 13.16014 5202.46   137.92 2.45 2.17 -61.2 -0.397    19.59 21.24 02a59403o0759c 0x000000  -0.923077
59403.618947 19.631075      NaN   -31    17 c    0    1.26 17.84719 13.16014 5150.00    55.57 2.47 2.18 -60.1 -0.396    19.14 20.31 02a59403o0775c 0x000000  -1.823529
59403.621077 18.944322      NaN    18    26 c    0    1.25 17.84719 13.16014 5130.36   177.73 2.57 2.31 -61.3 -0.383    18.74 19.89 02a59403o0779c 0x100002   0.692308
59407.575083 18.910912 0.307077    99    28 c    0    1.22 17.84719 13.16014 4633.31 10300.25 2.58 2.40 -51.4 -0.391    18.36 19.99 02a59407o0690c 0x100002   3.535714
59407.575540 19.454622      NaN   -30    20 c    0    1.16 17.84719 13.16014 5185.03    96.03 2.47 2.19 -61.0 -0.396    19.08 20.71 02a59407o0691c 0x000000  -1.500000
59407.577855 18.474346      NaN    58    30 c    0    1.18 17.84719 13.16014 4652.24 10339.53 2.58 2.35 -45.4 -0.396    18.32 19.96 02a59407o0696c 0x100002   1.933333
59407.578771 18.955691      NaN    20    25 c    0    0.80 17.84719 13.16014 5204.22   135.26 2.46 2.16 -55.4 -0.401    18.67 20.31 02a59407o0698c 0x100002   0.800000
59407.584802 18.847027      NaN    15    30 c    0    1.41 17.84719 13.16014 4591.57 10260.89 2.58 2.34 -46.1 -0.386    18.56 20.19 02a59407o0711c 0x100002   0.500000
59407.588953 18.675237      NaN    -7    41 c    0    0.77 17.84719 13.16014 5144.80    57.45 2.53 2.22 -59.4 -0.421    18.67 20.33 02a59407o0720c 0x100002  -0.170732
59407.595156 19.510313      NaN     3    18 c    0    1.25 17.84719 13.16014 5128.47   176.64 2.63 2.31 -54.4 -0.380    19.12 20.85 02a59407o0733c 0x000000   0.166667
59407.602981 18.019544      NaN   -66    75 c    0    0.79 17.84719 13.16014 4568.62 10380.76 2.83 2.50 -50.9 -0.385    17.85 19.53 02a59407o0750c 0x100002  -0.880000
59414.593588 20.449472      NaN    -6     8 c    0    2.09 17.84719 13.16014 3337.16  2138.61 2.66 2.54  34.2 -0.393    19.51 21.29 02a59414o0754c 0x000000  -0.750000
59414.599088 20.207197      NaN    -9    10 c    0    1.46 17.84719 13.16014 3356.85  2178.21 2.67 2.55  42.1 -0.388    19.53 21.29 02a59414o0766c 0x000000  -0.900000
59414.612867 20.103715      NaN   -12    11 c    0    1.11 17.84719 13.16014 3301.05  2099.99 2.59 2.39  41.9 -0.395    19.53 21.24 02a59414o0796c 0x000000  -1.090909
59414.620771 20.009244      NaN   -22    12 c    0    0.97 17.84719 13.16014 3285.05  2216.53 2.68 2.53  44.2 -0.392    19.33 20.79 02a59414o0813c 0x000000  -1.833333
59415.565517 20.039830      NaN     5    10 c    0    0.97 17.84719 13.16014 3341.70  2138.31 2.55 2.46 -81.3 -0.395    19.55 21.29 02a59415o0660c 0x000000   0.500000
59415.569231 20.009244      NaN    -2    12 c    0    0.76 17.84719 13.16014 3358.37  2178.06 2.54 2.48 -69.6 -0.393    19.55 21.31 02a59415o0668c 0x000000  -0.166667
59415.585354 19.894850      NaN    10    10 c    0    1.31 17.84719 13.16014 3297.18  2101.29 2.42 2.42 -37.8 -0.395    19.67 21.38 02a59415o0700c 0x000000   1.000000
59415.590755 20.207197      NaN    -8    10 c    0    1.16 17.84719 13.16014 3283.16  2217.61 2.35 2.29 -81.2 -0.403    19.70 21.43 02a59415o0711c 0x000000  -0.800000
59433.538251 20.207197      NaN     6     8 c    0    1.04 17.84719 13.16014 3298.05  6670.93 2.60 2.42 -73.6 -0.362    19.76 21.82 01a59433o0642c 0x000000   0.750000
59433.562616 20.594452      NaN    -8     7 c    0    1.41 17.84719 13.16014 3281.59  6635.04 2.45 2.33 -70.9 -0.373    19.84 21.89 01a59433o0688c 0x000000  -1.142857
59433.579690 20.594452      NaN   -22     7 c    0    1.35 17.84719 13.16014 3338.13  6710.89 2.36 2.22 -75.1 -0.379    19.86 21.92 01a59433o0724c 0x000000  -3.142857
59433.581547 20.761819      NaN    -6     6 c    0    2.02 17.84719 13.16014 3357.74  6594.46 2.32 2.18 -79.0 -0.386    19.88 21.91 01a59433o0728c 0x000000  -1.000000
59437.589904 20.449472      NaN     3     7 c    0    2.23 17.84719 13.16014 7223.03  3899.05 2.23 2.21 -30.3 -0.397    19.94 21.68 01a59437o0483c 0x000000   0.428571
59437.602670 20.137125      NaN    11     7 c    0    1.58 17.84719 13.16014 3285.86  6640.69 2.22 2.09 -52.3 -0.381    19.91 21.68 01a59437o0509c 0x000000   1.571429
59437.619925 20.959772      NaN   -27     5 c    0    1.98 17.84719 13.16014 7193.56  3852.72 2.23 2.19  30.3 -0.391    19.93 21.62 01a59437o0544c 0x000000  -5.400000
59437.622821 20.321591      NaN     6     7 c    0    2.09 17.84719 13.16014 7174.19  3968.45 2.22 2.19  51.6 -0.397    19.88 21.50 01a59437o0550c 0x000000   0.857143
59441.528192 20.761819      NaN   -11     6 c    0    1.96 17.84719 13.16014 5512.62  2704.08 2.42 2.37 -86.2 -0.394    19.87 21.86 01a59441o0628c 0x000000  -1.833333
59441.531039 20.761819      NaN   -10     6 c    0    2.17 17.84719 13.16014 5493.19  2666.07 2.40 2.34 -39.5 -0.394    19.84 21.96 01a59441o0634c 0x000000  -1.666667
59441.533802 20.594452      NaN   -21     7 c    0    1.49 17.84719 13.16014 5551.42  2743.22 2.39 2.36 -84.4 -0.395    19.91 21.88 01a59441o0640c 0x000000  -3.000000
59441.564094 20.009244      NaN    15     7 c    0    1.63 17.84719 13.16014 5572.60  2627.58 2.39 2.33  62.6 -0.387    19.94 21.91 01a59441o0697c 0x000000   2.142857
59463.568486 19.696897      NaN   -11    16 c    0    1.10 17.84719 13.16014 3573.19  2798.88 2.33 2.26  82.6 -0.404    19.09 20.96 02a59463o0044c 0x000000  -0.687500
59463.571689 18.452558      NaN    61    30 c    0    1.25 17.84719 13.16014 3554.13  2761.88 2.56 2.46  83.6 -0.395    18.25 20.23 02a59463o0051c 0x100002   2.033333
59463.585369 19.051202      NaN   -93    29 c    0    1.49 17.84719 13.16014 3612.28  2838.99 2.39 2.29 -85.1 -0.402    18.24 20.03 02a59463o0080c 0x100002  -3.206897
59463.592758 19.271854      NaN     5    22 c    0    1.74 17.84719 13.16014 3630.60  2721.81 2.40 2.28 -84.1 -0.406    18.55 20.35 02a59463o0096c 0x000000   0.227273
59467.527136 20.207197      NaN   -25    10 c    0    1.22 17.84719 13.16014 9097.10  6410.47 2.68 2.49  40.6 -0.392    19.70 21.56 02a59467o0648c 0x000000  -2.500000
59467.557931 20.009244 0.301593    36    10 c    0    1.37 17.84719 13.16014 9073.37  6375.70 2.61 2.50  49.7 -0.395    19.71 21.53 02a59467o0712c 0x000000   3.600000
59467.586410 20.321591      NaN   -48     9 c    0    1.20 17.84719 13.16014 9126.98  6458.54 2.56 2.48  56.3 -0.399    19.72 21.59 02a59467o0771c 0x000000  -5.333333
59467.589748 20.449472      NaN    -6     8 c    0    1.82 17.84719 13.16014 9153.42  6341.67 2.56 2.44  42.3 -0.401    19.72 21.59 02a59467o0777c 0x000000  -0.750000
59519.386427 20.449472      NaN   -23     8 c    0    1.57 17.84719 13.16014 1991.00   465.92 2.54 2.24 -55.2 -0.410    19.72 21.58 02a59519o0439c 0x000000  -2.875000
59519.389628 19.950541      NaN     8    10 c    0    1.30 17.84719 13.16014 1971.01   424.87 2.47 2.20 -60.7 -0.409    19.74 21.56 02a59519o0446c 0x000000   0.800000
59519.398203 20.207197      NaN   -44    10 c    0    1.38 17.84719 13.16014 2031.08   501.19 2.52 2.21 -58.7 -0.425    19.75 21.58 02a59519o0464c 0x000000  -4.400000
59519.408884 20.321591      NaN   -29     9 c    0    1.44 17.84719 13.16014 2053.09   388.19 2.45 2.22 -62.3 -0.410    19.75 21.61 02a59519o0487c 0x000000  -3.222222
59519.507611 20.039830      NaN     2    11 c    0    1.16 17.84719 13.16014 4521.20  5561.38 2.59 2.37  43.8 -0.386    19.52 21.27 02a59519o0692c 0x000000   0.181818
59519.510272 19.841877      NaN    12    10 c    0    0.99 17.84719 13.16014 4512.09  5524.64 2.44 2.41  46.8 -0.398    19.54 21.25 02a59519o0696c 0x000000   1.200000
59519.510730 20.207197      NaN   -12    10 c    0    1.73 17.84719 13.16014 4569.62  5602.19 2.68 2.46  51.2 -0.380    19.50 21.25 02a59519o0697c 0x000000  -1.200000
59519.511187 20.103715      NaN   -19    11 c    0    1.19 17.84719 13.16014 4589.11  5486.25 2.62 2.40  43.3 -0.383    19.55 21.25 02a59519o0698c 0x000000  -1.727273
59519.511645 20.207197      NaN    -8    10 c    0    1.32 17.84719 13.16014 4550.34  5544.18 2.58 2.37  45.9 -0.387    19.52 21.24 02a59519o0699c 0x000000  -0.800000
59519.558758 19.841877      NaN   -13    14 c    0    1.16 17.84719 13.16014 4668.47  5481.03 2.45 2.37  48.2 -0.394    19.31 20.77 02a59519o0792c 0x000000  -0.928571
59523.389830 19.841877      NaN    -8    14 c    0    1.29 17.84719 13.16014 7147.18  6495.77 3.43 3.37  31.2 -0.364    19.15 21.52 02a59523o0457c 0x000000  -0.571429
59523.393030 19.719755      NaN     5    14 c    0    1.09 17.84719 13.16014 7127.58  6456.89 3.26 3.15  50.8 -0.370    19.25 21.51 02a59523o0464c 0x000000   0.357143
59523.400710 20.207197      NaN   -34    10 c    0    1.28 17.84719 13.16014 7184.86  6533.62 3.00 2.80  41.9 -0.373    19.50 21.40 02a59523o0480c 0x000000  -3.400000
59523.426896 20.009244      NaN   -41    12 c    0    0.99 17.84719 13.16014 7205.20  6420.91 2.93 2.76  45.2 -0.377    19.48 21.37 02a59523o0535c 0x000000  -3.416667
59527.378168 20.321591      NaN   -15     9 c    0    1.72 17.84719 13.16014 7151.29  6495.11 2.65 2.47  45.3 -0.387    19.58 21.42 02a59527o0419c 0x000000  -1.666667
59527.381370 20.009244      NaN   -42    12 c    0    1.03 17.84719 13.16014 7132.08  6456.28 2.64 2.45  45.7 -0.389    19.49 21.27 02a59527o0426c 0x000000  -3.500000
59527.398849 19.841877      NaN   -14    14 c    0    1.57 17.84719 13.16014 7187.59  6533.12 2.69 2.50  47.3 -0.387    19.09 20.81 02a59527o0462c 0x000000  -1.000000
59527.414056 20.321591      NaN   -50     9 c    0    1.37 17.84719 13.16014 7212.02  6423.15 2.60 2.35  42.6 -0.392    19.62 21.34 02a59527o0492c 0x000000  -5.555556