         MJD         m       dm  uJy  duJy F  err  chi/N        RA      Dec        x       y  maj  min   phi  apfit  mag5sig   Sky            Obs     Mask  __tmp_SN
57713.273387 16.448855      NaN   71   295 c    0   1.21 330.17378 19.66613  6024.40 7901.55 3.51 3.39 -59.4 -0.455    16.48 18.01 02a57713o0185c 0x100002  0.240678
57713.277227 17.464922      NaN -106   125 c    0   1.20 330.17378 19.66613  6083.68 7980.04 3.57 3.50 -63.7 -0.469    17.27 18.87 02a57713o0192c 0x100002 -0.848000
57713.291062 15.492852      NaN  302   668 c    0   0.94 330.17378 19.66613  6101.47 7861.37 3.62 3.52 -69.4 -0.452    15.52 17.04 02a57713o0219c 0x100002  0.452096
57721.241724 19.631075      NaN    6    15 c    0   1.37 330.17378 19.66613  5178.69 1349.74 3.84 3.74 -75.9 -0.401    19.67 21.56 02a57721o0100c 0x000000  0.400000
57721.251642 19.609992      NaN    1    17 c    0   0.92 330.17378 19.66613  5162.46 1309.95 3.82 3.71 -74.4 -0.405    19.66 21.55 02a57721o0119c 0x000000  0.058824
57721.260888 19.491430      NaN   10    16 c    0   1.06 330.17378 19.66613  5218.54 1388.47 3.83 3.75 -70.0 -0.403    19.64 21.53 02a57721o0136c 0x000000  0.625000
57721.272214 19.696897      NaN  -41    16 c    0   1.10 330.17378 19.66613  5238.81 1269.44 4.03 3.96 -60.8 -0.386    19.57 21.50 02a57721o0158c 0x000000 -2.562500
57721.281728 19.696897      NaN  -17    16 c    0   1.04 330.17378 19.66613  5204.65 1328.99 3.88 3.77 -68.9 -0.400    19.60 21.48 02a57721o0175c 0x000000 -1.062500
57745.202777 19.169763      NaN    0    26 c    0   1.10 330.17378 19.66613  8830.33 9154.32 3.68 3.41 -70.7 -0.400    19.10 20.51 02a57745o0036c 0x100002  0.000000
57745.208960 19.155932      NaN   25    18 c    0   1.38 330.17378 19.66613  8813.48 9113.71 3.64 3.33 -72.8 -0.398    19.42 21.12 02a57745o0048c 0x000000  1.388889
57745.218250 18.806434      NaN   52    19 c    0   0.95 330.17378 19.66613  8870.92 9192.32 3.77 3.72  -6.4 -0.444    19.45 21.26 02a57745o0066c 0x000000  2.736842
57745.228550 19.491430      NaN    1    19 c    0   1.12 330.17378 19.66613  8889.80 9074.08 3.71 3.52 -75.7 -0.403    19.46 21.24 02a57745o0086c 0x000000  0.052632
57745.239890 19.510313      NaN  -44    19 c    0   1.13 330.17378 19.66613  8853.27 9130.90 3.79 3.58 -81.8 -0.416    19.43 21.21 02a57745o0108c 0x000000 -2.315789
57983.483826 20.405150      NaN    4     7 c    0   2.09 330.17378 19.66613  6885.96 9414.64 2.55 2.48   3.4 -0.431    19.87 21.91 02a57983o0457c 0x000000  0.571429
57983.488625 20.362567      NaN    2     8 c    0   1.03 330.17378 19.66613  6868.85 9376.52 2.55 2.47   5.2 -0.429    19.87 21.90 02a57983o0465c 0x000000  0.250000
57983.500442 20.321591      NaN  -15     9 c    0   1.16 330.17378 19.66613  6938.61 9336.36 2.57 2.44  -0.7 -0.431    19.88 21.90 02a57983o0486c 0x000000 -1.666667
57983.500926 20.449472      NaN    0     8 c    0   1.16 330.17378 19.66613  6920.39 9453.52 2.56 2.43   1.0 -0.428    19.86 21.89 02a57983o0487c 0x000000  0.000000
57987.453274 20.449472      NaN   -3     8 c    0   1.60 330.17378 19.66613  6502.16 9572.13 2.54 2.39  13.6 -0.431    19.88 21.75 02a57987o0264c 0x000000 -0.375000
57987.473259 20.449472      NaN  -17     8 c    0   1.73 330.17378 19.66613  6483.52 9531.70 2.57 2.46  -1.1 -0.436    19.82 21.72 02a57987o0296c 0x000000 -2.125000
57987.483359 20.071303      NaN    4    10 c    0   1.09 330.17378 19.66613  6540.40 9612.64 2.57 2.42   2.4 -0.432    19.86 21.74 02a57987o0314c 0x000000  0.400000
57987.493391 20.449472      NaN   -1     8 c    0   1.57 330.17378 19.66613  6557.33 9493.68 2.63 2.45   7.5 -0.430    19.80 21.80 02a57987o0332c 0x000000 -0.125000
57991.473643 20.207197      NaN   -9    10 c    0   0.96 330.17378 19.66613  6550.73 5318.51 2.70 2.54 -46.9 -0.400    19.73 21.60 02a57991o0340c 0x000000 -0.900000
57991.483306 20.449472      NaN   -3     8 c    0   1.33 330.17378 19.66613  6533.70 5278.97 2.66 2.47 -49.3 -0.401    19.72 21.63 02a57991o0356c 0x000000 -0.375000
57991.491787 20.103715      NaN  -10    11 c    0   1.22 330.17378 19.66613  6589.03 5355.34 2.67 2.51 -50.1 -0.397    19.47 21.23 02a57991o0370c 0x000000 -0.909091
57991.505885 18.504094      NaN  -41    48 c    0   1.23 330.17378 19.66613  6608.37 5241.01 2.70 2.52 -50.2 -0.401    17.86 19.40 02a57991o0394c 0x100002 -0.854167
58019.384997 20.449472      NaN   -8     8 c    0   1.43 330.17378 19.66613  6664.09 6015.24 2.54 2.46 -52.4 -0.409    19.84 21.74 02a58019o0342c 0x000000 -1.000000
58019.397251 20.405150      NaN    4     7 c    0   1.39 330.17378 19.66613  6645.15 5977.15 2.60 2.48 -57.3 -0.405    19.79 21.70 02a58019o0366c 0x000000  0.571429
58019.410892 20.594452      NaN   -8     7 c    0   1.40 330.17378 19.66613  6702.77 6056.13 2.57 2.46 -48.6 -0.408    19.82 21.69 02a58019o0392c 0x000000 -1.142857
58019.418194 20.362567      NaN    2     8 c    0   1.22 330.17378 19.66613  6721.75 5939.12 2.53 2.42 -47.1 -0.414    19.82 21.67 02a58019o0408c 0x000000  0.250000
58071.317749 20.449472      NaN  -19     8 c    0   1.91 330.17378 19.66613  5318.77 6382.50 2.39 2.23  23.1 -0.467    19.62 21.30 02a58071o0189c 0x000000 -2.375000
58071.326795 20.207197      NaN   -2    10 c    0   1.87 330.17378 19.66613  5338.26 6266.96 2.46 2.30  22.1 -0.474    19.52 21.23 02a58071o0207c 0x000000 -0.200000
58075.309202 20.321591      NaN   -1     9 c    0   1.14 330.17378 19.66613  5340.84 5334.91 2.37 2.24  28.2 -0.455    19.76 21.56 02a58075o0182c 0x000000 -0.111111
58075.318247 20.449472      NaN   -9     8 c    0   1.30 330.17378 19.66613  5358.62 5220.00 2.37 2.24  30.5 -0.461    19.70 21.55 02a58075o0200c 0x000000 -1.125000
58079.298227 20.244005      NaN    2     9 c    0   1.06 330.17378 19.66613  4973.41 3828.35 2.63 2.42  44.4 -0.427    19.69 21.63 02a58079o0234c 0x000000  0.222222
58079.306899 20.207197      NaN  -17    10 c    0   1.23 330.17378 19.66613  4956.27 3789.08 2.67 2.46  48.1 -0.420    19.67 21.58 02a58079o0252c 0x000000 -1.700000
58079.315080 20.321591      NaN  -10     9 c    0   1.04 330.17378 19.66613  5030.54 3864.26 2.60 2.44  46.5 -0.426    19.65 21.51 02a58079o0269c 0x000000 -1.111111
58079.323900 20.321591      NaN  -19     9 c    0   1.12 330.17378 19.66613  5049.64 3749.03 2.65 2.47  47.2 -0.416    19.61 21.45 02a58079o0287c 0x000000 -2.111111
58135.205713 17.922662      NaN  -17    82 c    0   1.06 330.17378 19.66613  6520.34 5072.82 2.45 2.35  33.1 -0.485    17.14 17.98 02a58135o0025c 0x100002 -0.207317
58135.209466 18.079051      NaN   84    43 c    0   0.85 330.17378 19.66613  6502.68 5032.95 2.52 2.42  26.9 -0.456    18.12 18.99 02a58135o0033c 0x100002  1.953488
58135.215553 19.631075      NaN  -16    17 c    0   1.32 330.17378 19.66613  6557.03 5110.56 2.53 2.45  15.4 -0.447    19.04 20.26 02a58135o0046c 0x000000 -0.941176
58135.224033 20.009244      NaN  -22    12 c    0   1.05 330.17378 19.66613  6574.93 4995.36 2.59 2.49  14.9 -0.446    19.31 20.86 02a58135o0064c 0x000000 -1.833333
58307.616959 19.743105      NaN   13    11 c    0   1.16 330.17378 19.66613  5960.31 4047.45 2.55 2.49 -53.6 -0.412    19.36 20.72 02a58307o0690c 0x000000  1.181818
58307.629134 17.833722      NaN  -81    89 c    0   1.26 330.17378 19.66613  5941.74 4011.30 2.54 2.48 -52.6 -0.490    17.08 17.94 02a58307o0713c 0x100002 -0.910112
58311.607393 20.009244      NaN   12     8 c    0   1.34 330.17378 19.66613  4903.30 6389.88 2.64 2.49 -47.2 -0.409    19.78 21.78 02a58311o0753c 0x000000  1.500000
58311.617174 20.207197      NaN  -25    10 c    0   1.38 330.17378 19.66613  4883.03 6351.18 2.69 2.49 -50.3 -0.508    19.46 20.97 02a58311o0774c 0x000000 -2.500000
58311.627703 18.243872      NaN  -21    61 c    0   1.31 330.17378 19.66613  4937.92 6429.33 2.80 2.49 -52.2 -0.449    17.65 18.68 02a58311o0794c 0x100002 -0.344262
58315.594355 19.128787 0.120637   81     9 c    0   1.39 330.17378 19.66613  6870.00 3398.39 2.56 2.50 -89.5 -0.416    19.81 21.83 02a58315o0714c 0x000000  9.000000
58315.605460 19.183773 0.112804   77     8 c    0   1.64 330.17378 19.66613  6848.95 3362.37 2.60 2.56  89.5 -0.410    19.78 21.82 02a58315o0738c 0x000000  9.625000
58315.615147 18.967180 0.115504   94    10 c    0   1.25 330.17378 19.66613  6903.31 3438.65 2.54 2.51  78.7 -0.416    19.68 21.41 02a58315o0757c 0x000000  9.400000
58315.630215 17.574501      NaN  102    79 c    0   1.70 330.17378 19.66613  6921.54 3324.64 2.60 2.56  69.9 -0.435    17.33 18.23 02a58315o0788c 0x100002  1.291139
58335.553289 16.425264 0.015558  977    14 c    0   2.46 330.17378 19.66613  7609.49 6190.40 2.70 2.54 -35.8 -0.408    19.54 21.22 02a58335o0657c 0x000000 69.785714
58335.560395 16.435312 0.015703  968    14 c    0   2.67 330.17378 19.66613  7590.91 6151.66 2.71 2.53 -50.3 -0.401    19.58 21.19 02a58335o0671c 0x000000 69.142857
58335.571204 16.448855 0.017036  956    15 c    0   1.58 330.17378 19.66613  7644.65 6231.08 2.67 2.52 -49.0 -0.404    19.56 21.16 02a58335o0694c 0x000000 63.733333
58335.580573 16.405442 0.015277  995    14 c    0   2.09 330.17378 19.66613  7663.00 6114.17 2.82 2.62 -50.4 -0.391    19.48 21.11 02a58335o0713c 0x000000 71.071429
58339.546386 16.635510 0.171290  805   127 c    0   1.09 330.17378 19.66613  7006.50 5915.33 2.76 2.52 -51.9 -0.396    17.08 18.82 02a58339o0656c 0x100002  6.338583
58339.556179 16.678148 0.117832  774    84 c    0   0.96 330.17378 19.66613  6988.10 5876.95 2.76 2.54 -50.8 -0.405    17.46 19.19 02a58339o0676c 0x100002  9.214286
58339.564535 15.661632      NaN  870   368 c    0   1.10 330.17378 19.66613  7043.07 5954.70 2.70 2.51 -51.5 -0.393    16.14 17.70 02a58339o0694c 0x100002  2.364130
58339.573393 16.567548 0.112754  857    89 c    0   0.99 330.17378 19.66613  7062.50 5837.54 2.74 2.54 -52.3 -0.399    17.44 19.12 02a58339o0712c 0x100002  9.629213
58343.524050 16.896491 0.018867  633    11 c    0   2.43 330.17378 19.66613  7894.96 3406.95 2.65 2.58  85.7 -0.408    19.80 21.92 02a58343o0226c 0x000000 57.545455
58343.533792 16.891357 0.018778  636    11 c    0   2.19 330.17378 19.66613  7874.31 3366.54 2.65 2.58 -87.8 -0.408    19.79 21.94 02a58343o0247c 0x000000 57.818182
58343.543288 16.934897 0.019547  611    11 c    0   1.91 330.17378 19.66613  7947.22 3446.05 2.71 2.63 -69.3 -0.408    19.76 21.94 02a58343o0266c 0x000000 55.545455
58343.554133 16.882855 0.020326  641    12 c    0   1.68 330.17378 19.66613  7966.54 3328.97 2.63 2.61 -86.0 -0.416    19.77 21.93 02a58343o0289c 0x000000 53.416667
58395.421764 19.318728 0.159667   68    10 c    0   1.50 330.17378 19.66613  6704.27 5073.79 2.72 2.48 -54.2 -0.402    19.67 21.58 02a58395o0464c 0x000000  6.800000
58395.431961 19.212347 0.159241   75    11 c    0   0.89 330.17378 19.66613  6685.61 5034.76 2.72 2.56 -52.1 -0.407    19.60 21.52 02a58395o0485c 0x000000  6.818182
58395.442189 19.226921 0.132049   74     9 c    0   1.56 330.17378 19.66613  6739.77 5112.04 2.67 2.50 -52.4 -0.408    19.67 21.53 02a58395o0506c 0x000000  8.222222
58395.452531 19.076453 0.140507   85    11 c    0   1.50 330.17378 19.66613  6757.75 4995.81 2.71 2.53 -50.4 -0.413    19.52 21.43 02a58395o0527c 0x000000  7.727273
58403.400397 19.589310 0.266313   53    13 c    0   1.33 330.17378 19.66613  6737.74 3427.47 2.60 2.51 -70.5 -0.413    19.28 21.12 02a58403o0428c 0x000000  4.076923
58403.410834 18.489118      NaN   32    38 c    0   1.33 330.17378 19.66613  6720.95 3387.81 2.54 2.46 -79.5 -0.416    18.11 19.84 02a58403o0449c 0x100002  0.842105
58403.421947 19.063754 0.265122   86    21 c    0   1.10 330.17378 19.66613  6777.88 3465.09 2.65 2.56 -71.6 -0.417    18.87 20.60 02a58403o0470c 0x000000  4.095238
58403.432314 19.491430 0.187196   58    10 c    0   1.55 330.17378 19.66613  6815.17 3348.09 2.59 2.53  84.9 -0.412    19.54 21.48 02a58403o0491c 0x000000  5.800000
58427.338977 20.207197 0.325721   30     9 c    0   1.33 330.17378 19.66613  6073.89 2977.36 2.56 2.46 -62.9 -0.404    19.65 21.34 02a58427o0126c 0x000000  3.333333
58427.349370 19.979496 0.293442   37    10 c    0   1.02 330.17378 19.66613  6056.56 2937.94 2.58 2.51 -73.6 -0.406    19.62 21.31 02a58427o0147c 0x000000  3.700000
58427.359794 19.979496 0.322786   37    11 c    0   1.03 330.17378 19.66613  6111.46 3015.07 2.72 2.66 -53.2 -0.394    19.58 21.28 02a58427o0168c 0x000000  3.363636
58427.370058 20.103715 0.329011   33    10 c    0   1.31 330.17378 19.66613  6131.97 2898.02 2.68 2.60 -63.4 -0.400    19.58 21.25 02a58427o0189c 0x000000  3.300000
58431.337521 19.841877 0.232658   42     9 c    0   1.46 330.17378 19.66613  5670.02 6478.83 2.50 2.35 -57.4 -0.412    19.75 21.58 02a58431o0325c 0x000000  4.666667
58431.347432 19.589310      NaN   26     9 c    0   0.90 330.17378 19.66613  5653.07 6438.75 2.40 2.32 -48.4 -0.425    19.74 21.54 02a58431o0346c 0x000000  2.888889
58431.357569 19.841877 0.206807   42     8 c    0   2.17 330.17378 19.66613  5709.03 6514.77 2.43 2.33 -48.2 -0.428    19.70 21.48 02a58431o0367c 0x000000  5.250000
58431.367722 20.137125 0.305363   32     9 c    0   1.23 330.17378 19.66613  5729.25 6397.69 2.44 2.34 -51.6 -0.429    19.67 21.42 02a58431o0388c 0x000000  3.555556
58435.324973 19.419021      NaN   29    11 c    0   1.57 330.17378 19.66613  5181.09 4812.59 2.71 2.43 -56.6 -0.387    19.32 20.88 02a58435o0302c 0x000000  2.636364
58435.335128 19.922338      NaN   -9    13 c    0   1.36 330.17378 19.66613  5163.81 4772.05 2.67 2.49 -52.7 -0.395    19.27 20.92 02a58435o0323c 0x000000 -0.692308
58435.345389 19.652575      NaN   17    11 c    0   1.58 330.17378 19.66613  5219.94 4848.00 2.72 2.47 -60.4 -0.401    19.22 20.89 02a58435o0344c 0x000000  1.545455
58435.355498 19.510313      NaN    9    16 c    0   1.43 330.17378 19.66613  5240.38 4730.73 2.68 2.44 -62.6 -0.401    18.96 20.59 02a58435o0365c 0x000000  0.562500
58455.267442 19.791368      NaN   17     9 c    0   1.63 330.17378 19.66613  2749.04 3403.94 2.57 2.45 -66.3 -0.394    19.68 21.65 02a58455o0161c 0x000000  1.888889
58459.263191 20.071303 0.319334   34    10 c    0   1.31 330.17378 19.66613  8323.91 8550.55 2.72 2.68  71.5 -0.401    19.66 21.60 02a58459o0173c 0x000000  3.400000
58459.271405 19.696897 0.226195   48    10 c    0   1.53 330.17378 19.66613  8305.65 8511.06 2.85 2.80  14.8 -0.409    19.62 21.53 02a58459o0190c 0x000000  4.800000
58459.279582 20.039830 0.341231   35    11 c    0   1.16 330.17378 19.66613  8361.52 8589.21 2.64 2.59  -6.8 -0.421    19.66 21.48 02a58459o0207c 0x000000  3.181818
58459.287806 19.674510      NaN   19    10 c    0   1.55 330.17378 19.66613  8379.77 8472.66 2.78 2.69  -5.3 -0.403    19.59 21.40 02a58459o0224c 0x000000  1.900000
58487.212860 19.212347      NaN   33    14 c    0   0.87 330.17378 19.66613  2583.96 6591.74 2.92 2.64 -54.0 -0.370    19.22 20.86 02a58487o0049c 0x000000  2.357143
58487.220851 19.868040      NaN    8    11 c    0   1.11 330.17378 19.66613  2549.39 6551.73 2.99 2.80 -54.0 -0.364    19.29 21.03 02a58487o0066c 0x000000  0.727273
58487.228822 19.589310      NaN   17    12 c    0   1.38 330.17378 19.66613  2622.49 6628.92 2.83 2.66 -51.9 -0.391    19.26 20.99 02a58487o0083c 0x000000  1.416667
58487.237037 19.766969      NaN    6    13 c    0   1.35 330.17378 19.66613  2641.63 6512.22 3.11 2.92 -52.8 -0.373    19.17 20.93 02a58487o0100c 0x000000  0.461538
58491.208406 19.841877      NaN   -6    14 c    0   1.79 330.17378 19.66613  1733.98 2720.88 2.61 2.32 -74.7 -0.365    18.80 19.95 02a58491o0035c 0x000000 -0.428571
58491.214971 20.207197      NaN   -7    10 c    0   1.84 330.17378 19.66613  1715.69 2682.14 2.52 2.32 -77.7 -0.379    19.33 20.83 02a58491o0049c 0x000000 -0.700000
58491.222950 20.039830      NaN    5    10 c    0   1.60 330.17378 19.66613  1790.33 2757.95 2.50 2.33 -78.2 -0.387    19.41 21.05 02a58491o0066c 0x000000  0.500000
58491.231407 19.766969      NaN   12    11 c    0   1.32 330.17378 19.66613  1808.64 2639.48 2.57 2.47  89.4 -0.394    19.34 21.03 02a58491o0084c 0x000000  1.090909
58635.551206 20.362567      NaN    2     8 c    0   1.16 330.17378 19.66613  7026.33 3486.87 2.47 2.32  48.0 -0.396    19.73 21.61 02a58635o0645c 0x000000  0.250000
58635.563851 20.594452      NaN  -14     7 c    0   1.91 330.17378 19.66613  7057.82 3524.61 2.44 2.33  49.9 -0.397    19.78 21.62 02a58635o0670c 0x000000 -2.000000
58635.566673 20.321591      NaN    3     8 c    0   1.18 330.17378 19.66613  6999.51 3448.13 2.42 2.33  57.1 -0.398    19.78 21.62 02a58635o0676c 0x000000  0.375000
58635.576554 20.449472      NaN   -4     8 c    0   0.84 330.17378 19.66613  6979.23 3560.82 2.39 2.29  61.4 -0.397    19.82 21.63 02a58635o0696c 0x000000 -0.500000
58639.526671 20.009244      NaN  -17    12 c    0   1.29 330.17378 19.66613  7028.07 3485.43 2.42 2.29  51.7 -0.399    19.30 21.11 02a58639o0540c 0x000000 -1.416667
58639.529873 18.158337      NaN   -3    66 c    0   1.30 330.17378 19.66613  7046.59 3524.44 2.40 2.30  45.1 -0.399    17.44 19.15 02a58639o0547c 0x100002 -0.045455
58639.551212 20.321591      NaN   -4     9 c    0   2.10 330.17378 19.66613  6993.62 3449.28 2.35 2.28  61.8 -0.394    19.36 21.20 02a58639o0586c 0x000000 -0.444444
58639.562954 17.584152      NaN  -98   112 c    0   0.88 330.17378 19.66613  6975.71 3566.86 2.37 2.31  62.2 -0.403    17.43 19.13 02a58639o0608c 0x100002 -0.875000
58663.584086 20.703116      NaN    1     6 c    0   2.45 330.17378 19.66613  1534.55 5258.49 2.38 2.37  66.3 -0.427    19.83 21.94 02a58663o0682c 0x000000  0.166667
58663.593983 20.321591      NaN    0     9 c    0   1.45 330.17378 19.66613  1510.33 5214.04 2.83 2.33  34.7 -0.398    19.76 21.90 02a58663o0701c 0x000000  0.000000
58663.608703 20.594452      NaN   -6     7 c    0   1.55 330.17378 19.66613  1568.19 5291.52 2.37 2.35 -18.4 -0.423    19.78 21.66 02a58663o0725c 0x000000 -0.857143
58663.617692 20.009244      NaN   -1    12 c    0   1.59 330.17378 19.66613  1582.58 5175.95 3.08 2.39  29.1 -0.399    19.10 20.45 02a58663o0744c 0x000000 -0.083333
58667.457349 19.719755      NaN   23     8 c    0   1.44 330.17378 19.66613  3124.75 1735.72 2.39 2.28  70.6 -0.418    19.80 21.82 02a58667o0251c 0x000000  2.875000
58667.483454 20.761819      NaN   -1     6 c    0   1.78 330.17378 19.66613  3147.71 1774.96 2.44 2.34  80.2 -0.415    19.80 21.89 02a58667o0293c 0x000000 -0.166667
58667.500542 20.594452      NaN   -4     7 c    0   1.23 330.17378 19.66613  3091.60 1698.56 2.43 2.32  88.0 -0.419    19.80 21.91 02a58667o0322c 0x000000 -0.571429
58667.504045 20.594452      NaN  -13     7 c    0   1.43 330.17378 19.66613  3074.46 1813.32 2.41 2.31 -83.2 -0.416    19.83 21.91 02a58667o0329c 0x000000 -1.857143
58691.525957 20.103715      NaN   -7    11 c    0   1.06 330.17378 19.66613  9762.62 9262.56 3.10 2.82 -59.2 -0.370    19.67 21.76 02a58691o0508c 0x000000 -0.636364
58691.529525 20.321591      NaN   -3     9 c    0   1.40 330.17378 19.66613  9741.70 9223.02 3.05 2.80 -62.5 -0.372    19.70 21.75 02a58691o0515c 0x000000 -0.333333
58691.534842 20.321591      NaN  -17     9 c    0   1.14 330.17378 19.66613  9798.59 9303.73 3.06 2.77 -58.0 -0.369    19.70 21.74 02a58691o0526c 0x000000 -1.888889
58691.553201 20.207197      NaN  -10    10 c    0   1.13 330.17378 19.66613  9817.10 9189.32 3.03 2.62 -56.9 -0.367    19.72 21.71 02a58691o0564c 0x000000 -1.000000
58692.362872 20.449472      NaN  -10     8 c    0   2.17 330.17378 19.66613  9858.16 7458.21 2.69 2.53 -58.3 -0.402    19.71 21.63 02a58692o0267c 0x000000 -1.250000
58692.372855 20.449472      NaN  -18     8 c    0   1.50 330.17378 19.66613  9270.08 8048.46 2.62 2.55 -66.8 -0.394    19.76 21.67 02a58692o0287c 0x000000 -2.250000
58692.379713 20.103715      NaN  -11    11 c    0   0.84 330.17378 19.66613 10158.04 8335.79 2.68 2.59 -62.4 -0.384    19.77 21.67 02a58692o0302c 0x000000 -1.000000
58692.388943 20.244005      NaN    2     9 c    0   0.98 330.17378 19.66613  8972.86 7176.54 2.57 2.50 -80.1 -0.397    19.79 21.69 02a58692o0321c 0x000000  0.222222
58692.400860 20.449472      NaN  -15     8 c    0   1.98 330.17378 19.66613 10446.84 6870.63 2.70 2.57 -65.7 -0.403    19.76 21.76 02a58692o0347c 0x000000 -1.875000
58692.406018 20.207197      NaN   -7    10 c    0   0.92 330.17378 19.66613  8685.29 8641.53 2.73 2.57 -55.4 -0.390    19.78 21.78 02a58692o0357c 0x000000 -0.700000
58692.422244 20.405150      NaN    1     8 c    0   1.95 330.17378 19.66613  9562.07 7758.78 2.69 2.57 -64.9 -0.401    19.81 21.84 02a58692o0391c 0x000000  0.125000
58692.422700 20.449472      NaN  -11     8 c    0   1.13 330.17378 19.66613  9562.00 7758.83 2.69 2.56 -64.0 -0.401    19.85 21.84 02a58692o0392c 0x000000 -1.375000
58695.614473 20.207197      NaN   -8    10 c    0   1.34 330.17378 19.66613  9742.03 9265.97 3.06 2.95  37.0 -0.358    19.69 21.79 02a58695o0003c 0x000000 -0.800000
58695.617536 20.009244      NaN    3    11 c    0   1.19 330.17378 19.66613  9722.53 9226.17 2.94 2.85 -60.0 -0.361    19.68 21.65 02a58695o0009c 0x000000  0.272727
58695.620571 20.103715      NaN   -8    11 c    0   1.42 330.17378 19.66613  9781.71 9306.07 3.00 2.91 -62.6 -0.356    19.55 21.34 02a58695o0015c 0x000000 -0.727273
58695.623500 19.841877      NaN  -18    14 c    0   1.24 330.17378 19.66613  9800.38 9187.52 3.00 2.99  38.7 -0.346    19.43 20.87 02a58695o0021c 0x000000 -1.285714
58699.486558 19.922338      NaN   12     9 c    0   1.66 330.17378 19.66613  1501.30 9598.14 2.57 2.23 -45.8 -0.443    19.81 21.92 02a58699o0438c 0x000000  1.333333
58699.495613 19.696897      NaN   -2    16 c    0   0.86 330.17378 19.66613  1522.73 9640.99 2.46 2.29 -46.8 -0.444    19.49 21.57 02a58699o0453c 0x000000 -0.125000
58699.509496 19.454622      NaN  -20    20 c    0   1.32 330.17378 19.66613  9129.89 1018.98 2.55 2.27 -51.6 -0.449    18.93 20.87 02a58699o0480c 0x000000 -1.000000
58699.512514 18.878500      NaN  -28    34 c    0   1.46 330.17378 19.66613  9150.22  902.35 2.57 2.25 -60.9 -0.412    18.41 20.28 02a58699o0486c 0x100002 -0.823529
58703.479096 20.282105      NaN    4     8 c    0   1.44 330.17378 19.66613  1504.91 9594.59 2.68 2.12 -45.3 -0.452    19.86 22.09 02a58703o0494c 0x000000  0.500000
58703.484908 20.207197      NaN    3     9 c    0   1.00 330.17378 19.66613  1525.66 9637.44 2.72 2.13 -49.0 -0.449    19.82 22.08 02a58703o0505c 0x000000  0.333333
58703.497801 20.449472      NaN    0     8 c    0   1.63 330.17378 19.66613  9129.81 1031.07 2.70 2.23 -57.6 -0.414    19.84 22.05 02a58703o0530c 0x000000  0.000000
58703.505716 20.449472      NaN  -21     8 c    0   1.25 330.17378 19.66613  9146.19  909.77 2.48 2.29 -63.0 -0.408    19.79 22.03 02a58703o0544c 0x000000 -2.625000
58707.369996 18.786693      NaN   51    20 c    0   1.35 330.17378 19.66613   941.64 3257.01 2.44 2.30 -62.6 -0.415    18.81 19.73 02a58707o0292c 0x000000  2.550000
58707.385503 19.155932      NaN   25    18 c    0   1.37 330.17378 19.66613   956.28 3300.04 2.47 2.33 -66.1 -0.422    18.83 19.79 02a58707o0323c 0x000000  1.388889
58707.388703 19.491430      NaN    4    18 c    0   1.18 330.17378 19.66613   901.72 3221.10 2.52 2.30 -57.3 -0.418    18.89 19.79 02a58707o0330c 0x000000  0.222222
58707.402637 19.302877      NaN   18    17 c    0   1.38 330.17378 19.66613   878.77 3338.12 2.63 2.30  38.6 -0.400    18.77 19.82 02a58707o0358c 0x000000  1.058824
58723.310197 20.495680      NaN    2     7 c    0   1.18 330.17378 19.66613  5058.33 1645.29 2.30 2.23 -79.8 -0.409    19.83 21.82 02a58723o0130c 0x000000  0.285714
58723.313565 20.594452      NaN   -2     7 c    0   1.22 330.17378 19.66613  5076.68 1683.49 2.35 2.22 -63.1 -0.410    19.84 21.83 02a58723o0137c 0x000000 -0.285714
58723.332234 20.449472      NaN  -13     8 c    0   1.46 330.17378 19.66613  5015.83 1604.50 2.40 2.21 -58.0 -0.403    19.86 21.91 02a58723o0175c 0x000000 -1.625000
58723.337824 20.594452      NaN   -5     7 c    0   1.48 330.17378 19.66613  4995.65 1722.33 2.37 2.24 -65.2 -0.410    19.87 21.94 02a58723o0185c 0x000000 -0.714286
58727.314624 20.405150      NaN    4     7 c    0   1.69 330.17378 19.66613  5057.85 1644.17 2.38 2.29 -83.2 -0.401    19.83 21.90 02a58727o0151c 0x000000  0.571429
58727.317992 20.449472      NaN   -2     8 c    0   1.15 330.17378 19.66613  5077.56 1683.08 2.34 2.25  85.9 -0.402    19.83 21.91 02a58727o0158c 0x000000 -0.250000
58727.323305 20.137125      NaN    5     9 c    0   0.77 330.17378 19.66613  5017.94 1606.53 2.30 2.22  85.9 -0.404    19.90 21.90 02a58727o0168c 0x000000  0.555556
58727.336902 20.594452      NaN  -11     7 c    0   1.43 330.17378 19.66613  5000.31 1722.28 2.37 2.31  79.5 -0.397    19.83 21.84 02a58727o0194c 0x000000 -1.571429
58751.408784 20.282105      NaN    4     8 c    0   1.17 330.17378 19.66613  3456.69 5149.09 2.30 2.25  46.3 -0.409    19.83 21.85 02a58751o0322c 0x000000  0.500000
58751.419393 20.761819      NaN  -19     6 c    0   2.24 330.17378 19.66613  3445.48 5109.12 2.34 2.23  43.1 -0.405    19.81 21.79 02a58751o0343c 0x000000 -3.166667
58751.422362 20.594452      NaN   -7     7 c    0   2.21 330.17378 19.66613  3503.07 5183.47 2.37 2.23  43.3 -0.404    19.81 21.76 02a58751o0349c 0x000000 -1.000000
58751.436066 20.449472      NaN   -9     8 c    0   1.48 330.17378 19.66613  3509.34 5070.08 2.32 2.21  41.3 -0.408    19.78 21.73 02a58751o0376c 0x000000 -1.125000
58755.364271 20.594452      NaN  -18     7 c    0   1.97 330.17378 19.66613  9549.98 5374.39 2.55 2.49  61.6 -0.404    19.76 21.75 02a58755o0345c 0x000000 -2.571429
58755.367528 20.321591      NaN   -8     9 c    0   1.50 330.17378 19.66613  9529.88 5336.54 2.54 2.49  70.2 -0.403    19.78 21.76 02a58755o0352c 0x000000 -0.888889
58755.372992 20.071303      NaN   10     8 c    0   1.81 330.17378 19.66613  9585.60 5411.37 2.59 2.50 -76.0 -0.403    19.77 21.75 02a58755o0363c 0x000000  1.250000
58755.386620 20.137125      NaN    5     9 c    0   1.27 330.17378 19.66613  9601.76 5294.86 2.54 2.49  66.6 -0.400    19.80 21.71 02a58755o0390c 0x000000  0.555556
58775.194879 18.452558      NaN   16    45 c    0   1.36 330.17378 19.66613  3194.58 3678.94 2.53 2.50  52.5 -0.398    17.57 18.59 02a58775o0024c 0x100002  0.355556
58775.214312 16.482301      NaN -135   309 c    0   1.27 330.17378 19.66613  3208.37 3716.00 2.32 2.28 -34.7 -0.406    16.19 17.62 02a58775o0060c 0x100002 -0.436893
58775.222784 16.482301      NaN  -29   309 c    0   1.07 330.17378 19.66613  3152.03 3636.53 2.38 2.29 -55.4 -0.405    15.74 17.11 02a58775o0077c 0x100002 -0.093851
58775.231904 19.302877      NaN  -23    23 c    0   1.53 330.17378 19.66613  3131.50 3756.52 2.41 2.30  41.4 -0.408    18.25 19.78 02a58775o0093c 0x000000 -1.000000
58779.337782 20.321591      NaN  -14     9 c    0   1.31 330.17378 19.66613  6830.12  583.59 2.52 2.18 -58.7 -0.420    19.69 21.39 02a58779o0333c 0x000000 -1.555556
58779.341125 20.103715      NaN  -14    11 c    0   1.37 330.17378 19.66613  6810.20  544.36 2.50 2.18 -60.1 -0.417    19.65 21.38 02a58779o0340c 0x000000 -1.272727
58779.346317 20.207197      NaN   -7    10 c    0   1.33 330.17378 19.66613  6868.67  622.24 2.47 2.20 -62.0 -0.414    19.65 21.37 02a58779o0351c 0x000000 -0.700000
58779.357476 20.009244      NaN   -5    12 c    0   0.99 330.17378 19.66613  6889.94  503.35 2.49 2.18 -55.5 -0.420    19.67 21.37 02a58779o0374c 0x000000 -0.416667
58783.295141 19.950541      NaN    8    10 c    0   1.03 330.17378 19.66613  6840.42  582.17 2.50 2.12 -53.7 -0.421    19.72 21.49 02a58783o0191c 0x000000  0.800000
58783.298583 20.321591      NaN   -6     9 c    0   1.68 330.17378 19.66613  6819.62  546.57 2.58 2.19 -51.0 -0.412    19.76 21.48 02a58783o0198c 0x000000 -0.666667
58783.306560 20.321591      NaN   -2     9 c    0   1.62 330.17378 19.66613  6874.03  622.81 2.56 2.17 -53.3 -0.416    19.77 21.48 02a58783o0214c 0x000000 -0.222222
58783.323054 20.009244      NaN    6    10 c    0   1.53 330.17378 19.66613  6896.16  504.88 2.60 2.15 -51.2 -0.418    19.72 21.43 02a58783o0247c 0x000000  0.600000
58787.328889 19.950541      NaN    8    10 c    0   1.26 330.17378 19.66613  1591.76 7195.35 2.35 2.06 -48.8 -0.452    19.77 21.58 02a58787o0269c 0x000000  0.800000
58787.332286 19.922338      NaN   12     9 c    0   1.46 330.17378 19.66613  1572.63 7156.65 2.31 2.06 -48.4 -0.451    19.74 21.57 02a58787o0276c 0x000000  1.333333
58787.338121 20.207197      NaN   -7    10 c    0   1.15 330.17378 19.66613  1630.02 7233.54 2.38 2.12 -51.5 -0.444    19.69 21.53 02a58787o0288c 0x000000 -0.700000
58787.351250 20.137125      NaN    8     8 c    0   1.52 330.17378 19.66613  1651.50 7114.43 2.32 2.11 -49.8 -0.438    19.69 21.46 02a58787o0316c 0x000000  1.000000
58815.229350 20.449472      NaN   -5     8 c    0   1.36 330.17378 19.66613  4884.55  679.15 2.48 2.18 -58.9 -0.416    19.72 21.60 02a58815o0104c 0x000000 -0.625000
58815.232410 20.321591      NaN   -4     9 c    0   1.09 330.17378 19.66613  4864.41  639.85 2.47 2.17 -60.5 -0.416    19.71 21.59 02a58815o0110c 0x000000 -0.444444
58815.237780 20.103715      NaN    3    10 c    0   1.08 330.17378 19.66613  4921.73  718.62 2.46 2.17 -60.4 -0.420    19.71 21.58 02a58815o0121c 0x000000  0.300000
58815.248129 20.449472      NaN  -10     8 c    0   1.42 330.17378 19.66613  4934.64  600.16 2.50 2.17 -57.3 -0.413    19.73 21.70 02a58815o0141c 0x000000 -1.250000
58867.204484 16.122684      NaN  397   298 c    0   1.74 330.17378 19.66613  7440.66 8842.33 2.69 2.61  45.2 -0.581    16.69 17.52 02a58867o0022c 0x100002  1.332215
58867.207700 17.365395      NaN -233   137 c    0   1.41 330.17378 19.66613  7421.39 8800.73 2.72 2.70 -79.3 -0.448    17.45 18.38 02a58867o0029c 0x100002 -1.700730
58867.213207 18.424171      NaN   38    39 c    0   0.90 330.17378 19.66613  7479.17 8877.81 2.81 2.65 -47.2 -0.396    18.58 19.65 02a58867o0041c 0x100002  0.974359
58867.224242 19.766969      NaN  -23    15 c    0   1.18 330.17378 19.66613  7497.40 8759.28 2.65 2.57  15.0 -0.399    19.29 20.67 02a58867o0065c 0x000000 -1.533333
58959.591711 20.103715      NaN  -15    11 c    0   1.54 330.17378 19.66613  1029.73 5206.91 2.54 2.25  32.5 -0.398    19.31 20.78 02a58959o0736c 0x000000 -1.363636
58959.595788 20.103715      NaN   -5    11 c    0   1.40 330.17378 19.66613  1049.85 5244.58 2.62 2.26  33.5 -0.397    19.34 20.81 02a58959o0744c 0x000000 -0.454545
58959.603222 20.103715      NaN   -1    11 c    0   1.32 330.17378 19.66613   987.67 5165.34 2.61 2.22  33.4 -0.395    19.40 20.89 02a58959o0758c 0x000000 -0.090909
58959.616049 19.401649      NaN   24    13 c    0   1.31 330.17378 19.66613   966.70 5279.63 2.55 2.25  31.2 -0.396    19.37 20.87 02a58959o0783c 0x000000  1.846154
58967.595036 19.631075      NaN   15    12 c    0   2.00 330.17378 19.66613  7691.98 9791.42 2.63 2.58  19.7 -0.406    19.46 20.94 02a58967o0763c 0x000000  1.250000
58967.612765 19.922338      NaN  -18    13 c    0   0.98 330.17378 19.66613  7709.18 9830.21 2.61 2.53 -43.0 -0.401    19.50 21.00 02a58967o0800c 0x000000 -1.384615
58967.617850 19.631075      NaN    9    14 c    0   1.02 330.17378 19.66613  7647.67 9751.64 2.64 2.51  40.7 -0.397    19.44 20.87 02a58967o0811c 0x000000  0.642857
58967.623377 19.510313      NaN   -1    19 c    0   1.01 330.17378 19.66613  7628.06 9869.98 2.65 2.52  34.8 -0.397    19.09 20.30 02a58967o0823c 0x000000 -0.052632
58999.556065 20.321591      NaN  -10     9 c    0   1.23 330.17378 19.66613  9575.08 7734.05 2.78 2.46  35.0 -0.389    19.79 21.66 02a58999o0647c 0x000000 -1.111111
58999.562443 20.103715      NaN   -2    11 c    0   0.87 330.17378 19.66613  9597.89 7773.00 2.62 2.57  58.6 -0.397    19.80 21.70 02a58999o0660c 0x000000 -0.181818
58999.566596 20.321591      NaN  -16     9 c    0   1.15 330.17378 19.66613  9536.25 7696.81 2.63 2.49  36.8 -0.396    19.81 21.70 02a58999o0669c 0x000000 -1.777778
58999.576639 20.449472      NaN   -1     8 c    0   1.21 330.17378 19.66613  9517.19 7814.73 2.67 2.58  31.4 -0.392    19.79 21.74 02a58999o0688c 0x000000 -0.125000
59023.515885 19.401649      NaN  -41    21 c    0   2.00 330.17378 19.66613  5173.62 5532.76 2.42 2.31  27.4 -0.394    18.93 20.80 02a59023o0552c 0x000000 -1.952381
59023.521977 19.569016      NaN  -16    18 c    0   0.93 330.17378 19.66613  5200.63 5571.74 2.55 2.33  38.1 -0.393    18.82 20.66 02a59023o0562c 0x000000 -0.888889
59023.523846 19.318728      NaN    5    21 c    0   1.33 330.17378 19.66613  5137.36 5496.23 2.43 2.31  33.1 -0.401    18.76 20.62 02a59023o0566c 0x000000  0.238095
59023.528941 18.757738      NaN    6    36 c    0   0.79 330.17378 19.66613  5115.64 5613.44 2.55 2.30  36.2 -0.391    18.04 19.78 02a59023o0577c 0x100002  0.166667
59027.510691 20.495680      NaN    2     7 c    0   1.46 330.17378 19.66613  6974.16 1550.26 2.47 2.28 -54.2 -0.400    19.81 21.88 02a59027o0549c 0x000000  0.285714
59027.512979 20.244005      NaN    5     8 c    0   1.28 330.17378 19.66613  6993.44 1588.99 2.52 2.32 -53.9 -0.400    19.80 21.88 02a59027o0554c 0x000000  0.625000
59027.516274 20.321591      NaN    3     8 c    0   1.30 330.17378 19.66613  6936.16 1513.65 2.45 2.27 -54.2 -0.401    19.81 21.88 02a59027o0561c 0x000000  0.375000
59027.526444 20.282105      NaN    7     7 c    0   1.54 330.17378 19.66613  6914.43 1630.09 2.46 2.27 -57.6 -0.398    19.83 21.88 02a59027o0580c 0x000000  1.000000
59031.531130 19.791368      NaN   14    10 c    0   1.42 330.17378 19.66613  6971.39 1554.25 2.68 2.50 -54.2 -0.390    19.55 21.42 02a59031o0590c 0x000000  1.400000
59031.532958 20.207197      NaN    6     8 c    0   1.93 330.17378 19.66613  6992.10 1593.15 2.72 2.54 -54.0 -0.386    19.57 21.53 02a59031o0594c 0x000000  0.750000
59031.535877 20.137125 0.339293   32    10 c    0   1.37 330.17378 19.66613  6935.48 1515.34 2.80 2.58 -57.5 -0.388    19.61 21.67 02a59031o0600c 0x000000  3.200000
59031.561575 20.449472      NaN   -6     8 c    0   1.46 330.17378 19.66613  6924.04 1637.79 2.66 2.46 -56.8 -0.392    19.67 21.84 02a59031o0655c 0x000000 -0.750000
59047.492576 20.321591      NaN    0     9 c    0   1.20 330.17378 19.66613  5124.23 3596.32 2.34 2.27  40.2 -0.403    19.72 21.60 02a59047o0423c 0x000000  0.000000
59047.494877 20.449472      NaN  -13     8 c    0   1.29 330.17378 19.66613  5144.05 3634.97 2.33 2.23  28.8 -0.406    19.74 21.61 02a59047o0428c 0x000000 -1.625000
59047.497633 20.207197      NaN    3     9 c    0   1.14 330.17378 19.66613  5085.80 3558.67 2.34 2.27  55.6 -0.403    19.69 21.60 02a59047o0434c 0x000000  0.333333
59047.502670 20.594452      NaN  -16     7 c    0   1.31 330.17378 19.66613  5067.06 3674.45 2.31 2.23  43.3 -0.406    19.77 21.61 02a59047o0445c 0x000000 -2.285714
59051.478561 20.207197      NaN  -11    10 c    0   1.16 330.17378 19.66613  9691.52 9697.34 2.93 2.64 -59.6 -0.380    19.79 21.87 02a59051o0505c 0x000000 -1.100000
59051.480388 20.207197      NaN   -4    10 c    0   1.16 330.17378 19.66613  9712.22 9735.22 3.00 2.57 -52.3 -0.384    19.77 21.90 02a59051o0509c 0x000000 -0.400000
59051.497702 19.868040      NaN   11    10 c    0   1.55 330.17378 19.66613  9652.80 9656.70 2.92 2.69 -55.6 -0.372    19.78 21.82 02a59051o0546c 0x000000  1.100000
59051.505290 20.207197      NaN  -13    10 c    0   1.06 330.17378 19.66613  9635.45 9777.87 2.83 2.67 -58.1 -0.376    19.81 21.81 02a59051o0562c 0x000000 -1.300000
59059.502472 20.321591      NaN   -9     9 c    0   1.03 330.17378 19.66613  1511.50 5254.60 2.48 2.41  29.0 -0.409    19.78 21.97 02a59059o0562c 0x000000 -1.000000
59059.505687 20.449472      NaN   -7     8 c    0   1.17 330.17378 19.66613  1492.43 5218.23 2.52 2.39  36.2 -0.407    19.76 21.96 02a59059o0569c 0x000000 -0.875000
59059.513395 20.449472      NaN  -17     8 c    0   1.48 330.17378 19.66613  1548.93 5293.75 2.46 2.34  36.0 -0.411    19.81 21.95 02a59059o0584c 0x000000 -2.125000
59059.524872 20.449472      NaN  -11     8 c    0   0.92 330.17378 19.66613  1570.04 5179.33 2.36 2.29  43.7 -0.419    19.79 21.95 02a59059o0606c 0x000000 -1.375000
59079.386433 20.321591      NaN    6     7 c    0   1.60 330.17378 19.66613  3250.16 5607.66 2.31 2.28 -49.3 -0.404    19.75 21.82 02a59079o0326c 0x000000  0.857143
59079.389284 20.495680 0.330441   23     7 c    0   2.16 330.17378 19.66613  3271.48 5648.40 2.27 2.27  68.7 -0.405    19.78 21.82 02a59079o0332c 0x000000  3.285714
59079.394694 20.449472      NaN   -2     8 c    0   1.51 330.17378 19.66613  3215.96 5568.04 2.34 2.29  48.3 -0.404    19.77 21.84 02a59079o0343c 0x000000 -0.250000
59079.399751 20.039830      NaN   14     7 c    0   1.81 330.17378 19.66613  3195.86 5683.09 2.37 2.28  46.8 -0.405    19.79 21.85 02a59079o0354c 0x000000  2.000000
59083.382736 20.449472      NaN   -7     8 c    0   1.20 330.17378 19.66613  3717.54 8034.64 2.39 2.37 -12.6 -0.397    19.75 21.88 02a59083o0308c 0x000000 -0.875000
59083.385500 20.321591      NaN   -8     9 c    0   0.76 330.17378 19.66613  3737.11 8073.94 2.35 2.34 -18.2 -0.399    19.73 21.88 02a59083o0313c 0x000000 -0.888889
59083.389213 20.207197      NaN   -6    10 c    0   0.81 330.17378 19.66613  3679.83 7996.43 2.38 2.36   7.1 -0.399    19.78 21.87 02a59083o0321c 0x000000 -0.600000
59083.395494 20.321591      NaN   -6     9 c    0   1.13 330.17378 19.66613  3660.38 8113.41 2.44 2.43   7.4 -0.398    19.77 21.87 02a59083o0334c 0x000000 -0.666667
59087.427529 20.171596      NaN    1    10 c    0   1.19 330.17378 19.66613  6866.21 2529.99 2.70 2.58 -58.3 -0.389    19.58 21.69 02a59087o0420c 0x000000  0.100000
59087.432779 20.009244      NaN    9     9 c    0   1.09 330.17378 19.66613  6847.95 2495.08 2.75 2.65 -60.9 -0.389    19.65 21.79 02a59087o0431c 0x000000  1.000000
59087.435554 20.449472      NaN   -9     8 c    0   1.51 330.17378 19.66613  6906.40 2570.15 2.73 2.59 -63.4 -0.388    19.62 21.82 02a59087o0437c 0x000000 -1.125000
59087.446527 20.449472      NaN  -15     8 c    0   1.16 330.17378 19.66613  6926.43 2454.46 2.75 2.61 -69.5 -0.384    19.64 21.83 02a59087o0458c 0x000000 -1.875000
59107.415554 20.071303      NaN    7     9 c    0   1.24 330.17378 19.66613  9630.84 7310.63 2.73 2.65 -69.6 -0.404    19.72 21.75 02a59107o0406c 0x000000  0.777778
59107.418759 20.137125      NaN    2    10 c    0   1.21 330.17378 19.66613  9612.56 7272.19 2.70 2.62 -68.0 -0.406    19.72 21.74 02a59107o0413c 0x000000  0.200000
59107.426175 20.137125      NaN    5     9 c    0   1.33 330.17378 19.66613  9672.06 7349.57 2.69 2.59 -67.2 -0.408    19.76 21.73 02a59107o0429c 0x000000  0.555556
59107.436728 20.103715      NaN    6     9 c    0   1.35 330.17378 19.66613  9691.84 7235.72 2.75 2.65 -66.3 -0.410    19.70 21.72 02a59107o0452c 0x000000  0.666667
59111.379301 18.786693      NaN  -15    37 c    0   0.80 330.17378 19.66613  9639.15 7311.00 2.71 2.67  71.8 -0.392    18.34 20.12 02a59111o0357c 0x100002 -0.405405
59111.382532 19.169763      NaN   -9    26 c    0   1.07 330.17378 19.66613  9619.89 7273.31 2.82 2.75  56.9 -0.392    18.28 20.05 02a59111o0364c 0x100002 -0.346154
59111.437262 20.449472      NaN  -16     8 c    0   1.96 330.17378 19.66613  9676.13 7354.02 2.78 2.70  35.1 -0.392    19.60 21.58 02a59111o0471c 0x000000 -2.000000
59111.465639 19.841877      NaN   -6    14 c    0   1.19 330.17378 19.66613  9685.09 7240.78 3.01 2.93  31.5 -0.387    19.34 21.27 02a59111o0528c 0x000000 -0.428571
59115.451472 19.894850      NaN   10    10 c    0   1.21 330.17378 19.66613  9155.22 2939.57 2.58 2.47 -41.9 -0.389    19.64 21.52 02a59115o0492c 0x000000  1.000000
59115.455605 20.321591      NaN   -2     9 c    0   1.46 330.17378 19.66613  9135.00 2900.55 2.53 2.39 -55.1 -0.391    19.64 21.51 02a59115o0501c 0x000000 -0.222222
59115.461133 20.449472      NaN    0     8 c    0   1.63 330.17378 19.66613  9193.06 2978.18 2.52 2.40 -47.7 -0.392    19.64 21.51 02a59115o0513c 0x000000  0.000000
59115.474467 20.207197      NaN   -7    10 c    0   1.22 330.17378 19.66613  9212.99 2861.76 2.52 2.39 -47.0 -0.396    19.61 21.47 02a59115o0542c 0x000000 -0.700000
59139.335084 20.321591      NaN  -13     9 c    0   1.40 330.17378 19.66613  1664.71 9150.82 2.39 2.11 -48.1 -0.445    19.82 21.70 02a59139o0294c 0x000000 -1.444444
59139.338286 20.039830      NaN    5    10 c    0   1.12 330.17378 19.66613  1647.23 9112.19 2.38 2.11 -49.7 -0.441    19.81 21.70 02a59139o0301c 0x000000  0.500000
59139.345664 20.449472      NaN   -4     8 c    0   1.72 330.17378 19.66613  1702.92 9187.70 2.41 2.20 -54.1 -0.439    19.76 21.74 02a59139o0317c 0x000000 -0.500000
59139.355830 19.894850      NaN   13     9 c    0   1.33 330.17378 19.66613  1723.92 9071.33 2.44 2.15 -52.6 -0.439    19.81 21.68 02a59139o0339c 0x000000  1.444444
59159.255380 18.438271      NaN  -79    51 c    0   1.20 330.17378 19.66613  9543.06 5368.40 2.64 2.49  31.9 -0.391    17.82 19.55 02a59159o0156c 0x100002 -1.549020
59159.258683 18.796518      NaN   14    32 c    0   1.43 330.17378 19.66613  9523.39 5330.37 2.74 2.60  33.8 -0.382    18.15 19.75 02a59159o0163c 0x100002  0.437500
59159.263967 17.580925      NaN   31   102 c    0   1.14 330.17378 19.66613  9582.17 5409.47 2.81 2.61  40.5 -0.384    17.10 18.64 02a59159o0174c 0x100002  0.303922
59159.276849 17.643932      NaN   87    77 c    0   0.95 330.17378 19.66613  9600.10 5293.28 2.69 2.58  33.6 -0.387    17.30 18.86 02a59159o0201c 0x100002  1.129870
59163.345507 20.103715      NaN   -8    11 c    0   1.40 330.17378 19.66613  2875.66  778.51 3.00 2.62 -55.1 -0.409    19.49 21.39 02a59163o0178c 0x000000 -0.727273
59163.349173 19.922338      NaN   -5    13 c    0   1.04 330.17378 19.66613  2857.43  738.10 3.35 2.92 -53.2 -0.394    19.40 21.38 02a59163o0186c 0x000000 -0.384615
59163.355588 20.207197      NaN    3     9 c    0   1.54 330.17378 19.66613  2916.14  815.06 2.77 2.39 -56.3 -0.430    19.51 21.35 02a59163o0200c 0x000000  0.333333
59163.367069 20.103715      NaN  -18    11 c    0   1.31 330.17378 19.66613  2937.95  695.80 2.96 2.54 -56.1 -0.411    19.44 21.27 02a59163o0225c 0x000000 -1.636364
59191.200434 20.207197      NaN   -7    10 c    0   0.99 330.17378 19.66613  1602.07 7204.03 2.43 2.20 -50.8 -0.433    19.60 21.16 02a59191o0022c 0x000000 -0.700000
59191.203633 19.841877      NaN    9    11 c    0   0.91 330.17378 19.66613  1583.78 7164.96 2.39 2.15 -51.6 -0.439    19.70 21.43 02a59191o0029c 0x000000  0.818182
59191.209121 20.171596      NaN    4     9 c    0   1.22 330.17378 19.66613  1643.32 7241.36 2.42 2.21 -53.6 -0.430    19.72 21.58 02a59191o0041c 0x000000  0.444444
59191.219234 19.816329      NaN   16     9 c    0   1.40 330.17378 19.66613  1662.69 7122.93 2.46 2.26 -52.2 -0.423    19.73 21.62 02a59191o0063c 0x000000  1.777778
59195.239855 20.207197      NaN   -8    10 c    0   1.24 330.17378 19.66613   990.49 2835.74 2.49 2.29 -59.5 -0.421    19.64 21.39 02a59195o0123c 0x000000 -0.800000
59195.243979 20.071303      NaN    7     9 c    0   1.48 330.17378 19.66613   970.32 2796.65 2.44 2.27 -59.3 -0.424    19.66 21.39 02a59195o0132c 0x000000  0.777778
59195.249470 20.039830      NaN    8     9 c    0   1.24 330.17378 19.66613  1029.13 2873.97 2.52 2.36 -62.0 -0.415    19.65 21.39 02a59195o0144c 0x000000  0.888889
59195.262329 20.321591      NaN  -10     9 c    0   1.65 330.17378 19.66613  1050.97 2754.58 2.57 2.41 -59.9 -0.417    19.57 21.35 02a59195o0172c 0x000000 -1.111111
59199.194610 19.351140      NaN   -6    22 c    0   1.07 330.17378 19.66613   998.10 2843.87 2.68 2.31 -60.1 -0.419    18.60 19.55 02a59199o0023c 0x000000 -0.272727
59199.197812 19.766969      NaN  -28    15 c    0   0.97 330.17378 19.66613   980.06 2803.90 2.62 2.23 -58.2 -0.422    19.13 20.29 02a59199o0030c 0x000000 -1.866667
59199.205206 20.009244      NaN   -2    12 c    0   1.47 330.17378 19.66613  1041.79 2877.36 2.73 2.33 -53.7 -0.421    19.27 20.80 02a59199o0046c 0x000000 -0.166667
59199.223649 18.978793      NaN   36    19 c    0   1.21 330.17378 19.66613  1061.41 2757.58 2.77 2.42 -57.4 -0.420    18.91 20.44 02a59199o0086c 0x000000  1.894737
59219.239375 20.207197      NaN   -4    10 c    0   1.53 330.17378 19.66613  5395.05 5047.46 2.52 2.43  42.4 -0.391    19.46 21.09 02a59219o0004c 0x000000 -0.400000
59219.242584 20.244005      NaN    2     9 c    0   1.80 330.17378 19.66613  5376.37 5007.17 2.44 2.36  44.5 -0.397    19.46 21.06 02a59219o0011c 0x000000  0.222222
59219.248073 20.103715      NaN   -4    11 c    0   1.25 330.17378 19.66613  5434.43 5084.11 2.58 2.52  32.2 -0.389    19.39 21.02 02a59219o0023c 0x000000 -0.363636
59219.259522 19.922338      NaN  -35    13 c    0   0.85 330.17378 19.66613  5454.39 4964.22 2.68 2.50 -46.9 -0.397    19.30 20.92 02a59219o0048c 0x000000 -2.692308
59227.206313 17.755295      NaN   17    90 c    0   1.26 330.17378 19.66613  3605.06 9022.90 2.46 2.39  60.0 -0.407    17.74 18.63 02a59227o0024c 0x100002  0.188889
59227.209515 18.438271      NaN   42    37 c    0   0.87 330.17378 19.66613  3585.59 8983.50 2.42 2.38  56.5 -0.401    18.43 19.43 02a59227o0031c 0x100002  1.135135
59227.217284 19.922338      NaN   -4    13 c    0   1.22 330.17378 19.66613  3643.52 9060.08 2.39 2.31 -48.6 -0.399    19.30 20.64 02a59227o0048c 0x000000 -0.307692
59227.228721 20.103715      NaN  -13    11 c    0   1.79 330.17378 19.66613  3660.77 8943.40 2.43 2.37 -45.2 -0.391    19.38 20.87 02a59227o0073c 0x000000 -1.181818
59317.604696 20.103715      NaN    0    11 c    0   1.33 330.17378 19.66613  5391.29 5038.72 2.65 2.51  89.6 -0.346    19.35 20.87 01a59317o0433c 0x000000  0.000000
59317.622805 20.009244      NaN    3    11 c    0   1.10 330.17378 19.66613  5375.10 4999.50 2.60 2.39 -86.8 -0.358    19.42 20.85 01a59317o0470c 0x000000  0.272727
59317.626948 19.894850      NaN    7    11 c    0   1.41 330.17378 19.66613  5434.02 5077.00 2.46 2.44 -41.3 -0.347    19.33 20.56 01a59317o0479c 0x000000  0.636364
59343.586041 19.841877      NaN   12    10 c    0   1.12 330.17378 19.66613  8896.16 1424.46 2.46 2.21 -56.7 -0.415    19.64 21.35 02a59343o0715c 0x000000  1.200000
59343.590174 20.321591      NaN  -12     9 c    0   1.12 330.17378 19.66613  8911.61 1460.96 2.41 2.25 -55.0 -0.409    19.59 21.35 02a59343o0724c 0x000000 -1.333333
59343.607988 20.103715      NaN   -1    11 c    0   1.18 330.17378 19.66613  8856.82 1384.68 2.42 2.36 -59.9 -0.401    19.53 21.28 02a59343o0761c 0x000000 -0.090909
59343.617188 20.009244      NaN  -14    12 c    0   1.43 330.17378 19.66613  8840.48 1503.24 2.51 2.32 -57.4 -0.403    19.38 20.80 02a59343o0781c 0x000000 -1.166667
59351.555338 19.766969      NaN    9    12 c    0   1.08 330.17378 19.66613  7111.57 5427.48 2.76 2.49  26.5 -0.378    19.47 21.28 02a59351o0666c 0x000000  0.750000
59351.559021 20.103715      NaN   -7    11 c    0   1.46 330.17378 19.66613  7131.42 5466.25 2.66 2.47  30.6 -0.386    19.50 21.30 02a59351o0674c 0x000000 -0.636364
59351.564519 20.207197      NaN   -1    10 c    0   1.43 330.17378 19.66613  7073.17 5389.58 2.66 2.45  36.7 -0.389    19.50 21.33 02a59351o0686c 0x000000 -0.100000
59351.576048 20.321591      NaN    0     9 c    0   1.49 330.17378 19.66613  7053.96 5505.74 2.68 2.48  34.9 -0.381    19.55 21.41 02a59351o0711c 0x000000  0.000000
59377.534421 20.282105 0.310210   28     8 c    0   1.12 330.17378 19.66613  6854.63 2518.27 2.27 2.16 -60.3 -0.393    20.00 21.77 01a59377o0619c 0x000000  3.500000
59377.537683 20.039830      NaN   14     7 c    0   1.63 330.17378 19.66613  6836.74 2480.90 2.38 2.25 -57.9 -0.386    19.95 21.80 01a59377o0626c 0x000000  2.000000
59377.544747 20.321591      NaN    6     7 c    0   1.36 330.17378 19.66613  6893.48 2554.46 2.43 2.30 -61.4 -0.384    19.90 21.84 01a59377o0640c 0x000000  0.857143
59377.555467 20.449472      NaN   -5     8 c    0   1.18 330.17378 19.66613  6912.91 2437.79 2.29 2.19 -55.2 -0.397    19.98 21.86 01a59377o0662c 0x000000 -0.625000
59381.535701 20.449472      NaN    0     8 c    0   1.46 330.17378 19.66613  6855.98 2515.91 2.55 2.46 -46.9 -0.375    19.85 21.89 01a59381o0609c 0x000000  0.000000
59381.538475 20.449472      NaN   -6     8 c    0   1.65 330.17378 19.66613  6835.88 2475.13 2.64 2.52 -60.2 -0.376    19.80 21.90 01a59381o0615c 0x000000 -0.750000
59381.541257 20.449472      NaN  -13     8 c    0   1.31 330.17378 19.66613  6892.88 2553.08 2.83 2.67 -56.5 -0.372    19.80 21.97 01a59381o0621c 0x000000 -1.625000
59381.551167 20.362567      NaN    5     7 c    0   1.24 330.17378 19.66613  6911.15 2437.09 2.42 2.31 -51.8 -0.383    19.96 22.02 01a59381o0642c 0x000000  0.714286
59385.583855 20.321591      NaN   -7     9 c    0   1.03 330.17378 19.66613  9753.99 9232.79 2.57 2.29  57.5 -0.354    19.96 22.07 01a59385o0501c 0x000000 -0.777778
59385.589037 20.594452      NaN  -16     7 c    0   1.63 330.17378 19.66613  9733.35 9192.70 2.57 2.31  56.0 -0.352    19.95 22.09 01a59385o0512c 0x000000 -2.285714
59385.591349 20.137125      NaN    8     8 c    0   0.95 330.17378 19.66613  9792.56 9272.25 2.57 2.34  66.0 -0.353    20.01 22.08 01a59385o0517c 0x000000  1.000000
59385.598389 20.449472      NaN   -4     8 c    0   1.56 330.17378 19.66613  9810.45 9154.59 2.46 2.34  58.3 -0.357    19.99 22.10 01a59385o0532c 0x000000 -0.500000
59403.521280 20.282105      NaN    1     9 c    0   1.45 330.17378 19.66613  7637.16 7855.15 2.60 2.54  63.4 -0.399    19.73 21.77 02a59403o0576c 0x000000  0.111111
59403.523109 20.009244      NaN   12     8 c    0   2.07 330.17378 19.66613  7656.54 7895.14 2.54 2.49  72.5 -0.404    19.79 21.78 02a59403o0580c 0x000000  1.500000
59403.525859 20.449472      NaN  -11     8 c    0   1.35 330.17378 19.66613  7597.60 7818.12 2.55 2.46  54.2 -0.400    19.80 21.78 02a59403o0586c 0x000000 -1.375000
59403.531346 20.321591      NaN   -1     9 c    0   1.02 330.17378 19.66613  7577.03 7937.29 2.47 2.44 -53.1 -0.408    19.80 21.78 02a59403o0598c 0x000000 -0.111111
59407.486611 16.001834      NaN -696   481 c    0   1.03 330.17378 19.66613  7654.45 7890.89 2.59 2.42  41.8 -0.422    15.19 16.62 02a59407o0506c 0x100002 -1.446985
59407.489812 15.119624      NaN -867  1084 c    0   1.29 330.17378 19.66613  7595.68 7813.78 2.54 2.42  44.7 -0.427    15.46 16.86 02a59407o0513c 0x100002 -0.799815
59407.494861 16.828350      NaN    8   222 c    0   0.98 330.17378 19.66613  7576.41 7931.71 2.53 2.42  49.8 -0.405    16.66 18.14 02a59407o0524c 0x100002  0.036036
59433.430384 20.761819      NaN   -6     6 c    0   2.14 330.17378 19.66613  1678.62 9137.22 2.46 2.23 -68.4 -0.381    19.82 21.76 01a59433o0425c 0x000000 -1.000000
59433.439750 20.761819      NaN  -18     6 c    0   1.92 330.17378 19.66613  1660.56 9099.35 2.50 2.29 -68.3 -0.377    19.81 21.78 01a59433o0445c 0x000000 -3.000000
59433.441610 20.244005      NaN    5     8 c    0   1.62 330.17378 19.66613  1717.73 9176.76 2.45 2.26 -66.9 -0.381    19.85 21.79 01a59433o0449c 0x000000  0.625000
59433.467748 20.449472      NaN  -12     8 c    0   1.28 330.17378 19.66613  8781.45 1501.62 2.79 2.54 -59.0 -0.381    19.84 21.89 01a59433o0500c 0x000000 -1.500000
59437.394862 17.027593      NaN  111   150 c    0   1.01 330.17378 19.66613  1682.20 9144.76 2.49 2.08 -63.0 -0.370    16.40 19.23 01a59437o0231c 0x100002  0.740000
59437.470191 20.449472      NaN   -8     8 c    0   1.08 330.17378 19.66613  8851.37 1454.46 2.39 2.29  39.0 -0.400    19.95 21.72 01a59437o0239c 0x000000 -1.000000
59437.488128 20.244005      NaN    8     7 c    0   1.55 330.17378 19.66613  8797.69 1371.23 2.27 2.21  89.9 -0.415    19.97 21.75 01a59437o0275c 0x000000  1.142857
59437.502116 20.321591      NaN    0     9 c    0   1.36 330.17378 19.66613  8781.67 1487.07 2.42 2.04  88.2 -0.408    19.72 21.84 01a59437o0303c 0x000000  0.000000
59441.398269 20.449472      NaN    6     6 c    0   2.34 330.17378 19.66613  3453.56 5141.65 2.37 2.22 -47.7 -0.388    19.88 21.84 01a59441o0360c 0x000000  1.000000
59441.401439 20.321591      NaN    3     8 c    0   1.23 330.17378 19.66613  3433.07 5104.48 2.36 2.20 -34.4 -0.392    19.86 21.92 01a59441o0366c 0x000000  0.375000
59441.405125 20.282105      NaN   10     6 c    0   1.58 330.17378 19.66613  3491.07 5180.68 2.30 2.15 -42.7 -0.396    20.01 21.95 01a59441o0374c 0x000000  1.666667
59441.410192 20.761819      NaN   -6     6 c    0   1.18 330.17378 19.66613  3511.90 5064.42 2.26 2.12 -46.9 -0.398    20.01 21.96 01a59441o0385c 0x000000 -1.000000
59441.633960 18.675237      NaN  -56    41 c    0   0.90 330.17378 19.66613  7083.44 5437.56 2.86 2.57 -37.1 -0.396    18.02 18.55 01a59441o0840c 0x100002 -1.365854
59467.417731 20.137125      NaN    2    10 c    0   1.13 330.17378 19.66613  7433.05 8834.69 2.54 2.47  54.8 -0.407    19.78 21.73 02a59467o0426c 0x000000  0.200000
59467.420790 20.207197      NaN   -8    10 c    0   1.79 330.17378 19.66613  7414.03 8796.12 2.60 2.52  47.8 -0.404    19.77 21.73 02a59467o0432c 0x000000 -0.800000
59467.426437 20.321591      NaN  -10     9 c    0   1.57 330.17378 19.66613  7472.60 8875.90 2.59 2.47  43.0 -0.406    19.74 21.73 02a59467o0443c 0x000000 -1.111111
59467.461565 20.321591      NaN   -1     9 c    0   1.52 330.17378 19.66613  7488.33 8759.13 2.63 2.49  44.2 -0.403    19.75 21.66 02a59467o0514c 0x000000 -0.111111
59515.326869 20.321591      NaN  -10     9 c    0   1.54 330.17378 19.66613  9149.32 2939.17 2.51 2.34 -52.8 -0.395    19.71 21.54 02a59515o0315c 0x000000 -1.111111
59515.330548 20.207197      NaN  -18    10 c    0   1.43 330.17378 19.66613  9130.15 2900.33 2.56 2.40 -51.9 -0.393    19.70 21.52 02a59515o0323c 0x000000 -1.800000
59515.336073 20.321591      NaN   -2     9 c    0   1.30 330.17378 19.66613  9189.26 2980.66 2.48 2.30 -52.1 -0.398    19.73 21.52 02a59515o0335c 0x000000 -0.222222
59515.346291 19.894850      NaN   16     8 c    0   1.41 330.17378 19.66613  9211.05 2863.53 2.51 2.33 -49.7 -0.396    19.66 21.48 02a59515o0357c 0x000000  2.000000
59519.324855 19.894850      NaN   13     9 c    0   1.61 330.17378 19.66613  9150.78 2940.57 2.43 2.26 -57.1 -0.398    19.73 21.51 02a59519o0306c 0x000000  1.444444
59519.328527 19.510313      NaN   24    11 c    0   0.99 330.17378 19.66613  9131.25 2902.62 2.41 2.24 -57.8 -0.401    19.74 21.51 02a59519o0314c 0x000000  2.181818
59519.334057 20.207197      NaN  -18    10 c    0   1.04 330.17378 19.66613  9192.98 2981.61 2.45 2.23 -56.1 -0.402    19.72 21.49 02a59519o0326c 0x000000 -1.800000
59519.350722 19.841877      NaN   18     8 c    0   1.59 330.17378 19.66613  9215.74 2861.00 2.42 2.25 -54.0 -0.402    19.68 21.47 02a59519o0362c 0x000000  2.250000
59523.311395 20.009244      NaN  -14    12 c    0   1.50 330.17378 19.66613  5504.85 8923.18 3.08 3.05 -86.3 -0.373    19.43 21.47 02a59523o0288c 0x000000 -1.166667
59523.315087 20.103715      NaN  -38    11 c    0   1.41 330.17378 19.66613  5487.03 8884.56 3.13 3.04 -75.3 -0.371    19.44 21.44 02a59523o0296c 0x000000 -3.454545
59523.321533 19.302877      NaN   30    13 c    0   1.19 330.17378 19.66613  5545.35 8961.81 3.15 3.09  67.6 -0.365    19.38 21.43 02a59523o0310c 0x000000  2.307692
59523.339668 19.979496      NaN    4    11 c    0   1.53 330.17378 19.66613  5569.03 8845.98 3.18 3.13 -73.7 -0.370    19.36 21.35 02a59523o0349c 0x000000  0.363636